-154.797394	18.803101	2098.506000	126.660000	4.800000
-157.931000	21.646000	2007.064000	126.660000	4.800000
-154.983002	19.601000	2089.058000	126.660000	4.800000
-156.658005	20.891001	2045.070000	126.660000	4.800000
-156.755997	21.136000	2041.087000	126.660000	4.800000
-154.617798	20.088900	2098.058000	126.660000	4.800000
-154.994400	21.507000	2088.227000	126.660000	4.800000
-153.982697	21.519699	2113.166000	126.660000	4.800000
-153.292099	20.892599	2132.054000	126.660000	4.800000
-153.992294	18.797600	2113.040000	126.660000	4.800000
-153.290604	17.906200	2133.140000	126.660000	4.800000
-154.691299	17.180099	2093.049000	126.660000	4.800000
-154.495895	18.401699	2101.111000	126.660000	4.800000
-154.797394	18.803101	2098.056000	126.660000	4.800000
-155.714996	18.000299	2068.246000	126.660000	4.800000
-156.465103	18.775000	2048.307000	126.660000	4.800000
-157.227295	18.984800	2031.075000	126.660000	4.800000
-156.510101	19.477699	2048.179000	126.660000	4.800000
-157.627594	20.346100	2019.198000	126.660000	4.800000
