-155.714996	18.000299	1809.871000	130.150000	33.720000
-156.167007	18.301001	1796.846000	130.150000	33.720000
-156.465103	18.775000	1785.010000	130.150000	33.720000
-155.772995	19.079000	1797.573000	130.150000	33.720000
-157.931000	21.646000	1714.560000	130.150000	33.720000
-155.996994	20.771000	1771.547000	130.150000	33.720000
-154.983002	19.601000	1809.564000	130.150000	33.720000
-155.710999	20.046000	1787.549000	130.150000	33.720000
-159.401001	21.971001	1677.568000	130.150000	33.720000
-156.658005	20.891001	1754.544000	130.150000	33.720000
-157.270004	21.108999	1737.567000	130.150000	33.720000
-156.755997	21.136000	1748.565000	130.150000	33.720000
-154.617798	20.088900	1813.535000	130.150000	33.720000
-155.679398	21.205500	1772.311000	130.150000	33.720000
-154.994400	21.507000	1785.802000	130.150000	33.720000
-154.482803	21.001900	1803.533000	130.150000	33.720000
-153.982697	21.519699	1806.685000	130.150000	33.720000
-153.292099	20.892599	1828.544000	130.150000	33.720000
-153.503204	19.495199	1843.549000	130.150000	33.720000
-153.992294	18.797600	1841.443000	130.150000	33.720000
-152.132401	18.481400	1886.536000	130.150000	33.720000
-153.290604	17.906200	1869.640000	130.150000	33.720000
-153.700806	17.297501	1865.543000	130.150000	33.720000
-154.691299	17.180099	1844.545000	130.150000	33.720000
-154.030502	17.988400	1850.550000	130.150000	33.720000
-154.495895	18.401699	1836.531000	130.150000	33.720000
-154.797394	18.803101	1825.348000	130.150000	33.720000
-155.714996	18.000299	1810.546000	130.150000	33.720000
-156.808197	18.404200	1780.529000	130.150000	33.720000
-156.167007	18.301001	1796.546000	130.150000	33.720000
-156.465103	18.775000	1784.535000	130.150000	33.720000
-157.227295	18.984800	1764.534000	130.150000	33.720000
-156.510101	19.477699	1775.735000	130.150000	33.720000
-156.932007	19.832701	1761.547000	130.150000	33.720000
-157.627594	20.346100	1738.550000	130.150000	33.720000
