-138.910000	-57.570000	-158.651001	21.430099	5.456251	349.423830	2182.448139	1.000000
-138.910000	-57.570000	-158.401001	21.180099	5.360302	349.545126	2175.018136	0.000000
-138.910000	-57.570000	-158.401001	21.430099	5.259012	349.552679	2181.869168	0.000000
-138.910000	-57.570000	-158.151001	20.680099	5.478251	349.658642	2160.712990	1.000000
-138.910000	-57.570000	-158.151001	20.930099	5.264031	349.666555	2167.588133	1.000000
-138.910000	-57.570000	-158.151001	21.180099	5.147140	349.674244	2174.439165	1.000000
-138.910000	-57.570000	-158.151001	21.430099	5.127006	349.681750	2181.290196	0.000000
-138.910000	-57.570000	-157.901001	20.430099	5.381284	349.780022	2153.279520	1.000000
-138.910000	-57.570000	-157.901001	20.680099	5.167494	349.788064	2160.158130	1.000000
-138.910000	-57.570000	-157.901001	20.930099	5.034126	349.795902	2167.009162	1.000000
-138.910000	-57.570000	-157.901001	21.180099	5.017845	349.803539	2173.860193	1.000000
-138.910000	-57.570000	-157.901001	21.430099	4.989754	349.810974	2180.711225	0.000000
-138.910000	-57.570000	-157.651001	19.930099	4.425542	349.893175	2138.953612	1.000000
-138.910000	-57.570000	-157.651001	20.180099	3.830289	349.901540	2145.846050	1.000000
-138.910000	-57.570000	-157.651001	20.430099	4.810491	349.909724	2152.728127	1.000000
-138.910000	-57.570000	-157.651001	20.680099	4.920861	349.917686	2159.579159	2.000000
-138.910000	-57.570000	-157.651001	20.930099	4.904560	349.925469	2166.430190	2.000000
-138.910000	-57.570000	-157.651001	21.180099	4.887924	349.933031	2173.281222	1.000000
-138.910000	-57.570000	-157.651001	21.430099	4.822597	349.940416	2180.131113	1.000000
-138.910000	-57.570000	-157.401001	19.680099	2.675827	350.014678	2131.459042	2.000000
-138.910000	-57.570000	-157.401001	19.930099	1.971308	350.023178	2138.205412	2.000000
-138.910000	-57.570000	-157.401001	20.180099	2.865656	350.031479	2144.966984	2.000000
-138.910000	-57.570000	-157.401001	20.430099	3.957920	350.039580	2152.090253	2.000000
-138.910000	-57.570000	-157.401001	20.680099	4.748191	350.047484	2159.000187	2.000000
-138.910000	-57.570000	-157.401001	20.930099	4.774841	350.055188	2165.851219	3.000000
-138.910000	-57.570000	-157.401001	21.180099	4.755329	350.062696	2172.702250	2.000000
-138.910000	-57.570000	-157.401001	21.430099	4.660345	350.070007	2179.544351	1.000000
-138.910000	-57.570000	-157.151001	19.430099	0.972470	350.136359	2123.674906	3.000000
-138.910000	-57.570000	-157.151001	19.680099	0.576670	350.144970	2130.421276	3.000000
-138.910000	-57.570000	-157.151001	19.930099	1.725222	350.153403	2137.167646	3.000000
-138.910000	-57.570000	-157.151001	20.180099	3.450743	350.161617	2144.222106	3.000000
-138.910000	-57.570000	-157.151001	20.430099	3.435463	350.169655	2151.345374	2.000000
-138.910000	-57.570000	-157.151001	20.680099	4.227455	350.177476	2158.406525	2.000000
-138.910000	-57.570000	-157.151001	20.930099	4.600846	350.185123	2165.272247	3.000000
-138.910000	-57.570000	-157.151001	21.180099	4.622538	350.192554	2172.123279	2.000000
-138.910000	-57.570000	-157.151001	21.430099	4.527553	350.199812	2178.957590	1.000000
-138.910000	-57.570000	-156.901001	19.180099	1.133723	350.258165	2115.917110	3.000000
-138.910000	-57.570000	-156.901001	19.430099	0.451056	350.266900	2122.637141	3.000000
-138.910000	-57.570000	-156.901001	19.680099	1.201922	350.275439	2129.383511	3.000000
-138.910000	-57.570000	-156.901001	19.930099	3.007294	350.283781	2136.353959	4.000000
-138.910000	-57.570000	-156.901001	20.180099	3.351029	350.291929	2143.477227	3.000000
-138.910000	-57.570000	-156.901001	20.430099	3.332890	350.299881	2150.600495	2.000000
-138.910000	-57.570000	-156.901001	20.680099	3.507597	350.307640	2157.723764	2.000000
-138.910000	-57.570000	-156.901001	20.930099	4.181084	350.315206	2164.682101	3.000000
-138.910000	-57.570000	-156.901001	21.180099	4.459843	350.322580	2171.544307	1.000000
-138.910000	-57.570000	-156.901001	21.430099	4.394612	350.329761	2178.370828	1.000000
-138.910000	-57.570000	-156.651001	18.930099	1.743175	350.380165	2108.516746	3.000000
-138.910000	-57.570000	-156.651001	19.180099	1.896188	350.389000	2115.035664	3.000000
-138.910000	-57.570000	-156.651001	19.430099	1.306720	350.397660	2121.599376	3.000000
-138.910000	-57.570000	-156.651001	19.680099	2.100746	350.406104	2128.485812	3.000000
-138.910000	-57.570000	-156.651001	19.930099	2.586692	350.414376	2135.609080	3.000000
-138.910000	-57.570000	-156.651001	20.180099	2.458568	350.422434	2142.732348	3.000000
-138.910000	-57.570000	-156.651001	20.430099	2.330158	350.430321	2149.855617	4.000000
-138.910000	-57.570000	-156.651001	20.680099	2.163639	350.437995	2156.978885	3.000000
-138.910000	-57.570000	-156.651001	20.930099	2.067312	350.445500	2164.028445	3.000000
-138.910000	-57.570000	-156.651001	21.180099	4.260213	350.452794	2170.957711	2.000000
-138.910000	-57.570000	-156.651001	21.430099	4.264390	350.459920	2177.784067	2.000000
-138.910000	-57.570000	-156.401001	18.680099	2.477179	350.502307	2101.188529	3.000000
-138.910000	-57.570000	-156.401001	18.930099	2.825205	350.511255	2107.708465	4.000000
-138.910000	-57.570000	-156.401001	19.180099	2.891320	350.520010	2114.243203	3.000000
-138.910000	-57.570000	-156.401001	19.430099	3.464625	350.528572	2120.787716	4.000000
-138.910000	-57.570000	-156.401001	19.680099	3.074233	350.536942	2127.648440	3.000000
-138.910000	-57.570000	-156.401001	19.930099	2.322301	350.545120	2134.709721	3.000000
-138.910000	-57.570000	-156.401001	20.180099	1.685394	350.553109	2141.807156	4.000000
-138.910000	-57.570000	-156.401001	20.430099	1.129747	350.560907	2148.904590	4.000000
-138.910000	-57.570000	-156.401001	20.680099	0.920860	350.568517	2156.002024	3.000000
-138.910000	-57.570000	-156.401001	20.930099	1.549609	350.575938	2162.966155	3.000000
-138.910000	-57.570000	-156.401001	21.180099	3.904093	350.583173	2170.357373	2.000000
-138.910000	-57.570000	-156.401001	21.430099	4.139302	350.590219	2177.197305	2.000000
-138.910000	-57.570000	-156.151001	18.680099	3.589134	350.633697	2100.567355	4.000000
-138.910000	-57.570000	-156.151001	18.930099	3.536484	350.642562	2107.074084	3.000000
-138.910000	-57.570000	-156.151001	19.180099	3.659985	350.651215	2113.608822	4.000000
-138.910000	-57.570000	-156.151001	19.430099	4.651664	350.659699	2120.269153	4.000000
-138.910000	-57.570000	-156.151001	19.680099	4.232577	350.667972	2127.018014	3.000000
-138.910000	-57.570000	-156.151001	19.930099	3.016637	350.676077	2133.943453	3.000000
-138.910000	-57.570000	-156.151001	20.180099	2.493649	350.683973	2140.916379	4.000000
-138.910000	-57.570000	-156.151001	20.430099	2.002780	350.691703	2147.912850	3.000000
-138.910000	-57.570000	-156.151001	20.680099	1.714891	350.699225	2155.010284	3.000000
-138.910000	-57.570000	-156.151001	20.930099	3.158139	350.706583	2162.174005	3.000000
-138.910000	-57.570000	-156.151001	21.180099	3.514067	350.713734	2169.676996	2.000000
-138.910000	-57.570000	-156.151001	21.430099	4.044456	350.720723	2176.610544	2.000000
-138.910000	-57.570000	-155.901001	18.430099	2.754446	350.756311	2093.428725	4.000000
-138.910000	-57.570000	-155.901001	18.680099	2.676240	350.765261	2099.941464	4.000000
-138.910000	-57.570000	-155.901001	18.930099	2.609326	350.774020	2106.450850	4.000000
-138.910000	-57.570000	-155.901001	19.180099	3.785289	350.782591	2113.001729	4.000000
-138.910000	-57.570000	-155.901001	19.430099	4.285928	350.790973	2119.750590	4.000000
-138.910000	-57.570000	-155.901001	19.680099	4.319092	350.799170	2126.499452	3.000000
-138.910000	-57.570000	-155.901001	19.930099	3.647939	350.807178	2133.265542	4.000000
-138.910000	-57.570000	-155.901001	20.180099	3.603480	350.815003	2140.238467	3.000000
-138.910000	-57.570000	-155.901001	20.430099	3.791025	350.822641	2147.211392	2.000000
-138.910000	-57.570000	-155.901001	20.680099	3.641124	350.830096	2154.225131	2.000000
-138.910000	-57.570000	-155.901001	20.930099	3.529875	350.837367	2161.493628	3.000000
-138.910000	-57.570000	-155.901001	21.180099	3.420285	350.844457	2168.996618	1.000000
-138.910000	-57.570000	-155.651001	18.180099	0.660958	350.879130	2086.165111	2.000000
-138.910000	-57.570000	-155.651001	18.430099	0.821658	350.888178	2092.657090	3.000000
-138.910000	-57.570000	-155.651001	18.680099	0.706174	350.897017	2099.149070	3.000000
-138.910000	-57.570000	-155.651001	18.930099	0.783196	350.905691	2105.641049	4.000000
-138.910000	-57.570000	-155.651001	19.180099	2.715192	350.914157	2112.414307	4.000000
-138.910000	-57.570000	-155.651001	19.430099	3.497119	350.922458	2119.172723	3.000000
-138.910000	-57.570000	-155.651001	19.680099	3.523030	350.930554	2125.931139	3.000000
-138.910000	-57.570000	-155.651001	19.930099	3.902793	350.938487	2132.689555	3.000000
-138.910000	-57.570000	-155.651001	20.180099	4.242728	350.946216	2139.637180	3.000000
-138.910000	-57.570000	-155.651001	20.430099	4.528127	350.953784	2146.677038	2.000000
-138.910000	-57.570000	-155.651001	20.680099	4.643881	350.961149	2153.716897	2.000000
-138.910000	-57.570000	-155.651001	20.930099	3.814436	350.968354	2160.813250	1.000000
-138.910000	-57.570000	-155.651001	21.180099	3.325857	350.975358	2168.316241	1.000000
-138.910000	-57.570000	-155.401001	18.180099	-2.560864	351.011259	2084.959344	3.000000
-138.910000	-57.570000	-155.401001	18.430099	-0.870115	351.020193	2091.633880	3.000000
-138.910000	-57.570000	-155.401001	18.680099	-0.475047	351.028943	2098.125860	3.000000
-138.910000	-57.570000	-155.401001	18.930099	0.091389	351.037507	2104.617840	4.000000
-138.910000	-57.570000	-155.401001	19.180099	1.554743	351.045888	2111.574791	4.000000
-138.910000	-57.570000	-155.401001	19.430099	2.728535	351.054086	2118.505131	4.000000
-138.910000	-57.570000	-155.401001	19.680099	2.984172	351.062102	2125.263547	3.000000
-138.910000	-57.570000	-155.401001	19.930099	4.159691	351.069936	2132.102259	3.000000
-138.910000	-57.570000	-155.401001	20.180099	4.571361	351.077591	2139.133457	3.000000
-138.910000	-57.570000	-155.401001	20.430099	4.522152	351.085064	2146.168804	3.000000
-138.910000	-57.570000	-155.401001	20.680099	4.495105	351.092360	2153.208663	2.000000
-138.910000	-57.570000	-155.401001	20.930099	4.347967	351.099476	2160.248521	1.000000
-138.910000	-57.570000	-155.401001	21.180099	3.186257	351.106415	2167.635864	1.000000
-138.910000	-57.570000	-155.151001	17.930099	-3.413328	351.134575	2076.542594	3.000000
-138.910000	-57.570000	-155.151001	18.180099	-3.439278	351.143578	2083.515434	3.000000
-138.910000	-57.570000	-155.151001	18.430099	-2.511283	351.152419	2090.488274	3.000000
-138.910000	-57.570000	-155.151001	18.680099	-0.756180	351.161056	2097.102650	3.000000
-138.910000	-57.570000	-155.151001	18.930099	0.755670	351.169532	2103.655481	3.000000
-138.910000	-57.570000	-155.151001	19.180099	1.435860	351.177805	2110.710930	3.000000
-138.910000	-57.570000	-155.151001	19.430099	2.053180	351.185919	2117.766378	4.000000
-138.910000	-57.570000	-155.151001	19.680099	2.875170	351.193832	2124.595955	3.000000
-138.910000	-57.570000	-155.151001	19.930099	4.457450	351.201589	2131.601410	2.000000
-138.910000	-57.570000	-155.151001	20.180099	4.450929	351.209145	2138.632607	3.000000
-138.910000	-57.570000	-155.151001	20.430099	4.420284	351.216545	2145.663805	3.000000
-138.910000	-57.570000	-155.151001	20.680099	4.371184	351.223747	2152.700428	2.000000
-138.910000	-57.570000	-155.151001	20.930099	4.403530	351.230795	2159.740287	1.000000
-138.910000	-57.570000	-155.151001	21.180099	3.024372	351.237646	2166.955487	1.000000
-138.910000	-57.570000	-154.901001	17.680099	-3.056162	351.258071	2068.125844	3.000000
-138.910000	-57.570000	-154.901001	17.930099	-2.977080	351.267158	2075.098684	3.000000
-138.910000	-57.570000	-154.901001	18.180099	-2.897730	351.276064	2082.071524	3.000000
-138.910000	-57.570000	-154.901001	18.430099	-2.818103	351.284788	2089.044364	3.000000
-138.910000	-57.570000	-154.901001	18.680099	-1.217307	351.293333	2096.017204	2.000000
-138.910000	-57.570000	-154.901001	18.930099	1.966444	351.301697	2102.791620	3.000000
-138.910000	-57.570000	-154.901001	19.180099	2.506616	351.309883	2109.847068	4.000000
-138.910000	-57.570000	-154.901001	19.430099	2.535110	351.317891	2116.952799	3.000000
-138.910000	-57.570000	-154.901001	19.680099	1.686279	351.325722	2123.910225	3.000000
-138.910000	-57.570000	-154.901001	19.930099	1.724079	351.333376	2131.100560	3.000000
-138.910000	-57.570000	-154.901001	20.180099	3.812564	351.340856	2138.131758	1.000000
-138.910000	-57.570000	-154.901001	20.430099	4.304929	351.348159	2145.162956	1.000000
-138.910000	-57.570000	-154.901001	20.680099	4.269296	351.355289	2152.194154	1.000000
-138.910000	-57.570000	-154.901001	20.930099	4.221277	351.362245	2159.232052	0.000000
-138.910000	-57.570000	-154.901001	21.180099	3.574275	351.369029	2166.275110	1.000000
-138.910000	-57.570000	-154.651001	17.680099	-1.552136	351.390965	2066.794420	3.000000
-138.910000	-57.570000	-154.651001	17.930099	-1.470045	351.399951	2073.792449	3.000000
-138.910000	-57.570000	-154.651001	18.180099	-1.387632	351.408736	2080.790477	2.000000
-138.910000	-57.570000	-154.651001	18.430099	-1.046380	351.417364	2087.788505	3.000000
-138.910000	-57.570000	-154.651001	18.680099	0.418763	351.425793	2094.824145	3.000000
-138.910000	-57.570000	-154.651001	18.930099	2.581330	351.434066	2102.111338	3.000000
-138.910000	-57.570000	-154.651001	19.180099	3.454835	351.442141	2109.261826	3.000000
-138.910000	-57.570000	-154.651001	19.430099	1.793310	351.450063	2116.338050	3.000000
-138.910000	-57.570000	-154.651001	19.680099	0.368000	351.457789	2122.963130	2.000000
-138.910000	-57.570000	-154.651001	19.930099	-0.820272	351.465362	2129.973413	2.000000
-138.910000	-57.570000	-154.651001	20.180099	-0.113651	351.472741	2137.513437	2.000000
-138.910000	-57.570000	-154.651001	20.430099	1.712205	351.479969	2144.662106	1.000000
-138.910000	-57.570000	-154.651001	20.680099	3.830910	351.487003	2151.693304	0.000000
-138.910000	-57.570000	-154.651001	20.930099	4.118331	351.493889	2158.724502	1.000000
-138.910000	-57.570000	-154.651001	21.180099	4.146312	351.500582	2165.763676	1.000000
-138.910000	-57.570000	-154.401001	17.680099	-2.214243	351.524024	2065.735830	3.000000
-138.910000	-57.570000	-154.401001	17.930099	-0.566815	351.532884	2072.733858	4.000000
-138.910000	-57.570000	-154.401001	18.180099	-0.244259	351.541570	2079.731887	2.000000
-138.910000	-57.570000	-154.401001	18.430099	0.984646	351.550078	2086.785553	3.000000
-138.910000	-57.570000	-154.401001	18.680099	0.610304	351.558412	2094.072747	3.000000
-138.910000	-57.570000	-154.401001	18.930099	-0.903436	351.566571	2101.359940	3.000000
-138.910000	-57.570000	-154.401001	19.180099	-1.732415	351.574557	2108.647134	3.000000
-138.910000	-57.570000	-154.401001	19.430099	0.179618	351.582369	2115.421984	4.000000
-138.910000	-57.570000	-154.401001	19.680099	0.331455	351.590010	2122.066012	2.000000
-138.910000	-57.570000	-154.401001	19.930099	-0.355741	351.597479	2128.847095	2.000000
-138.910000	-57.570000	-154.401001	20.180099	-2.983679	351.604778	2136.036600	2.000000
-138.910000	-57.570000	-154.401001	20.430099	-1.889104	351.611907	2143.576625	1.000000
-138.910000	-57.570000	-154.401001	20.680099	-0.141459	351.618867	2151.116649	1.000000
-138.910000	-57.570000	-154.401001	20.930099	1.702881	351.625658	2158.223652	1.000000
-138.910000	-57.570000	-154.401001	21.180099	3.858226	351.632282	2165.255442	1.000000
-138.910000	-57.570000	-154.151001	17.680099	-5.029586	351.657265	2064.223842	3.000000
-138.910000	-57.570000	-154.151001	17.930099	1.496917	351.666023	2071.675268	3.000000
-138.910000	-57.570000	-154.151001	18.180099	-2.834463	351.674584	2078.746962	2.000000
-138.910000	-57.570000	-154.151001	18.430099	-3.524131	351.682994	2086.005718	3.000000
-138.910000	-57.570000	-154.151001	18.680099	-5.358248	351.691209	2092.925191	3.000000
-138.910000	-57.570000	-154.151001	18.930099	-6.772482	351.699274	2099.844663	4.000000
-138.910000	-57.570000	-154.151001	19.180099	-4.628345	351.707147	2106.882196	4.000000
-138.910000	-57.570000	-154.151001	19.430099	0.541255	351.714871	2114.505917	3.000000
-138.910000	-57.570000	-154.151001	19.680099	0.210298	351.722404	2121.168893	2.000000
-138.910000	-57.570000	-154.151001	19.930099	0.259840	351.729790	2127.949976	2.000000
-138.910000	-57.570000	-154.151001	20.180099	-1.153659	351.736985	2134.731060	2.000000
-138.910000	-57.570000	-154.151001	20.430099	-3.681445	351.744036	2142.099788	1.000000
-138.910000	-57.570000	-154.151001	20.680099	-3.575322	351.750898	2149.639812	1.000000
-138.910000	-57.570000	-154.151001	20.930099	-1.903851	351.757616	2157.179837	2.000000
-138.910000	-57.570000	-154.151001	21.180099	-0.168746	351.764146	2164.719861	2.000000
-138.910000	-57.570000	-153.901001	17.680099	3.139372	351.790667	2062.303549	4.000000
-138.910000	-57.570000	-153.901001	17.930099	-351.329326	351.799296	2071.077123	2.000000
-138.910000	-57.570000	-153.901001	18.180099	-0.388067	351.807756	2077.045934	3.000000
-138.910000	-57.570000	-153.901001	18.430099	-9.081627	351.816043	2083.965406	4.000000
-138.910000	-57.570000	-153.901001	18.680099	-9.113544	351.824161	2090.884879	4.000000
-138.910000	-57.570000	-153.901001	18.930099	-8.308837	351.832109	2097.804351	4.000000
-138.910000	-57.570000	-153.901001	19.180099	-2.564897	351.839890	2105.470260	4.000000
-138.910000	-57.570000	-153.901001	19.430099	-0.135254	351.847501	2113.589850	3.000000
-138.910000	-57.570000	-153.901001	19.680099	0.088959	351.854948	2120.271774	2.000000
-138.910000	-57.570000	-153.901001	19.930099	0.127403	351.862226	2127.052858	2.000000
-138.910000	-57.570000	-153.901001	20.180099	0.112310	351.869341	2133.833941	2.000000
-138.910000	-57.570000	-153.901001	20.430099	-1.935093	351.876289	2140.622951	1.000000
-138.910000	-57.570000	-153.901001	20.680099	-3.707498	351.883074	2148.162975	2.000000
-138.910000	-57.570000	-153.901001	20.930099	-3.733186	351.889695	2155.703000	2.000000
-138.910000	-57.570000	-153.901001	21.180099	-3.758992	351.896154	2163.243024	2.000000
-138.910000	-57.570000	-153.651001	17.680099	-349.936784	351.924246	2062.831142	3.000000
-138.910000	-57.570000	-153.651001	17.930099	-346.661754	351.932769	2071.790322	4.000000
-138.910000	-57.570000	-153.651001	18.180099	-351.290094	351.941102	2076.899397	3.000000
-138.910000	-57.570000	-153.651001	18.430099	-1.794638	351.949288	2081.925094	3.000000
-138.910000	-57.570000	-153.651001	18.680099	-9.095892	351.957285	2088.844567	4.000000
-138.910000	-57.570000	-153.651001	18.930099	-5.905954	351.965138	2095.764039	3.000000
-138.910000	-57.570000	-153.651001	19.180099	-1.796421	351.972802	2104.058323	3.000000
-138.910000	-57.570000	-153.651001	19.430099	1.288136	351.980324	2112.472634	3.000000
-138.910000	-57.570000	-153.651001	19.680099	0.630155	351.987658	2119.374655	2.000000
-138.910000	-57.570000	-153.651001	19.930099	0.265657	351.994852	2126.155739	2.000000
-138.910000	-57.570000	-153.651001	20.180099	-0.024834	352.001860	2132.936823	2.000000
-138.910000	-57.570000	-153.651001	20.430099	0.028910	352.008728	2139.717906	2.000000
-138.910000	-57.570000	-153.651001	20.680099	-2.700640	352.015413	2146.686138	2.000000
-138.910000	-57.570000	-153.651001	20.930099	-3.865449	352.021959	2154.226163	2.000000
-138.910000	-57.570000	-153.401001	17.930099	5.901767	352.066373	2072.311983	4.000000
-138.910000	-57.570000	-153.401001	18.180099	-349.129019	352.074601	2077.155344	3.000000
-138.910000	-57.570000	-153.401001	18.430099	-350.270134	352.082662	2081.998705	3.000000
-138.910000	-57.570000	-153.401001	18.680099	-0.850169	352.090560	2086.842066	4.000000
-138.910000	-57.570000	-153.401001	18.930099	4.549300	352.098292	2094.232077	2.000000
-138.910000	-57.570000	-153.401001	19.180099	-351.835616	352.105863	2102.737689	2.000000
-138.910000	-57.570000	-153.401001	19.430099	3.818831	352.113269	2111.885005	3.000000
-138.910000	-57.570000	-153.401001	19.680099	2.242957	352.120515	2118.602528	2.000000
-138.910000	-57.570000	-153.401001	19.930099	1.942603	352.127599	2125.320052	2.000000
-138.910000	-57.570000	-153.401001	20.180099	1.669868	352.134523	2132.039704	2.000000
-138.910000	-57.570000	-153.401001	20.430099	1.397990	352.141287	2138.820787	2.000000
-138.910000	-57.570000	-153.151001	18.180099	-349.966325	352.208270	2077.372951	2.000000
-138.910000	-57.570000	-153.151001	18.430099	-349.690871	352.216228	2082.215910	3.000000
-138.910000	-57.570000	-153.151001	18.680099	-350.291590	352.224002	2087.058869	3.000000
-138.910000	-57.570000	-153.151001	18.930099	-344.997791	352.231636	2094.883275	2.000000
-138.910000	-57.570000	-153.151001	19.180099	-346.833168	352.239087	2104.136966	2.000000
-138.910000	-57.570000	-153.151001	19.430099	3.622817	352.246401	2111.408619	2.000000
-138.910000	-57.570000	-153.151001	19.680099	3.439292	352.253533	2118.126142	1.000000
-138.910000	-57.570000	-153.151001	19.930099	3.425548	352.260530	2124.843666	2.000000
-138.910000	-57.570000	-152.901001	18.180099	4.276539	352.342087	2077.561026	3.000000
-138.910000	-57.570000	-152.901001	18.430099	-350.005858	352.349917	2082.403986	3.000000
-138.910000	-57.570000	-152.901001	18.680099	-346.411846	352.357589	2087.246945	3.000000
-138.910000	-57.570000	-152.901001	18.930099	-344.779169	352.365101	2096.282551	3.000000
-138.910000	-57.570000	-152.901001	19.180099	5.977254	352.372456	2104.214709	2.000000
-138.910000	-57.570000	-152.901001	19.430099	3.319818	352.379652	2110.932233	2.000000
-138.910000	-57.570000	-152.651001	18.430099	-350.568226	352.483793	2082.592061	3.000000
-138.910000	-57.570000	-152.651001	18.680099	-341.802566	352.491338	2088.428137	3.000000
-138.910000	-57.570000	-152.651001	18.930099	-351.462855	352.498750	2097.020800	3.000000
