-155.679398	21.205500	847.860000	1.814029
-153.982697	21.519699	808.717000	-1.551689
-152.132401	18.481400	843.664000	-4.587401
-153.290604	17.906200	872.615000	-2.087461
-156.808197	18.404200	923.536000	1.852948
-156.465103	18.775000	913.543000	-0.502468
-156.510101	19.477699	896.860000	0.915678
-156.932007	19.832701	897.817000	-0.034800
-155.772995	19.079000	891.483000	0.941565
-155.996994	20.771000	861.456000	0.150671
-154.983002	19.601000	866.457000	1.373510
-159.401001	21.971001	896.485000	NaN
-156.658005	20.891001	871.464000	0.034742
-157.270004	21.108999	881.476000	4.664906
-156.755997	21.136000	868.474000	-0.361146
-155.679398	21.205500	847.435000	1.814029
-154.482803	21.001900	831.441000	1.873183
-153.982697	21.519699	808.442000	-1.551689
-153.292099	20.892599	809.438000	0.958420
-153.902405	19.979099	841.460000	-1.632137
-153.503204	19.495199	841.449000	-0.934019
-153.992294	18.797600	864.446000	-1.305213
-152.132401	18.481400	843.439000	-4.587401
-153.290604	17.906200	872.440000	-2.087461
-153.700806	17.297501	891.450000	-0.488278
-154.691299	17.180099	911.460000	0.500850
-154.030502	17.988400	883.446000	-0.687421
-154.495895	18.401699	881.446000	2.634574
-154.797394	18.803101	878.437000	1.120398
-155.714996	18.000299	911.461000	2.944970
-156.808197	18.404200	923.436000	1.852948
-156.167007	18.301001	915.455000	0.742858
-156.465103	18.775000	913.443000	-0.502468
-157.227295	18.984800	919.452000	-1.553199
-156.510101	19.477699	897.459000	0.915678
-156.932007	19.832701	897.442000	-0.034800
-157.627594	20.346100	899.457000	-2.800599
