-155.679398	21.205500	847.860000	-126.760000	40.640000
-153.982697	21.519699	808.717000	-126.760000	40.640000
-152.132401	18.481400	843.664000	-126.760000	40.640000
-153.290604	17.906200	872.615000	-126.760000	40.640000
-156.808197	18.404200	923.536000	-126.760000	40.640000
-156.465103	18.775000	913.543000	-126.760000	40.640000
-156.510101	19.477699	896.860000	-126.760000	40.640000
-156.932007	19.832701	897.817000	-126.760000	40.640000
-155.772995	19.079000	891.483000	-126.760000	40.640000
-155.996994	20.771000	861.456000	-126.760000	40.640000
-154.983002	19.601000	866.457000	-126.760000	40.640000
-159.401001	21.971001	896.485000	-126.760000	40.640000
-156.658005	20.891001	871.464000	-126.760000	40.640000
-157.270004	21.108999	881.476000	-126.760000	40.640000
-156.755997	21.136000	868.474000	-126.760000	40.640000
-155.679398	21.205500	847.435000	-126.760000	40.640000
-154.482803	21.001900	831.441000	-126.760000	40.640000
-153.982697	21.519699	808.442000	-126.760000	40.640000
-153.292099	20.892599	809.438000	-126.760000	40.640000
-153.902405	19.979099	841.460000	-126.760000	40.640000
-153.503204	19.495199	841.449000	-126.760000	40.640000
-153.992294	18.797600	864.446000	-126.760000	40.640000
-152.132401	18.481400	843.439000	-126.760000	40.640000
-153.290604	17.906200	872.440000	-126.760000	40.640000
-153.700806	17.297501	891.450000	-126.760000	40.640000
-154.691299	17.180099	911.460000	-126.760000	40.640000
-154.030502	17.988400	883.446000	-126.760000	40.640000
-154.495895	18.401699	881.446000	-126.760000	40.640000
-154.797394	18.803101	878.437000	-126.760000	40.640000
-155.714996	18.000299	911.461000	-126.760000	40.640000
-156.808197	18.404200	923.436000	-126.760000	40.640000
-156.167007	18.301001	915.455000	-126.760000	40.640000
-156.465103	18.775000	913.443000	-126.760000	40.640000
-157.227295	18.984800	919.452000	-126.760000	40.640000
-156.510101	19.477699	897.459000	-126.760000	40.640000
-156.932007	19.832701	897.442000	-126.760000	40.640000
-157.627594	20.346100	899.457000	-126.760000	40.640000
