-155.996994	20.771000	1604.868000	148.610000	-3.170000
-155.710999	20.046000	1606.861000	148.610000	-3.170000
-159.401001	21.971001	1531.869000	148.610000	-3.170000
-156.658005	20.891001	1590.873000	148.610000	-3.170000
-159.664993	22.122999	1526.871000	148.610000	-3.170000
-156.755997	21.136000	1589.880000	148.610000	-3.170000
-154.617798	20.088900	1633.845000	148.610000	-3.170000
-155.679398	21.205500	1615.846000	148.610000	-3.170000
-154.482803	21.001900	1647.846000	148.610000	-3.170000
-153.902405	19.979099	1651.842000	148.610000	-3.170000
-153.700806	17.297501	1632.864000	148.610000	-3.170000
-154.691299	17.180099	1606.862000	148.610000	-3.170000
-154.495895	18.401699	1623.847000	148.610000	-3.170000
-154.797394	18.803101	1619.156000	148.610000	-3.170000
-155.714996	18.000299	1588.855000	148.610000	-3.170000
-156.808197	18.404200	1567.026000	148.610000	-3.170000
-157.227295	18.984800	1559.846000	148.610000	-3.170000
-157.627594	20.346100	1560.794000	148.610000	-3.170000
