142.380000	38.110000	-158.651001	21.430099	-3.345983	122.304835	1429.495025	1.000000
142.380000	38.110000	-158.401001	21.180099	-3.567296	122.460541	1438.374441	0.000000
142.380000	38.110000	-158.401001	21.430099	-3.541249	122.302510	1435.003746	0.000000
142.380000	38.110000	-158.151001	20.680099	-5.657791	122.768599	1450.451876	1.000000
142.380000	38.110000	-158.151001	20.930099	-3.825062	122.613719	1447.253857	1.000000
142.380000	38.110000	-158.151001	21.180099	-2.750839	122.457772	1443.883162	1.000000
142.380000	38.110000	-158.151001	21.430099	-4.672035	122.300821	1440.512467	0.000000
142.380000	38.110000	-157.901001	20.430099	-5.910586	122.917061	1459.306460	1.000000
142.380000	38.110000	-157.901001	20.680099	-4.080676	122.764234	1456.133273	1.000000
142.380000	38.110000	-157.901001	20.930099	-2.862125	122.610502	1452.762578	1.000000
142.380000	38.110000	-157.901001	21.180099	-3.183818	122.455623	1449.391883	1.000000
142.380000	38.110000	-157.901001	21.430099	-5.289123	122.299836	1446.139620	0.000000
142.380000	38.110000	-157.651001	19.930099	-6.334456	123.212596	1471.235202	1.000000
142.380000	38.110000	-157.651001	20.180099	-5.716463	123.062932	1468.161044	1.000000
142.380000	38.110000	-157.651001	20.430099	-4.265000	122.912286	1465.012689	1.000000
142.380000	38.110000	-157.651001	20.680099	-2.971279	122.760595	1461.641994	2.000000
142.380000	38.110000	-157.651001	20.930099	-2.859543	122.607920	1458.271299	1.000000
142.380000	38.110000	-157.651001	21.180099	-4.055322	122.454193	1454.900604	1.000000
142.380000	38.110000	-157.651001	21.430099	-4.252791	122.299477	1451.882933	0.000000
142.380000	38.110000	-157.401001	19.680099	-5.295701	123.353897	1480.043513	2.000000
142.380000	38.110000	-157.401001	19.930099	-4.704417	123.206379	1476.858734	2.000000
142.380000	38.110000	-157.401001	20.180099	-4.351348	123.057744	1473.673955	2.000000
142.380000	38.110000	-157.401001	20.430099	-3.580428	122.908222	1470.489177	2.000000
142.380000	38.110000	-157.401001	20.680099	-3.086519	122.757576	1467.150715	2.000000
142.380000	38.110000	-157.401001	20.930099	-2.857663	122.606040	1463.780020	2.000000
142.380000	38.110000	-157.401001	21.180099	-5.416711	122.453372	1460.409325	2.000000
142.380000	38.110000	-157.401001	21.430099	-3.011564	122.299811	1457.626245	1.000000
142.380000	38.110000	-157.151001	19.430099	-5.094180	123.492837	1488.632529	1.000000
142.380000	38.110000	-157.151001	19.680099	-4.707843	123.347300	1485.447750	2.000000
142.380000	38.110000	-157.151001	19.930099	-4.357640	123.200801	1482.262971	2.000000
142.380000	38.110000	-157.151001	20.180099	-4.104750	123.053279	1479.078193	2.000000
142.380000	38.110000	-157.151001	20.430099	-3.808479	122.904791	1475.893414	2.000000
142.380000	38.110000	-157.151001	20.680099	-3.346331	122.755273	1472.659436	2.000000
142.380000	38.110000	-157.151001	20.930099	-3.692163	122.604785	1469.288741	2.000000
142.380000	38.110000	-157.151001	21.180099	-6.772934	122.453261	1466.144435	2.000000
142.380000	38.110000	-157.151001	21.430099	-1.026286	122.300762	1463.369558	1.000000
142.380000	38.110000	-156.901001	18.930099	-5.818742	123.771864	1500.807403	2.000000
142.380000	38.110000	-156.901001	19.180099	-5.513414	123.629296	1497.602376	2.000000
142.380000	38.110000	-156.901001	19.430099	-5.058564	123.485860	1494.319793	1.000000
142.380000	38.110000	-156.901001	19.680099	-4.678674	123.341332	1491.025697	2.000000
142.380000	38.110000	-156.901001	19.930099	-4.502739	123.195933	1487.731600	3.000000
142.380000	38.110000	-156.901001	20.180099	-4.564882	123.049434	1484.482430	2.000000
142.380000	38.110000	-156.901001	20.430099	-4.460773	122.902061	1481.297651	2.000000
142.380000	38.110000	-156.901001	20.680099	-3.729390	122.753580	1478.112873	2.000000
142.380000	38.110000	-156.901001	20.930099	-4.994334	122.604223	1474.797462	2.000000
142.380000	38.110000	-156.901001	21.180099	-7.682417	122.453749	1471.887747	1.000000
142.380000	38.110000	-156.901001	21.430099	1.556002	122.302396	1469.112871	1.000000
142.380000	38.110000	-156.651001	18.680099	-5.712316	123.903950	1509.716723	3.000000
142.380000	38.110000	-156.651001	18.930099	-5.811921	123.763451	1506.516320	3.000000
142.380000	38.110000	-156.651001	19.180099	-5.629366	123.621958	1503.311723	2.000000
142.380000	38.110000	-156.651001	19.430099	-5.351154	123.479521	1500.090068	2.000000
142.380000	38.110000	-156.651001	19.680099	-5.076840	123.336082	1496.795972	2.000000
142.380000	38.110000	-156.651001	19.930099	-4.969983	123.191696	1493.501876	2.000000
142.380000	38.110000	-156.651001	20.180099	-4.769463	123.046301	1490.207779	3.000000
142.380000	38.110000	-156.651001	20.430099	-4.432892	122.899954	1486.913683	4.000000
142.380000	38.110000	-156.651001	20.680099	-4.648713	122.752593	1483.619586	3.000000
142.380000	38.110000	-156.651001	20.930099	-7.255344	122.604275	1480.405936	3.000000
142.380000	38.110000	-156.651001	21.180099	-7.129176	122.454937	1477.631060	3.000000
142.380000	38.110000	-156.651001	21.430099	4.881263	122.304638	1474.576105	2.000000
142.380000	38.110000	-156.401001	18.430099	-7.003001	124.033773	1518.812357	4.000000
142.380000	38.110000	-156.401001	18.680099	-5.486016	123.895188	1515.425640	4.000000
142.380000	38.110000	-156.401001	18.930099	-5.805814	123.755752	1512.225237	3.000000
142.380000	38.110000	-156.401001	19.180099	-5.678280	123.615247	1509.021070	2.000000
142.380000	38.110000	-156.401001	19.430099	-5.442606	123.473888	1505.814031	3.000000
142.380000	38.110000	-156.401001	19.680099	-5.198759	123.331452	1502.566247	2.000000
142.380000	38.110000	-156.401001	19.930099	-4.966445	123.188158	1499.272151	2.000000
142.380000	38.110000	-156.401001	20.180099	-4.860077	123.043779	1495.978054	3.000000
142.380000	38.110000	-156.401001	20.430099	-5.202909	122.898539	1492.683958	3.000000
142.380000	38.110000	-156.401001	20.680099	-9.382609	122.752207	1489.513632	3.000000
142.380000	38.110000	-156.401001	20.930099	-8.443509	122.605011	1486.604252	3.000000
142.380000	38.110000	-156.401001	21.180099	-3.320361	122.456715	1483.374372	3.000000
142.380000	38.110000	-156.401001	21.430099	7.497436	122.307553	1479.737473	2.000000
142.380000	38.110000	-156.151001	18.430099	-5.130159	124.024677	1524.648030	3.000000
142.380000	38.110000	-156.151001	18.680099	-5.282548	123.887146	1521.253172	3.000000
142.380000	38.110000	-156.151001	18.930099	-5.469272	123.748689	1517.934154	2.000000
142.380000	38.110000	-156.151001	19.180099	-5.673875	123.609252	1514.730417	3.000000
142.380000	38.110000	-156.151001	19.430099	-5.557534	123.468885	1511.523378	2.000000
142.380000	38.110000	-156.151001	19.680099	-5.291322	123.327530	1508.316339	2.000000
142.380000	38.110000	-156.151001	19.930099	-5.036717	123.185242	1505.042426	2.000000
142.380000	38.110000	-156.151001	20.180099	-4.858257	123.041959	1501.748329	3.000000
142.380000	38.110000	-156.151001	20.430099	-13.179055	122.897738	1498.454233	3.000000
142.380000	38.110000	-156.151001	20.680099	-12.871295	122.752517	1496.782870	3.000000
142.380000	38.110000	-156.151001	20.930099	-4.072652	122.606353	1493.188013	3.000000
142.380000	38.110000	-156.151001	21.180099	1.477024	122.459183	1489.117685	3.000000
142.380000	38.110000	-156.151001	21.430099	9.223250	122.311066	1484.898842	2.000000
142.380000	38.110000	-155.901001	18.180099	-8.543684	124.151807	1533.878561	3.000000
142.380000	38.110000	-155.901001	18.430099	-4.873992	124.016292	1530.483703	3.000000
142.380000	38.110000	-155.901001	18.680099	-4.734555	123.879730	1527.088845	3.000000
142.380000	38.110000	-155.901001	18.930099	-4.942515	123.742330	1523.693986	2.000000
142.380000	38.110000	-155.901001	19.180099	-5.308507	123.603875	1520.439764	2.000000
142.380000	38.110000	-155.901001	19.430099	-5.404600	123.464578	1517.232725	2.000000
142.380000	38.110000	-155.901001	19.680099	-5.303098	123.324219	1514.025686	2.000000
142.380000	38.110000	-155.901001	19.930099	-5.042359	123.183015	1510.812701	3.000000
142.380000	38.110000	-155.901001	20.180099	-10.338974	123.040740	1507.518605	2.000000
142.380000	38.110000	-155.901001	20.430099	-13.520199	122.897618	1505.666293	3.000000
142.380000	38.110000	-155.901001	20.680099	-4.293729	122.753418	1503.137994	3.000000
142.380000	38.110000	-155.901001	20.930099	3.496739	122.608368	1499.771774	3.000000
142.380000	38.110000	-155.901001	21.180099	5.753859	122.462232	1494.860997	2.000000
142.380000	38.110000	-155.651001	18.180099	-5.009216	124.143096	1539.614118	2.000000
142.380000	38.110000	-155.651001	18.430099	-4.000106	124.008541	1536.200991	2.000000
142.380000	38.110000	-155.651001	18.680099	-3.860472	123.873026	1532.787864	2.000000
142.380000	38.110000	-155.651001	18.930099	-4.102725	123.736598	1529.374737	2.000000
142.380000	38.110000	-155.651001	19.180099	-4.762361	123.599203	1526.066371	2.000000
142.380000	38.110000	-155.651001	19.430099	-5.106889	123.460892	1522.870813	2.000000
142.380000	38.110000	-155.651001	19.680099	-5.029277	123.321607	1519.675254	2.000000
142.380000	38.110000	-155.651001	19.930099	-6.091307	123.181401	1516.479696	2.000000
142.380000	38.110000	-155.651001	20.180099	-5.714838	123.040215	1513.294975	2.000000
142.380000	38.110000	-155.651001	20.430099	-2.129043	122.898104	1510.125876	2.000000
142.380000	38.110000	-155.651001	20.680099	-0.330566	122.755007	1506.956776	2.000000
142.380000	38.110000	-155.651001	20.930099	-0.768576	122.610980	1503.787677	2.000000
142.380000	38.110000	-155.651001	21.180099	3.334734	122.465962	1500.618578	2.000000
142.380000	38.110000	-155.401001	17.930099	-7.070917	124.267707	1548.240274	1.000000
142.380000	38.110000	-155.401001	18.180099	-4.403458	124.135010	1545.110013	2.000000
142.380000	38.110000	-155.401001	18.430099	-3.495777	124.001491	1541.696886	2.000000
142.380000	38.110000	-155.401001	18.680099	-3.397913	123.866938	1538.283759	2.000000
142.380000	38.110000	-155.401001	18.930099	-3.812450	123.731560	1534.870632	2.000000
142.380000	38.110000	-155.401001	19.180099	-4.676612	123.595141	1531.596648	2.000000
142.380000	38.110000	-155.401001	19.430099	-4.870990	123.457892	1528.401090	2.000000
142.380000	38.110000	-155.401001	19.680099	-7.202766	123.319595	1525.205531	2.000000
142.380000	38.110000	-155.401001	19.930099	-8.024460	123.180466	1522.539132	2.000000
142.380000	38.110000	-155.401001	20.180099	-4.156631	123.040281	1519.060666	2.000000
142.380000	38.110000	-155.401001	20.430099	-3.934584	122.899261	1515.642171	2.000000
142.380000	38.110000	-155.401001	20.680099	-4.499994	122.757178	1512.473072	3.000000
142.380000	38.110000	-155.401001	20.930099	-3.651402	122.614256	1509.303973	3.000000
142.380000	38.110000	-155.401001	21.180099	6.057072	122.470265	1505.935591	3.000000
142.380000	38.110000	-155.151001	17.930099	-5.481769	124.259301	1553.584310	2.000000
142.380000	38.110000	-155.151001	18.180099	-4.628257	124.127631	1550.499299	1.000000
142.380000	38.110000	-155.151001	18.430099	-3.882282	123.995065	1547.192782	2.000000
142.380000	38.110000	-155.151001	18.680099	-3.392527	123.861553	1543.779655	2.000000
142.380000	38.110000	-155.151001	18.930099	-3.935545	123.727140	1540.366527	1.000000
142.380000	38.110000	-155.151001	19.180099	-4.802289	123.591775	1537.126925	1.000000
142.380000	38.110000	-155.151001	19.430099	-5.619198	123.455505	1533.931367	2.000000
142.380000	38.110000	-155.151001	19.680099	-11.538222	123.318275	1530.933679	2.000000
142.380000	38.110000	-155.151001	19.930099	-8.735890	123.180137	1528.780622	1.000000
142.380000	38.110000	-155.151001	20.180099	-2.508582	123.041032	1525.029752	2.000000
142.380000	38.110000	-155.151001	20.430099	-3.284126	122.901016	1521.278882	3.000000
142.380000	38.110000	-155.151001	20.680099	-4.050849	122.760027	1517.989367	3.000000
142.380000	38.110000	-155.151001	20.930099	-2.242275	122.618122	1514.820268	3.000000
142.380000	38.110000	-155.151001	21.180099	7.653914	122.475238	1511.066010	3.000000
142.380000	38.110000	-154.901001	17.680099	-5.569882	124.381306	1562.013358	2.000000
142.380000	38.110000	-154.901001	17.930099	-5.474061	124.251593	1558.928347	2.000000
142.380000	38.110000	-154.901001	18.180099	-5.105725	124.120867	1555.843336	1.000000
142.380000	38.110000	-154.901001	18.430099	-4.256807	123.989331	1552.688677	2.000000
142.380000	38.110000	-154.901001	18.680099	-3.387750	123.856775	1549.275550	2.000000
142.380000	38.110000	-154.901001	18.930099	-4.114971	123.723406	1545.862423	2.000000
142.380000	38.110000	-154.901001	19.180099	-4.928886	123.589009	1542.657202	2.000000
142.380000	38.110000	-154.901001	19.430099	-10.455224	123.453795	1539.461644	2.000000
142.380000	38.110000	-154.901001	19.680099	-14.227083	123.317546	1537.343343	1.000000
142.380000	38.110000	-154.901001	19.930099	-6.632925	123.180477	1534.749707	1.000000
142.380000	38.110000	-154.901001	20.180099	-2.509917	123.042367	1530.998837	2.000000
142.380000	38.110000	-154.901001	20.430099	-2.440058	122.903433	1527.247967	2.000000
142.380000	38.110000	-154.901001	20.680099	-3.366381	122.763450	1523.505662	3.000000
142.380000	38.110000	-154.901001	20.930099	-0.873496	122.622642	1520.336563	2.000000
142.380000	38.110000	-154.901001	21.180099	8.711702	122.480777	1516.196430	3.000000
142.380000	38.110000	-154.651001	17.680099	-5.674452	124.373285	1567.357394	1.000000
142.380000	38.110000	-154.651001	17.930099	-5.466975	124.244507	1564.272383	1.000000
142.380000	38.110000	-154.651001	18.180099	-5.371644	124.114802	1561.187372	1.000000
142.380000	38.110000	-154.651001	18.430099	-4.482482	123.984214	1558.102361	1.000000
142.380000	38.110000	-154.651001	18.680099	-3.777503	123.852691	1554.771445	1.000000
142.380000	38.110000	-154.651001	18.930099	-4.316290	123.720281	1551.383038	1.000000
142.380000	38.110000	-154.651001	19.180099	-8.665733	123.586930	1548.187480	1.000000
142.380000	38.110000	-154.651001	19.430099	-15.207845	123.452688	1545.737891	1.000000
142.380000	38.110000	-154.651001	19.680099	-13.080796	123.317499	1543.753008	0.000000
142.380000	38.110000	-154.651001	19.930099	-5.065242	123.181414	1540.718793	0.000000
142.380000	38.110000	-154.651001	20.180099	-2.511927	123.044377	1536.967923	1.000000
142.380000	38.110000	-154.651001	20.430099	-2.414451	122.906439	1533.217052	1.000000
142.380000	38.110000	-154.651001	20.680099	-2.759856	122.767543	1529.466182	1.000000
142.380000	38.110000	-154.651001	20.930099	1.942546	122.627743	1525.852859	2.000000
142.380000	38.110000	-154.651001	21.180099	9.735376	122.486978	1521.326850	3.000000
142.380000	38.110000	-154.401001	17.680099	-5.567137	124.365878	1572.751347	1.000000
142.380000	38.110000	-154.401001	17.930099	-5.592235	124.238110	1569.616420	2.000000
142.380000	38.110000	-154.401001	18.180099	-5.529722	124.109344	1566.531409	1.000000
142.380000	38.110000	-154.401001	18.430099	-4.904999	123.979778	1563.446398	1.000000
142.380000	38.110000	-154.401001	18.680099	-4.338160	123.849206	1560.267340	1.000000
142.380000	38.110000	-154.401001	18.930099	-6.210049	123.717832	1556.913315	1.000000
142.380000	38.110000	-154.401001	19.180099	-13.567016	123.585444	1554.132438	2.000000
142.380000	38.110000	-154.401001	19.430099	-17.172647	123.452250	1552.147555	2.000000
142.380000	38.110000	-154.401001	19.680099	-11.209596	123.318036	1550.162672	1.000000
142.380000	38.110000	-154.401001	19.930099	-3.542797	123.183013	1546.687878	1.000000
142.380000	38.110000	-154.401001	20.180099	-2.514512	123.046962	1542.937008	1.000000
142.380000	38.110000	-154.401001	20.430099	-2.418111	122.910099	1539.186138	1.000000
142.380000	38.110000	-154.401001	20.680099	1.241741	122.772202	1535.435268	2.000000
142.380000	38.110000	-154.401001	20.930099	9.593010	122.633490	1531.368922	2.000000
142.380000	38.110000	-154.401001	21.180099	13.186576	122.493736	1526.457269	2.000000
142.380000	38.110000	-154.151001	17.930099	-5.590770	124.232328	1575.105847	2.000000
142.380000	38.110000	-154.151001	18.180099	-5.337411	124.104575	1571.948177	1.000000
142.380000	38.110000	-154.151001	18.430099	-5.361600	123.975951	1568.790508	1.000000
142.380000	38.110000	-154.151001	18.680099	-5.234742	123.846406	1565.705423	1.000000
142.380000	38.110000	-154.151001	18.930099	-11.608239	123.715985	1562.526986	2.000000
142.380000	38.110000	-154.151001	19.180099	-17.281453	123.584636	1560.542102	2.000000
142.380000	38.110000	-154.151001	19.430099	-16.536026	123.452408	1558.557219	2.000000
142.380000	38.110000	-154.151001	19.680099	-8.861000	123.319245	1556.407834	1.000000
142.380000	38.110000	-154.151001	19.930099	-2.612798	123.185199	1552.656964	1.000000
142.380000	38.110000	-154.151001	20.180099	-1.597368	123.050214	1548.906093	2.000000
142.380000	38.110000	-154.151001	20.430099	5.816933	122.914340	1545.155223	2.000000
142.380000	38.110000	-154.151001	20.680099	14.840086	122.777521	1540.303242	2.000000
142.380000	38.110000	-154.151001	20.930099	17.513110	122.639811	1535.092298	3.000000
142.380000	38.110000	-154.151001	21.180099	13.285974	122.501148	1530.749936	3.000000
142.380000	38.110000	-153.901001	17.930099	-5.635412	124.227225	1580.618016	1.000000
142.380000	38.110000	-153.901001	18.180099	-5.542824	124.100405	1577.460347	1.000000
142.380000	38.110000	-153.901001	18.430099	-5.449929	123.972798	1574.302677	1.000000
142.380000	38.110000	-153.901001	18.680099	-8.945406	123.844196	1571.145007	2.000000
142.380000	38.110000	-153.901001	18.930099	-15.703886	123.714805	1568.936650	2.000000
142.380000	38.110000	-153.901001	19.180099	-17.058612	123.584412	1566.951766	2.000000
142.380000	38.110000	-153.901001	19.430099	-14.852743	123.453225	1564.966883	2.000000
142.380000	38.110000	-153.901001	19.680099	-6.750738	123.321030	1562.376919	2.000000
142.380000	38.110000	-153.901001	19.930099	1.608016	123.188039	1558.626049	1.000000
142.380000	38.110000	-153.901001	20.180099	10.508532	123.054033	1554.448506	3.000000
142.380000	38.110000	-153.901001	20.430099	18.447288	122.919226	1549.237562	2.000000
142.380000	38.110000	-153.901001	20.680099	19.846171	122.783399	1544.026618	2.000000
142.380000	38.110000	-153.901001	20.930099	17.150827	122.646768	1538.815674	2.000000
142.380000	38.110000	-153.901001	21.180099	13.270396	122.509110	1534.568841	3.000000
142.380000	38.110000	-153.651001	18.180099	-5.539335	124.096916	1582.972516	1.000000
142.380000	38.110000	-153.651001	18.430099	-5.447376	123.970244	1579.814846	1.000000
142.380000	38.110000	-153.651001	18.680099	-10.225924	123.842663	1576.657176	2.000000
142.380000	38.110000	-153.651001	18.930099	-17.848038	123.714218	1574.726552	2.000000
142.380000	38.110000	-153.651001	19.180099	-18.829260	123.584858	1573.178990	2.000000
142.380000	38.110000	-153.651001	19.430099	-13.123286	123.454630	1571.376547	2.000000
142.380000	38.110000	-153.651001	19.680099	4.294503	123.323480	1568.346005	2.000000
142.380000	38.110000	-153.651001	19.930099	15.534460	123.191459	1563.382826	1.000000
142.380000	38.110000	-153.651001	20.180099	19.660862	123.058510	1558.171882	2.000000
142.380000	38.110000	-153.651001	20.430099	19.750094	122.924686	1552.960938	3.000000
142.380000	38.110000	-153.651001	20.680099	19.789306	122.789929	1547.749994	2.000000
142.380000	38.110000	-153.651001	20.930099	16.496210	122.654292	1542.558009	2.000000
142.380000	38.110000	-153.401001	18.180099	-5.536436	124.094017	1588.484685	1.000000
142.380000	38.110000	-153.401001	18.430099	-5.445487	123.968356	1585.327015	1.000000
142.380000	38.110000	-153.401001	18.680099	-11.664126	123.841713	1582.169346	1.000000
142.380000	38.110000	-153.401001	18.930099	-19.035913	123.714291	1580.512455	2.000000
142.380000	38.110000	-153.401001	19.180099	-18.750919	123.585880	1578.964893	2.000000
142.380000	38.110000	-153.401001	19.430099	1.998657	123.456686	1577.267364	2.000000
142.380000	38.110000	-153.401001	19.680099	20.944582	123.326498	1572.144310	1.000000
142.380000	38.110000	-153.401001	19.930099	21.671574	123.195524	1567.021256	2.000000
142.380000	38.110000	-153.401001	20.180099	21.643384	123.063547	1561.895258	2.000000
142.380000	38.110000	-153.401001	20.430099	21.609913	122.930783	1556.684314	2.000000
142.380000	38.110000	-153.151001	18.430099	-6.073692	123.967060	1590.839184	2.000000
142.380000	38.110000	-153.151001	18.680099	-13.271392	123.841431	1587.845920	2.000000
142.380000	38.110000	-153.151001	18.930099	-19.516781	123.714949	1586.298358	2.000000
142.380000	38.110000	-153.151001	19.180099	-3.777537	123.587564	1584.750797	2.000000
142.380000	38.110000	-153.151001	19.430099	21.397777	123.459323	1580.408955	1.000000
142.380000	38.110000	-153.151001	19.680099	23.594898	123.330172	1575.285901	1.000000
142.380000	38.110000	-153.151001	19.930099	23.683724	123.200161	1570.162847	2.000000
142.380000	38.110000	-152.901001	18.430099	-7.137589	123.966421	1596.351354	1.000000
142.380000	38.110000	-152.901001	18.680099	-14.586196	123.841724	1593.631823	2.000000
142.380000	38.110000	-152.901001	18.930099	-9.928395	123.716258	1592.084262	2.000000
142.380000	38.110000	-152.901001	19.180099	15.176448	123.589817	1588.673600	1.000000
142.380000	38.110000	-152.901001	19.430099	23.503063	123.462603	1583.550546	1.000000
142.380000	38.110000	-152.651001	18.680099	-11.881825	123.842677	1599.417726	1.000000
142.380000	38.110000	-152.651001	18.930099	8.250587	123.718146	1596.938246	2.000000
