-155.772995	19.079000	1524.660000	-5.918733
-155.996994	20.771000	1500.674000	-7.782551
-155.710999	20.046000	1513.671000	-5.637924
-159.401001	21.971001	1405.676000	NaN
-156.658005	20.891001	1480.679000	-4.676557
-155.679398	21.205500	1499.670000	-1.922291
-154.482803	21.001900	1528.654000	2.419661
-153.982697	21.519699	1527.656000	4.869369
-153.292099	20.892599	1548.666000	5.218620
-153.503204	19.495199	1574.649000	5.996491
-152.132401	18.481400	1612.650000	NaN
-154.691299	17.180099	1572.666000	NaN
-155.714996	18.000299	1540.662000	-3.720206
-156.808197	18.404200	1509.659000	-5.745049
-157.227295	18.984800	1492.656000	-5.248118
-157.627594	20.346100	1466.661000	-6.595623
-153.992294	18.797600	1567.648000	-6.879119
