-178.430000	-15.040000	-158.651001	21.430099	0.745262	29.672111	1114.148497	1.000000
-178.430000	-15.040000	-158.401001	21.180099	0.233704	30.135185	1111.553167	0.000000
-178.430000	-15.040000	-158.401001	21.430099	-0.598404	29.992708	1117.280732	0.000000
-178.430000	-15.040000	-158.151001	20.680099	-0.537932	30.746433	1103.253020	1.000000
-178.430000	-15.040000	-158.151001	20.930099	-0.278789	30.599782	1108.957836	1.000000
-178.430000	-15.040000	-158.151001	21.180099	-0.063698	30.454800	1114.685401	1.000000
-178.430000	-15.040000	-158.151001	21.430099	-3.831381	30.311592	1120.412966	0.000000
-178.430000	-15.040000	-157.901001	20.430099	-1.053391	31.215169	1100.660961	1.000000
-178.430000	-15.040000	-157.901001	20.680099	-0.792311	31.065993	1106.362505	1.000000
-178.430000	-15.040000	-157.901001	20.930099	-0.569422	30.918543	1112.090070	1.000000
-178.430000	-15.040000	-157.901001	21.180099	-0.381753	30.772855	1117.817636	1.000000
-178.430000	-15.040000	-157.901001	21.430099	-5.318086	30.628848	1123.545201	0.000000
-178.430000	-15.040000	-157.651001	19.930099	-1.330061	31.838799	1092.380405	1.000000
-178.430000	-15.040000	-157.651001	20.180099	-0.808485	31.685273	1098.068902	1.000000
-178.430000	-15.040000	-157.651001	20.430099	0.658476	31.533604	1103.767174	1.000000
-178.430000	-15.040000	-157.651001	20.680099	-1.075943	31.383661	1109.494739	2.000000
-178.430000	-15.040000	-157.651001	20.930099	-0.886409	31.235530	1115.222305	2.000000
-178.430000	-15.040000	-157.651001	21.180099	-1.190236	31.089074	1120.949870	1.000000
-178.430000	-15.040000	-157.401001	19.680099	-1.355250	32.312944	1089.820647	2.000000
-178.430000	-15.040000	-157.401001	19.930099	-0.982754	32.156903	1095.586364	2.000000
-178.430000	-15.040000	-157.401001	20.180099	-0.243225	32.002725	1101.363082	2.000000
-178.430000	-15.040000	-157.401001	20.430099	2.468054	31.850315	1107.401539	2.000000
-178.430000	-15.040000	-157.401001	20.680099	2.494122	31.699717	1112.626974	2.000000
-178.430000	-15.040000	-157.401001	20.930099	-1.201721	31.550842	1118.354539	3.000000
-178.430000	-15.040000	-157.401001	21.180099	-4.512193	31.403729	1124.082105	2.000000
-178.430000	-15.040000	-157.151001	19.430099	-1.253346	32.788343	1087.413971	2.000000
-178.430000	-15.040000	-157.151001	19.680099	-0.883459	32.629784	1093.179688	3.000000
-178.430000	-15.040000	-157.151001	19.930099	-0.565776	32.473117	1098.945405	3.000000
-178.430000	-15.040000	-157.151001	20.180099	0.001645	32.318231	1104.934068	3.000000
-178.430000	-15.040000	-157.151001	20.430099	1.315430	32.165193	1110.972525	2.000000
-178.430000	-15.040000	-157.151001	20.680099	6.948547	32.013883	1116.457161	2.000000
-178.430000	-15.040000	-157.151001	20.930099	2.207487	31.864376	1121.486774	3.000000
-178.430000	-15.040000	-157.151001	21.180099	-7.316905	31.716549	1127.214339	2.000000
-178.430000	-15.040000	-156.901001	18.930099	0.403904	33.428049	1079.489892	3.000000
-178.430000	-15.040000	-156.901001	19.180099	-0.355257	33.265127	1085.033065	3.000000
-178.430000	-15.040000	-156.901001	19.430099	-1.340110	33.104061	1090.773011	2.000000
-178.430000	-15.040000	-156.901001	19.680099	-1.172662	32.944906	1096.538729	3.000000
-178.430000	-15.040000	-156.901001	19.930099	-0.558779	32.787560	1102.466598	4.000000
-178.430000	-15.040000	-156.901001	20.180099	-0.419056	32.632073	1108.505054	3.000000
-178.430000	-15.040000	-156.901001	20.430099	-0.223596	32.478349	1114.543511	2.000000
-178.430000	-15.040000	-156.901001	20.680099	5.468915	32.326434	1120.581968	2.000000
-178.430000	-15.040000	-156.901001	20.930099	10.041746	32.176237	1125.149938	3.000000
-178.430000	-15.040000	-156.901001	21.180099	-4.210406	32.027802	1130.346573	1.000000
-178.430000	-15.040000	-156.651001	18.680099	0.537604	33.908470	1077.493086	4.000000
-178.430000	-15.040000	-156.651001	18.930099	0.571987	33.743024	1083.006640	4.000000
-178.430000	-15.040000	-156.651001	19.180099	0.505534	33.579466	1088.545051	3.000000
-178.430000	-15.040000	-156.651001	19.430099	-0.778668	33.417833	1094.132052	3.000000
-178.430000	-15.040000	-156.651001	19.680099	-0.778539	33.258033	1099.999127	3.000000
-178.430000	-15.040000	-156.651001	19.930099	-0.535971	33.100113	1106.037584	3.000000
-178.430000	-15.040000	-156.651001	20.180099	-0.273106	32.943975	1112.076041	3.000000
-178.430000	-15.040000	-156.651001	20.430099	-0.011493	32.789671	1118.114497	4.000000
-178.430000	-15.040000	-156.651001	20.680099	1.202171	32.637099	1124.152954	3.000000
-178.430000	-15.040000	-156.651001	20.930099	5.314196	32.486319	1129.761781	3.000000
-178.430000	-15.040000	-156.651001	21.180099	-0.012111	32.337222	1135.008895	2.000000
-178.430000	-15.040000	-156.401001	18.430099	0.473655	34.390129	1075.598184	4.000000
-178.430000	-15.040000	-156.401001	18.680099	0.588215	34.222183	1081.111738	4.000000
-178.430000	-15.040000	-156.401001	18.930099	0.838055	34.056131	1086.625291	4.000000
-178.430000	-15.040000	-156.401001	19.180099	0.921933	33.892036	1092.143401	3.000000
-178.430000	-15.040000	-156.401001	19.430099	0.724864	33.729788	1097.691423	4.000000
-178.430000	-15.040000	-156.401001	19.680099	0.130313	33.569444	1103.674711	3.000000
-178.430000	-15.040000	-156.401001	19.930099	0.028249	33.410900	1109.717531	3.000000
-178.430000	-15.040000	-156.401001	20.180099	0.093106	33.254211	1115.774210	4.000000
-178.430000	-15.040000	-156.401001	20.430099	0.218404	33.099277	1121.830889	4.000000
-178.430000	-15.040000	-156.401001	20.680099	2.612117	32.946149	1127.887568	3.000000
-178.430000	-15.040000	-156.401001	20.930099	0.761145	32.794732	1133.015189	3.000000
-178.430000	-15.040000	-156.401001	21.180099	3.297308	32.645074	1139.704440	2.000000
-178.430000	-15.040000	-156.151001	18.430099	0.237556	34.702308	1079.227781	3.000000
-178.430000	-15.040000	-156.151001	18.680099	0.393064	34.533795	1084.756208	4.000000
-178.430000	-15.040000	-156.151001	18.930099	0.653494	34.367237	1090.284634	3.000000
-178.430000	-15.040000	-156.151001	19.180099	0.490971	34.202563	1095.813060	4.000000
-178.430000	-15.040000	-156.151001	19.430099	1.143229	34.039799	1101.593278	3.000000
-178.430000	-15.040000	-156.151001	19.680099	0.763006	33.878866	1107.550983	3.000000
-178.430000	-15.040000	-156.151001	19.930099	0.569288	33.719799	1113.549072	3.000000
-178.430000	-15.040000	-156.151001	20.180099	0.559224	33.562513	1119.558021	4.000000
-178.430000	-15.040000	-156.151001	20.430099	0.486085	33.407050	1125.575997	3.000000
-178.430000	-15.040000	-156.151001	20.680099	2.204370	33.253317	1131.632676	3.000000
-178.430000	-15.040000	-156.151001	20.930099	2.289274	33.101365	1137.082606	3.000000
-178.430000	-15.040000	-155.901001	18.180099	-0.810172	35.183563	1077.369951	3.000000
-178.430000	-15.040000	-155.901001	18.430099	-0.775122	35.012576	1082.898015	3.000000
-178.430000	-15.040000	-155.901001	18.680099	-0.685542	34.843589	1088.426079	4.000000
-178.430000	-15.040000	-155.901001	18.930099	-0.729354	34.676483	1093.954293	4.000000
-178.430000	-15.040000	-155.901001	19.180099	-1.069915	34.511324	1099.537428	4.000000
-178.430000	-15.040000	-155.901001	19.430099	-0.871010	34.348001	1105.495133	3.000000
-178.430000	-15.040000	-155.901001	19.680099	-0.464835	34.186575	1111.452838	3.000000
-178.430000	-15.040000	-155.901001	19.930099	-0.307768	34.026939	1117.414483	4.000000
-178.430000	-15.040000	-155.901001	20.180099	1.282243	33.869152	1123.423433	3.000000
-178.430000	-15.040000	-155.901001	20.430099	1.822363	33.713111	1129.432382	2.000000
-178.430000	-15.040000	-155.901001	20.680099	2.650192	33.558870	1135.554323	2.000000
-178.430000	-15.040000	-155.901001	20.930099	1.448782	33.406334	1141.486831	3.000000
-178.430000	-15.040000	-155.651001	18.180099	-2.361086	35.492221	1080.869310	2.000000
-178.430000	-15.040000	-155.651001	18.430099	-3.159765	35.320791	1086.366167	3.000000
-178.430000	-15.040000	-155.651001	18.680099	-3.075544	35.151294	1091.863024	3.000000
-178.430000	-15.040000	-155.651001	18.930099	-3.353087	34.983733	1097.359881	3.000000
-178.430000	-15.040000	-155.651001	19.180099	-3.720837	34.818052	1103.011736	3.000000
-178.430000	-15.040000	-155.651001	19.430099	-4.865904	34.654264	1109.024269	2.000000
-178.430000	-15.040000	-155.651001	19.680099	-4.448348	34.492305	1115.042022	2.000000
-178.430000	-15.040000	-155.651001	19.930099	-4.892447	34.332196	1121.059776	3.000000
-178.430000	-15.040000	-155.651001	20.180099	-1.473172	34.173865	1127.500973	3.000000
-178.430000	-15.040000	-155.651001	20.430099	2.506890	34.017342	1133.695224	2.000000
-178.430000	-15.040000	-155.651001	20.680099	3.368122	33.862549	1139.889474	2.000000
-178.430000	-15.040000	-155.651001	20.930099	0.443075	33.709524	1145.891055	1.000000
-178.430000	-15.040000	-155.401001	17.930099	-1.383880	35.972835	1078.939703	1.000000
-178.430000	-15.040000	-155.401001	18.180099	-2.296073	35.799013	1084.090616	3.000000
-178.430000	-15.040000	-155.401001	18.430099	-4.317744	35.627106	1089.456136	3.000000
-178.430000	-15.040000	-155.401001	18.680099	-4.772594	35.457186	1094.952993	3.000000
-178.430000	-15.040000	-155.401001	18.930099	-4.974258	35.289134	1100.449850	3.000000
-178.430000	-15.040000	-155.401001	19.180099	-4.930291	35.123020	1106.182519	3.000000
-178.430000	-15.040000	-155.401001	19.430099	-6.233019	34.958728	1111.989495	4.000000
-178.430000	-15.040000	-155.401001	19.680099	-7.172613	34.796324	1118.007249	3.000000
-178.430000	-15.040000	-155.401001	19.930099	-8.802934	34.635700	1124.025002	3.000000
-178.430000	-15.040000	-155.401001	20.180099	-8.441164	34.476916	1131.037488	3.000000
-178.430000	-15.040000	-155.401001	20.430099	-0.481550	34.319868	1138.030375	3.000000
-178.430000	-15.040000	-155.401001	20.680099	2.910295	34.164614	1144.224626	4.000000
-178.430000	-15.040000	-155.401001	20.930099	-0.536466	34.011055	1150.295279	2.000000
-178.430000	-15.040000	-155.151001	17.930099	-1.584297	36.277935	1082.332337	3.000000
-178.430000	-15.040000	-155.151001	18.180099	-1.371888	36.103675	1087.483249	3.000000
-178.430000	-15.040000	-155.151001	18.430099	-2.671378	35.931377	1092.634162	3.000000
-178.430000	-15.040000	-155.151001	18.680099	-4.762801	35.761003	1098.042963	3.000000
-178.430000	-15.040000	-155.151001	18.930099	-5.133738	35.592548	1103.570681	2.000000
-178.430000	-15.040000	-155.151001	19.180099	-5.288398	35.425966	1109.353303	2.000000
-178.430000	-15.040000	-155.151001	19.430099	-5.296823	35.261259	1115.135925	4.000000
-178.430000	-15.040000	-155.151001	19.680099	-6.512478	35.098375	1120.972475	4.000000
-178.430000	-15.040000	-155.151001	19.930099	-8.965844	34.937325	1126.990229	2.000000
-178.430000	-15.040000	-155.151001	20.180099	-12.477869	34.778050	1133.922679	3.000000
-178.430000	-15.040000	-155.151001	20.430099	-8.133980	34.620568	1141.979923	4.000000
-178.430000	-15.040000	-155.151001	20.680099	1.612113	34.464813	1148.559777	4.000000
-178.430000	-15.040000	-155.151001	20.930099	5.240115	34.310812	1154.699504	3.000000
-178.430000	-15.040000	-154.901001	17.680099	-2.350154	36.757738	1080.574057	3.000000
-178.430000	-15.040000	-154.901001	17.930099	-2.191944	36.581096	1085.724970	3.000000
-178.430000	-15.040000	-154.901001	18.180099	-2.035309	36.406479	1090.875882	3.000000
-178.430000	-15.040000	-154.901001	18.430099	-1.880123	36.233759	1096.026795	3.000000
-178.430000	-15.040000	-154.901001	18.680099	-3.507103	36.063015	1101.177708	2.000000
-178.430000	-15.040000	-154.901001	18.930099	-4.122141	35.894123	1106.741464	2.000000
-178.430000	-15.040000	-154.901001	19.180099	-4.723463	35.727157	1112.524087	3.000000
-178.430000	-15.040000	-154.901001	19.430099	-4.840710	35.562000	1118.306709	4.000000
-178.430000	-15.040000	-154.901001	19.680099	-5.352242	35.398720	1124.089331	3.000000
-178.430000	-15.040000	-154.901001	19.930099	-8.388796	35.237208	1129.955455	2.000000
-178.430000	-15.040000	-154.901001	20.180099	-12.669450	35.077527	1136.807871	3.000000
-178.430000	-15.040000	-154.901001	20.430099	-13.974014	34.919571	1144.865115	3.000000
-178.430000	-15.040000	-154.901001	20.680099	-6.189115	34.763401	1152.894929	3.000000
-178.430000	-15.040000	-154.651001	17.680099	-3.441929	37.059135	1083.903967	3.000000
-178.430000	-15.040000	-154.651001	17.930099	-3.285015	36.882168	1089.040834	3.000000
-178.430000	-15.040000	-154.651001	18.180099	-3.129631	36.707169	1094.177702	3.000000
-178.430000	-15.040000	-154.651001	18.430099	-2.728810	36.534109	1099.314569	3.000000
-178.430000	-15.040000	-154.651001	18.680099	-1.819803	36.362966	1104.523311	3.000000
-178.430000	-15.040000	-154.651001	18.930099	-2.297949	36.193720	1110.217980	2.000000
-178.430000	-15.040000	-154.651001	19.180099	-2.407302	36.026340	1115.917621	3.000000
-178.430000	-15.040000	-154.651001	19.430099	-2.508889	35.860816	1121.617262	3.000000
-178.430000	-15.040000	-154.651001	19.680099	-2.329475	35.697109	1127.316903	2.000000
-178.430000	-15.040000	-154.651001	19.930099	-3.266248	35.535218	1133.042737	1.000000
-178.430000	-15.040000	-154.651001	20.180099	-11.929601	35.375097	1139.693062	2.000000
-178.430000	-15.040000	-154.651001	20.430099	-14.853350	35.216753	1147.750306	2.000000
-178.430000	-15.040000	-154.651001	20.680099	-13.923535	35.060131	1155.807550	2.000000
-178.430000	-15.040000	-154.401001	17.680099	-2.663340	37.358631	1087.081743	3.000000
-178.430000	-15.040000	-154.401001	17.930099	-4.149403	37.181316	1092.218611	4.000000
-178.430000	-15.040000	-154.401001	18.180099	-3.631911	37.006010	1097.355478	3.000000
-178.430000	-15.040000	-154.401001	18.430099	-2.631954	36.832585	1102.598668	3.000000
-178.430000	-15.040000	-154.401001	18.680099	-1.738774	36.661119	1108.288120	3.000000
-178.430000	-15.040000	-154.401001	18.930099	-1.552748	36.491490	1113.982858	2.000000
-178.430000	-15.040000	-154.401001	19.180099	-0.890889	36.323774	1119.682499	3.000000
-178.430000	-15.040000	-154.401001	19.430099	1.146878	36.157853	1125.382140	3.000000
-178.430000	-15.040000	-154.401001	19.680099	1.806158	35.993798	1131.174265	3.000000
-178.430000	-15.040000	-154.401001	19.930099	1.964871	35.831495	1137.301943	1.000000
-178.430000	-15.040000	-154.401001	20.180099	-5.051480	35.671014	1142.794723	2.000000
-178.430000	-15.040000	-154.401001	20.430099	-15.588097	35.512246	1150.470099	2.000000
-178.430000	-15.040000	-154.401001	20.680099	-15.754277	35.355255	1158.564097	2.000000
-178.430000	-15.040000	-154.151001	17.680099	0.815910	37.655979	1090.553835	3.000000
-178.430000	-15.040000	-154.151001	17.930099	0.070393	37.478390	1095.396387	3.000000
-178.430000	-15.040000	-154.151001	18.180099	-0.916126	37.302756	1100.674026	3.000000
-178.430000	-15.040000	-154.151001	18.430099	-0.362021	37.129039	1106.363477	3.000000
-178.430000	-15.040000	-154.151001	18.680099	-0.362038	36.957229	1112.052929	3.000000
-178.430000	-15.040000	-154.151001	18.930099	0.481215	36.787294	1117.747737	2.000000
-178.430000	-15.040000	-154.151001	19.180099	1.205364	36.619216	1123.578289	2.000000
-178.430000	-15.040000	-154.151001	19.430099	2.125906	36.452975	1129.874477	3.000000
-178.430000	-15.040000	-154.151001	19.680099	3.293745	36.288543	1136.022757	2.000000
-178.430000	-15.040000	-154.151001	19.930099	3.088025	36.125909	1141.515537	1.000000
-178.430000	-15.040000	-154.151001	20.180099	1.795756	35.965037	1147.008317	2.000000
-178.430000	-15.040000	-154.151001	20.430099	-10.654479	35.805926	1153.106718	3.000000
-178.430000	-15.040000	-154.151001	20.680099	-16.451207	35.648532	1161.200715	3.000000
-178.430000	-15.040000	-153.901001	17.680099	5.260466	37.951437	1094.290972	4.000000
-178.430000	-15.040000	-153.901001	17.930099	5.305084	37.773554	1099.619991	2.000000
-178.430000	-15.040000	-153.901001	18.180099	4.932207	37.597663	1105.033731	4.000000
-178.430000	-15.040000	-153.901001	18.430099	3.615815	37.423634	1110.664882	4.000000
-178.430000	-15.040000	-153.901001	18.680099	2.782120	37.251549	1116.296033	4.000000
-178.430000	-15.040000	-153.901001	18.930099	2.279963	37.081284	1122.278500	2.000000
-178.430000	-15.040000	-153.901001	19.180099	3.107805	36.912917	1128.574688	2.000000
-178.430000	-15.040000	-153.901001	19.430099	2.806497	36.746329	1134.743572	3.000000
-178.430000	-15.040000	-153.901001	19.680099	2.588245	36.581595	1140.236352	2.000000
-178.430000	-15.040000	-153.901001	19.930099	2.795334	36.418599	1145.729132	1.000000
-178.430000	-15.040000	-153.901001	20.180099	3.001233	36.257413	1151.221912	3.000000
-178.430000	-15.040000	-153.901001	20.430099	-2.608620	36.097926	1156.714692	3.000000
-178.430000	-15.040000	-153.901001	20.680099	-15.615027	35.940206	1163.837333	3.000000
-178.430000	-15.040000	-153.651001	17.680099	6.022859	38.244768	1099.512338	3.000000
-178.430000	-15.040000	-153.651001	17.930099	8.027419	38.066660	1104.953897	4.000000
-178.430000	-15.040000	-153.651001	18.180099	8.247784	37.890494	1110.299648	4.000000
-178.430000	-15.040000	-153.651001	18.430099	6.909182	37.716221	1115.664433	4.000000
-178.430000	-15.040000	-153.651001	18.680099	4.745442	37.543843	1121.295583	4.000000
-178.430000	-15.040000	-153.651001	18.930099	3.343776	37.373319	1127.274899	2.000000
-178.430000	-15.040000	-153.651001	19.180099	2.319274	37.204641	1133.464386	2.000000
-178.430000	-15.040000	-153.651001	19.430099	2.088583	37.037780	1138.957167	2.000000
-178.430000	-15.040000	-153.651001	19.680099	2.297122	36.872718	1144.449947	3.000000
-178.430000	-15.040000	-153.651001	19.930099	2.504498	36.709435	1149.942727	1.000000
-178.430000	-15.040000	-153.651001	20.180099	2.710738	36.547907	1155.435507	2.000000
-178.430000	-15.040000	-153.651001	20.430099	2.781052	36.388121	1160.928287	3.000000
-178.430000	-15.040000	-153.651001	20.680099	-7.712330	36.230046	1166.473952	2.000000
-178.430000	-15.040000	-153.401001	17.930099	2.845893	38.357873	1110.283036	4.000000
-178.430000	-15.040000	-153.401001	18.180099	5.475061	38.181497	1115.622175	4.000000
-178.430000	-15.040000	-153.401001	18.430099	5.585021	38.006964	1120.961314	4.000000
-178.430000	-15.040000	-153.401001	18.680099	3.469948	37.834358	1126.300452	4.000000
-178.430000	-15.040000	-153.401001	18.930099	1.619716	37.663554	1132.185201	2.000000
-178.430000	-15.040000	-153.401001	19.180099	0.510032	37.494633	1137.677981	2.000000
-178.430000	-15.040000	-153.401001	19.430099	0.723135	37.327475	1143.170761	2.000000
-178.430000	-15.040000	-153.401001	19.680099	0.935013	37.162156	1148.663541	1.000000
-178.430000	-15.040000	-153.401001	19.930099	1.145782	36.998560	1154.156321	1.000000
-178.430000	-15.040000	-153.401001	20.180099	1.355374	36.836761	1159.649101	1.000000
-178.430000	-15.040000	-153.401001	20.430099	1.563901	36.676647	1165.141881	1.000000
-178.430000	-15.040000	-153.151001	18.180099	-1.145697	38.470444	1119.979927	2.000000
-178.430000	-15.040000	-153.151001	18.430099	-0.076855	38.295714	1125.308960	3.000000
-178.430000	-15.040000	-153.151001	18.680099	-0.187724	38.122865	1130.637993	3.000000
-178.430000	-15.040000	-153.151001	18.930099	-1.812199	37.951848	1136.078392	1.000000
-178.430000	-15.040000	-153.151001	19.180099	-1.731129	37.782666	1141.572177	1.000000
-178.430000	-15.040000	-153.151001	19.430099	-1.518433	37.615278	1147.065963	1.000000
-178.430000	-15.040000	-153.151001	19.680099	-1.306919	37.449680	1152.559749	1.000000
-178.430000	-15.040000	-153.151001	19.930099	-1.096555	37.285841	1158.053534	1.000000
-178.430000	-15.040000	-152.901001	18.180099	-7.496036	38.757576	1123.594570	3.000000
-178.430000	-15.040000	-152.901001	18.430099	-3.019277	38.582636	1128.923603	3.000000
-178.430000	-15.040000	-152.901001	18.680099	-3.062933	38.409604	1134.252636	3.000000
-178.430000	-15.040000	-152.901001	18.930099	-3.062193	38.238357	1139.738276	2.000000
-178.430000	-15.040000	-152.901001	19.180099	-2.872157	38.068975	1145.232062	1.000000
-178.430000	-15.040000	-152.901001	19.430099	-2.663263	37.901340	1150.725847	1.000000
-178.430000	-15.040000	-152.651001	18.430099	-4.227537	38.867581	1132.538246	3.000000
-178.430000	-15.040000	-152.651001	18.680099	-3.292722	38.694356	1137.904375	3.000000
-178.430000	-15.040000	-152.651001	18.930099	-3.366783	38.522939	1143.398160	2.000000
