-155.772995	19.079000	1099.126000	-178.430000	-15.040000
-155.996994	20.771000	1136.142000	-178.430000	-15.040000
-155.710999	20.046000	1123.138000	-178.430000	-15.040000
-159.401001	21.971001	1117.144000	-178.430000	-15.040000
-156.658005	20.891001	1129.147000	-178.430000	-15.040000
-156.755997	21.136000	1131.153000	-178.430000	-15.040000
-154.617798	20.088900	1137.137000	-178.430000	-15.040000
-154.482803	21.001900	1168.120000	-178.430000	-15.040000
-153.292099	20.892599	1177.139000	-178.430000	-15.040000
-153.992294	18.797600	1117.117000	-178.430000	-15.040000
-153.295898	18.800900	1131.118000	-178.430000	-15.040000
-152.132401	18.481400	1141.130000	-178.430000	-15.040000
-153.290604	17.906200	1112.123000	-178.430000	-15.040000
-153.700806	17.297501	1090.122000	-178.430000	-15.040000
-154.691299	17.180099	1073.118000	-178.430000	-15.040000
-154.030502	17.988400	1098.126000	-178.430000	-15.040000
-154.797394	18.803101	1105.118000	-178.430000	-15.040000
-155.714996	18.000299	1076.125000	-178.430000	-15.040000
-156.808197	18.404200	1069.133000	-178.430000	-15.040000
-156.167007	18.301001	1076.138000	-178.430000	-15.040000
-157.227295	18.984800	1076.119000	-178.430000	-15.040000
-156.510101	19.477699	1097.123000	-178.430000	-15.040000
-157.627594	20.346100	1102.136000	-178.430000	-15.040000
