-155.772995	19.079000	1098.558000	-112.510000	28.380000
-155.996994	20.771000	1086.583000	-112.510000	28.380000
-155.710999	20.046000	1086.577000	-112.510000	28.380000
-159.401001	21.971001	1157.583000	-112.510000	28.380000
-156.658005	20.891001	1101.590000	-112.510000	28.380000
-156.755997	21.136000	1101.595000	-112.510000	28.380000
-154.482803	21.001900	1051.561000	-112.510000	28.380000
-153.902405	19.979099	1044.695000	-112.510000	28.380000
-153.992294	18.797600	1057.806000	-112.510000	28.380000
-153.290604	17.906200	1052.879000	-112.510000	28.380000
-154.691299	17.180099	1092.559000	-112.510000	28.380000
-154.495895	18.401699	1073.550000	-112.510000	28.380000
-154.797394	18.803101	1076.698000	-112.510000	28.380000
-157.227295	18.984800	1135.578000	-112.510000	28.380000
-156.510101	19.477699	1113.466000	-112.510000	28.380000
-157.627594	20.346100	1129.694000	-112.510000	28.380000
-155.679398	21.205500	1074.170000	-112.510000	28.380000
-153.295898	18.800900	1041.408000	-112.510000	28.380000
-154.030502	17.988400	1065.388000	-112.510000	28.380000
-155.714996	18.000299	1107.217000	-112.510000	28.380000
-156.808197	18.404200	1129.355000	-112.510000	28.380000
