-155.772995	19.079000	1098.558000	0.693174
-155.996994	20.771000	1086.583000	-2.373243
-155.710999	20.046000	1086.577000	-0.254974
-159.401001	21.971001	1157.583000	NaN
-156.658005	20.891001	1101.590000	-1.270585
-156.755997	21.136000	1101.595000	-1.138503
-154.482803	21.001900	1051.561000	4.244128
-153.902405	19.979099	1044.695000	1.888950
-153.992294	18.797600	1057.806000	-0.206322
-153.290604	17.906200	1052.879000	-5.058269
-154.691299	17.180099	1092.559000	-2.183114
-154.495895	18.401699	1073.550000	0.138254
-154.797394	18.803101	1076.698000	0.157658
-157.227295	18.984800	1135.578000	-0.424993
-156.510101	19.477699	1113.466000	-0.581547
-157.627594	20.346100	1129.694000	-3.255012
-155.679398	21.205500	1074.170000	-5.124851
-153.295898	18.800900	1041.408000	0.232821
-154.030502	17.988400	1065.388000	3.044842
-155.714996	18.000299	1107.217000	2.047376
-156.808197	18.404200	1129.355000	3.178933
