-155.772995	19.079000	942.545000	-169.190000	52.210000
-155.710999	20.046000	916.534000	-169.190000	52.210000
-156.658005	20.891001	888.529000	-169.190000	52.210000
-157.270004	21.108999	876.553000	-169.190000	52.210000
-159.664993	22.122999	838.531000	-169.190000	52.210000
-156.755997	21.136000	879.543000	-169.190000	52.210000
-162.025604	19.986300	883.515000	-169.190000	52.210000
-161.314896	21.956301	835.504000	-169.190000	52.210000
-161.095001	23.997200	782.517000	-169.190000	52.210000
-158.933105	24.573799	779.591000	-169.190000	52.210000
-155.765305	26.776699	738.727000	-169.190000	52.210000
-152.765793	25.592800	792.446000	-169.190000	52.210000
-158.185394	22.620199	832.536000	-169.190000	52.210000
-154.251801	21.168699	893.536000	-169.190000	52.210000
-150.914993	18.914200	975.610000	-169.190000	52.210000
-151.637604	16.737801	1029.534000	-169.190000	52.210000
-153.967499	14.731300	1067.528000	-169.190000	52.210000
-156.206604	16.162001	1018.528000	-169.190000	52.210000
