-155.765305	26.776699	1151.390000	-0.576581
-155.772995	19.079000	1344.122000	0.806811
-155.996994	20.771000	1299.112000	0.662711
-155.710999	20.046000	1321.107000	1.084146
-159.401001	21.971001	1231.132000	-2.039939
-156.658005	20.891001	1289.107000	0.127581
-157.270004	21.108999	1277.127000	-0.710549
-159.664993	22.122999	1228.097000	-0.120712
-156.755997	21.136000	1282.126000	0.156411
-160.047501	19.823400	1279.104000	-1.967432
-162.025604	19.986300	1259.101000	NaN
-161.314896	21.956301	1216.039000	0.615344
-161.095001	23.997200	1167.101000	1.888386
-158.933105	24.573799	1172.170000	1.188257
-155.765305	26.776699	1151.090000	-0.576581
-152.765793	25.592800	1212.934000	NaN
-156.964600	24.312099	1198.146000	1.008024
-158.185394	22.620199	1230.113000	-0.044315
-154.251801	21.168699	1305.098000	2.549196
-150.914993	18.914200	1394.222000	NaN
-153.967499	14.731300	1470.102000	NaN
-153.868195	17.315399	1401.159000	NaN
-157.859100	14.659600	1435.169000	NaN
-158.760193	18.564699	1326.104000	-0.936957
-158.179504	20.377800	1286.134000	-1.418033
