-155.636200	22.299900	2921.295000	-3.205424
-150.914993	18.914200	3054.053000	NaN
-157.700806	16.348400	2897.014000	NaN
-155.772995	19.079000	2933.841000	-2.833125
-155.996994	20.771000	2918.832000	-3.440653
-155.710999	20.046000	2930.828000	-3.415966
-159.664993	22.122999	2820.843000	0.214791
-162.025604	19.986300	2769.816000	NaN
-161.095001	23.997200	2773.816000	NaN
-158.933105	24.573799	2822.830000	-1.070474
-156.964600	24.312099	2870.808000	-2.126959
-158.185394	22.620199	2853.807000	-0.877594
-155.636200	22.299900	2920.820000	-3.205424
-150.914993	18.914200	3053.828000	NaN
-157.700806	16.348400	2896.814000	NaN
-158.179504	20.377800	2865.807000	-2.770171
