-173.440000	-15.240000	-160.595001	23.189100	2.117032	19.313334	1085.927026	1.000000
-173.440000	-15.240000	-160.595001	23.439100	1.612289	19.217012	1091.980733	1.000000
-173.440000	-15.240000	-160.595001	23.689100	3.279512	19.121778	1098.360069	1.000000
-173.440000	-15.240000	-160.345001	22.189100	2.758137	20.070239	1064.122619	1.000000
-173.440000	-15.240000	-160.345001	22.439100	1.423816	19.967105	1070.104617	1.000000
-173.440000	-15.240000	-160.345001	22.689100	-0.694259	19.865324	1075.951143	1.000000
-173.440000	-15.240000	-160.345001	22.939100	-0.092290	19.764886	1081.797669	0.000000
-173.440000	-15.240000	-160.345001	23.189100	1.592157	19.665755	1088.016879	0.000000
-173.440000	-15.240000	-160.345001	23.439100	2.803706	19.567924	1094.396215	1.000000
-173.440000	-15.240000	-160.345001	23.689100	3.151491	19.471358	1100.809794	1.000000
-173.440000	-15.240000	-160.095001	21.189100	4.799530	20.859626	1041.554764	0.000000
-173.440000	-15.240000	-160.095001	21.439100	2.873990	20.749386	1047.938518	1.000000
-173.440000	-15.240000	-160.095001	21.689100	1.653695	20.640448	1054.282207	1.000000
-173.440000	-15.240000	-160.095001	21.939100	0.206516	20.533120	1060.128733	1.000000
-173.440000	-15.240000	-160.095001	22.189100	-2.179101	20.427044	1065.975259	1.000000
-173.440000	-15.240000	-160.095001	22.439100	-1.882875	20.322531	1071.821786	1.000000
-173.440000	-15.240000	-160.095001	22.689100	-0.081531	20.219225	1077.673688	1.000000
-173.440000	-15.240000	-160.095001	22.939100	1.561762	20.117434	1084.053024	1.000000
-173.440000	-15.240000	-160.095001	23.189100	2.370959	20.016807	1090.432361	0.000000
-173.440000	-15.240000	-160.095001	23.439100	2.420013	19.917651	1096.811697	0.000000
-173.440000	-15.240000	-160.095001	23.689100	2.881706	19.819617	1103.311763	1.000000
-173.440000	-15.240000	-159.845001	20.189100	4.662117	21.683688	1018.986909	0.000000
-173.440000	-15.240000	-159.845001	20.439100	4.816941	21.565687	1025.370663	0.000000
-173.440000	-15.240000	-159.845001	20.689100	3.446365	21.449271	1031.754416	0.000000
-173.440000	-15.240000	-159.845001	20.939100	1.789054	21.334416	1038.138170	0.000000
-173.440000	-15.240000	-159.845001	21.189100	0.526368	21.221092	1044.306323	1.000000
-173.440000	-15.240000	-159.845001	21.439100	-1.248578	21.109278	1050.152849	1.000000
-173.440000	-15.240000	-159.845001	21.689100	-3.457952	20.998943	1055.999376	1.000000
-173.440000	-15.240000	-159.845001	21.939100	-3.045127	20.890068	1061.845902	1.000000
-173.440000	-15.240000	-159.845001	22.189100	-1.837794	20.782623	1067.692428	1.000000
-173.440000	-15.240000	-159.845001	22.439100	-0.091046	20.676592	1073.709834	1.000000
-173.440000	-15.240000	-159.845001	22.689100	1.741398	20.571943	1080.089170	1.000000
-173.440000	-15.240000	-159.845001	22.939100	1.881640	20.468663	1086.468506	1.000000
-173.440000	-15.240000	-159.845001	23.189100	1.982411	20.366720	1092.847842	0.000000
-173.440000	-15.240000	-159.845001	23.439100	2.293238	20.266102	1099.251648	0.000000
-173.440000	-15.240000	-159.845001	23.689100	2.438084	20.166779	1105.813731	0.000000
-173.440000	-15.240000	-159.845001	23.939100	2.575302	20.068739	1112.375814	0.000000
-173.440000	-15.240000	-159.595001	19.189100	3.659590	22.544172	996.419054	0.000000
-173.440000	-15.240000	-159.595001	19.439100	3.820440	22.418050	1002.802808	0.000000
-173.440000	-15.240000	-159.595001	19.689100	3.980257	22.293482	1009.186562	0.000000
-173.440000	-15.240000	-159.595001	19.939100	4.025688	22.170759	1015.570315	0.000000
-173.440000	-15.240000	-159.595001	20.189100	2.079814	22.049532	1021.954069	0.000000
-173.440000	-15.240000	-159.595001	20.439100	0.682413	21.930092	1028.337822	0.000000
-173.440000	-15.240000	-159.595001	20.689100	-0.624549	21.812091	1034.330440	0.000000
-173.440000	-15.240000	-159.595001	20.939100	-2.496992	21.695824	1040.176966	0.000000
-173.440000	-15.240000	-159.595001	21.189100	-3.126728	21.580944	1046.023492	1.000000
-173.440000	-15.240000	-159.595001	21.439100	-2.243685	21.467744	1051.870018	1.000000
-173.440000	-15.240000	-159.595001	21.689100	-1.456151	21.355879	1057.716545	1.000000
-173.440000	-15.240000	-159.595001	21.939100	-0.553398	21.245646	1063.620473	1.000000
-173.440000	-15.240000	-159.595001	22.189100	0.138552	21.136699	1069.745980	1.000000
-173.440000	-15.240000	-159.595001	22.439100	1.247542	21.029335	1076.125316	1.000000
-173.440000	-15.240000	-159.595001	22.689100	1.390129	20.923212	1082.504652	1.000000
-173.440000	-15.240000	-159.595001	22.939100	1.531679	20.818624	1088.883988	1.000000
-173.440000	-15.240000	-159.595001	23.189100	1.559332	20.715234	1095.263324	0.000000
-173.440000	-15.240000	-159.595001	23.439100	2.064447	20.613334	1101.753616	0.000000
-173.440000	-15.240000	-159.595001	23.689100	2.092273	20.512589	1108.315699	0.000000
-173.440000	-15.240000	-159.595001	23.939100	2.230748	20.413293	1114.877782	0.000000
-173.440000	-15.240000	-159.345001	18.189100	2.626453	23.443529	973.851199	1.000000
-173.440000	-15.240000	-159.345001	18.439100	2.794099	23.308562	980.234953	1.000000
-173.440000	-15.240000	-159.345001	18.689100	2.960396	23.175454	986.618707	1.000000
-173.440000	-15.240000	-159.345001	18.939100	3.125389	23.044160	993.002460	1.000000
-173.440000	-15.240000	-159.345001	19.189100	3.289102	22.914659	999.386214	1.000000
-173.440000	-15.240000	-159.345001	19.439100	2.661478	22.786911	1005.769968	0.000000
-173.440000	-15.240000	-159.345001	19.689100	0.747695	22.660894	1012.153721	0.000000
-173.440000	-15.240000	-159.345001	19.939100	-0.291457	22.536572	1018.508030	0.000000
-173.440000	-15.240000	-159.345001	20.189100	-0.968288	22.413921	1024.354556	0.000000
-173.440000	-15.240000	-159.345001	20.439100	-2.557211	22.292909	1030.201082	0.000000
-173.440000	-15.240000	-159.345001	20.689100	-2.429954	22.173511	1036.047609	0.000000
-173.440000	-15.240000	-159.345001	20.939100	-1.806893	22.055698	1041.940964	0.000000
-173.440000	-15.240000	-159.345001	21.189100	-1.124946	21.939446	1047.944569	1.000000
-173.440000	-15.240000	-159.345001	21.439100	-0.277833	21.824727	1053.948174	1.000000
-173.440000	-15.240000	-159.345001	21.689100	0.950482	21.711516	1059.951779	1.000000
-173.440000	-15.240000	-159.345001	21.939100	1.880644	21.599790	1066.060540	1.000000
-173.440000	-15.240000	-159.345001	22.189100	1.701644	21.489523	1072.201039	1.000000
-173.440000	-15.240000	-159.345001	22.439100	0.958698	21.380692	1078.540797	1.000000
-173.440000	-15.240000	-159.345001	22.689100	1.040068	21.273273	1084.920133	1.000000
-173.440000	-15.240000	-159.345001	22.939100	1.159868	21.167246	1091.299469	1.000000
-173.440000	-15.240000	-159.345001	23.189100	1.433778	21.062583	1097.693502	0.000000
-173.440000	-15.240000	-159.345001	23.439100	1.606927	20.959270	1104.255585	0.000000
-173.440000	-15.240000	-159.345001	23.689100	1.747585	20.857278	1110.817668	0.000000
-173.440000	-15.240000	-159.345001	23.939100	1.887448	20.756593	1117.379751	0.000000
-173.440000	-15.240000	-159.095001	17.189100	1.658233	24.383689	951.283345	0.000000
-173.440000	-15.240000	-159.095001	17.439100	1.735520	24.239446	957.667098	0.000000
-173.440000	-15.240000	-159.095001	17.689100	1.909083	24.097054	964.050852	1.000000
-173.440000	-15.240000	-159.095001	17.939100	2.081030	23.956777	970.434605	1.000000
-173.440000	-15.240000	-159.095001	18.189100	2.251701	23.818281	976.818359	1.000000
-173.440000	-15.240000	-159.095001	18.439100	2.420828	23.681834	983.202113	1.000000
-173.440000	-15.240000	-159.095001	18.689100	2.588751	23.547099	989.585866	1.000000
-173.440000	-15.240000	-159.095001	18.939100	1.383461	23.414348	995.969620	1.000000
-173.440000	-15.240000	-159.095001	19.189100	0.380989	23.283246	1002.353374	1.000000
-173.440000	-15.240000	-159.095001	19.439100	-0.129552	23.154066	1008.532146	1.000000
-173.440000	-15.240000	-159.095001	19.689100	-1.128432	23.026474	1014.378672	0.000000
-173.440000	-15.240000	-159.095001	19.939100	-2.803987	22.900744	1020.261455	1.000000
-173.440000	-15.240000	-159.095001	20.189100	-2.134234	22.776543	1026.265060	1.000000
-173.440000	-15.240000	-159.095001	20.439100	-1.284326	22.654148	1032.268665	1.000000
-173.440000	-15.240000	-159.095001	20.689100	-0.440347	22.533226	1038.272270	1.000000
-173.440000	-15.240000	-159.095001	20.939100	0.193678	22.414055	1044.275876	0.000000
-173.440000	-15.240000	-159.095001	21.189100	0.415891	22.296304	1050.279481	0.000000
-173.440000	-15.240000	-159.095001	21.439100	0.938885	22.180251	1056.283086	1.000000
-173.440000	-15.240000	-159.095001	21.689100	1.438722	22.065567	1062.415780	1.000000
-173.440000	-15.240000	-159.095001	21.939100	1.709100	21.952531	1068.556279	1.000000
-173.440000	-15.240000	-159.095001	22.189100	1.655407	21.840815	1074.696779	2.000000
-173.440000	-15.240000	-159.095001	22.439100	0.736486	21.730699	1080.956279	2.000000
-173.440000	-15.240000	-159.095001	22.689100	0.691485	21.621856	1087.335615	2.000000
-173.440000	-15.240000	-159.095001	22.939100	0.697422	21.514567	1093.714951	2.000000
-173.440000	-15.240000	-159.095001	23.189100	1.246224	21.408506	1100.195470	0.000000
-173.440000	-15.240000	-159.095001	23.439100	1.262243	21.303955	1106.757553	0.000000
-173.440000	-15.240000	-159.095001	23.689100	1.404274	21.200589	1113.319636	0.000000
-173.440000	-15.240000	-159.095001	23.939100	1.545352	21.098690	1119.881719	0.000000
-173.440000	-15.240000	-158.845001	16.189100	2.438103	25.367372	928.850836	1.000000
-173.440000	-15.240000	-158.845001	16.439100	2.521827	25.213055	935.207184	1.000000
-173.440000	-15.240000	-158.845001	16.689100	2.603551	25.060915	941.563532	0.000000
-173.440000	-15.240000	-158.845001	16.939100	2.683341	24.910882	947.919880	0.000000
-173.440000	-15.240000	-158.845001	17.189100	2.758100	24.762949	954.276229	0.000000
-173.440000	-15.240000	-158.845001	17.439100	2.783666	24.617050	960.634258	0.000000
-173.440000	-15.240000	-158.845001	17.689100	2.810790	24.473176	967.018011	1.000000
-173.440000	-15.240000	-158.845001	17.939100	2.883301	24.331268	973.401765	1.000000
-173.440000	-15.240000	-158.845001	18.189100	2.954019	24.191313	979.785519	1.000000
-173.440000	-15.240000	-158.845001	18.439100	2.807886	24.053257	986.169272	1.000000
-173.440000	-15.240000	-158.845001	18.689100	1.617427	23.917087	992.553026	1.000000
-173.440000	-15.240000	-158.845001	18.939100	0.152810	23.782752	998.581946	1.000000
-173.440000	-15.240000	-158.845001	19.189100	-1.713676	23.650238	1004.585551	1.000000
-173.440000	-15.240000	-158.845001	19.439100	-2.318982	23.519499	1010.589157	1.000000
-173.440000	-15.240000	-158.845001	19.689100	-1.471593	23.390517	1016.592762	1.000000
-173.440000	-15.240000	-158.845001	19.939100	-0.787474	23.263252	1022.596367	1.000000
-173.440000	-15.240000	-158.845001	20.189100	-0.629634	23.137686	1028.599972	1.000000
-173.440000	-15.240000	-158.845001	20.439100	-0.472980	23.013780	1034.603577	1.000000
-173.440000	-15.240000	-158.845001	20.689100	-0.317489	22.891515	1040.607182	1.000000
-173.440000	-15.240000	-158.845001	20.939100	-0.016357	22.770858	1046.610787	1.000000
-173.440000	-15.240000	-158.845001	21.189100	0.493796	22.651788	1052.630520	0.000000
-173.440000	-15.240000	-158.845001	21.439100	1.021476	22.534273	1058.771020	0.000000
-173.440000	-15.240000	-158.845001	21.689100	1.206577	22.418293	1064.911519	1.000000
-173.440000	-15.240000	-158.845001	21.939100	1.357812	22.303820	1071.052019	2.000000
-173.440000	-15.240000	-158.845001	22.189100	1.441725	22.190831	1077.192518	2.000000
-173.440000	-15.240000	-158.845001	22.439100	0.691516	22.079301	1083.371760	2.000000
-173.440000	-15.240000	-158.845001	22.689100	0.336369	21.969209	1089.751096	2.000000
-173.440000	-15.240000	-158.845001	22.939100	0.573378	21.860530	1096.135356	1.000000
-173.440000	-15.240000	-158.845001	23.189100	0.774801	21.753242	1102.697439	1.000000
-173.440000	-15.240000	-158.845001	23.439100	0.918873	21.647325	1109.259522	0.000000
-173.440000	-15.240000	-158.845001	23.689100	1.062108	21.542755	1115.821605	0.000000
-173.440000	-15.240000	-158.845001	23.939100	1.204528	21.439513	1122.383688	0.000000
-173.440000	-15.240000	-158.595001	15.939100	2.716428	25.908803	925.830336	1.000000
-173.440000	-15.240000	-158.595001	16.189100	2.904874	25.750640	932.186684	1.000000
-173.440000	-15.240000	-158.595001	16.439100	3.091491	25.594825	938.543032	1.000000
-173.440000	-15.240000	-158.595001	16.689100	3.276596	25.441042	944.899380	0.000000
-173.440000	-15.240000	-158.595001	16.939100	3.459953	25.289532	951.255728	0.000000
-173.440000	-15.240000	-158.595001	17.189100	3.641879	25.139977	957.612077	0.000000
-173.440000	-15.240000	-158.595001	17.439100	3.816038	24.992622	963.968425	0.000000
-173.440000	-15.240000	-158.595001	17.689100	3.895366	24.847148	970.324773	1.000000
-173.440000	-15.240000	-158.595001	17.939100	3.972757	24.703804	976.681121	1.000000
-173.440000	-15.240000	-158.595001	18.189100	4.051344	24.562272	983.037470	1.000000
-173.440000	-15.240000	-158.595001	18.439100	3.248571	24.422802	989.336571	1.000000
-173.440000	-15.240000	-158.595001	18.689100	2.322167	24.285077	995.202922	1.000000
-173.440000	-15.240000	-158.595001	18.939100	1.627002	24.149349	1001.021498	1.000000
-173.440000	-15.240000	-158.595001	19.189100	0.671061	24.015302	1006.920463	1.000000
-173.440000	-15.240000	-158.595001	19.439100	-0.133199	23.883192	1012.924068	1.000000
-173.440000	-15.240000	-158.595001	19.689100	-0.759904	23.752701	1018.927673	1.000000
-173.440000	-15.240000	-158.595001	19.939100	-1.148310	23.624087	1024.931278	1.000000
-173.440000	-15.240000	-158.595001	20.189100	-0.988983	23.497034	1030.934884	1.000000
-173.440000	-15.240000	-158.595001	20.439100	-0.831002	23.371802	1036.938489	1.000000
-173.440000	-15.240000	-158.595001	20.689100	-0.464511	23.248073	1042.942094	1.000000
-173.440000	-15.240000	-158.595001	20.939100	0.045971	23.126112	1048.985760	1.000000
-173.440000	-15.240000	-158.595001	21.189100	0.547264	23.005601	1055.126260	1.000000
-173.440000	-15.240000	-158.595001	21.439100	0.701811	22.886804	1061.266759	0.000000
-173.440000	-15.240000	-158.595001	21.689100	0.855464	22.769406	1067.407259	0.000000
-173.440000	-15.240000	-158.595001	21.939100	1.007958	22.653673	1073.547758	1.000000
-173.440000	-15.240000	-158.595001	22.189100	1.159614	22.539289	1079.688258	2.000000
-173.440000	-15.240000	-158.595001	22.439100	0.813158	22.426522	1085.828757	1.000000
-173.440000	-15.240000	-158.595001	22.689100	-0.080154	22.315057	1092.166578	1.000000
-173.440000	-15.240000	-158.595001	22.939100	0.427006	22.205163	1098.637324	1.000000
-173.440000	-15.240000	-158.595001	23.189100	0.431518	22.096525	1105.199407	1.000000
-173.440000	-15.240000	-158.595001	23.439100	0.576783	21.989414	1111.761490	1.000000
-173.440000	-15.240000	-158.595001	23.689100	0.721345	21.883517	1118.323573	0.000000
-173.440000	-15.240000	-158.595001	23.939100	0.864938	21.779103	1124.885656	0.000000
-173.440000	-15.240000	-158.595001	24.189100	1.007876	21.675862	1131.447739	0.000000
-173.440000	-15.240000	-158.345001	15.939100	2.460748	26.291507	929.166184	1.000000
-173.440000	-15.240000	-158.345001	16.189100	2.523636	26.131878	935.522532	1.000000
-173.440000	-15.240000	-158.345001	16.439100	2.711869	25.974447	941.878880	0.000000
-173.440000	-15.240000	-158.345001	16.689100	2.898423	25.819216	948.235228	0.000000
-173.440000	-15.240000	-158.345001	16.939100	3.083375	25.666109	954.591577	0.000000
-173.440000	-15.240000	-158.345001	17.189100	3.266731	25.515125	960.947925	0.000000
-173.440000	-15.240000	-158.345001	17.439100	3.448563	25.366193	967.304273	0.000000
-173.440000	-15.240000	-158.345001	17.689100	3.628877	25.219310	973.660621	1.000000
-173.440000	-15.240000	-158.345001	17.939100	3.860919	25.074410	980.016970	1.000000
-173.440000	-15.240000	-158.345001	18.189100	3.171029	24.931487	986.344419	1.000000
-173.440000	-15.240000	-158.345001	18.439100	2.566528	24.790482	992.221018	1.000000
-173.440000	-15.240000	-158.345001	18.689100	2.861576	24.651386	998.097616	1.000000
-173.440000	-15.240000	-158.345001	18.939100	3.338306	24.514145	1003.934132	1.000000
-173.440000	-15.240000	-158.345001	19.189100	3.217747	24.378748	1009.752708	1.000000
-173.440000	-15.240000	-158.345001	19.439100	2.623834	24.245146	1015.571283	2.000000
-173.440000	-15.240000	-158.345001	19.689100	1.904826	24.113325	1021.389859	1.000000
-173.440000	-15.240000	-158.345001	19.939100	0.941531	23.983241	1027.266190	1.000000
-173.440000	-15.240000	-158.345001	20.189100	0.091080	23.854879	1033.269795	1.000000
-173.440000	-15.240000	-158.345001	20.439100	-2.553613	23.728198	1039.273400	1.000000
-173.440000	-15.240000	-158.345001	20.689100	-2.030383	23.603183	1045.341000	1.000000
-173.440000	-15.240000	-158.345001	20.939100	-1.585961	23.479794	1051.481500	1.000000
-173.440000	-15.240000	-158.345001	21.189100	-1.443413	23.358017	1057.621999	1.000000
-173.440000	-15.240000	-158.345001	21.439100	-1.301998	23.237815	1063.762499	0.000000
-173.440000	-15.240000	-158.345001	21.689100	-1.161697	23.119172	1069.902998	1.000000
-173.440000	-15.240000	-158.345001	21.939100	-1.022475	23.002056	1076.043498	1.000000
-173.440000	-15.240000	-158.345001	22.189100	-0.884312	22.886448	1082.183997	1.000000
-173.440000	-15.240000	-158.345001	22.439100	-0.935497	22.772320	1088.324497	1.000000
-173.440000	-15.240000	-158.345001	22.689100	-0.096308	22.659652	1094.582059	1.000000
-173.440000	-15.240000	-158.345001	22.939100	-0.050538	22.548419	1101.139293	1.000000
-173.440000	-15.240000	-158.345001	23.189100	0.089443	22.438600	1107.701376	1.000000
-173.440000	-15.240000	-158.345001	23.439100	0.236026	22.330171	1114.263459	1.000000
-173.440000	-15.240000	-158.345001	23.689100	0.381749	22.223113	1120.825542	0.000000
-173.440000	-15.240000	-158.345001	23.939100	0.526638	22.117404	1127.387625	0.000000
-173.440000	-15.240000	-158.345001	24.189100	0.670716	22.013022	1133.949708	0.000000
-173.440000	-15.240000	-158.095001	15.939100	2.422810	26.671896	932.502032	1.000000
-173.440000	-15.240000	-158.095001	16.189100	2.144822	26.510692	938.858380	0.000000
-173.440000	-15.240000	-158.095001	16.439100	2.334474	26.351842	945.214728	0.000000
-173.440000	-15.240000	-158.095001	16.689100	2.522585	26.195054	951.571077	0.000000
-173.440000	-15.240000	-158.095001	16.939100	2.708940	26.040545	957.927425	0.000000
-173.440000	-15.240000	-158.095001	17.189100	2.893836	25.888020	964.283773	0.000000
-173.440000	-15.240000	-158.095001	17.439100	3.077053	25.737704	970.640121	0.000000
-173.440000	-15.240000	-158.095001	17.689100	3.259937	25.589298	976.996469	0.000000
-173.440000	-15.240000	-158.095001	17.939100	2.679128	25.443031	983.352267	1.000000
-173.440000	-15.240000	-158.095001	18.189100	2.024645	25.298606	989.228866	1.000000
-173.440000	-15.240000	-158.095001	18.439100	2.200757	25.156253	995.105464	1.000000
-173.440000	-15.240000	-158.095001	18.689100	2.399323	25.015673	1000.982063	1.000000
-173.440000	-15.240000	-158.095001	18.939100	2.852071	24.877103	1006.846767	1.000000
-173.440000	-15.240000	-158.095001	19.189100	3.184417	24.740243	1012.665343	1.000000
-173.440000	-15.240000	-158.095001	19.439100	3.355600	24.605330	1018.483918	1.000000
-173.440000	-15.240000	-158.095001	19.689100	3.525674	24.472066	1024.302494	1.000000
-173.440000	-15.240000	-158.095001	19.939100	3.458215	24.340692	1030.121069	1.000000
-173.440000	-15.240000	-158.095001	20.189100	3.762455	24.210907	1035.939645	1.000000
-173.440000	-15.240000	-158.095001	20.439100	-3.199385	24.082955	1041.320062	1.000000
-173.440000	-15.240000	-158.095001	20.689100	-6.998936	23.956536	1047.457644	1.000000
-173.440000	-15.240000	-158.095001	20.939100	-6.861103	23.831898	1053.595225	1.000000
-173.440000	-15.240000	-158.095001	21.189100	-6.724402	23.708738	1059.732807	1.000000
-173.440000	-15.240000	-158.095001	21.439100	-6.589081	23.587306	1065.870389	0.000000
-173.440000	-15.240000	-158.095001	21.689100	-6.454835	23.467301	1072.007971	1.000000
-173.440000	-15.240000	-158.095001	21.939100	-6.321915	23.348975	1078.145553	1.000000
-173.440000	-15.240000	-158.095001	22.189100	-6.190017	23.232026	1084.283134	1.000000
-173.440000	-15.240000	-158.095001	22.439100	-0.835985	23.116708	1090.420716	1.000000
-173.440000	-15.240000	-158.095001	22.689100	0.997729	23.002720	1097.079178	1.000000
-173.440000	-15.240000	-158.095001	22.939100	-0.399921	22.890316	1103.641261	1.000000
-173.440000	-15.240000	-158.095001	23.189100	-0.251155	22.779198	1110.203344	1.000000
-173.440000	-15.240000	-158.095001	23.439100	-0.103422	22.669619	1116.765427	1.000000
-173.440000	-15.240000	-158.095001	23.689100	0.043580	22.561282	1123.327510	0.000000
-173.440000	-15.240000	-158.095001	23.939100	0.189598	22.454443	1129.889593	0.000000
-173.440000	-15.240000	-158.095001	24.189100	0.334935	22.348804	1136.451676	0.000000
-173.440000	-15.240000	-157.845001	15.689100	5.288562	27.214937	929.902880	0.000000
-173.440000	-15.240000	-157.845001	15.939100	2.394628	27.050047	935.837880	0.000000
-173.440000	-15.240000	-157.845001	16.189100	1.768058	26.887456	942.194228	0.000000
-173.440000	-15.240000	-157.845001	16.439100	1.959240	26.727076	948.550576	0.000000
-173.440000	-15.240000	-157.845001	16.689100	2.148723	26.568916	954.906925	0.000000
-173.440000	-15.240000	-157.845001	16.939100	2.336591	26.412893	961.263273	0.000000
-173.440000	-15.240000	-157.845001	17.189100	2.522843	26.259013	967.619621	0.000000
-173.440000	-15.240000	-157.845001	17.439100	2.707557	26.107199	973.975969	0.000000
-173.440000	-15.240000	-157.845001	17.689100	2.184492	25.957454	980.332318	0.000000
-173.440000	-15.240000	-157.845001	17.939100	1.425193	25.809707	986.236714	0.000000
-173.440000	-15.240000	-157.845001	18.189100	1.659292	25.663959	992.113313	1.000000
-173.440000	-15.240000	-157.845001	18.439100	1.836866	25.520143	997.989911	1.000000
-173.440000	-15.240000	-157.845001	18.689100	2.013033	25.378259	1003.866510	1.000000
-173.440000	-15.240000	-157.845001	18.939100	2.319634	25.238245	1009.743109	1.000000
-173.440000	-15.240000	-157.845001	19.189100	2.791406	25.100097	1015.577977	0.000000
-173.440000	-15.240000	-157.845001	19.439100	2.997171	24.963759	1021.396553	1.000000
-173.440000	-15.240000	-157.845001	19.689100	3.168514	24.829226	1027.215128	1.000000
-173.440000	-15.240000	-157.845001	19.939100	3.338647	24.696445	1033.033704	1.000000
-173.440000	-15.240000	-157.845001	20.189100	6.366136	24.565409	1038.852279	1.000000
-173.440000	-15.240000	-157.845001	20.439100	1.629822	24.436071	1043.391251	1.000000
-173.440000	-15.240000	-157.845001	20.689100	-9.976648	24.308420	1048.842585	1.000000
-173.440000	-15.240000	-157.845001	20.939100	-10.599775	24.182414	1054.980167	1.000000
-173.440000	-15.240000	-157.845001	21.189100	-10.453405	24.058040	1061.117749	1.000000
-173.440000	-15.240000	-157.845001	21.439100	-10.308308	23.935261	1067.255330	0.000000
-173.440000	-15.240000	-157.845001	21.689100	-10.164470	23.814062	1073.392912	1.000000
-173.440000	-15.240000	-157.845001	21.939100	-10.021851	23.694407	1079.530494	1.000000
-173.440000	-15.240000	-157.845001	22.189100	-4.549313	23.576284	1085.668076	1.000000
-173.440000	-15.240000	-157.845001	22.439100	0.981652	23.459657	1093.170537	1.000000
-173.440000	-15.240000	-157.845001	22.689100	3.042962	23.344513	1100.012818	1.000000
-173.440000	-15.240000	-157.845001	22.939100	0.019550	23.230822	1106.143229	1.000000
-173.440000	-15.240000	-157.845001	23.189100	-0.590523	23.118566	1112.705312	1.000000
-173.440000	-15.240000	-157.845001	23.439100	-0.441522	23.007720	1119.267395	1.000000
-173.440000	-15.240000	-157.845001	23.689100	-0.293403	22.898265	1125.829478	0.000000
-173.440000	-15.240000	-157.845001	23.939100	-0.146136	22.790177	1132.391561	0.000000
-173.440000	-15.240000	-157.845001	24.189100	0.000299	22.683439	1138.953644	0.000000
-173.440000	-15.240000	-157.595001	15.689100	5.317774	27.592103	933.416027	0.000000
-173.440000	-15.240000	-157.595001	15.939100	2.376527	27.425858	939.173728	0.000000
-173.440000	-15.240000	-157.595001	16.189100	1.393734	27.261780	945.530076	0.000000
-173.440000	-15.240000	-157.595001	16.439100	1.586257	27.100059	951.886425	0.000000
-173.440000	-15.240000	-157.595001	16.689100	1.777214	26.940425	958.242773	0.000000
-173.440000	-15.240000	-157.595001	16.939100	1.966410	26.783075	964.599121	0.000000
-173.440000	-15.240000	-157.595001	17.189100	2.154122	26.627734	970.955469	0.000000
-173.440000	-15.240000	-157.595001	17.439100	1.687271	26.474608	977.311818	0.000000
-173.440000	-15.240000	-157.595001	17.689100	0.934838	26.323418	983.244562	0.000000
-173.440000	-15.240000	-157.595001	17.939100	1.115640	26.174373	989.121161	0.000000
-173.440000	-15.240000	-157.595001	18.189100	1.296055	26.027196	994.997760	0.000000
-173.440000	-15.240000	-157.595001	18.439100	1.474911	25.882099	1000.874358	0.000000
-173.440000	-15.240000	-157.595001	18.689100	1.652490	25.738801	1006.750957	0.000000
-173.440000	-15.240000	-157.595001	18.939100	1.855593	25.597522	1012.627556	0.000000
-173.440000	-15.240000	-157.595001	19.189100	2.316824	25.457978	1018.490612	0.000000
-173.440000	-15.240000	-157.595001	19.439100	2.640538	25.320392	1024.309188	0.000000
-173.440000	-15.240000	-157.595001	19.689100	2.813260	25.184480	1030.127763	1.000000
-173.440000	-15.240000	-157.595001	19.939100	2.984624	25.050468	1035.946339	1.000000
-173.440000	-15.240000	-157.595001	20.189100	7.029535	24.918072	1041.764914	1.000000
-173.440000	-15.240000	-157.595001	20.439100	7.527604	24.787519	1045.899234	2.000000
-173.440000	-15.240000	-157.595001	20.689100	-8.862183	24.658526	1050.227526	2.000000
-173.440000	-15.240000	-157.595001	20.939100	-10.948685	24.531324	1056.365108	2.000000
-173.440000	-15.240000	-157.595001	21.189100	-10.800991	24.405626	1062.502690	2.000000
-173.440000	-15.240000	-157.595001	21.439100	-10.654716	24.281668	1068.640272	0.000000
-173.440000	-15.240000	-157.595001	21.689100	-9.866916	24.159164	1074.777854	0.000000
-173.440000	-15.240000	-157.595001	21.939100	-4.446185	24.038349	1080.915435	1.000000
-173.440000	-15.240000	-157.595001	22.189100	-0.440412	23.918938	1088.638607	1.000000
-173.440000	-15.240000	-157.595001	22.439100	2.442922	23.801170	1096.446633	1.000000
-173.440000	-15.240000	-157.595001	22.689100	4.378166	23.684758	1103.017259	1.000000
-173.440000	-15.240000	-157.595001	22.939100	2.632364	23.569942	1108.663242	1.000000
-173.440000	-15.240000	-157.595001	23.189100	-0.900483	23.456437	1115.207281	1.000000
-173.440000	-15.240000	-157.595001	23.439100	-0.778287	23.344485	1121.769364	1.000000
-173.440000	-15.240000	-157.595001	23.689100	-0.628937	23.233800	1128.331447	0.000000
-173.440000	-15.240000	-157.595001	23.939100	-0.480583	23.124625	1134.893530	0.000000
-173.440000	-15.240000	-157.595001	24.189100	-0.332936	23.016675	1141.455613	0.000000
-173.440000	-15.240000	-157.345001	15.689100	5.358238	27.967122	936.929174	0.000000
-173.440000	-15.240000	-157.345001	15.939100	2.800431	27.799421	942.509576	0.000000
-173.440000	-15.240000	-157.345001	16.189100	1.021478	27.634036	948.865925	0.000000
-173.440000	-15.240000	-157.345001	16.439100	1.215445	27.470871	955.222273	0.000000
-173.440000	-15.240000	-157.345001	16.689100	1.407698	27.309941	961.578621	0.000000
-173.440000	-15.240000	-157.345001	16.939100	1.598327	27.151158	967.934969	0.000000
-173.440000	-15.240000	-157.345001	17.189100	1.187424	26.994535	974.291317	0.000000
-173.440000	-15.240000	-157.345001	17.439100	0.443929	26.839989	980.252410	0.000000
-173.440000	-15.240000	-157.345001	17.689100	0.569763	26.687530	986.129009	0.000000
-173.440000	-15.240000	-157.345001	17.939100	0.752932	26.537081	992.005608	0.000000
-173.440000	-15.240000	-157.345001	18.189100	0.934603	26.388648	997.882207	0.000000
-173.440000	-15.240000	-157.345001	18.439100	1.114849	26.242161	1003.758805	0.000000
-173.440000	-15.240000	-157.345001	18.689100	1.293668	26.097623	1009.635404	0.000000
-173.440000	-15.240000	-157.345001	18.939100	1.471130	25.954969	1015.512003	0.000000
-173.440000	-15.240000	-157.345001	19.189100	1.789143	25.814200	1021.388602	0.000000
-173.440000	-15.240000	-157.345001	19.439100	2.255842	25.675256	1027.221822	0.000000
-173.440000	-15.240000	-157.345001	19.689100	2.459606	25.538134	1033.040398	0.000000
-173.440000	-15.240000	-157.345001	19.939100	2.632312	25.402780	1038.858973	1.000000
-173.440000	-15.240000	-157.345001	20.189100	7.755745	25.269190	1044.677549	2.000000
-173.440000	-15.240000	-157.345001	20.439100	12.526743	25.137313	1048.407217	2.000000
-173.440000	-15.240000	-157.345001	20.689100	-3.207892	25.007143	1051.612468	2.000000
-173.440000	-15.240000	-157.345001	20.939100	-11.295994	24.878632	1057.750050	2.000000
-173.440000	-15.240000	-157.345001	21.189100	-11.147139	24.751775	1063.887631	1.000000
-173.440000	-15.240000	-157.345001	21.439100	-9.483027	24.626526	1070.025213	1.000000
-173.440000	-15.240000	-157.345001	21.689100	-4.369547	24.502878	1076.298652	0.000000
-173.440000	-15.240000	-157.345001	21.939100	-0.320974	24.380790	1084.106677	0.000000
-173.440000	-15.240000	-157.345001	22.189100	0.116875	24.260253	1091.914703	1.000000
-173.440000	-15.240000	-157.345001	22.439100	2.538808	24.141230	1099.722728	1.000000
-173.440000	-15.240000	-157.345001	22.689100	4.577420	24.023709	1106.021700	1.000000
-173.440000	-15.240000	-157.345001	22.939100	5.265891	23.907656	1111.667683	1.000000
-173.440000	-15.240000	-157.345001	23.189100	0.011302	23.793059	1117.709249	1.000000
-173.440000	-15.240000	-157.345001	23.439100	-1.113690	23.679888	1124.271332	0.000000
-173.440000	-15.240000	-157.345001	23.689100	-0.963266	23.568129	1130.833415	0.000000
-173.440000	-15.240000	-157.345001	23.939100	-0.813711	23.457752	1137.395498	0.000000
-173.440000	-15.240000	-157.345001	24.189100	-0.665007	23.348746	1143.957581	0.000000
-173.440000	-15.240000	-157.345001	24.439100	-0.517125	23.241082	1150.519664	0.000000
-173.440000	-15.240000	-157.095001	15.689100	5.131015	28.339600	940.442321	1.000000
-173.440000	-15.240000	-157.095001	15.939100	3.462086	28.170626	945.961659	1.000000
-173.440000	-15.240000	-157.095001	16.189100	0.873684	28.003839	952.201773	1.000000
-173.440000	-15.240000	-157.095001	16.439100	0.846907	27.839409	958.558121	1.000000
-173.440000	-15.240000	-157.095001	16.689100	1.040551	27.677088	964.914469	0.000000
-173.440000	-15.240000	-157.095001	16.939100	0.685139	27.517052	971.270817	0.000000
-173.440000	-15.240000	-157.095001	17.189100	-0.049382	27.359049	977.260259	0.000000
-173.440000	-15.240000	-157.095001	17.439100	0.021827	27.203262	983.136857	0.000000
-173.440000	-15.240000	-157.095001	17.689100	0.207859	27.049434	989.013456	0.000000
-173.440000	-15.240000	-157.095001	17.939100	0.392257	26.897755	994.890055	0.000000
-173.440000	-15.240000	-157.095001	18.189100	0.575284	26.747967	1000.766654	0.000000
-173.440000	-15.240000	-157.095001	18.439100	0.756745	26.600264	1006.643252	0.000000
-173.440000	-15.240000	-157.095001	18.689100	0.936907	26.454384	1012.519851	0.000000
-173.440000	-15.240000	-157.095001	18.939100	1.115571	26.310528	1018.396450	0.000000
-173.440000	-15.240000	-157.095001	19.189100	1.323336	26.168432	1024.273049	0.000000
-173.440000	-15.240000	-157.095001	19.439100	1.792685	26.028299	1030.134457	0.000000
-173.440000	-15.240000	-157.095001	19.689100	2.107875	25.889865	1035.953033	0.000000
-173.440000	-15.240000	-157.095001	19.939100	2.281754	25.753338	1041.771608	0.000000
-173.440000	-15.240000	-157.095001	20.189100	8.549958	25.618450	1047.590184	1.000000
-173.440000	-15.240000	-157.095001	20.439100	15.629077	25.485415	1050.915200	1.000000
-173.440000	-15.240000	-157.095001	20.689100	5.636991	25.353963	1053.723274	1.000000
-173.440000	-15.240000	-157.095001	20.939100	-10.822533	25.224310	1059.134991	1.000000
-173.440000	-15.240000	-157.095001	21.189100	-9.231358	25.096186	1065.272573	1.000000
-173.440000	-15.240000	-157.095001	21.439100	-4.318006	24.969811	1071.766722	1.000000
-173.440000	-15.240000	-157.095001	21.689100	-0.543412	24.844914	1079.574747	1.000000
-173.440000	-15.240000	-157.095001	21.939100	-0.382661	24.721716	1087.382773	0.000000
-173.440000	-15.240000	-157.095001	22.189100	-0.222818	24.599946	1095.190798	0.000000
-173.440000	-15.240000	-157.095001	22.439100	2.649769	24.479828	1102.998824	0.000000
-173.440000	-15.240000	-157.095001	22.689100	4.797449	24.361091	1109.026141	0.000000
-173.440000	-15.240000	-157.095001	22.939100	5.776781	24.243960	1114.672123	0.000000
-173.440000	-15.240000	-157.095001	23.189100	2.648852	24.128164	1120.318106	0.000000
-173.440000	-15.240000	-157.095001	23.439100	-1.281215	24.013932	1126.773301	0.000000
-173.440000	-15.240000	-157.095001	23.689100	-1.296127	23.900990	1133.335384	0.000000
-173.440000	-15.240000	-157.095001	23.939100	-1.145527	23.789569	1139.897467	0.000000
-173.440000	-15.240000	-157.095001	24.189100	-0.995658	23.679397	1146.459550	0.000000
-173.440000	-15.240000	-157.095001	24.439100	-0.846749	23.570705	1153.021633	0.000000
-173.440000	-15.240000	-156.845001	15.689100	4.760698	28.709918	943.955468	1.000000
-173.440000	-15.240000	-156.845001	15.939100	3.708417	28.539575	949.474806	1.000000
-173.440000	-15.240000	-156.845001	16.189100	0.850720	28.371559	955.537621	1.000000
-173.440000	-15.240000	-156.845001	16.439100	0.480547	28.205769	961.893969	1.000000
-173.440000	-15.240000	-156.845001	16.689100	0.180350	28.042227	968.250317	1.000000
-173.440000	-15.240000	-156.845001	16.939100	-0.545336	27.880840	974.268107	1.000000
-173.440000	-15.240000	-156.845001	17.189100	-0.528229	27.721626	980.144706	0.000000
-173.440000	-15.240000	-156.845001	17.439100	-0.339409	27.564498	986.021304	0.000000
-173.440000	-15.240000	-156.845001	17.689100	-0.152177	27.409470	991.897903	0.000000
-173.440000	-15.240000	-156.845001	17.939100	0.033551	27.256461	997.774502	0.000000
-173.440000	-15.240000	-156.845001	18.189100	0.217766	27.105485	1003.651101	0.000000
-173.440000	-15.240000	-156.845001	18.439100	0.400546	26.956464	1009.527699	0.000000
-173.440000	-15.240000	-156.845001	18.689100	0.581884	26.809408	1015.404298	0.000000
-173.440000	-15.240000	-156.845001	18.939100	0.761853	26.664246	1021.280897	0.000000
-173.440000	-15.240000	-156.845001	19.189100	0.940450	26.520986	1027.157496	0.000000
-173.440000	-15.240000	-156.845001	19.439100	1.269798	26.379561	1033.034094	0.000000
-173.440000	-15.240000	-156.845001	19.689100	1.731261	26.239977	1038.865667	0.000000
-173.440000	-15.240000	-156.845001	19.939100	1.932920	26.102172	1044.684243	1.000000
-173.440000	-15.240000	-156.845001	20.189100	8.036659	25.966148	1050.502818	1.000000
-173.440000	-15.240000	-156.845001	20.439100	17.227543	25.831849	1053.423184	1.000000
-173.440000	-15.240000	-156.845001	20.689100	11.372514	25.699275	1056.231257	1.000000
-173.440000	-15.240000	-156.845001	20.939100	-4.555479	25.568374	1060.519932	1.000000
-173.440000	-15.240000	-156.845001	21.189100	-4.290303	25.439143	1067.234791	1.000000
-173.440000	-15.240000	-156.845001	21.439100	-1.047069	25.311534	1075.042817	1.000000
-173.440000	-15.240000	-156.845001	21.689100	-0.884042	25.185544	1082.850842	1.000000
-173.440000	-15.240000	-156.845001	21.939100	-0.722073	25.061128	1090.658868	0.000000
-173.440000	-15.240000	-156.845001	22.189100	-0.561153	24.938281	1098.466893	0.000000
-173.440000	-15.240000	-156.845001	22.439100	2.191877	24.816961	1106.274919	0.000000
-173.440000	-15.240000	-156.845001	22.689100	5.038930	24.697162	1112.030582	0.000000
-173.440000	-15.240000	-156.845001	22.939100	5.441896	24.578845	1117.676564	0.000000
-173.440000	-15.240000	-156.845001	23.189100	4.943510	24.462003	1123.322547	0.000000
-173.440000	-15.240000	-156.845001	23.439100	0.016752	24.346600	1129.275269	0.000000
-173.440000	-15.240000	-156.845001	23.689100	-1.627765	24.232628	1135.837352	0.000000
-173.440000	-15.240000	-156.845001	23.939100	-1.476012	24.120053	1142.399435	0.000000
-173.440000	-15.240000	-156.845001	24.189100	-1.325128	24.008866	1148.961518	0.000000
-173.440000	-15.240000	-156.845001	24.439100	-1.175081	23.899037	1155.523601	0.000000
-173.440000	-15.240000	-156.595001	15.689100	4.392929	29.077686	947.468615	1.000000
-173.440000	-15.240000	-156.595001	15.939100	3.742025	28.906149	952.987953	1.000000
-173.440000	-15.240000	-156.595001	16.189100	0.837799	28.736816	958.873469	1.000000
-173.440000	-15.240000	-156.595001	16.439100	-0.326719	28.569839	965.229817	1.000000
-173.440000	-15.240000	-156.595001	16.689100	-1.043552	28.404987	971.275955	1.000000
-173.440000	-15.240000	-156.595001	16.939100	-1.080204	28.242420	977.152554	1.000000
-173.440000	-15.240000	-156.595001	17.189100	-0.888508	28.081905	983.029153	0.000000
-173.440000	-15.240000	-156.595001	17.439100	-0.698516	27.923605	988.905751	0.000000
-173.440000	-15.240000	-156.595001	17.689100	-0.509992	27.767285	994.782350	0.000000
-173.440000	-15.240000	-156.595001	17.939100	-0.323102	27.613115	1000.658949	0.000000
-173.440000	-15.240000	-156.595001	18.189100	-0.137605	27.460855	1006.535548	0.000000
-173.440000	-15.240000	-156.595001	18.439100	0.046326	27.310683	1012.412146	0.000000
-173.440000	-15.240000	-156.595001	18.689100	0.228936	27.162356	1018.288745	0.000000
-173.440000	-15.240000	-156.595001	18.939100	0.410044	27.016055	1024.165344	0.000000
-173.440000	-15.240000	-156.595001	19.189100	0.589901	26.871535	1030.041943	0.000000
-173.440000	-15.240000	-156.595001	19.439100	0.801977	26.728983	1035.918541	0.000000
-173.440000	-15.240000	-156.595001	19.689100	1.279572	26.588150	1041.778302	1.000000
-173.440000	-15.240000	-156.595001	19.939100	2.194929	26.449230	1047.596877	2.000000
-173.440000	-15.240000	-156.595001	20.189100	6.936932	26.311971	1053.123093	3.000000
-173.440000	-15.240000	-156.595001	20.439100	17.449011	26.176570	1055.931167	3.000000
-173.440000	-15.240000	-156.595001	20.689100	18.650616	26.042775	1058.739240	2.000000
-173.440000	-15.240000	-156.595001	20.939100	14.056110	25.910785	1063.082565	2.000000
-173.440000	-15.240000	-156.595001	21.189100	3.172482	25.780346	1070.510887	2.000000
-173.440000	-15.240000	-156.595001	21.439100	-1.387197	25.651663	1078.318912	2.000000
-173.440000	-15.240000	-156.595001	21.689100	-1.222977	25.524479	1086.126938	1.000000
-173.440000	-15.240000	-156.595001	21.939100	-1.059947	25.399002	1093.934963	1.000000
-173.440000	-15.240000	-156.595001	22.189100	-0.672489	25.274976	1101.742989	1.000000
-173.440000	-15.240000	-156.595001	22.439100	1.321868	25.152610	1109.389040	1.000000
-173.440000	-15.240000	-156.595001	22.689100	4.943560	25.031646	1115.035022	1.000000
-173.440000	-15.240000	-156.595001	22.939100	5.108443	24.912298	1120.681005	0.000000
-173.440000	-15.240000	-156.595001	23.189100	5.272570	24.794306	1126.326988	0.000000
-173.440000	-15.240000	-156.595001	23.439100	2.678410	24.677887	1131.972971	0.000000
-173.440000	-15.240000	-156.595001	23.689100	-1.650799	24.562780	1138.339321	0.000000
-173.440000	-15.240000	-156.595001	23.939100	-1.805162	24.449204	1144.901403	0.000000
-173.440000	-15.240000	-156.595001	24.189100	-1.653160	24.336898	1151.463486	0.000000
-173.440000	-15.240000	-156.595001	24.439100	-1.502126	24.226083	1158.025569	0.000000
-173.440000	-15.240000	-156.345001	15.689100	4.027332	29.443283	950.981762	1.000000
-173.440000	-15.240000	-156.345001	15.939100	3.786812	29.270463	956.501100	1.000000
-173.440000	-15.240000	-156.345001	16.189100	1.633694	29.099979	962.209317	1.000000
-173.440000	-15.240000	-156.345001	16.439100	-0.691177	28.931724	968.283803	1.000000
-173.440000	-15.240000	-156.345001	16.689100	-1.125045	28.765727	974.160402	1.000000
-173.440000	-15.240000	-156.345001	16.939100	-1.296215	28.601888	980.037001	1.000000
-173.440000	-15.240000	-156.345001	17.189100	-1.246836	28.440233	985.913600	0.000000
-173.440000	-15.240000	-156.345001	17.439100	-1.055580	28.280669	991.790198	0.000000
-173.440000	-15.240000	-156.345001	17.689100	-0.865925	28.123217	997.666797	0.000000
-173.440000	-15.240000	-156.345001	17.939100	-0.677779	27.967792	1003.543396	0.000000
-173.440000	-15.240000	-156.345001	18.189100	-0.491159	27.814410	1009.419995	0.000000
-173.440000	-15.240000	-156.345001	18.439100	-0.305982	27.662991	1015.296593	0.000000
-173.440000	-15.240000	-156.345001	18.689100	-0.122260	27.513551	1021.173192	0.000000
-173.440000	-15.240000	-156.345001	18.939100	0.060086	27.366013	1027.049791	0.000000
-173.440000	-15.240000	-156.345001	19.189100	0.241045	27.220391	1032.926390	0.000000
-173.440000	-15.240000	-156.345001	19.439100	0.420691	27.076613	1038.802988	1.000000
-173.440000	-15.240000	-156.345001	19.689100	0.761240	26.934690	1044.679587	1.000000
-173.440000	-15.240000	-156.345001	19.939100	2.708116	26.794555	1050.509512	2.000000
-173.440000	-15.240000	-156.345001	20.189100	7.322526	26.656217	1055.631076	3.000000
-173.440000	-15.240000	-156.345001	20.439100	15.340930	26.519613	1058.439150	3.000000
-173.440000	-15.240000	-156.345001	20.689100	20.382661	26.384750	1062.850248	3.000000
-173.440000	-15.240000	-156.345001	20.939100	23.067256	26.251570	1069.734389	2.000000
-173.440000	-15.240000	-156.345001	21.189100	19.333135	26.120077	1075.094165	2.000000
-173.440000	-15.240000	-156.345001	21.439100	7.423962	25.990217	1081.595008	2.000000
-173.440000	-15.240000	-156.345001	21.689100	-1.560490	25.861992	1089.403033	3.000000
-173.440000	-15.240000	-156.345001	21.939100	-1.396297	25.735352	1097.211059	1.000000
-173.440000	-15.240000	-156.345001	22.189100	-0.620961	25.610297	1105.019084	1.000000
-173.440000	-15.240000	-156.345001	22.439100	1.046291	25.486782	1112.393480	1.000000
-173.440000	-15.240000	-156.345001	22.689100	4.610403	25.364803	1118.039463	1.000000
-173.440000	-15.240000	-156.345001	22.939100	4.776422	25.244320	1123.685446	1.000000
-173.440000	-15.240000	-156.345001	23.189100	4.941548	25.125327	1129.331429	0.000000
-173.440000	-15.240000	-156.345001	23.439100	4.632835	25.007787	1134.977412	0.000000
-173.440000	-15.240000	-156.345001	23.689100	0.035594	24.891693	1140.841289	0.000000
-173.440000	-15.240000	-156.345001	23.939100	-2.132969	24.777011	1147.403372	0.000000
-173.440000	-15.240000	-156.345001	24.189100	-1.979994	24.663732	1153.965455	0.000000
-173.440000	-15.240000	-156.345001	24.439100	-1.827868	24.551825	1160.527538	0.000000
-173.440000	-15.240000	-156.095001	15.689100	3.664290	29.806326	954.494909	1.000000
-173.440000	-15.240000	-156.095001	15.939100	3.710179	29.632390	960.014247	1.000000
-173.440000	-15.240000	-156.095001	16.189100	3.166091	29.460673	965.601108	1.000000
-173.440000	-15.240000	-156.095001	16.439100	1.838655	29.291305	971.386424	1.000000
-173.440000	-15.240000	-156.095001	16.689100	1.692005	29.124079	977.171740	1.000000
-173.440000	-15.240000	-156.095001	16.939100	1.420531	28.959132	982.957056	1.000000
-173.440000	-15.240000	-156.095001	17.189100	1.071541	28.796253	988.798047	0.000000
-173.440000	-15.240000	-156.095001	17.439100	0.838523	28.635588	994.674645	0.000000
-173.440000	-15.240000	-156.095001	17.689100	0.676099	28.476919	1000.551244	0.000000
-173.440000	-15.240000	-156.095001	17.939100	0.509071	28.320399	1006.427843	0.000000
-173.440000	-15.240000	-156.095001	18.189100	0.337631	28.165806	1012.304442	0.000000
-173.440000	-15.240000	-156.095001	18.439100	0.161592	28.013301	1018.181040	0.000000
-173.440000	-15.240000	-156.095001	18.689100	-0.018848	27.862659	1024.057639	0.000000
-173.440000	-15.240000	-156.095001	18.939100	-0.203883	27.714044	1029.934238	0.000000
-173.440000	-15.240000	-156.095001	19.189100	-0.105792	27.567228	1035.810837	1.000000
-173.440000	-15.240000	-156.095001	19.439100	0.074921	27.422383	1041.687435	1.000000
-173.440000	-15.240000	-156.095001	19.689100	0.291416	27.279276	1047.564034	1.000000
-173.440000	-15.240000	-156.095001	19.939100	3.189623	27.138084	1053.422147	1.000000
-173.440000	-15.240000	-156.095001	20.189100	7.381057	26.998573	1058.139059	3.000000
-173.440000	-15.240000	-156.095001	20.439100	16.043569	26.860923	1061.992364	3.000000
-173.440000	-15.240000	-156.095001	20.689100	15.338763	26.724898	1069.978946	3.000000
-173.440000	-15.240000	-156.095001	20.939100	19.802823	26.590684	1076.386213	2.000000
-173.440000	-15.240000	-156.095001	21.189100	24.819006	26.458040	1081.745989	2.000000
-173.440000	-15.240000	-156.095001	21.439100	23.753045	26.327157	1087.105765	3.000000
-173.440000	-15.240000	-156.095001	21.689100	11.801652	26.197794	1092.679129	3.000000
-173.440000	-15.240000	-156.095001	21.939100	0.569230	26.070143	1100.487154	1.000000
-173.440000	-15.240000	-156.095001	22.189100	-0.556234	25.943963	1108.295180	1.000000
-173.440000	-15.240000	-156.095001	22.439100	1.199489	25.819449	1115.397921	1.000000
-173.440000	-15.240000	-156.095001	22.689100	4.278848	25.696358	1121.043904	1.000000
-173.440000	-15.240000	-156.095001	22.939100	4.445852	25.574889	1126.689887	1.000000
-173.440000	-15.240000	-156.095001	23.189100	4.612079	25.454797	1132.335870	1.000000
-173.440000	-15.240000	-156.095001	23.439100	4.777329	25.336284	1137.981853	0.000000
-173.440000	-15.240000	-156.095001	23.689100	2.720958	25.219105	1143.627836	0.000000
-173.440000	-15.240000	-156.095001	23.939100	-2.009676	25.103463	1149.905340	0.000000
-173.440000	-15.240000	-156.095001	24.189100	-2.305374	24.989112	1156.467423	0.000000
-173.440000	-15.240000	-156.095001	24.439100	-2.152303	24.876260	1163.029506	0.000000
-173.440000	-15.240000	-156.095001	24.689100	-1.999957	24.764657	1169.591589	0.000000
-173.440000	-15.240000	-155.845001	15.689100	3.303426	30.167189	958.008056	1.000000
-173.440000	-15.240000	-155.845001	15.939100	3.146315	29.992055	963.527394	1.000000
-173.440000	-15.240000	-155.845001	16.189100	3.375329	29.819263	969.200927	1.000000
-173.440000	-15.240000	-155.845001	16.439100	3.324962	29.648699	974.986243	1.000000
-173.440000	-15.240000	-155.845001	16.689100	3.527220	29.480400	980.771559	1.000000
-173.440000	-15.240000	-155.845001	16.939100	3.727881	29.314260	986.556875	1.000000
-173.440000	-15.240000	-155.845001	17.189100	3.723822	29.150313	992.342191	0.000000
-173.440000	-15.240000	-155.845001	17.439100	3.586020	28.988459	998.127507	0.000000
-173.440000	-15.240000	-155.845001	17.689100	3.443748	28.828727	1003.912823	0.000000
-173.440000	-15.240000	-155.845001	17.939100	3.297070	28.671023	1009.698139	0.000000
-173.440000	-15.240000	-155.845001	18.189100	3.145930	28.515374	1015.483455	0.000000
-173.440000	-15.240000	-155.845001	18.439100	2.990384	28.361693	1021.268771	0.000000
-173.440000	-15.240000	-155.845001	18.689100	2.830380	28.210001	1027.054087	0.000000
-173.440000	-15.240000	-155.845001	18.939100	2.513188	28.060217	1032.839403	0.000000
-173.440000	-15.240000	-155.845001	19.189100	2.150846	27.912360	1038.695283	1.000000
-173.440000	-15.240000	-155.845001	19.439100	1.936238	27.766354	1044.571882	1.000000
-173.440000	-15.240000	-155.845001	19.689100	1.761047	27.622215	1050.448481	1.000000
-173.440000	-15.240000	-155.845001	19.939100	3.838384	27.479872	1056.325080	2.000000
-173.440000	-15.240000	-155.845001	20.189100	3.958742	27.339338	1061.134480	2.000000
-173.440000	-15.240000	-155.845001	20.439100	8.935466	27.200546	1068.750411	2.000000
-173.440000	-15.240000	-155.845001	20.689100	6.434456	27.063509	1075.001854	2.000000
-173.440000	-15.240000	-155.845001	20.939100	6.043051	26.928163	1081.272362	2.000000
-173.440000	-15.240000	-155.845001	21.189100	9.455039	26.794517	1087.559517	1.000000
-173.440000	-15.240000	-155.845001	21.439100	14.672429	26.662514	1093.757589	2.000000
-173.440000	-15.240000	-155.845001	21.689100	19.082460	26.532160	1099.117365	2.000000
-173.440000	-15.240000	-155.845001	21.939100	10.440397	26.403400	1104.477141	1.000000
-173.440000	-15.240000	-155.845001	22.189100	2.681889	26.276240	1111.571275	1.000000
-173.440000	-15.240000	-155.845001	22.439100	1.370888	26.150630	1118.402362	1.000000
-173.440000	-15.240000	-155.845001	22.689100	3.948635	26.026571	1124.048345	1.000000
-173.440000	-15.240000	-155.845001	22.939100	4.116724	25.904017	1129.694328	1.000000
-173.440000	-15.240000	-155.845001	23.189100	4.283906	25.782970	1135.340311	1.000000
-173.440000	-15.240000	-155.845001	23.439100	4.450228	25.663385	1140.986294	0.000000
-173.440000	-15.240000	-155.845001	23.689100	4.333654	25.545262	1146.632276	0.000000
-173.440000	-15.240000	-155.845001	23.939100	0.067541	25.428561	1152.407309	0.000000
-173.440000	-15.240000	-155.845001	24.189100	-2.629542	25.313280	1158.969392	0.000000
-173.440000	-15.240000	-155.845001	24.439100	-2.475425	25.199381	1165.531475	0.000000
-173.440000	-15.240000	-155.845001	24.689100	-2.322161	25.086861	1172.093558	0.000000
-173.440000	-15.240000	-155.595001	15.439100	2.734507	30.704081	956.001865	1.000000
-173.440000	-15.240000	-155.595001	15.689100	2.945118	30.525497	961.521203	1.000000
-173.440000	-15.240000	-155.595001	15.939100	2.815535	30.349324	967.040541	1.000000
-173.440000	-15.240000	-155.595001	16.189100	2.821711	30.175380	972.800746	1.000000
-173.440000	-15.240000	-155.595001	16.439100	2.969882	30.003778	978.586062	1.000000
-173.440000	-15.240000	-155.595001	16.689100	3.173291	29.834329	984.371378	1.000000
-173.440000	-15.240000	-155.595001	16.939100	3.374987	29.667154	990.156694	1.000000
-173.440000	-15.240000	-155.595001	17.189100	3.575167	29.502059	995.942010	0.000000
-173.440000	-15.240000	-155.595001	17.439100	3.773704	29.339172	1001.727326	0.000000
-173.440000	-15.240000	-155.595001	17.689100	3.970799	29.178296	1007.512642	0.000000
-173.440000	-15.240000	-155.595001	17.939100	4.166320	29.019565	1013.297958	0.000000
-173.440000	-15.240000	-155.595001	18.189100	4.360471	28.862776	1019.083274	0.000000
-173.440000	-15.240000	-155.595001	18.439100	4.553112	28.708073	1024.868590	0.000000
-173.440000	-15.240000	-155.595001	18.689100	4.744454	28.555247	1030.653906	0.000000
-173.440000	-15.240000	-155.595001	18.939100	4.934350	28.404447	1036.439222	0.000000
-173.440000	-15.240000	-155.595001	19.189100	4.864255	28.255463	1042.224538	1.000000
-173.440000	-15.240000	-155.595001	19.439100	4.714159	28.108449	1048.009854	1.000000
-173.440000	-15.240000	-155.595001	19.689100	4.186538	27.963190	1053.795170	1.000000
-173.440000	-15.240000	-155.595001	19.939100	3.284853	27.819847	1059.534251	1.000000
-173.440000	-15.240000	-155.595001	20.189100	5.092549	27.678202	1065.229072	2.000000
-173.440000	-15.240000	-155.595001	20.439100	-2.550223	27.538419	1071.480515	2.000000
-173.440000	-15.240000	-155.595001	20.689100	-2.395332	27.400279	1077.731957	2.000000
-173.440000	-15.240000	-155.595001	20.939100	-2.350549	27.263952	1083.994327	1.000000
-173.440000	-15.240000	-155.595001	21.189100	-2.222213	27.129213	1090.281482	1.000000
-173.440000	-15.240000	-155.595001	21.439100	-1.694479	26.996238	1096.568637	2.000000
-173.440000	-15.240000	-155.595001	21.689100	2.074387	26.864801	1102.855792	2.000000
-173.440000	-15.240000	-155.595001	21.939100	5.615037	26.735080	1109.142947	1.000000
-173.440000	-15.240000	-155.595001	22.189100	3.041185	26.606848	1115.430102	1.000000
-173.440000	-15.240000	-155.595001	22.439100	1.423666	26.480287	1121.406803	1.000000
-173.440000	-15.240000	-155.595001	22.689100	3.620039	26.355167	1127.052786	1.000000
-173.440000	-15.240000	-155.595001	22.939100	3.789067	26.231674	1132.698769	1.000000
-173.440000	-15.240000	-155.595001	23.189100	3.957299	26.109577	1138.344752	1.000000
-173.440000	-15.240000	-155.595001	23.439100	4.124549	25.989064	1143.990734	0.000000
-173.440000	-15.240000	-155.595001	23.689100	4.291054	25.869903	1149.636717	0.000000
-173.440000	-15.240000	-155.595001	23.939100	2.775936	25.752287	1155.282700	0.000000
-173.440000	-15.240000	-155.595001	24.189100	-2.357801	25.635979	1161.471360	0.000000
-173.440000	-15.240000	-155.595001	24.439100	-2.797220	25.521177	1168.033443	0.000000
-173.440000	-15.240000	-155.595001	24.689100	-2.642942	25.407643	1174.595526	0.000000
-173.440000	-15.240000	-155.345001	15.439100	2.377385	31.061204	959.515012	0.000000
-173.440000	-15.240000	-155.345001	15.689100	2.442563	30.881620	965.034350	1.000000
-173.440000	-15.240000	-155.345001	15.939100	2.578689	30.704332	970.615250	1.000000
-173.440000	-15.240000	-155.345001	16.189100	2.410872	30.529387	976.400566	1.000000
-173.440000	-15.240000	-155.345001	16.439100	2.616991	30.356669	982.185882	1.000000
-173.440000	-15.240000	-155.345001	16.689100	2.821400	30.186220	987.971198	1.000000
-173.440000	-15.240000	-155.345001	16.939100	3.024212	30.017929	993.756514	0.000000
-173.440000	-15.240000	-155.345001	17.189100	3.225391	29.851835	999.541830	0.000000
-173.440000	-15.240000	-155.345001	17.439100	3.425042	29.687834	1005.327146	0.000000
-173.440000	-15.240000	-155.345001	17.689100	3.623133	29.525962	1011.112462	0.000000
-173.440000	-15.240000	-155.345001	17.939100	3.819765	29.366120	1016.897778	0.000000
-173.440000	-15.240000	-155.345001	18.189100	4.014908	29.208339	1022.683094	0.000000
-173.440000	-15.240000	-155.345001	18.439100	4.208656	29.052529	1028.468410	0.000000
-173.440000	-15.240000	-155.345001	18.689100	4.400985	28.898716	1034.253726	0.000000
-173.440000	-15.240000	-155.345001	18.939100	4.591983	28.746815	1040.039042	0.000000
-173.440000	-15.240000	-155.345001	19.189100	4.781628	28.596849	1045.824358	1.000000
-173.440000	-15.240000	-155.345001	19.439100	4.492234	28.448740	1051.609674	1.000000
-173.440000	-15.240000	-155.345001	19.689100	4.315698	28.302506	1057.268192	1.000000
-173.440000	-15.240000	-155.345001	19.939100	4.003819	28.158074	1062.810194	1.000000
-173.440000	-15.240000	-155.345001	20.189100	2.865884	28.015462	1068.352197	2.000000
-173.440000	-15.240000	-155.345001	20.439100	-1.245397	27.874598	1074.210618	2.000000
-173.440000	-15.240000	-155.345001	20.689100	-2.716270	27.735499	1080.462061	2.000000
-173.440000	-15.240000	-155.345001	20.939100	-2.648978	27.598099	1086.716292	1.000000
-173.440000	-15.240000	-155.345001	21.189100	-2.555410	27.462410	1093.003447	1.000000
-173.440000	-15.240000	-155.345001	21.439100	-2.384092	27.328371	1099.290602	2.000000
-173.440000	-15.240000	-155.345001	21.689100	-2.213911	27.195993	1105.577757	1.000000
-173.440000	-15.240000	-155.345001	21.939100	-2.143957	27.065218	1111.864912	1.000000
-173.440000	-15.240000	-155.345001	22.189100	-2.524418	26.936055	1118.034766	1.000000
-173.440000	-15.240000	-155.345001	22.439100	-1.655058	26.808449	1124.091268	1.000000
-173.440000	-15.240000	-155.345001	22.689100	1.033806	26.682408	1130.057227	1.000000
-173.440000	-15.240000	-155.345001	22.939100	3.462860	26.557881	1135.703210	1.000000
-173.440000	-15.240000	-155.345001	23.189100	3.632002	26.434874	1141.349192	1.000000
-173.440000	-15.240000	-155.345001	23.439100	3.800275	26.313338	1146.995175	0.000000
-173.440000	-15.240000	-155.345001	23.689100	3.967680	26.193277	1152.641158	0.000000
-173.440000	-15.240000	-155.345001	23.939100	4.045794	26.074648	1158.287141	0.000000
-173.440000	-15.240000	-155.345001	24.189100	0.112276	25.957453	1163.973329	0.000000
-173.440000	-15.240000	-155.345001	24.439100	-3.117693	25.841649	1170.535412	0.000000
-173.440000	-15.240000	-155.345001	24.689100	-2.962538	25.727238	1177.097495	0.000000
-173.440000	-15.240000	-155.095001	15.439100	2.022749	31.415839	963.028159	0.000000
-173.440000	-15.240000	-155.095001	15.689100	1.884743	31.235189	968.547497	0.000000
-173.440000	-15.240000	-155.095001	15.939100	2.118335	31.056937	974.215069	0.000000
-173.440000	-15.240000	-155.095001	16.189100	2.059337	30.880923	980.000385	0.000000
-173.440000	-15.240000	-155.095001	16.439100	2.266422	30.707239	985.785701	0.000000
-173.440000	-15.240000	-155.095001	16.689100	2.471903	30.535717	991.571017	0.000000
-173.440000	-15.240000	-155.095001	16.939100	2.675681	30.366460	997.356333	0.000000
-173.440000	-15.240000	-155.095001	17.189100	2.877932	30.199294	1003.141649	0.000000
-173.440000	-15.240000	-155.095001	17.439100	3.078548	30.034329	1008.926965	0.000000
-173.440000	-15.240000	-155.095001	17.689100	3.277710	29.871385	1014.712281	0.000000
-173.440000	-15.240000	-155.095001	17.939100	3.475304	29.710580	1020.497597	0.000000
-173.440000	-15.240000	-155.095001	18.189100	3.671516	29.551730	1026.282913	0.000000
-173.440000	-15.240000	-155.095001	18.439100	3.866224	29.394961	1032.068229	0.000000
-173.440000	-15.240000	-155.095001	18.689100	4.059619	29.240082	1037.853545	0.000000
-173.440000	-15.240000	-155.095001	18.939100	4.088267	29.087226	1043.638861	0.000000
-173.440000	-15.240000	-155.095001	19.189100	3.846702	28.936199	1049.424177	0.000000
-173.440000	-15.240000	-155.095001	19.439100	3.666340	28.787140	1055.002133	1.000000
-173.440000	-15.240000	-155.095001	19.689100	3.481466	28.639850	1060.544135	1.000000
-173.440000	-15.240000	-155.095001	19.939100	3.667418	28.494475	1066.086137	1.000000
-173.440000	-15.240000	-155.095001	20.189100	3.852242	28.350812	1071.628140	1.000000
-173.440000	-15.240000	-155.095001	20.439100	1.708831	28.209012	1077.170142	2.000000
-173.440000	-15.240000	-155.095001	20.689100	-2.368343	28.068870	1083.192164	3.000000
-173.440000	-15.240000	-155.095001	20.939100	-2.934462	27.930540	1089.443607	2.000000
-173.440000	-15.240000	-155.095001	21.189100	-2.877501	27.793816	1095.725413	2.000000
-173.440000	-15.240000	-155.095001	21.439100	-2.714576	27.658856	1102.012567	2.000000
-173.440000	-15.240000	-155.095001	21.689100	-2.545032	27.525450	1108.299722	2.000000
-173.440000	-15.240000	-155.095001	21.939100	-2.918160	27.393763	1114.511761	1.000000
-173.440000	-15.240000	-155.095001	22.189100	-2.951693	27.263580	1120.568263	1.000000
-173.440000	-15.240000	-155.095001	22.439100	-2.784666	27.135072	1126.624766	1.000000
-173.440000	-15.240000	-155.095001	22.689100	-2.180379	27.008021	1132.681268	1.000000
-173.440000	-15.240000	-155.095001	22.939100	0.501199	26.882600	1138.707651	1.000000
-173.440000	-15.240000	-155.095001	23.189100	3.182834	26.758592	1144.353633	0.000000
-173.440000	-15.240000	-155.095001	23.439100	3.477440	26.636173	1149.999616	0.000000
-173.440000	-15.240000	-155.095001	23.689100	3.645835	26.515122	1155.645599	0.000000
-173.440000	-15.240000	-155.095001	23.939100	3.813291	26.395620	1161.291582	0.000000
-173.440000	-15.240000	-155.095001	24.189100	2.843234	26.277444	1166.937565	0.000000
-173.440000	-15.240000	-155.095001	24.439100	-2.492471	26.160778	1173.037380	0.000000
-173.440000	-15.240000	-155.095001	24.689100	-3.280698	26.045398	1179.599463	0.000000
-173.440000	-15.240000	-154.845001	15.439100	1.670444	31.768144	966.541306	0.000000
-173.440000	-15.240000	-154.845001	15.689100	1.537669	31.586570	972.060644	0.000000
-173.440000	-15.240000	-154.845001	15.939100	1.570443	31.407285	977.814888	0.000000
-173.440000	-15.240000	-154.845001	16.189100	1.709917	31.230343	983.600204	0.000000
-173.440000	-15.240000	-154.845001	16.439100	1.918039	31.055622	989.385520	0.000000
-173.440000	-15.240000	-154.845001	16.689100	2.124450	30.883170	995.170836	0.000000
-173.440000	-15.240000	-154.845001	16.939100	2.329267	30.712874	1000.956152	0.000000
-173.440000	-15.240000	-154.845001	17.189100	2.532449	30.544777	1006.741468	0.000000
-173.440000	-15.240000	-154.845001	17.439100	2.734105	30.378771	1012.526784	0.000000
-173.440000	-15.240000	-154.845001	17.689100	2.934198	30.214897	1018.312100	0.000000
-173.440000	-15.240000	-154.845001	17.939100	3.132832	30.053053	1024.097416	0.000000
-173.440000	-15.240000	-154.845001	18.189100	3.329972	29.893275	1029.882732	0.000000
-173.440000	-15.240000	-154.845001	18.439100	3.525718	29.735467	1035.668048	0.000000
-173.440000	-15.240000	-154.845001	18.689100	3.361461	29.579662	1041.453364	0.000000
-173.440000	-15.240000	-154.845001	18.939100	3.197781	29.425771	1047.194071	0.000000
-173.440000	-15.240000	-154.845001	19.189100	2.909260	29.273822	1052.736074	0.000000
-173.440000	-15.240000	-154.845001	19.439100	2.957590	29.123732	1058.278076	0.000000
-173.440000	-15.240000	-154.845001	19.689100	3.145792	28.975525	1063.820078	1.000000
-173.440000	-15.240000	-154.845001	19.939100	3.332771	28.829123	1069.362080	1.000000
-173.440000	-15.240000	-154.845001	20.189100	3.518506	28.684548	1074.904083	1.000000
-173.440000	-15.240000	-154.845001	20.439100	3.703075	28.541727	1080.446085	2.000000
-173.440000	-15.240000	-154.845001	20.689100	0.560800	28.400679	1085.988087	1.000000
-173.440000	-15.240000	-154.845001	20.939100	-3.123886	28.261334	1092.173710	1.000000
-173.440000	-15.240000	-154.845001	21.189100	-3.193214	28.123711	1098.447378	1.000000
-173.440000	-15.240000	-154.845001	21.439100	-2.985960	27.987743	1104.734533	1.000000
-173.440000	-15.240000	-154.845001	21.689100	-3.314453	27.853446	1110.988756	2.000000
-173.440000	-15.240000	-154.845001	21.939100	-3.446868	27.720758	1117.045259	2.000000
-173.440000	-15.240000	-154.845001	22.189100	-3.277806	27.589693	1123.101761	1.000000
-173.440000	-15.240000	-154.845001	22.439100	-3.109786	27.460192	1129.158263	1.000000
-173.440000	-15.240000	-154.845001	22.689100	-2.942815	27.332266	1135.214765	1.000000
-173.440000	-15.240000	-154.845001	22.939100	-2.648724	27.205862	1141.271268	1.000000
-173.440000	-15.240000	-154.845001	23.189100	-0.028493	27.080989	1147.327770	0.000000
-173.440000	-15.240000	-154.845001	23.439100	2.713039	26.957595	1153.004057	0.000000
-173.440000	-15.240000	-154.845001	23.689100	3.325270	26.835688	1158.650040	0.000000
-173.440000	-15.240000	-154.845001	23.939100	3.493691	26.715220	1164.296023	0.000000
-173.440000	-15.240000	-154.845001	24.189100	3.661282	26.596198	1169.942006	0.000000
-173.440000	-15.240000	-154.845001	24.439100	0.169514	26.478577	1175.587988	0.000000
-173.440000	-15.240000	-154.845001	24.689100	-3.521654	26.362360	1182.101431	0.000000
-173.440000	-15.240000	-154.845001	24.939100	-3.441533	26.247506	1188.663514	0.000000
-173.440000	-15.240000	-154.595001	15.439100	1.188388	32.117961	970.054453	0.000000
-173.440000	-15.240000	-154.595001	15.689100	1.307087	31.935402	975.629392	0.000000
-173.440000	-15.240000	-154.595001	15.939100	1.152190	31.755227	981.414708	0.000000
-173.440000	-15.240000	-154.595001	16.189100	1.362966	31.577294	987.200024	0.000000
-173.440000	-15.240000	-154.595001	16.439100	1.571982	31.401678	992.985340	0.000000
-173.440000	-15.240000	-154.595001	16.689100	1.779389	31.228231	998.770656	0.000000
-173.440000	-15.240000	-154.595001	16.939100	1.985103	31.057038	1004.555972	0.000000
-173.440000	-15.240000	-154.595001	17.189100	2.189283	30.887943	1010.341288	0.000000
-173.440000	-15.240000	-154.595001	17.439100	2.391837	30.721039	1016.126604	0.000000
-173.440000	-15.240000	-154.595001	17.689100	2.592930	30.556165	1021.911920	0.000000
-173.440000	-15.240000	-154.595001	17.939100	2.792462	30.393422	1027.697236	0.000000
-173.440000	-15.240000	-154.595001	18.189100	2.990603	30.232644	1033.482552	0.000000
-173.440000	-15.240000	-154.595001	18.439100	2.712989	30.073939	1039.267868	0.000000
-173.440000	-15.240000	-154.595001	18.689100	2.545740	29.917136	1044.928012	0.000000
-173.440000	-15.240000	-154.595001	18.939100	2.240715	29.762350	1050.470014	0.000000
-173.440000	-15.240000	-154.595001	19.189100	2.432501	29.609404	1056.012017	0.000000
-173.440000	-15.240000	-154.595001	19.439100	2.622900	29.458422	1061.554019	0.000000
-173.440000	-15.240000	-154.595001	19.689100	2.812096	29.309221	1067.096021	0.000000
-173.440000	-15.240000	-154.595001	19.939100	2.999962	29.161931	1072.638023	0.000000
-173.440000	-15.240000	-154.595001	20.189100	3.186687	29.016367	1078.180026	0.000000
-173.440000	-15.240000	-154.595001	20.439100	3.372139	28.872663	1083.722028	1.000000
-173.440000	-15.240000	-154.595001	20.689100	3.329692	28.730630	1089.264030	1.000000
-173.440000	-15.240000	-154.595001	20.939100	-0.605929	28.590409	1094.903814	1.000000
-173.440000	-15.240000	-154.595001	21.189100	-3.507112	28.451806	1101.169343	1.000000
-173.440000	-15.240000	-154.595001	21.439100	-3.713144	28.314968	1107.456498	1.000000
-173.440000	-15.240000	-154.595001	21.689100	-3.959659	28.179698	1113.522254	1.000000
-173.440000	-15.240000	-154.595001	21.939100	-3.772256	28.046147	1119.578756	1.000000
-173.440000	-15.240000	-154.595001	22.189100	-3.602227	27.914114	1125.635258	1.000000
-173.440000	-15.240000	-154.595001	22.439100	-3.433351	27.783758	1131.691761	1.000000
-173.440000	-15.240000	-154.595001	22.689100	-3.265422	27.654873	1137.748263	0.000000
-173.440000	-15.240000	-154.595001	22.939100	-3.098595	27.527621	1143.804765	0.000000
-173.440000	-15.240000	-154.595001	23.189100	-2.932664	27.401796	1149.861267	0.000000
-173.440000	-15.240000	-154.595001	23.439100	-0.555262	27.277563	1155.917769	0.000000
-173.440000	-15.240000	-154.595001	23.689100	2.179931	27.154713	1161.654481	0.000000
-173.440000	-15.240000	-154.595001	23.939100	3.175497	27.033415	1167.300464	0.000000
-173.440000	-15.240000	-154.595001	24.189100	3.344021	26.913459	1172.946446	0.000000
-173.440000	-15.240000	-154.595001	24.439100	2.723849	26.795016	1178.592429	0.000000
-173.440000	-15.240000	-154.595001	24.689100	-2.447013	26.677874	1184.603400	0.000000
-173.440000	-15.240000	-154.595001	24.939100	-3.756236	26.562209	1191.165483	0.000000
-173.440000	-15.240000	-154.345001	15.439100	0.636591	32.465454	973.567600	0.000000
-173.440000	-15.240000	-154.345001	15.689100	0.874460	32.282045	979.229211	0.000000
-173.440000	-15.240000	-154.345001	15.939100	0.806500	32.100916	985.014527	0.000000
-173.440000	-15.240000	-154.345001	16.189100	1.018133	31.922127	990.799843	0.000000
-173.440000	-15.240000	-154.345001	16.439100	1.228108	31.745552	996.585159	0.000000
-173.440000	-15.240000	-154.345001	16.689100	1.436375	31.571245	1002.370475	0.000000
-173.440000	-15.240000	-154.345001	16.939100	1.643054	31.399087	1008.155791	0.000000
-173.440000	-15.240000	-154.345001	17.189100	1.848098	31.229128	1013.941107	0.000000
-173.440000	-15.240000	-154.345001	17.439100	2.051620	31.061256	1019.726423	0.000000
-173.440000	-15.240000	-154.345001	17.689100	2.253578	30.895517	1025.511739	0.000000
-173.440000	-15.240000	-154.345001	17.939100	2.297106	30.731804	1031.297055	0.000000
-173.440000	-15.240000	-154.345001	18.189100	2.061336	30.570160	1037.082371	0.000000
-173.440000	-15.240000	-154.345001	18.439100	1.890337	30.410485	1042.661953	0.000000
-173.440000	-15.240000	-154.345001	18.689100	1.711981	30.252816	1048.203955	0.000000
-173.440000	-15.240000	-154.345001	18.939100	1.906004	30.097060	1053.745957	0.000000
-173.440000	-15.240000	-154.345001	19.189100	2.098654	29.943251	1059.287960	0.000000
-173.440000	-15.240000	-154.345001	19.439100	2.290021	29.791301	1064.829962	0.000000
-173.440000	-15.240000	-154.345001	19.689100	2.480077	29.641239	1070.371964	0.000000
-173.440000	-15.240000	-154.345001	19.939100	2.668909	29.492984	1075.913967	0.000000
-173.440000	-15.240000	-154.345001	20.189100	2.856491	29.346563	1081.455969	1.000000
-173.440000	-15.240000	-154.345001	20.439100	3.042906	29.201897	1086.997971	1.000000
-173.440000	-15.240000	-154.345001	20.689100	3.228129	29.059011	1092.539973	1.000000
-173.440000	-15.240000	-154.345001	20.939100	2.789475	28.917832	1098.081976	1.000000
-173.440000	-15.240000	-154.345001	21.189100	-0.532188	28.778381	1103.891308	1.000000
-173.440000	-15.240000	-154.345001	21.439100	-3.276291	28.640590	1109.999249	1.000000
-173.440000	-15.240000	-154.345001	21.689100	-4.268066	28.504478	1116.055751	1.000000
-173.440000	-15.240000	-154.345001	21.939100	-4.096090	28.369980	1122.112254	1.000000
-173.440000	-15.240000	-154.345001	22.189100	-3.925226	28.237113	1128.168756	0.000000
-173.440000	-15.240000	-154.345001	22.439100	-3.755409	28.105815	1134.225258	0.000000
-173.440000	-15.240000	-154.345001	22.689100	-3.586651	27.976102	1140.281760	0.000000
-173.440000	-15.240000	-154.345001	22.939100	-3.418891	27.847916	1146.338262	0.000000
-173.440000	-15.240000	-154.345001	23.189100	-3.252138	27.721270	1152.394765	0.000000
-173.440000	-15.240000	-154.345001	23.439100	-3.086335	27.596111	1158.451267	0.000000
-173.440000	-15.240000	-154.345001	23.689100	-1.079236	27.472448	1164.507769	0.000000
-173.440000	-15.240000	-154.345001	23.939100	1.649456	27.350231	1170.304904	0.000000
-173.440000	-15.240000	-154.345001	24.189100	3.028010	27.229470	1175.950887	0.000000
-173.440000	-15.240000	-154.345001	24.439100	3.196549	27.110117	1181.596870	0.000000
-173.440000	-15.240000	-154.345001	24.689100	0.238926	26.992179	1187.242853	0.000000
-173.440000	-15.240000	-154.345001	24.939100	-3.853252	26.875612	1193.667451	0.000000
-173.440000	-15.240000	-154.095001	15.439100	0.273711	32.810460	977.080747	0.000000
-173.440000	-15.240000	-154.095001	15.689100	0.332769	32.626147	982.829030	0.000000
-173.440000	-15.240000	-154.095001	15.939100	0.463216	32.444200	988.614346	0.000000
-173.440000	-15.240000	-154.095001	16.189100	0.675762	32.264498	994.399662	0.000000
-173.440000	-15.240000	-154.095001	16.439100	0.886562	32.087098	1000.184978	0.000000
-173.440000	-15.240000	-154.095001	16.689100	1.095750	31.911871	1005.970294	0.000000
-173.440000	-15.240000	-154.095001	16.939100	1.303258	31.738883	1011.755610	0.000000
-173.440000	-15.240000	-154.095001	17.189100	1.509227	31.567998	1017.540926	0.000000
-173.440000	-15.240000	-154.095001	17.439100	1.713583	31.399293	1023.326242	0.000000
-173.440000	-15.240000	-154.095001	17.689100	1.561041	31.232625	1029.111558	0.000000
-173.440000	-15.240000	-154.095001	17.939100	1.406702	31.068077	1034.853891	0.000000
-173.440000	-15.240000	-154.095001	18.189100	1.131643	30.905501	1040.395894	0.000000
-173.440000	-15.240000	-154.095001	18.439100	1.182110	30.744990	1045.937896	0.000000
-173.440000	-15.240000	-154.095001	18.689100	1.378409	30.586388	1051.479898	0.000000
-173.440000	-15.240000	-154.095001	18.939100	1.573268	30.429797	1057.021901	0.000000
-173.440000	-15.240000	-154.095001	19.189100	1.766851	30.275054	1062.563903	0.000000
-173.440000	-15.240000	-154.095001	19.439100	1.959052	30.122269	1068.105905	0.000000
-173.440000	-15.240000	-154.095001	19.689100	2.150041	29.971275	1073.647907	0.000000
-173.440000	-15.240000	-154.095001	19.939100	2.339705	29.822188	1079.189910	0.000000
-173.440000	-15.240000	-154.095001	20.189100	2.636598	29.674836	1084.731912	1.000000
-173.440000	-15.240000	-154.095001	20.439100	3.385039	29.529341	1090.273914	1.000000
-173.440000	-15.240000	-154.095001	20.689100	3.900200	29.385528	1095.815916	1.000000
-173.440000	-15.240000	-154.095001	20.939100	4.294619	29.243524	1101.453426	1.000000
-173.440000	-15.240000	-154.095001	21.189100	3.899508	29.103150	1107.138858	1.000000
-173.440000	-15.240000	-154.095001	21.439100	2.268899	28.964539	1112.824289	1.000000
-173.440000	-15.240000	-154.095001	21.689100	0.185977	28.827507	1118.589249	1.000000
-173.440000	-15.240000	-154.095001	21.939100	-1.707532	28.692194	1124.645751	1.000000
-173.440000	-15.240000	-154.095001	22.189100	-3.057018	28.558412	1130.702253	0.000000
-173.440000	-15.240000	-154.095001	22.439100	-4.075899	28.426305	1136.758755	0.000000
-173.440000	-15.240000	-154.095001	22.689100	-3.906232	28.295684	1142.815258	0.000000
-173.440000	-15.240000	-154.095001	22.939100	-3.737670	28.166695	1148.871760	0.000000
-173.440000	-15.240000	-154.095001	23.189100	-3.570015	28.039147	1154.928262	0.000000
-173.440000	-15.240000	-154.095001	23.439100	-3.403416	27.913191	1160.984764	0.000000
-173.440000	-15.240000	-154.095001	23.689100	-3.237674	27.788633	1167.041267	0.000000
-173.440000	-15.240000	-154.095001	23.939100	-1.600405	27.665628	1173.097769	0.000000
-173.440000	-15.240000	-154.095001	24.189100	1.121784	27.543979	1178.955328	0.000000
-173.440000	-15.240000	-154.095001	24.439100	2.882821	27.423845	1184.601311	0.000000
-173.440000	-15.240000	-154.095001	24.689100	2.451365	27.305026	1190.247294	0.000000
-173.440000	-15.240000	-154.095001	24.939100	-2.389236	27.187687	1196.169420	0.000000
-173.440000	-15.240000	-153.845001	15.439100	0.049359	33.153152	980.643534	0.000000
-173.440000	-15.240000	-153.845001	15.689100	-0.092934	32.968061	986.428850	0.000000
-173.440000	-15.240000	-153.845001	15.939100	0.122177	32.785240	992.214166	0.000000
-173.440000	-15.240000	-153.845001	16.189100	0.335509	32.604751	997.999482	0.000000
-173.440000	-15.240000	-153.845001	16.439100	0.547193	32.426467	1003.784798	0.000000
-173.440000	-15.240000	-153.845001	16.689100	0.757173	32.250447	1009.570114	0.000000
-173.440000	-15.240000	-153.845001	16.939100	0.965573	32.076568	1015.355430	0.000000
-173.440000	-15.240000	-153.845001	17.189100	1.172340	31.904886	1021.140746	0.000000
-173.440000	-15.240000	-153.845001	17.439100	0.906782	31.735284	1026.926062	0.000000
-173.440000	-15.240000	-153.845001	17.689100	0.748913	31.567813	1032.587832	0.000000
-173.440000	-15.240000	-153.845001	17.939100	0.451044	31.402364	1038.129834	0.000000
-173.440000	-15.240000	-153.845001	18.189100	0.650988	31.238984	1043.671837	0.000000
-173.440000	-15.240000	-153.845001	18.439100	0.849531	31.077569	1049.213839	0.000000
-173.440000	-15.240000	-153.845001	18.689100	1.046635	30.918162	1054.755841	0.000000
-173.440000	-15.240000	-153.845001	18.939100	1.242400	30.760665	1060.297844	0.000000
-173.440000	-15.240000	-153.845001	19.189100	1.436788	30.605117	1065.839846	0.000000
-173.440000	-15.240000	-153.845001	19.439100	1.629896	30.451425	1071.381848	0.000000
-173.440000	-15.240000	-153.845001	19.689100	2.225328	30.299627	1076.923850	0.000000
-173.440000	-15.240000	-153.845001	19.939100	2.907879	30.149634	1082.465853	0.000000
-173.440000	-15.240000	-153.845001	20.189100	3.309210	30.001479	1088.035372	0.000000
-173.440000	-15.240000	-153.845001	20.439100	3.767166	29.855080	1093.720803	1.000000
-173.440000	-15.240000	-153.845001	20.689100	4.486850	29.710467	1099.406234	1.000000
-173.440000	-15.240000	-153.845001	20.939100	4.850263	29.567561	1105.091666	1.000000
-173.440000	-15.240000	-153.845001	21.189100	5.036344	29.426390	1110.777097	1.000000
-173.440000	-15.240000	-153.845001	21.439100	5.221377	29.286881	1116.462528	1.000000
-173.440000	-15.240000	-153.845001	21.689100	5.111785	29.149056	1122.147959	1.000000
-173.440000	-15.240000	-153.845001	21.939100	3.896566	29.012849	1127.833391	1.000000
-173.440000	-15.240000	-153.845001	22.189100	2.436215	28.878279	1133.518822	0.000000
-173.440000	-15.240000	-153.845001	22.439100	0.345987	28.745283	1139.292253	0.000000
-173.440000	-15.240000	-153.845001	22.689100	-1.538975	28.613878	1145.348755	0.000000
-173.440000	-15.240000	-153.845001	22.939100	-2.896684	28.484005	1151.405257	0.000000
-173.440000	-15.240000	-153.845001	23.189100	-3.886548	28.355681	1157.461760	0.000000
-173.440000	-15.240000	-153.845001	23.439100	-3.719071	28.228847	1163.518262	0.000000
-173.440000	-15.240000	-153.845001	23.689100	-3.552559	28.103518	1169.574764	0.000000
-173.440000	-15.240000	-153.845001	23.939100	-3.386955	27.979641	1175.631266	0.000000
-173.440000	-15.240000	-153.845001	24.189100	-2.118896	27.857228	1181.687768	0.000000
-173.440000	-15.240000	-153.845001	24.439100	0.596638	27.736229	1187.605752	0.000000
-173.440000	-15.240000	-153.845001	24.689100	2.739819	27.616654	1193.251735	0.000000
-173.440000	-15.240000	-153.845001	24.939100	0.320228	27.498457	1198.897718	0.000000
-173.440000	-15.240000	-153.595001	15.189100	-0.596891	33.681597	978.587703	0.000000
-173.440000	-15.240000	-153.595001	15.439100	-0.355073	33.493363	984.243353	0.000000
-173.440000	-15.240000	-153.595001	15.689100	-0.432318	33.307445	990.028669	0.000000
-173.440000	-15.240000	-153.595001	15.939100	-0.216460	33.123876	995.813985	0.000000
-173.440000	-15.240000	-153.595001	16.189100	-0.002290	32.942550	1001.599301	0.000000
-173.440000	-15.240000	-153.595001	16.439100	0.210151	32.763509	1007.384617	0.000000
-173.440000	-15.240000	-153.595001	16.689100	0.420978	32.586642	1013.169933	0.000000
-173.440000	-15.240000	-153.595001	16.939100	0.479452	32.412000	1018.955249	0.000000
-173.440000	-15.240000	-153.595001	17.189100	0.249757	32.239463	1024.740565	0.000000
-173.440000	-15.240000	-153.595001	17.439100	0.088195	32.069092	1030.321773	0.000000
-173.440000	-15.240000	-153.595001	17.689100	-0.083353	31.900761	1035.863775	0.000000
-173.440000	-15.240000	-153.595001	17.939100	0.118869	31.734539	1041.405778	0.000000
-173.440000	-15.240000	-153.595001	18.189100	0.319678	31.570294	1046.947780	0.000000
-173.440000	-15.240000	-153.595001	18.439100	0.518998	31.408103	1052.489782	0.000000
-173.440000	-15.240000	-153.595001	18.689100	0.716970	31.247827	1058.031784	0.000000
-173.440000	-15.240000	-153.595001	18.939100	1.050720	31.089552	1063.573787	0.000000
-173.440000	-15.240000	-153.595001	19.189100	1.804975	30.933134	1069.115789	0.000000
-173.440000	-15.240000	-153.595001	19.439100	2.308890	30.778665	1074.657791	0.000000
-173.440000	-15.240000	-153.595001	19.689100	2.710015	30.625995	1080.302748	0.000000
-173.440000	-15.240000	-153.595001	19.939100	3.342322	30.475224	1085.988180	0.000000
-173.440000	-15.240000	-153.595001	20.189100	3.960546	30.326198	1091.673611	0.000000
-173.440000	-15.240000	-153.595001	20.439100	4.150809	30.179023	1097.359042	1.000000
-173.440000	-15.240000	-153.595001	20.689100	4.339986	30.033539	1103.044474	1.000000
-173.440000	-15.240000	-153.595001	20.939100	4.527966	29.889859	1108.729905	1.000000
-173.440000	-15.240000	-153.595001	21.189100	4.714915	29.747819	1114.415336	1.000000
-173.440000	-15.240000	-153.595001	21.439100	4.900719	29.607539	1120.100767	1.000000
-173.440000	-15.240000	-153.595001	21.689100	5.085548	29.468848	1125.786199	1.000000
-173.440000	-15.240000	-153.595001	21.939100	5.269280	29.331873	1131.471630	1.000000
-173.440000	-15.240000	-153.595001	22.189100	5.452092	29.196441	1137.157061	0.000000
-173.440000	-15.240000	-153.595001	22.439100	5.308292	29.062682	1142.842493	0.000000
-173.440000	-15.240000	-153.595001	22.689100	4.087039	28.930419	1148.527924	0.000000
-173.440000	-15.240000	-153.595001	22.939100	2.600944	28.799788	1154.213355	0.000000
-173.440000	-15.240000	-153.595001	23.189100	0.503433	28.670610	1159.995257	0.000000
-173.440000	-15.240000	-153.595001	23.439100	-1.373038	28.543023	1166.051759	0.000000
-173.440000	-15.240000	-153.595001	23.689100	-2.738925	28.416846	1172.108261	0.000000
-173.440000	-15.240000	-153.595001	23.939100	-3.699537	28.292222	1178.164764	0.000000
-173.440000	-15.240000	-153.595001	24.189100	-3.534007	28.168967	1184.221266	0.000000
-173.440000	-15.240000	-153.595001	24.439100	-2.634694	28.047227	1190.277768	0.000000
-173.440000	-15.240000	-153.595001	24.689100	0.074183	27.926816	1196.256176	0.000000
-173.440000	-15.240000	-153.595001	24.939100	2.189234	27.807885	1201.902158	1.000000
-173.440000	-15.240000	-153.345001	15.189100	-0.975634	34.020289	982.100850	0.000000
-173.440000	-15.240000	-153.345001	15.439100	-0.890615	33.831269	987.843172	0.000000
-173.440000	-15.240000	-153.345001	15.689100	-0.769517	33.644645	993.628488	0.000000
-173.440000	-15.240000	-153.345001	15.939100	-0.552860	33.460276	999.413804	0.000000
-173.440000	-15.240000	-153.345001	16.189100	-0.337973	33.278233	1005.199120	0.000000
-173.440000	-15.240000	-153.345001	16.439100	-0.124722	33.098382	1010.984436	0.000000
-173.440000	-15.240000	-153.345001	16.689100	-0.265503	32.920789	1016.769752	0.000000
-173.440000	-15.240000	-153.345001	16.939100	-0.410247	32.745327	1022.513711	0.000000
-173.440000	-15.240000	-153.345001	17.189100	-0.671816	32.572057	1028.055714	0.000000
-173.440000	-15.240000	-153.345001	17.439100	-0.618889	32.400858	1033.597716	0.000000
-173.440000	-15.240000	-153.345001	17.689100	-0.414379	32.231788	1039.139718	0.000000
-173.440000	-15.240000	-153.345001	17.939100	-0.211324	32.064732	1044.681721	0.000000
-173.440000	-15.240000	-153.345001	18.189100	-0.009771	31.899743	1050.223723	0.000000
-173.440000	-15.240000	-153.345001	18.439100	0.621681	31.736713	1055.765725	0.000000
-173.440000	-15.240000	-153.345001	18.689100	1.292935	31.575691	1061.307727	0.000000
-173.440000	-15.240000	-153.345001	18.939100	1.701315	31.416574	1066.884694	0.000000
-173.440000	-15.240000	-153.345001	19.189100	2.183162	31.259406	1072.570125	0.000000
-173.440000	-15.240000	-153.345001	19.439100	2.908644	31.104092	1078.255556	0.000000
-173.440000	-15.240000	-153.345001	19.689100	3.251696	30.950672	1083.940988	0.000000
-173.440000	-15.240000	-153.345001	19.939100	3.445201	30.799056	1089.626419	0.000000
-173.440000	-15.240000	-153.345001	20.189100	3.637464	30.649280	1095.311850	0.000000
-173.440000	-15.240000	-153.345001	20.439100	3.828574	30.501258	1100.997281	0.000000
-173.440000	-15.240000	-153.345001	20.689100	4.018499	30.355025	1106.682713	1.000000
-173.440000	-15.240000	-153.345001	20.939100	4.207325	30.210500	1112.368144	1.000000
-173.440000	-15.240000	-153.345001	21.189100	4.395021	30.067713	1118.053575	1.000000
-173.440000	-15.240000	-153.345001	21.439100	4.581669	29.926588	1123.739007	1.000000
-173.440000	-15.240000	-153.345001	21.689100	4.767242	29.787153	1129.424438	1.000000
-173.440000	-15.240000	-153.345001	21.939100	4.951817	29.649336	1135.109869	0.000000
-173.440000	-15.240000	-153.345001	22.189100	5.135370	29.513163	1140.795301	0.000000
-173.440000	-15.240000	-153.345001	22.439100	5.317973	29.378565	1146.480732	0.000000
-173.440000	-15.240000	-153.345001	22.689100	5.499606	29.245565	1152.166163	0.000000
-173.440000	-15.240000	-153.345001	22.939100	5.680336	29.114099	1157.851595	0.000000
-173.440000	-15.240000	-153.345001	23.189100	5.502410	28.984187	1163.537026	0.000000
-173.440000	-15.240000	-153.345001	23.439100	4.275151	28.855770	1169.222457	0.000000
-173.440000	-15.240000	-153.345001	23.689100	2.763365	28.728865	1174.907889	0.000000
-173.440000	-15.240000	-153.345001	23.939100	0.658469	28.603415	1180.698261	0.000000
-173.440000	-15.240000	-153.345001	24.189100	-1.209445	28.479437	1186.754763	0.000000
-173.440000	-15.240000	-153.345001	24.439100	-2.583600	28.356877	1192.811266	0.000000
-173.440000	-15.240000	-153.345001	24.689100	-3.147929	28.235750	1198.867768	0.000000
-173.440000	-15.240000	-153.345001	24.939100	-0.445847	28.116004	1204.906599	1.000000
-173.440000	-15.240000	-153.345001	25.189100	0.236702	27.997653	1210.552582	1.000000
-173.440000	-15.240000	-153.095001	15.189100	-1.193304	34.356388	985.657675	0.000000
-173.440000	-15.240000	-153.095001	15.439100	-1.323311	34.166702	991.442991	0.000000
-173.440000	-15.240000	-153.095001	15.689100	-1.104200	33.979327	997.228307	0.000000
-173.440000	-15.240000	-153.095001	15.939100	-0.886863	33.794279	1003.013623	0.000000
-173.440000	-15.240000	-153.095001	16.189100	-0.671213	33.611473	1008.798939	0.000000
-173.440000	-15.240000	-153.095001	16.439100	-0.924703	33.430932	1014.584255	0.000000
-173.440000	-15.240000	-153.095001	16.689100	-1.072967	33.252564	1020.247652	0.000000
-173.440000	-15.240000	-153.095001	16.939100	-1.363642	33.076403	1025.789655	0.000000
-173.440000	-15.240000	-153.095001	17.189100	-1.155261	32.902348	1031.331657	0.000000
-173.440000	-15.240000	-153.095001	17.439100	-0.948474	32.730443	1036.873659	0.000000
-173.440000	-15.240000	-153.095001	17.689100	-0.577318	32.560580	1042.415661	0.000000
-173.440000	-15.240000	-153.095001	17.939100	0.183358	32.392812	1047.957664	0.000000
-173.440000	-15.240000	-153.095001	18.189100	0.676929	32.227023	1053.499666	0.000000
-173.440000	-15.240000	-153.095001	18.439100	1.085279	32.063276	1059.152070	0.000000
-173.440000	-15.240000	-153.095001	18.689100	1.741281	31.901449	1064.837502	0.000000
-173.440000	-15.240000	-153.095001	18.939100	2.338657	31.741611	1070.522933	0.000000
-173.440000	-15.240000	-153.095001	19.189100	2.536742	31.583635	1076.208364	0.000000
-173.440000	-15.240000	-153.095001	19.439100	2.733478	31.427598	1081.893796	0.000000
-173.440000	-15.240000	-153.095001	19.689100	2.929002	31.273366	1087.579227	0.000000
-173.440000	-15.240000	-153.095001	19.939100	3.123231	31.121026	1093.264658	0.000000
-173.440000	-15.240000	-153.095001	20.189100	3.316308	30.970436	1098.950089	0.000000
-173.440000	-15.240000	-153.095001	20.439100	3.508142	30.821690	1104.635521	0.000000
-173.440000	-15.240000	-153.095001	20.689100	3.698882	30.674643	1110.320952	0.000000
-173.440000	-15.240000	-153.095001	20.939100	3.888431	30.529394	1116.006383	0.000000
-173.440000	-15.240000	-153.095001	21.189100	4.076942	30.385793	1121.691815	0.000000
-173.440000	-15.240000	-153.095001	21.439100	4.264312	30.243946	1127.377246	0.000000
-173.440000	-15.240000	-153.095001	21.689100	4.450698	30.103698	1133.062677	0.000000
-173.440000	-15.240000	-153.095001	21.939100	4.635993	29.965161	1138.748109	0.000000
-173.440000	-15.240000	-153.095001	22.189100	4.820357	29.828176	1144.433540	0.000000
-173.440000	-15.240000	-153.095001	22.439100	5.003678	29.692860	1150.118971	0.000000
-173.440000	-15.240000	-153.095001	22.689100	5.186119	29.559051	1155.804403	0.000000
-173.440000	-15.240000	-153.095001	22.939100	5.367564	29.426871	1161.489834	0.000000
-173.440000	-15.240000	-153.095001	23.189100	5.548180	29.296154	1167.175265	0.000000
-173.440000	-15.240000	-153.095001	23.439100	5.727844	29.167027	1172.860696	0.000000
-173.440000	-15.240000	-153.095001	23.689100	5.906729	29.039320	1178.546128	0.000000
-173.440000	-15.240000	-153.095001	23.939100	5.694629	28.913165	1184.231559	0.000000
-173.440000	-15.240000	-153.095001	24.189100	4.461498	28.788390	1189.916990	0.000000
-173.440000	-15.240000	-153.095001	24.439100	2.923940	28.665130	1195.602422	0.000000
-173.440000	-15.240000	-153.095001	24.689100	0.811666	28.543210	1201.401265	1.000000
-173.440000	-15.240000	-153.095001	24.939100	-0.975114	28.422770	1207.457767	1.000000
-173.440000	-15.240000	-153.095001	25.189100	-0.113076	28.303631	1213.514270	1.000000
-173.440000	-15.240000	-153.095001	25.439100	-1.276794	28.185938	1219.301459	1.000000
-173.440000	-15.240000	-152.845001	15.189100	-1.569614	34.690238	989.257495	0.000000
-173.440000	-15.240000	-152.845001	15.439100	-1.656452	34.499843	995.042811	0.000000
-173.440000	-15.240000	-152.845001	15.689100	-1.436703	34.311830	1000.828127	0.000000
-173.440000	-15.240000	-152.845001	15.939100	-1.363091	34.126058	1006.613443	0.000000
-173.440000	-15.240000	-152.845001	16.189100	-1.586683	33.942600	1012.398759	0.000000
-173.440000	-15.240000	-152.845001	16.439100	-1.738605	33.761322	1017.981593	0.000000
-173.440000	-15.240000	-152.845001	16.689100	-1.903304	33.582292	1023.523595	0.000000
-173.440000	-15.240000	-152.845001	16.939100	-1.692621	33.405382	1029.065598	0.000000
-173.440000	-15.240000	-152.845001	17.189100	-1.024734	33.230656	1034.607600	0.000000
-173.440000	-15.240000	-152.845001	17.439100	-0.363899	33.057992	1040.149602	0.000000
-173.440000	-15.240000	-152.845001	17.689100	0.052098	32.887450	1045.734016	0.000000
-173.440000	-15.240000	-152.845001	17.939100	0.558452	32.718915	1051.419447	0.000000
-173.440000	-15.240000	-152.845001	18.189100	1.290350	32.552441	1057.104878	0.000000
-173.440000	-15.240000	-152.845001	18.439100	1.613893	32.387920	1062.790310	0.000000
-173.440000	-15.240000	-152.845001	18.689100	1.815345	32.225403	1068.475741	0.000000
-173.440000	-15.240000	-152.845001	18.939100	2.015483	32.064785	1074.161172	0.000000
-173.440000	-15.240000	-152.845001	19.189100	2.214261	31.906115	1079.846604	0.000000
-173.440000	-15.240000	-152.845001	19.439100	2.411781	31.749294	1085.532035	0.000000
-173.440000	-15.240000	-152.845001	19.689100	2.608001	31.594367	1091.217466	0.000000
-173.440000	-15.240000	-152.845001	19.939100	2.803018	31.441239	1096.902897	0.000000
-173.440000	-15.240000	-152.845001	20.189100	2.996792	31.289951	1102.588329	0.000000
-173.440000	-15.240000	-152.845001	20.439100	3.189416	31.140416	1108.273760	0.000000
-173.440000	-15.240000	-152.845001	20.689100	3.380854	30.992671	1113.959191	0.000000
-173.440000	-15.240000	-152.845001	20.939100	3.571194	30.846631	1119.644623	0.000000
-173.440000	-15.240000	-152.845001	21.189100	3.760403	30.702332	1125.330054	0.000000
-173.440000	-15.240000	-152.845001	21.439100	3.948564	30.559694	1131.015485	0.000000
-173.440000	-15.240000	-152.845001	21.689100	4.135647	30.418749	1136.700917	0.000000
-173.440000	-15.240000	-152.845001	21.939100	4.321732	30.279422	1142.386348	0.000000
-173.440000	-15.240000	-152.845001	22.189100	4.506792	30.141742	1148.071779	0.000000
-173.440000	-15.240000	-152.845001	22.439100	4.690901	30.005637	1153.757211	0.000000
-173.440000	-15.240000	-152.845001	22.689100	4.874035	29.871136	1159.442642	0.000000
-173.440000	-15.240000	-152.845001	22.939100	5.056266	29.738169	1165.128073	0.000000
-173.440000	-15.240000	-152.845001	23.189100	5.237571	29.606762	1170.813504	0.000000
-173.440000	-15.240000	-152.845001	23.439100	5.418019	29.476851	1176.498936	0.000000
-173.440000	-15.240000	-152.845001	23.689100	5.597590	29.348459	1182.184367	0.000000
-173.440000	-15.240000	-152.595001	15.189100	-2.098574	35.021514	992.857314	0.000000
-173.440000	-15.240000	-152.595001	15.439100	-1.987129	34.830520	998.642630	0.000000
-173.440000	-15.240000	-152.595001	15.689100	-2.115996	34.641832	1004.427946	0.000000
-173.440000	-15.240000	-152.595001	15.939100	-2.251144	34.455447	1010.173532	0.000000
-173.440000	-15.240000	-152.595001	16.189100	-2.499082	34.271298	1015.715534	0.000000
-173.440000	-15.240000	-152.595001	16.439100	-2.249292	34.089395	1021.257536	0.000000
-173.440000	-15.240000	-152.595001	16.689100	-1.481401	33.909660	1026.799538	0.000000
-173.440000	-15.240000	-152.595001	16.939100	-0.997513	33.732114	1032.341541	0.000000
-173.440000	-15.240000	-152.595001	17.189100	-0.581216	33.556671	1038.001392	0.000000
-173.440000	-15.240000	-152.595001	17.439100	0.098952	33.383362	1043.686824	0.000000
-173.440000	-15.240000	-152.595001	17.689100	0.676402	33.212094	1049.372255	0.000000
-173.440000	-15.240000	-152.595001	17.939100	0.882784	33.042905	1055.057686	0.000000
-173.440000	-15.240000	-152.595001	18.189100	1.087764	32.875697	1060.743118	0.000000
-173.440000	-15.240000	-152.595001	18.439100	1.291297	32.710516	1066.428549	0.000000
-173.440000	-15.240000	-152.595001	18.689100	1.493491	32.547256	1072.113980	0.000000
-173.440000	-15.240000	-152.595001	18.939100	1.694294	32.385974	1077.799411	0.000000
-173.440000	-15.240000	-152.595001	19.189100	1.893821	32.226556	1083.484843	0.000000
-173.440000	-15.240000	-152.595001	19.439100	2.092009	32.069066	1089.170274	0.000000
-173.440000	-15.240000	-152.595001	19.689100	2.288982	31.913386	1094.855705	0.000000
-173.440000	-15.240000	-152.595001	19.939100	2.484670	31.759586	1100.541137	0.000000
-173.440000	-15.240000	-152.595001	20.189100	2.679201	31.607542	1106.226568	0.000000
-173.440000	-15.240000	-152.595001	20.439100	2.872498	31.457334	1111.911999	0.000000
-173.440000	-15.240000	-152.595001	20.689100	3.064696	31.308829	1117.597431	0.000000
-173.440000	-15.240000	-152.595001	20.939100	3.255709	31.162115	1123.282862	0.000000
-173.440000	-15.240000	-152.595001	21.189100	3.445679	31.017056	1128.968293	0.000000
-173.440000	-15.240000	-152.345001	15.189100	-2.538343	35.350548	996.457133	1.000000
-173.440000	-15.240000	-152.345001	15.439100	-2.779649	35.158920	1002.242449	1.000000
-173.440000	-15.240000	-152.345001	15.689100	-2.918325	34.969661	1007.907472	0.000000
-173.440000	-15.240000	-152.345001	15.939100	-2.715376	34.782624	1013.449475	0.000000
-173.440000	-15.240000	-152.345001	16.189100	-2.064278	34.597889	1018.991477	0.000000
-173.440000	-15.240000	-152.345001	16.439100	-1.639958	34.415319	1024.583338	0.000000
-173.440000	-15.240000	-152.345001	16.689100	-1.108648	34.234986	1030.268769	0.000000
-173.440000	-15.240000	-152.345001	16.939100	-0.369582	34.056758	1035.954200	0.000000
-173.440000	-15.240000	-152.345001	17.189100	-0.064872	33.880707	1041.639632	0.000000
-173.440000	-15.240000	-152.345001	17.439100	0.145174	33.706705	1047.325063	0.000000
-173.440000	-15.240000	-152.345001	17.689100	0.353678	33.534818	1053.010494	0.000000
-173.440000	-15.240000	-152.345001	17.939100	0.560763	33.364926	1058.695926	0.000000
-173.440000	-15.240000	-152.345001	18.189100	0.766370	33.197091	1064.381357	0.000000
-173.440000	-15.240000	-152.345001	18.439100	0.970614	33.031198	1070.066788	0.000000
-173.440000	-15.240000	-152.345001	18.689100	1.173442	32.867305	1075.752219	0.000000
-173.440000	-15.240000	-152.095001	15.189100	-3.231973	35.677029	1000.056953	1.000000
-173.440000	-15.240000	-152.095001	15.439100	-2.821413	35.484869	1005.641413	1.000000
-173.440000	-15.240000	-152.095001	15.689100	-2.715797	35.295006	1011.183415	0.000000
-173.440000	-15.240000	-152.095001	15.939100	-2.291010	35.107422	1016.850714	0.000000
-173.440000	-15.240000	-152.095001	16.189100	-1.586059	34.922066	1022.536146	0.000000
-173.440000	-15.240000	-151.845001	15.189100	-4.205064	36.001279	1003.432660	1.000000
-173.440000	-15.240000	-151.845001	15.439100	-3.417540	35.808557	1009.118091	1.000000
-173.440000	-15.240000	-151.845001	15.689100	-2.138550	35.618187	1014.803522	0.000000
-173.440000	-15.240000	-151.845001	15.939100	-1.785889	35.430022	1020.488954	0.000000
