-155.772995	19.079000	1356.218000	-0.900048
-155.996994	20.771000	1380.220000	2.517205
-155.710999	20.046000	1373.214000	3.258397
-159.401001	21.971001	1334.205000	2.058971
-157.270004	21.108999	1361.233000	2.967728
-159.664993	22.122999	1339.215000	-0.722588
-161.095001	23.997200	1353.206000	-3.199305
-158.933105	24.573799	1398.311000	-1.316832
-155.765305	26.776699	1492.203000	NaN
-152.765793	25.592800	1521.504000	NaN
-156.964600	24.312099	1425.233000	-0.902193
-158.185394	22.620199	1373.218000	1.768142
-154.251801	21.168699	1420.222000	3.531040
-152.981201	18.301800	1391.262000	NaN
-151.686600	14.689100	1359.650000	NaN
-153.967499	14.731300	1311.199000	-0.378577
-153.868195	17.315399	1358.282000	-2.566708
-156.206604	16.162001	1289.222000	-1.636383
-157.700806	16.348400	1261.513000	NaN
-158.982498	15.574000	1221.194000	NaN
-158.179504	20.377800	1332.214000	3.506715
