-155.772995	19.079000	1345.111000	-1.293229
-155.996994	20.771000	1307.090000	0.305090
-154.983002	19.601000	1349.113000	2.031054
-159.401001	21.971001	1222.102000	1.379095
-156.658005	20.891001	1293.101000	-0.306480
-159.664993	22.122999	1214.075000	1.253710
-156.755997	21.136000	1286.105000	0.429619
-161.314896	21.956301	1190.066000	3.858165
-161.095001	23.997200	1151.086000	1.636597
-158.933105	24.573799	1180.082000	0.552673
-155.765305	26.776699	1193.310000	NaN
-152.765793	25.592800	1267.078000	NaN
-158.185394	22.620199	1232.066000	0.647804
-152.981201	18.301800	1410.084000	4.932914
-150.914993	18.914200	1430.079000	NaN
-151.686600	14.689100	1501.089000	NaN
-153.967499	14.731300	1458.066000	-4.217661
-153.868195	17.315399	1414.089000	-2.915043
-156.387695	17.614901	1365.082000	-1.931282
-156.206604	16.162001	1389.083000	-4.321045
-157.859100	14.659600	1387.292000	-2.579394
-157.700806	16.348400	1358.082000	-5.713024
-158.982498	15.574000	1350.080000	-2.690801
-158.760193	18.564699	1299.070000	-2.999361
-158.179504	20.377800	1274.082000	-1.171569
