146.260000	-55.120000	-160.814896	21.659600	-0.649505	27.150358	2417.063703	1.000000
146.260000	-55.120000	-160.814896	21.909600	-0.771011	27.148564	2423.220309	1.000000
146.260000	-55.120000	-160.814896	22.159600	-1.108804	27.147223	2429.465168	1.000000
146.260000	-55.120000	-160.814896	22.409600	-1.168364	27.146315	2435.766183	1.000000
146.260000	-55.120000	-160.814896	22.659600	-1.127040	27.145860	2442.067198	1.000000
146.260000	-55.120000	-160.814896	22.909600	-1.085599	27.145838	2448.368213	0.000000
146.260000	-55.120000	-160.814896	23.159600	-1.044055	27.146268	2454.669228	1.000000
146.260000	-55.120000	-160.814896	23.409600	-1.330948	27.147132	2460.970243	1.000000
146.260000	-55.120000	-160.814896	23.659600	-1.788747	27.148449	2467.245510	1.000000
146.260000	-55.120000	-160.564896	20.909600	-6.518658	27.253500	2401.446828	0.000000
146.260000	-55.120000	-160.564896	21.159600	-0.827939	27.250586	2407.603434	0.000000
146.260000	-55.120000	-160.564896	21.409600	-0.786634	27.248113	2413.760041	1.000000
146.260000	-55.120000	-160.564896	21.659600	-0.745235	27.246088	2419.916647	2.000000
146.260000	-55.120000	-160.564896	21.909600	-0.840094	27.244503	2426.073254	2.000000
146.260000	-55.120000	-160.564896	22.159600	-1.178641	27.243366	2432.303522	2.000000
146.260000	-55.120000	-160.564896	22.409600	-1.264718	27.242669	2438.604536	2.000000
146.260000	-55.120000	-160.564896	22.659600	-1.223601	27.242420	2444.905551	2.000000
146.260000	-55.120000	-160.564896	22.909600	-1.182372	27.242611	2451.206566	0.000000
146.260000	-55.120000	-160.564896	23.159600	-1.621612	27.243250	2457.507581	1.000000
146.260000	-55.120000	-160.564896	23.409600	-2.086090	27.244330	2463.715099	1.000000
146.260000	-55.120000	-160.564896	23.659600	-2.632158	27.245857	2469.798005	1.000000
146.260000	-55.120000	-160.314896	20.409600	-8.367515	27.354969	2391.986559	1.000000
146.260000	-55.120000	-160.314896	20.659600	-1.978103	27.351372	2398.143165	1.000000
146.260000	-55.120000	-160.314896	20.909600	-0.963856	27.348211	2404.299772	0.000000
146.260000	-55.120000	-160.314896	21.159600	-0.922858	27.345505	2410.456378	0.000000
146.260000	-55.120000	-160.314896	21.409600	-0.881756	27.343235	2416.612985	1.000000
146.260000	-55.120000	-160.314896	21.659600	-0.840567	27.341420	2422.769591	2.000000
146.260000	-55.120000	-160.314896	21.909600	-0.908725	27.340040	2428.926198	2.000000
146.260000	-55.120000	-160.314896	22.159600	-1.248036	27.339116	2435.141875	2.000000
146.260000	-55.120000	-160.314896	22.409600	-1.360675	27.338627	2441.442890	1.000000
146.260000	-55.120000	-160.314896	22.659600	-1.363106	27.338592	2447.743905	1.000000
146.260000	-55.120000	-160.314896	22.909600	-1.913046	27.338993	2454.044920	1.000000
146.260000	-55.120000	-160.314896	23.159600	-2.384325	27.339848	2460.184688	0.000000
146.260000	-55.120000	-160.314896	23.409600	-2.768643	27.341139	2466.267594	1.000000
146.260000	-55.120000	-160.314896	23.659600	-2.729186	27.342885	2472.350499	1.000000
146.260000	-55.120000	-160.314896	23.909600	-2.689620	27.345066	2478.433405	1.000000
146.260000	-55.120000	-160.064896	19.909600	-9.777069	27.457028	2382.526290	1.000000
146.260000	-55.120000	-160.064896	20.159600	-4.013247	27.452738	2388.682897	1.000000
146.260000	-55.120000	-160.064896	20.409600	-0.828357	27.448892	2394.839503	1.000000
146.260000	-55.120000	-160.064896	20.659600	-0.883124	27.445497	2400.996109	1.000000
146.260000	-55.120000	-160.064896	20.909600	-0.938147	27.442545	2407.152716	0.000000
146.260000	-55.120000	-160.064896	21.159600	-0.993437	27.440044	2413.309322	0.000000
146.260000	-55.120000	-160.064896	21.409600	-0.976506	27.437985	2419.465929	1.000000
146.260000	-55.120000	-160.064896	21.659600	-0.935523	27.436376	2425.622535	1.000000
146.260000	-55.120000	-160.064896	21.909600	-0.976937	27.435210	2431.779142	1.000000
146.260000	-55.120000	-160.064896	22.159600	-1.317009	27.434494	2437.980229	1.000000
146.260000	-55.120000	-160.064896	22.409600	-1.750293	27.434220	2444.281244	1.000000
146.260000	-55.120000	-160.064896	22.659600	-2.205325	27.434396	2450.571372	1.000000
146.260000	-55.120000	-160.064896	22.909600	-2.703002	27.435014	2456.654277	1.000000
146.260000	-55.120000	-160.064896	23.159600	-2.904249	27.436082	2462.737183	0.000000
146.260000	-55.120000	-160.064896	23.409600	-2.865096	27.437592	2468.820088	0.000000
146.260000	-55.120000	-160.064896	23.659600	-2.825853	27.439553	2474.902994	0.000000
146.260000	-55.120000	-160.064896	23.909600	-2.786509	27.441956	2480.985899	1.000000
146.260000	-55.120000	-159.814896	19.409600	-9.202830	27.559640	2373.871912	1.000000
146.260000	-55.120000	-159.814896	19.659600	-3.497641	27.554662	2379.556198	1.000000
146.260000	-55.120000	-159.814896	19.909600	0.377892	27.550122	2385.505582	1.000000
146.260000	-55.120000	-159.814896	20.159600	-0.205834	27.546042	2391.638117	1.000000
146.260000	-55.120000	-159.814896	20.409600	-0.259168	27.542400	2397.770651	1.000000
146.260000	-55.120000	-159.814896	20.659600	-0.312759	27.539216	2403.903186	1.000000
146.260000	-55.120000	-159.814896	20.909600	-0.366587	27.536469	2410.035721	0.000000
146.260000	-55.120000	-159.814896	21.159600	-0.454905	27.534180	2416.168255	1.000000
146.260000	-55.120000	-159.814896	21.409600	-0.554562	27.532328	2422.318873	1.000000
146.260000	-55.120000	-159.814896	21.659600	-0.620295	27.530935	2428.475479	1.000000
146.260000	-55.120000	-159.814896	21.909600	-0.730951	27.529977	2434.632086	1.000000
146.260000	-55.120000	-159.814896	22.159600	-1.073124	27.529478	2440.818583	1.000000
146.260000	-55.120000	-159.814896	22.409600	-2.371677	27.529415	2447.040961	1.000000
146.260000	-55.120000	-159.814896	22.659600	-3.077695	27.529810	2453.123866	1.000000
146.260000	-55.120000	-159.814896	22.909600	-3.038934	27.530641	2459.206772	1.000000
146.260000	-55.120000	-159.814896	23.159600	-3.000097	27.531930	2465.289677	0.000000
146.260000	-55.120000	-159.814896	23.409600	-2.961160	27.533656	2471.372583	0.000000
146.260000	-55.120000	-159.814896	23.659600	-2.922140	27.535839	2477.455489	0.000000
146.260000	-55.120000	-159.814896	23.909600	-2.883014	27.538460	2483.538394	0.000000
146.260000	-55.120000	-159.564896	18.909600	-8.087544	27.662842	2365.398965	0.000000
146.260000	-55.120000	-159.564896	19.159600	-2.600392	27.657166	2371.007361	1.000000
146.260000	-55.120000	-159.564896	19.409600	0.514003	27.651937	2376.676342	1.000000
146.260000	-55.120000	-159.564896	19.659600	1.018625	27.647162	2382.612224	1.000000
146.260000	-55.120000	-159.564896	19.909600	0.702243	27.642833	2388.548106	1.000000
146.260000	-55.120000	-159.564896	20.159600	-0.046250	27.638957	2394.635778	1.000000
146.260000	-55.120000	-159.564896	20.409600	-0.091047	27.635526	2400.768313	1.000000
146.260000	-55.120000	-159.564896	20.659600	-0.049656	27.632548	2406.900848	1.000000
146.260000	-55.120000	-159.564896	20.909600	-0.008161	27.630015	2413.033382	0.000000
146.260000	-55.120000	-159.564896	21.159600	0.033432	27.627935	2419.165917	1.000000
146.260000	-55.120000	-159.564896	21.409600	0.003960	27.626299	2425.298451	1.000000
146.260000	-55.120000	-159.564896	21.659600	-0.049285	27.625115	2431.430986	1.000000
146.260000	-55.120000	-159.564896	21.909600	-0.079881	27.624376	2437.563521	1.000000
146.260000	-55.120000	-159.564896	22.159600	0.185770	27.624088	2443.699160	1.000000
146.260000	-55.120000	-159.564896	22.409600	-0.531223	27.624245	2449.624145	1.000000
146.260000	-55.120000	-159.564896	22.659600	-1.440227	27.624854	2455.676361	1.000000
146.260000	-55.120000	-159.564896	22.909600	-2.111003	27.625907	2461.759266	1.000000
146.260000	-55.120000	-159.564896	23.159600	-2.733152	27.627412	2467.842172	0.000000
146.260000	-55.120000	-159.564896	23.409600	-3.056866	27.629362	2473.925078	0.000000
146.260000	-55.120000	-159.564896	23.659600	-3.018065	27.631764	2480.007983	0.000000
146.260000	-55.120000	-159.564896	23.909600	-2.979164	27.634611	2486.090889	1.000000
146.260000	-55.120000	-159.314896	18.409600	-6.392898	27.766598	2356.926019	0.000000
146.260000	-55.120000	-159.314896	18.659600	-0.963959	27.760229	2362.534414	0.000000
146.260000	-55.120000	-159.314896	18.909600	-0.375428	27.754300	2368.142809	0.000000
146.260000	-55.120000	-159.314896	19.159600	0.349876	27.748835	2373.796487	1.000000
146.260000	-55.120000	-159.314896	19.409600	0.884660	27.743809	2379.732368	1.000000
146.260000	-55.120000	-159.314896	19.659600	0.926541	27.739246	2385.668250	1.000000
146.260000	-55.120000	-159.314896	19.909600	0.779731	27.735122	2391.604131	1.000000
146.260000	-55.120000	-159.314896	20.159600	-0.025997	27.731460	2397.633440	1.000000
146.260000	-55.120000	-159.314896	20.409600	-0.183757	27.728236	2403.765975	1.000000
146.260000	-55.120000	-159.314896	20.659600	-0.142581	27.725474	2409.898509	0.000000
146.260000	-55.120000	-159.314896	20.909600	-0.101295	27.723150	2416.031044	0.000000
146.260000	-55.120000	-159.314896	21.159600	-0.059920	27.721287	2422.163578	0.000000
146.260000	-55.120000	-159.314896	21.409600	-0.018429	27.719861	2428.296113	1.000000
146.260000	-55.120000	-159.314896	21.659600	0.044134	27.718897	2434.428648	1.000000
146.260000	-55.120000	-159.314896	21.909600	0.104349	27.718370	2440.568465	1.000000
146.260000	-55.120000	-159.314896	22.159600	0.451610	27.718304	2446.710200	1.000000
146.260000	-55.120000	-159.314896	22.409600	1.496046	27.718676	2452.705451	1.000000
146.260000	-55.120000	-159.314896	22.659600	1.175622	27.719508	2458.630436	1.000000
146.260000	-55.120000	-159.314896	22.909600	0.580060	27.720778	2464.555422	1.000000
146.260000	-55.120000	-159.314896	23.159600	-0.167393	27.722509	2470.480407	0.000000
146.260000	-55.120000	-159.314896	23.409600	-1.082143	27.724678	2476.477572	0.000000
146.260000	-55.120000	-159.314896	23.659600	-1.857097	27.727307	2482.560478	1.000000
146.260000	-55.120000	-159.314896	23.909600	-2.478724	27.730376	2488.643383	1.000000
146.260000	-55.120000	-159.314896	24.159600	-3.036163	27.733905	2494.726289	1.000000
146.260000	-55.120000	-159.064896	17.909600	-4.566939	27.870945	2348.453073	0.000000
146.260000	-55.120000	-159.064896	18.159600	-0.620655	27.863871	2354.061468	0.000000
146.260000	-55.120000	-159.064896	18.409600	-0.580398	27.857248	2359.669863	0.000000
146.260000	-55.120000	-159.064896	18.659600	-0.540048	27.851082	2365.278258	0.000000
146.260000	-55.120000	-159.064896	18.909600	0.186607	27.845365	2370.916631	0.000000
146.260000	-55.120000	-159.064896	19.159600	0.751593	27.840104	2376.852513	0.000000
146.260000	-55.120000	-159.064896	19.409600	0.793177	27.835291	2382.788394	0.000000
146.260000	-55.120000	-159.064896	19.659600	0.834852	27.830935	2388.724276	1.000000
146.260000	-55.120000	-159.064896	19.909600	0.805505	27.827025	2394.660157	2.000000
146.260000	-55.120000	-159.064896	20.159600	0.087334	27.823571	2400.631102	2.000000
146.260000	-55.120000	-159.064896	20.409600	-0.276085	27.820564	2406.763636	1.000000
146.260000	-55.120000	-159.064896	20.659600	-0.235119	27.818012	2412.896171	1.000000
146.260000	-55.120000	-159.064896	20.909600	-0.194052	27.815906	2419.028705	1.000000
146.260000	-55.120000	-159.064896	21.159600	-0.147781	27.814255	2425.161240	0.000000
146.260000	-55.120000	-159.064896	21.409600	-0.087436	27.813050	2431.293775	1.000000
146.260000	-55.120000	-159.064896	21.659600	-0.027578	27.812300	2437.435201	1.000000
146.260000	-55.120000	-159.064896	21.909600	0.020896	27.811995	2443.576936	1.000000
146.260000	-55.120000	-159.064896	22.159600	0.205189	27.812145	2449.718670	2.000000
146.260000	-55.120000	-159.064896	22.409600	1.253534	27.812741	2455.786757	2.000000
146.260000	-55.120000	-159.064896	22.659600	1.589802	27.813791	2461.711742	2.000000
146.260000	-55.120000	-159.064896	22.909600	1.633242	27.815287	2467.636728	2.000000
146.260000	-55.120000	-159.064896	23.159600	1.676821	27.817238	2473.561713	1.000000
146.260000	-55.120000	-159.064896	23.409600	1.431875	27.819635	2479.486698	0.000000
146.260000	-55.120000	-159.064896	23.659600	0.837527	27.822487	2485.411684	1.000000
146.260000	-55.120000	-159.064896	23.909600	0.199802	27.825786	2491.336669	1.000000
146.260000	-55.120000	-159.064896	24.159600	-0.720639	27.829540	2497.278783	1.000000
146.260000	-55.120000	-159.064896	24.409600	-1.586895	27.833741	2503.361689	1.000000
146.260000	-55.120000	-158.814896	17.409600	-2.804820	27.975845	2339.980126	0.000000
146.260000	-55.120000	-158.814896	17.659600	-0.790568	27.968073	2345.588522	0.000000
146.260000	-55.120000	-158.814896	17.909600	-0.750641	27.960744	2351.196917	0.000000
146.260000	-55.120000	-158.814896	18.159600	-0.710666	27.953882	2356.805312	0.000000
146.260000	-55.120000	-158.814896	18.409600	-0.701111	27.947463	2362.413707	0.000000
146.260000	-55.120000	-158.814896	18.659600	0.024211	27.941510	2368.036776	0.000000
146.260000	-55.120000	-158.814896	18.909600	0.619470	27.935998	2373.972657	0.000000
146.260000	-55.120000	-158.814896	19.159600	0.660744	27.930952	2379.908539	0.000000
146.260000	-55.120000	-158.814896	19.409600	0.702121	27.926347	2385.844420	0.000000
146.260000	-55.120000	-158.814896	19.659600	0.743580	27.922207	2391.780302	1.000000
146.260000	-55.120000	-158.814896	19.909600	0.785148	27.918507	2397.716183	1.000000
146.260000	-55.120000	-158.814896	20.159600	0.340309	27.915271	2403.652065	1.000000
146.260000	-55.120000	-158.814896	20.409600	-0.323297	27.912475	2409.761298	1.000000
146.260000	-55.120000	-158.814896	20.659600	-0.327250	27.910142	2415.893832	1.000000
146.260000	-55.120000	-158.814896	20.909600	-0.277474	27.908250	2422.026367	1.000000
146.260000	-55.120000	-158.814896	21.159600	-0.218071	27.906820	2428.160201	1.000000
146.260000	-55.120000	-158.814896	21.409600	-0.156054	27.905830	2434.301936	0.000000
146.260000	-55.120000	-158.814896	21.659600	-0.113644	27.905303	2440.443671	1.000000
146.260000	-55.120000	-158.814896	21.909600	-0.072324	27.905215	2446.585406	2.000000
146.260000	-55.120000	-158.814896	22.159600	-0.029336	27.905590	2452.727140	2.000000
146.260000	-55.120000	-158.814896	22.409600	0.728583	27.906405	2458.868063	2.000000
146.260000	-55.120000	-158.814896	22.659600	1.495910	27.907682	2464.793048	2.000000
146.260000	-55.120000	-158.814896	22.909600	1.539129	27.909400	2470.718034	1.000000
146.260000	-55.120000	-158.814896	23.159600	1.582479	27.911580	2476.643019	1.000000
146.260000	-55.120000	-158.814896	23.409600	1.625985	27.914201	2482.568004	1.000000
146.260000	-55.120000	-158.814896	23.659600	1.674560	27.917284	2488.492990	1.000000
146.260000	-55.120000	-158.814896	23.909600	1.744153	27.920808	2494.417975	1.000000
146.260000	-55.120000	-158.814896	24.159600	1.737682	27.924796	2500.342960	1.000000
146.260000	-55.120000	-158.564896	16.909600	-1.106868	28.081337	2331.507180	0.000000
146.260000	-55.120000	-158.564896	17.159600	-0.959003	28.072855	2337.115575	0.000000
146.260000	-55.120000	-158.564896	17.409600	-0.919403	28.064825	2342.723971	0.000000
146.260000	-55.120000	-158.564896	17.659600	-0.879752	28.057257	2348.332366	0.000000
146.260000	-55.120000	-158.564896	17.909600	-0.840039	28.050141	2353.940761	0.000000
146.260000	-55.120000	-158.564896	18.159600	-0.800268	28.043485	2359.549156	0.000000
146.260000	-55.120000	-158.564896	18.409600	-0.137327	28.037280	2365.157551	0.000000
146.260000	-55.120000	-158.564896	18.659600	0.489526	28.031534	2371.092801	0.000000
146.260000	-55.120000	-158.564896	18.909600	0.529230	28.026238	2377.028683	0.000000
146.260000	-55.120000	-158.564896	19.159600	0.570296	28.021401	2382.964565	0.000000
146.260000	-55.120000	-158.564896	19.409600	0.611455	28.017013	2388.900446	0.000000
146.260000	-55.120000	-158.564896	19.659600	0.652704	28.013083	2394.836328	1.000000
146.260000	-55.120000	-158.564896	19.909600	0.694053	28.009602	2400.772209	1.000000
146.260000	-55.120000	-158.564896	20.159600	0.503248	28.006578	2406.708091	1.000000
146.260000	-55.120000	-158.564896	20.409600	-0.302278	28.004003	2412.758959	1.000000
146.260000	-55.120000	-158.564896	20.659600	-0.406856	28.001885	2418.891494	1.000000
146.260000	-55.120000	-158.564896	20.909600	-0.347784	28.000214	2425.026937	1.000000
146.260000	-55.120000	-158.564896	21.159600	-0.288128	27.999001	2431.168672	1.000000
146.260000	-55.120000	-158.564896	21.409600	-0.247248	27.998235	2437.310406	0.000000
146.260000	-55.120000	-158.564896	21.659600	-0.206267	27.997926	2443.452141	0.000000
146.260000	-55.120000	-158.564896	21.909600	-0.165173	27.998064	2449.593876	1.000000
146.260000	-55.120000	-158.564896	22.159600	-0.123971	27.998659	2455.735611	1.000000
146.260000	-55.120000	-158.564896	22.409600	0.202444	27.999702	2461.877345	1.000000
146.260000	-55.120000	-158.564896	22.659600	1.254128	28.001202	2467.874354	1.000000
146.260000	-55.120000	-158.564896	22.909600	1.445380	28.003149	2473.799340	1.000000
146.260000	-55.120000	-158.564896	23.159600	1.509179	28.005554	2479.724325	1.000000
146.260000	-55.120000	-158.564896	23.409600	1.575631	28.008407	2485.649310	1.000000
146.260000	-55.120000	-158.564896	23.659600	1.631413	28.011717	2491.575531	1.000000
146.260000	-55.120000	-158.564896	23.909600	1.689926	28.015475	2497.506970	1.000000
146.260000	-55.120000	-158.314896	16.159600	-4.662079	28.197043	2317.425839	0.000000
146.260000	-55.120000	-158.314896	16.409600	-1.165197	28.187382	2323.034234	0.000000
146.260000	-55.120000	-158.314896	16.659600	-1.125960	28.178195	2328.642629	0.000000
146.260000	-55.120000	-158.314896	16.909600	-1.086664	28.169454	2334.251024	0.000000
146.260000	-55.120000	-158.314896	17.159600	-1.047334	28.161185	2339.859419	0.000000
146.260000	-55.120000	-158.314896	17.409600	-1.007938	28.153360	2345.467815	0.000000
146.260000	-55.120000	-158.314896	17.659600	-0.968502	28.146007	2351.076210	0.000000
146.260000	-55.120000	-158.314896	17.909600	-0.928995	28.139097	2356.684605	0.000000
146.260000	-55.120000	-158.314896	18.159600	-0.297992	28.132657	2362.293000	0.000000
146.260000	-55.120000	-158.314896	18.409600	0.387762	28.126660	2368.212946	0.000000
146.260000	-55.120000	-158.314896	18.659600	0.398649	28.121132	2374.148827	0.000000
146.260000	-55.120000	-158.314896	18.909600	0.439423	28.116046	2380.084709	0.000000
146.260000	-55.120000	-158.314896	19.159600	0.480269	28.111427	2386.020590	0.000000
146.260000	-55.120000	-158.314896	19.409600	0.521217	28.107251	2391.956472	1.000000
146.260000	-55.120000	-158.314896	19.659600	0.562245	28.103542	2397.892354	1.000000
146.260000	-55.120000	-158.314896	19.909600	0.603381	28.100274	2403.828235	1.000000
146.260000	-55.120000	-158.314896	20.159600	0.569793	28.097472	2409.764117	1.000000
146.260000	-55.120000	-158.314896	20.409600	0.167595	28.095112	2415.756621	1.000000
146.260000	-55.120000	-158.314896	20.659600	-0.044716	28.093218	2421.893672	1.000000
146.260000	-55.120000	-158.314896	20.909600	0.013959	28.091764	2428.035407	1.000000
146.260000	-55.120000	-158.314896	21.159600	0.057368	28.090776	2434.177142	1.000000
146.260000	-55.120000	-158.314896	21.409600	0.100899	28.090230	2440.318877	0.000000
146.260000	-55.120000	-158.314896	21.659600	0.144532	28.090148	2446.460611	1.000000
146.260000	-55.120000	-158.314896	21.909600	0.188295	28.090507	2452.602346	1.000000
146.260000	-55.120000	-158.314896	22.159600	0.232167	28.091332	2458.744081	1.000000
146.260000	-55.120000	-158.314896	22.409600	0.417008	28.092598	2464.885816	1.000000
146.260000	-55.120000	-158.314896	22.659600	1.048569	28.094329	2470.955660	1.000000
146.260000	-55.120000	-158.314896	22.909600	1.403326	28.096501	2476.880646	1.000000
146.260000	-55.120000	-158.314896	23.159600	1.458554	28.099140	2482.810821	1.000000
146.260000	-55.120000	-158.314896	23.409600	1.524714	28.102220	2488.742261	1.000000
146.260000	-55.120000	-158.314896	23.659600	1.588750	28.105765	2494.673700	0.000000
146.260000	-55.120000	-158.064896	15.659600	-2.920874	28.304391	2308.952892	0.000000
146.260000	-55.120000	-158.064896	15.909600	-1.330432	28.294021	2314.561287	0.000000
146.260000	-55.120000	-158.064896	16.159600	-1.291480	28.284117	2320.169683	0.000000
146.260000	-55.120000	-158.064896	16.409600	-1.252485	28.274670	2325.778078	0.000000
146.260000	-55.120000	-158.064896	16.659600	-1.213452	28.265687	2331.386473	0.000000
146.260000	-55.120000	-158.064896	16.909600	-1.174371	28.257161	2336.994868	0.000000
146.260000	-55.120000	-158.064896	17.159600	-1.135247	28.249098	2342.603264	0.000000
146.260000	-55.120000	-158.064896	17.409600	-1.096067	28.241489	2348.211659	0.000000
146.260000	-55.120000	-158.064896	17.659600	-1.056838	28.234343	2353.820054	0.000000
146.260000	-55.120000	-158.064896	17.909600	-0.457799	28.227651	2359.428449	0.000000
146.260000	-55.120000	-158.064896	18.159600	0.229180	28.221420	2365.333090	0.000000
146.260000	-55.120000	-158.064896	18.409600	0.268990	28.215642	2371.268972	0.000000
146.260000	-55.120000	-158.064896	18.659600	0.309457	28.210324	2377.204853	0.000000
146.260000	-55.120000	-158.064896	18.909600	0.350010	28.205459	2383.140735	0.000000
146.260000	-55.120000	-158.064896	19.159600	0.390644	28.201053	2389.076616	0.000000
146.260000	-55.120000	-158.064896	19.409600	0.431370	28.197098	2395.012498	1.000000
146.260000	-55.120000	-158.064896	19.659600	0.563443	28.193603	2400.948380	1.000000
146.260000	-55.120000	-158.064896	19.909600	0.956789	28.190559	2406.884261	1.000000
146.260000	-55.120000	-158.064896	20.159600	1.154334	28.187973	2412.830290	1.000000
146.260000	-55.120000	-158.064896	20.409600	0.993071	28.185838	2418.870512	1.000000
146.260000	-55.120000	-158.064896	20.659600	0.800738	28.184162	2425.012877	1.000000
146.260000	-55.120000	-158.064896	20.909600	0.844611	28.182935	2431.155243	1.000000
146.260000	-55.120000	-158.064896	21.159600	0.888596	28.182167	2437.297608	1.000000
146.260000	-55.120000	-158.064896	21.409600	0.932704	28.181849	2443.439973	0.000000
146.260000	-55.120000	-158.064896	21.659600	0.976930	28.181989	2449.582338	1.000000
146.260000	-55.120000	-158.064896	21.909600	1.021287	28.182579	2455.724703	1.000000
146.260000	-55.120000	-158.064896	22.159600	1.065769	28.183627	2461.867068	1.000000
146.260000	-55.120000	-158.064896	22.409600	1.049504	28.185125	2468.009434	1.000000
146.260000	-55.120000	-158.064896	22.659600	1.076802	28.187082	2474.046111	1.000000
146.260000	-55.120000	-158.064896	22.909600	1.361316	28.189490	2479.977551	1.000000
146.260000	-55.120000	-158.064896	23.159600	1.409098	28.192356	2485.908990	1.000000
146.260000	-55.120000	-158.064896	23.409600	1.452011	28.195672	2491.840430	1.000000
146.260000	-55.120000	-158.064896	23.659600	1.495068	28.199448	2497.771869	0.000000
146.260000	-55.120000	-157.814896	15.159600	-1.532881	28.412305	2300.479946	1.000000
146.260000	-55.120000	-157.814896	15.409600	-1.494227	28.401212	2306.088341	1.000000
146.260000	-55.120000	-157.814896	15.659600	-1.455558	28.390597	2311.696736	0.000000
146.260000	-55.120000	-157.814896	15.909600	-1.416842	28.380432	2317.305132	0.000000
146.260000	-55.120000	-157.814896	16.159600	-1.378106	28.370743	2322.913527	0.000000
146.260000	-55.120000	-157.814896	16.409600	-1.339317	28.361502	2328.521922	0.000000
146.260000	-55.120000	-157.814896	16.659600	-1.300501	28.352736	2334.130317	0.000000
146.260000	-55.120000	-157.814896	16.909600	-1.261627	28.344417	2339.738712	0.000000
146.260000	-55.120000	-157.814896	17.159600	-1.222720	28.336572	2345.347108	0.000000
146.260000	-55.120000	-157.814896	17.409600	-1.183750	28.329172	2350.955503	0.000000
146.260000	-55.120000	-157.814896	17.659600	-0.616733	28.322245	2356.563898	0.000000
146.260000	-55.120000	-157.814896	17.909600	0.071502	28.315763	2362.453235	0.000000
146.260000	-55.120000	-157.814896	18.159600	0.140266	28.309753	2368.389116	0.000000
146.260000	-55.120000	-157.814896	18.409600	0.180446	28.304186	2374.324998	0.000000
146.260000	-55.120000	-157.814896	18.659600	0.220690	28.299091	2380.260879	0.000000
146.260000	-55.120000	-157.814896	18.909600	0.261030	28.294438	2386.196761	0.000000
146.260000	-55.120000	-157.814896	19.159600	0.443652	28.290256	2392.132642	0.000000
146.260000	-55.120000	-157.814896	19.409600	0.809031	28.286517	2398.068524	0.000000
146.260000	-55.120000	-157.814896	19.659600	1.024485	28.283247	2404.027555	1.000000
146.260000	-55.120000	-157.814896	19.909600	1.284133	28.280419	2410.058444	1.000000
146.260000	-55.120000	-157.814896	20.159600	1.647199	28.278060	2416.089334	1.000000
146.260000	-55.120000	-157.814896	20.409600	1.503431	28.276144	2422.132304	1.000000
146.260000	-55.120000	-157.814896	20.659600	1.227518	28.274696	2428.261349	1.000000
146.260000	-55.120000	-157.814896	20.909600	1.242555	28.273690	2434.403714	1.000000
146.260000	-55.120000	-157.814896	21.159600	1.284329	28.273152	2440.546079	1.000000
146.260000	-55.120000	-157.814896	21.409600	1.326234	28.273056	2446.688445	0.000000
146.260000	-55.120000	-157.814896	21.659600	1.368250	28.273428	2452.830810	0.000000
146.260000	-55.120000	-157.814896	21.909600	1.410403	28.274243	2458.973175	1.000000
146.260000	-55.120000	-157.814896	22.159600	1.427612	28.275525	2465.115540	1.000000
146.260000	-55.120000	-157.814896	22.409600	1.181295	28.277250	2471.187364	1.000000
146.260000	-55.120000	-157.814896	22.659600	1.178677	28.279443	2477.144280	1.000000
146.260000	-55.120000	-157.814896	22.909600	1.273742	28.282079	2483.075720	1.000000
146.260000	-55.120000	-157.814896	23.159600	1.316270	28.285183	2489.007159	1.000000
146.260000	-55.120000	-157.814896	23.409600	1.358953	28.288730	2494.938599	1.000000
146.260000	-55.120000	-157.564896	15.159600	-1.413248	28.497659	2303.223790	1.000000
146.260000	-55.120000	-157.564896	15.409600	-1.579797	28.486782	2308.832185	1.000000
146.260000	-55.120000	-157.564896	15.659600	-1.541334	28.476373	2314.440581	0.000000
146.260000	-55.120000	-157.564896	15.909600	-1.502835	28.466424	2320.048976	0.000000
146.260000	-55.120000	-157.564896	16.159600	-1.464305	28.456943	2325.657371	0.000000
146.260000	-55.120000	-157.564896	16.409600	-1.425734	28.447919	2331.265766	0.000000
146.260000	-55.120000	-157.564896	16.659600	-1.387127	28.439362	2336.874161	0.000000
146.260000	-55.120000	-157.564896	16.909600	-1.348473	28.431262	2342.482557	0.000000
146.260000	-55.120000	-157.564896	17.159600	-1.309776	28.423627	2348.090952	0.000000
146.260000	-55.120000	-157.564896	17.409600	-0.774808	28.416448	2353.699347	0.000000
146.260000	-55.120000	-157.564896	17.659600	-0.085319	28.409732	2359.573379	0.000000
146.260000	-55.120000	-157.564896	17.909600	0.012465	28.403472	2365.509260	0.000000
146.260000	-55.120000	-157.564896	18.159600	0.052344	28.397675	2371.445142	0.000000
146.260000	-55.120000	-157.564896	18.409600	0.092300	28.392331	2377.381024	0.000000
146.260000	-55.120000	-157.564896	18.659600	0.325283	28.387450	2383.316905	0.000000
146.260000	-55.120000	-157.564896	18.909600	0.662787	28.383023	2389.252787	0.000000
146.260000	-55.120000	-157.564896	19.159600	0.877116	28.379057	2395.224820	0.000000
146.260000	-55.120000	-157.564896	19.409600	1.162002	28.375544	2401.255709	0.000000
146.260000	-55.120000	-157.564896	19.659600	1.476539	28.372492	2407.286599	1.000000
146.260000	-55.120000	-157.564896	19.909600	1.505670	28.369892	2413.317489	1.000000
146.260000	-55.120000	-157.564896	20.159600	1.569943	28.367753	2419.354377	1.000000
146.260000	-55.120000	-157.564896	20.409600	1.463763	28.366066	2425.398478	1.000000
146.260000	-55.120000	-157.564896	20.659600	1.172840	28.364839	2431.509821	1.000000
146.260000	-55.120000	-157.564896	20.909600	1.152181	28.364065	2437.652186	1.000000
146.260000	-55.120000	-157.564896	21.159600	1.193731	28.363750	2443.794551	1.000000
146.260000	-55.120000	-157.564896	21.409600	1.235403	28.363888	2449.936916	0.000000
146.260000	-55.120000	-157.564896	21.659600	1.277193	28.364485	2456.079281	0.000000
146.260000	-55.120000	-157.564896	21.909600	1.341985	28.365535	2462.221647	1.000000
146.260000	-55.120000	-157.564896	22.159600	1.070111	28.367044	2468.320146	1.000000
146.260000	-55.120000	-157.564896	22.409600	1.013398	28.369006	2474.290411	1.000000
146.260000	-55.120000	-157.564896	22.659600	1.096762	28.371429	2480.242450	1.000000
146.260000	-55.120000	-157.564896	22.909600	1.181518	28.374303	2486.173889	1.000000
146.260000	-55.120000	-157.564896	23.159600	1.223814	28.377639	2492.105328	1.000000
146.260000	-55.120000	-157.314896	15.409600	-1.664901	28.571886	2311.576029	1.000000
146.260000	-55.120000	-157.314896	15.659600	-1.626657	28.561696	2317.184425	0.000000
146.260000	-55.120000	-157.314896	15.909600	-1.588367	28.551956	2322.792820	0.000000
146.260000	-55.120000	-157.314896	16.159600	-1.550057	28.542694	2328.401215	0.000000
146.260000	-55.120000	-157.314896	16.409600	-1.511696	28.533881	2334.009610	0.000000
146.260000	-55.120000	-157.314896	16.659600	-1.473310	28.525545	2339.618005	0.000000
146.260000	-55.120000	-157.314896	16.909600	-1.434866	28.517656	2345.226401	0.000000
146.260000	-55.120000	-157.314896	17.159600	-0.932010	28.510243	2350.834796	0.000000
146.260000	-55.120000	-157.314896	17.409600	-0.241235	28.503276	2356.693523	0.000000
146.260000	-55.120000	-157.314896	17.659600	-0.114397	28.496784	2362.629405	0.000000
146.260000	-55.120000	-157.314896	17.909600	-0.074801	28.490738	2368.565286	0.000000
146.260000	-55.120000	-157.314896	18.159600	0.208344	28.485166	2374.501168	0.000000
146.260000	-55.120000	-157.314896	18.409600	0.518079	28.480038	2380.437050	0.000000
146.260000	-55.120000	-157.314896	18.659600	0.731297	28.475383	2386.422085	0.000000
146.260000	-55.120000	-157.314896	18.909600	1.041384	28.471173	2392.452974	0.000000
146.260000	-55.120000	-157.314896	19.159600	1.305603	28.467435	2398.483864	0.000000
146.260000	-55.120000	-157.314896	19.409600	1.346614	28.464141	2404.514754	0.000000
146.260000	-55.120000	-157.314896	19.659600	1.387713	28.461318	2410.545643	0.000000
146.260000	-55.120000	-157.314896	19.909600	1.428750	28.458939	2416.576533	1.000000
146.260000	-55.120000	-157.314896	20.159600	1.470339	28.457031	2422.620552	1.000000
146.260000	-55.120000	-157.314896	20.409600	1.410310	28.455567	2428.664653	1.000000
146.260000	-55.120000	-157.314896	20.659600	1.118650	28.454573	2434.758293	1.000000
146.260000	-55.120000	-157.314896	20.909600	1.062223	28.454022	2440.900658	1.000000
146.260000	-55.120000	-157.314896	21.159600	1.103538	28.453942	2447.043023	0.000000
146.260000	-55.120000	-157.314896	21.409600	1.144985	28.454306	2453.185388	0.000000
146.260000	-55.120000	-157.314896	21.659600	1.221039	28.455140	2459.327753	0.000000
146.260000	-55.120000	-157.314896	21.909600	0.986779	28.456418	2465.452928	0.000000
146.260000	-55.120000	-157.314896	22.159600	0.843086	28.458166	2471.423193	1.000000
146.260000	-55.120000	-157.314896	22.409600	0.932073	28.460358	2477.393459	1.000000
146.260000	-55.120000	-157.314896	22.659600	1.015247	28.463020	2483.340619	1.000000
146.260000	-55.120000	-157.314896	22.909600	1.089693	28.466128	2489.272058	1.000000
146.260000	-55.120000	-157.314896	23.159600	1.131748	28.469706	2495.203498	1.000000
146.260000	-55.120000	-157.064896	15.409600	5.803907	28.656568	2314.319874	0.000000
146.260000	-55.120000	-157.064896	15.659600	-1.711549	28.646588	2319.928269	1.000000
146.260000	-55.120000	-157.064896	15.909600	-1.673480	28.637069	2325.536664	1.000000
146.260000	-55.120000	-157.064896	16.159600	-1.635381	28.628018	2331.145059	1.000000
146.260000	-55.120000	-157.064896	16.409600	-1.597242	28.619427	2336.753454	1.000000
146.260000	-55.120000	-157.064896	16.659600	-1.559069	28.611304	2342.361850	1.000000
146.260000	-55.120000	-157.064896	16.909600	-1.088352	28.603638	2347.970245	0.000000
146.260000	-55.120000	-157.064896	17.159600	-0.396293	28.596439	2353.813668	0.000000
146.260000	-55.120000	-157.064896	17.409600	-0.240333	28.589697	2359.749549	0.000000
146.260000	-55.120000	-157.064896	17.659600	0.092800	28.583421	2365.685431	0.000000
146.260000	-55.120000	-157.064896	17.909600	0.374851	28.577601	2371.621312	0.000000
146.260000	-55.120000	-157.064896	18.159600	0.586990	28.572245	2377.619350	0.000000
146.260000	-55.120000	-157.064896	18.409600	0.922227	28.567345	2383.650239	0.000000
146.260000	-55.120000	-157.064896	18.659600	1.136359	28.562909	2389.681129	0.000000
146.260000	-55.120000	-157.064896	18.909600	1.176949	28.558927	2395.712019	0.000000
146.260000	-55.120000	-157.064896	19.159600	1.217629	28.555409	2401.742908	0.000000
146.260000	-55.120000	-157.064896	19.409600	1.258409	28.552346	2407.773798	0.000000
146.260000	-55.120000	-157.064896	19.659600	1.288506	28.549745	2413.804688	0.000000
146.260000	-55.120000	-157.064896	19.909600	1.352515	28.547598	2419.842625	0.000000
146.260000	-55.120000	-157.064896	20.159600	1.381287	28.545913	2425.886727	0.000000
146.260000	-55.120000	-157.064896	20.409600	1.357321	28.544683	2431.930828	0.000000
146.260000	-55.120000	-157.064896	20.659600	1.064930	28.543914	2438.006764	0.000000
146.260000	-55.120000	-157.064896	20.909600	0.972646	28.543599	2444.149129	0.000000
146.260000	-55.120000	-157.064896	21.159600	1.013734	28.543747	2450.291495	0.000000
146.260000	-55.120000	-157.064896	21.409600	1.054943	28.544348	2456.433860	0.000000
146.260000	-55.120000	-157.064896	21.659600	0.904054	28.545411	2462.576225	0.000000
146.260000	-55.120000	-157.064896	21.909600	0.691767	28.546928	2468.555975	0.000000
146.260000	-55.120000	-157.064896	22.159600	0.752345	28.548907	2474.526241	0.000000
146.260000	-55.120000	-157.064896	22.409600	0.851123	28.551340	2480.496506	0.000000
146.260000	-55.120000	-157.064896	22.659600	0.934115	28.554236	2486.438788	0.000000
146.260000	-55.120000	-157.064896	22.909600	0.998235	28.557586	2492.370227	0.000000
146.260000	-55.120000	-156.814896	15.659600	4.996969	28.731028	2322.672113	1.000000
146.260000	-55.120000	-156.814896	15.909600	-1.758132	28.721721	2328.280508	1.000000
146.260000	-55.120000	-156.814896	16.159600	-1.720257	28.712894	2333.888903	1.000000
146.260000	-55.120000	-156.814896	16.409600	-1.682332	28.704517	2339.497298	1.000000
146.260000	-55.120000	-156.814896	16.659600	-1.243822	28.696619	2345.105694	1.000000
146.260000	-55.120000	-156.814896	16.909600	-0.550446	28.689168	2350.933812	1.000000
146.260000	-55.120000	-156.814896	17.159600	-0.021341	28.682196	2356.869694	0.000000
146.260000	-55.120000	-156.814896	17.409600	0.233126	28.675670	2362.805575	0.000000
146.260000	-55.120000	-156.814896	17.659600	0.444198	28.669621	2368.816615	0.000000
146.260000	-55.120000	-156.814896	17.909600	0.804555	28.664019	2374.847505	0.000000
146.260000	-55.120000	-156.814896	18.159600	0.968806	28.658893	2380.878394	0.000000
146.260000	-55.120000	-156.814896	18.409600	1.008997	28.654212	2386.909284	0.000000
146.260000	-55.120000	-156.814896	18.659600	1.049261	28.650007	2392.940173	0.000000
146.260000	-55.120000	-156.814896	18.909600	1.089630	28.646246	2398.971063	1.000000
146.260000	-55.120000	-156.814896	19.159600	1.130078	28.642960	2405.001953	1.000000
146.260000	-55.120000	-156.814896	19.409600	1.168656	28.640120	2411.032842	0.000000
146.260000	-55.120000	-156.814896	19.659600	1.212927	28.637752	2417.064698	0.000000
146.260000	-55.120000	-156.814896	19.909600	1.251969	28.635830	2423.108800	0.000000
146.260000	-55.120000	-156.814896	20.159600	1.292820	28.634381	2429.152901	1.000000
146.260000	-55.120000	-156.814896	20.409600	1.304834	28.633376	2435.197003	1.000000
146.260000	-55.120000	-156.814896	20.659600	1.025237	28.632845	2441.255236	1.000000
146.260000	-55.120000	-156.814896	20.909600	0.883487	28.632758	2447.397601	1.000000
146.260000	-55.120000	-156.814896	21.159600	0.924337	28.633144	2453.539966	1.000000
146.260000	-55.120000	-156.814896	21.409600	0.821987	28.633975	2459.682331	1.000000
146.260000	-55.120000	-156.814896	21.659600	0.543709	28.635279	2465.688757	0.000000
146.260000	-55.120000	-156.814896	21.909600	0.621061	28.637028	2471.659023	0.000000
146.260000	-55.120000	-156.814896	22.159600	0.662002	28.639250	2477.629288	0.000000
146.260000	-55.120000	-156.814896	22.409600	0.770584	28.641917	2483.599554	0.000000
146.260000	-55.120000	-156.814896	22.659600	0.853383	28.645057	2489.536957	0.000000
146.260000	-55.120000	-156.564896	15.909600	4.096479	28.805954	2331.024352	1.000000
146.260000	-55.120000	-156.564896	16.159600	-1.804705	28.797342	2336.632747	1.000000
146.260000	-55.120000	-156.564896	16.409600	-1.373061	28.789191	2342.241143	1.000000
146.260000	-55.120000	-156.564896	16.659600	-0.304355	28.781509	2348.053956	1.000000
146.260000	-55.120000	-156.564896	16.909600	0.092847	28.774287	2353.989838	1.000000
146.260000	-55.120000	-156.564896	17.159600	0.302885	28.767532	2360.013880	0.000000
146.260000	-55.120000	-156.564896	17.409600	0.688315	28.761235	2366.044770	0.000000
146.260000	-55.120000	-156.564896	17.659600	0.802904	28.755406	2372.075659	0.000000
146.260000	-55.120000	-156.564896	17.909600	0.842699	28.750034	2378.106549	0.000000
146.260000	-55.120000	-156.564896	18.159600	0.882570	28.745128	2384.137438	0.000000
146.260000	-55.120000	-156.564896	18.409600	0.922530	28.740679	2390.168328	0.000000
146.260000	-55.120000	-156.564896	18.659600	0.962572	28.736696	2396.199218	1.000000
146.260000	-55.120000	-156.564896	18.909600	1.002707	28.733169	2402.230107	1.000000
146.260000	-55.120000	-156.564896	19.159600	1.042931	28.730107	2408.260997	1.000000
146.260000	-55.120000	-156.564896	19.409600	1.074311	28.727501	2414.291887	1.000000
146.260000	-55.120000	-156.564896	19.659600	1.134073	28.725359	2420.330873	1.000000
146.260000	-55.120000	-156.564896	19.909600	1.164126	28.723673	2426.374975	0.000000
146.260000	-55.120000	-156.564896	20.159600	1.204749	28.722451	2432.419076	1.000000
146.260000	-55.120000	-156.564896	20.409600	1.245484	28.721685	2438.463178	1.000000
146.260000	-55.120000	-156.564896	20.659600	1.039587	28.721382	2444.507279	1.000000
146.260000	-55.120000	-156.564896	20.909600	0.801853	28.721535	2450.646073	1.000000
146.260000	-55.120000	-156.564896	21.159600	0.740538	28.722152	2456.788438	1.000000
146.260000	-55.120000	-156.564896	21.409600	0.463956	28.723225	2462.821539	1.000000
146.260000	-55.120000	-156.564896	21.659600	0.490743	28.724762	2468.791804	0.000000
146.260000	-55.120000	-156.564896	21.909600	0.531334	28.726754	2474.762070	1.000000
146.260000	-55.120000	-156.564896	22.159600	0.572041	28.729211	2480.732336	1.000000
146.260000	-55.120000	-156.564896	22.409600	0.675437	28.732123	2486.702601	1.000000
146.260000	-55.120000	-156.564896	22.659600	0.773036	28.735501	2492.635126	1.000000
146.260000	-55.120000	-156.314896	15.909600	12.654041	28.889724	2334.638375	1.000000
146.260000	-55.120000	-156.314896	16.159600	2.720066	28.881341	2339.376592	1.000000
146.260000	-55.120000	-156.314896	16.409600	-0.479722	28.873408	2345.180255	1.000000
146.260000	-55.120000	-156.314896	16.659600	0.024721	28.865955	2351.211145	1.000000
146.260000	-55.120000	-156.314896	16.909600	0.505974	28.858952	2357.242035	1.000000
146.260000	-55.120000	-156.314896	17.159600	0.638652	28.852427	2363.272924	0.000000
146.260000	-55.120000	-156.314896	17.409600	0.678074	28.846351	2369.303814	0.000000
146.260000	-55.120000	-156.314896	17.659600	0.717556	28.840754	2375.334703	0.000000
146.260000	-55.120000	-156.314896	17.909600	0.757129	28.835604	2381.365593	0.000000
146.260000	-55.120000	-156.314896	18.159600	0.796767	28.830931	2387.396483	0.000000
146.260000	-55.120000	-156.314896	18.409600	0.836503	28.826706	2393.427372	1.000000
146.260000	-55.120000	-156.314896	18.659600	0.876310	28.822957	2399.458262	1.000000
146.260000	-55.120000	-156.314896	18.909600	0.916221	28.819655	2405.489152	1.000000
146.260000	-55.120000	-156.314896	19.159600	0.952083	28.816829	2411.520041	1.000000
146.260000	-55.120000	-156.314896	19.409600	0.999778	28.814450	2417.552946	1.000000
146.260000	-55.120000	-156.314896	19.659600	1.036416	28.812546	2423.597048	1.000000
146.260000	-55.120000	-156.314896	19.909600	1.076711	28.811088	2429.641149	2.000000
146.260000	-55.120000	-156.314896	20.159600	1.117095	28.810106	2435.685251	1.000000
146.260000	-55.120000	-156.314896	20.409600	1.157599	28.809569	2441.729353	1.000000
146.260000	-55.120000	-156.314896	20.659600	1.040914	28.809508	2447.773454	1.000000
146.260000	-55.120000	-156.314896	20.909600	0.702600	28.809893	2453.894545	1.000000
146.260000	-55.120000	-156.314896	21.159600	0.384834	28.810753	2459.954321	1.000000
146.260000	-55.120000	-156.314896	21.409600	0.361438	28.812060	2465.924586	1.000000
146.260000	-55.120000	-156.314896	21.659600	0.401664	28.813841	2471.894852	2.000000
146.260000	-55.120000	-156.314896	21.909600	0.442019	28.816069	2477.865118	1.000000
146.260000	-55.120000	-156.314896	22.159600	0.490249	28.818773	2483.835383	1.000000
146.260000	-55.120000	-156.314896	22.409600	0.576400	28.821923	2489.801856	1.000000
146.260000	-55.120000	-156.064896	16.159600	9.891345	28.964911	2342.862261	1.000000
146.260000	-55.120000	-156.064896	16.409600	0.666351	28.957208	2348.377796	1.000000
146.260000	-55.120000	-156.064896	16.659600	-0.316539	28.949976	2354.430473	1.000000
146.260000	-55.120000	-156.064896	16.909600	-0.187416	28.943204	2360.483151	1.000000
146.260000	-55.120000	-156.064896	17.159600	-0.022258	28.936902	2366.531969	0.000000
146.260000	-55.120000	-156.064896	17.409600	0.135509	28.931059	2372.562858	0.000000
146.260000	-55.120000	-156.064896	17.659600	0.257297	28.925684	2378.593748	0.000000
146.260000	-55.120000	-156.064896	17.909600	0.379150	28.920769	2384.624637	0.000000
146.260000	-55.120000	-156.064896	18.159600	0.501061	28.916321	2390.655527	1.000000
146.260000	-55.120000	-156.064896	18.409600	0.623046	28.912331	2396.686417	1.000000
146.260000	-55.120000	-156.064896	18.659600	0.745098	28.908809	2402.717306	1.000000
146.260000	-55.120000	-156.064896	18.909600	0.830132	28.905744	2408.748196	1.000000
146.260000	-55.120000	-156.064896	19.159600	0.862782	28.903146	2414.779086	1.000000
146.260000	-55.120000	-156.064896	19.409600	0.912374	28.901005	2420.819121	1.000000
146.260000	-55.120000	-156.064896	19.659600	0.844123	28.899331	2426.863223	1.000000
146.260000	-55.120000	-156.064896	19.909600	0.783932	28.898114	2432.907324	2.000000
146.260000	-55.120000	-156.064896	20.159600	0.723476	28.897362	2438.951426	1.000000
146.260000	-55.120000	-156.064896	20.409600	0.662761	28.897068	2444.995528	1.000000
146.260000	-55.120000	-156.064896	20.659600	0.594930	28.897240	2451.039629	1.000000
146.260000	-55.120000	-156.064896	20.909600	0.323866	28.897869	2457.087103	1.000000
146.260000	-55.120000	-156.064896	21.159600	0.195447	28.898964	2463.057368	1.000000
146.260000	-55.120000	-156.064896	21.409600	0.259894	28.900516	2469.027634	2.000000
146.260000	-55.120000	-156.064896	21.659600	0.312971	28.902534	2474.997900	2.000000
146.260000	-55.120000	-156.064896	21.909600	0.353079	28.905010	2480.968165	1.000000
146.260000	-55.120000	-156.064896	22.159600	0.411068	28.907952	2486.938431	1.000000
146.260000	-55.120000	-155.814896	16.409600	4.356846	29.040551	2351.490266	1.000000
146.260000	-55.120000	-155.814896	16.659600	-0.808387	29.033552	2357.542944	1.000000
146.260000	-55.120000	-155.814896	16.909600	-0.770405	29.027003	2363.595621	1.000000
146.260000	-55.120000	-155.814896	17.159600	-0.717558	29.020935	2369.648299	0.000000
146.260000	-55.120000	-155.814896	17.409600	-0.595790	29.015317	2375.700977	0.000000
146.260000	-55.120000	-155.814896	17.659600	-0.473983	29.010178	2381.753655	0.000000
146.260000	-55.120000	-155.814896	17.909600	-0.352101	29.005488	2387.806332	0.000000
146.260000	-55.120000	-155.814896	18.159600	-0.230172	29.001278	2393.859010	1.000000
146.260000	-55.120000	-155.814896	18.409600	-0.108159	28.997516	2399.911688	1.000000
146.260000	-55.120000	-155.814896	18.659600	0.033599	28.994232	2405.964365	1.000000
146.260000	-55.120000	-155.814896	18.909600	0.179142	28.991396	2412.007240	1.000000
146.260000	-55.120000	-155.814896	19.159600	0.146795	28.989038	2418.041194	1.000000
146.260000	-55.120000	-155.814896	19.409600	0.115239	28.987128	2424.083810	1.000000
146.260000	-55.120000	-155.814896	19.659600	0.103079	28.985696	2430.101562	1.000000
146.260000	-55.120000	-155.814896	19.909600	0.040379	28.984710	2436.119313	2.000000
146.260000	-55.120000	-155.814896	20.159600	-0.022615	28.984203	2442.137065	1.000000
146.260000	-55.120000	-155.814896	20.409600	-0.085875	28.984143	2448.154816	1.000000
146.260000	-55.120000	-155.814896	20.659600	-0.117191	28.984560	2454.172568	1.000000
146.260000	-55.120000	-155.814896	20.909600	-0.137100	28.985424	2460.174306	1.000000
146.260000	-55.120000	-155.814896	21.159600	-0.022069	28.986766	2466.150829	1.000000
146.260000	-55.120000	-155.814896	21.409600	0.048014	28.988556	2472.127351	2.000000
146.260000	-55.120000	-155.814896	21.659600	0.125034	28.990823	2478.100947	2.000000
146.260000	-55.120000	-155.814896	21.909600	0.196280	28.993538	2484.071213	1.000000
146.260000	-55.120000	-155.814896	22.159600	0.288616	28.996731	2490.041478	1.000000
146.260000	-55.120000	-155.564896	16.409600	10.111384	29.123476	2355.114769	1.000000
146.260000	-55.120000	-155.564896	16.659600	0.152515	29.116702	2360.655414	1.000000
146.260000	-55.120000	-155.564896	16.909600	-0.853791	29.110389	2366.708092	1.000000
146.260000	-55.120000	-155.564896	17.159600	-0.815995	29.104546	2372.760769	0.000000
146.260000	-55.120000	-155.564896	17.409600	-0.778137	29.099165	2378.813447	0.000000
146.260000	-55.120000	-155.564896	17.659600	-0.740225	29.094254	2384.866125	0.000000
146.260000	-55.120000	-155.564896	17.909600	-0.702245	29.089803	2390.918803	0.000000
146.260000	-55.120000	-155.564896	18.159600	-0.664204	29.085820	2396.971480	1.000000
146.260000	-55.120000	-155.564896	18.409600	-0.626091	29.082298	2403.024158	1.000000
146.260000	-55.120000	-155.564896	18.659600	-0.583383	29.079244	2409.076836	1.000000
146.260000	-55.120000	-155.564896	18.909600	-0.583524	29.076650	2415.125736	1.000000
146.260000	-55.120000	-155.564896	19.159600	-0.558756	29.074524	2421.137836	1.000000
146.260000	-55.120000	-155.564896	19.409600	-0.650725	29.072857	2427.150947	1.000000
146.260000	-55.120000	-155.564896	19.659600	-0.643726	29.071657	2433.168699	1.000000
146.260000	-55.120000	-155.564896	19.909600	-0.609629	29.070917	2439.186450	2.000000
146.260000	-55.120000	-155.564896	20.159600	-0.571145	29.070644	2445.204202	1.000000
146.260000	-55.120000	-155.564896	20.409600	-0.532567	29.070830	2451.221954	1.000000
146.260000	-55.120000	-155.564896	20.659600	-0.480660	29.071484	2457.239705	1.000000
146.260000	-55.120000	-155.564896	20.909600	-0.296087	29.072597	2463.250838	1.000000
146.260000	-55.120000	-155.564896	21.159600	-0.176125	29.074177	2469.227361	1.000000
146.260000	-55.120000	-155.564896	21.409600	-0.136941	29.076217	2475.203884	2.000000
146.260000	-55.120000	-155.564896	21.659600	-0.086104	29.078724	2481.180406	2.000000
146.260000	-55.120000	-155.564896	21.909600	-0.021985	29.081691	2487.156929	1.000000
146.260000	-55.120000	-155.314896	16.659600	4.071897	29.199406	2363.767884	1.000000
146.260000	-55.120000	-155.314896	16.909600	-0.936722	29.193320	2369.820562	0.000000
146.260000	-55.120000	-155.314896	17.159600	-0.899165	29.187717	2375.873240	0.000000
146.260000	-55.120000	-155.314896	17.409600	-0.861535	29.182563	2381.925917	0.000000
146.260000	-55.120000	-155.314896	17.659600	-0.823863	29.177892	2387.978595	0.000000
146.260000	-55.120000	-155.314896	17.909600	-0.786113	29.173671	2394.031273	0.000000
146.260000	-55.120000	-155.314896	18.159600	-0.748314	29.169930	2400.083951	0.000000
146.260000	-55.120000	-155.314896	18.409600	-0.708905	29.166639	2406.136628	1.000000
146.260000	-55.120000	-155.314896	18.659600	-0.738661	29.163828	2412.188537	1.000000
146.260000	-55.120000	-155.314896	18.909600	-0.764516	29.161466	2418.200637	1.000000
146.260000	-55.120000	-155.314896	19.159600	-0.726536	29.159584	2424.212737	1.000000
146.260000	-55.120000	-155.314896	19.409600	-0.692411	29.158151	2430.224837	1.000000
146.260000	-55.120000	-155.314896	19.659600	-0.685451	29.157198	2436.236937	1.000000
146.260000	-55.120000	-155.314896	19.909600	-0.680637	29.156693	2442.253588	1.000000
146.260000	-55.120000	-155.314896	20.159600	-0.657169	29.156668	2448.271339	1.000000
146.260000	-55.120000	-155.314896	20.409600	-0.618829	29.157092	2454.289091	1.000000
146.260000	-55.120000	-155.314896	20.659600	-0.580413	29.157995	2460.306842	1.000000
146.260000	-55.120000	-155.314896	20.909600	-0.438703	29.159347	2466.324594	1.000000
146.260000	-55.120000	-155.314896	21.159600	-0.268758	29.161179	2472.303893	2.000000
146.260000	-55.120000	-155.314896	21.409600	-0.224185	29.163460	2478.280416	2.000000
146.260000	-55.120000	-155.314896	21.659600	-0.185151	29.166220	2484.256939	1.000000
146.260000	-55.120000	-155.064896	16.659600	9.404178	29.281684	2367.367277	0.000000
146.260000	-55.120000	-155.064896	16.909600	-0.027327	29.275838	2372.933032	0.000000
146.260000	-55.120000	-155.064896	17.159600	-0.981912	29.270464	2378.985710	0.000000
146.260000	-55.120000	-155.064896	17.409600	-0.944524	29.265552	2385.038388	0.000000
146.260000	-55.120000	-155.064896	17.659600	-0.907082	29.261111	2391.091065	0.000000
146.260000	-55.120000	-155.064896	17.909600	-0.869575	29.257132	2397.143743	0.000000
146.260000	-55.120000	-155.064896	18.159600	-0.832008	29.253624	2403.196421	0.000000
146.260000	-55.120000	-155.064896	18.409600	-0.854808	29.250577	2409.249099	1.000000
146.260000	-55.120000	-155.064896	18.659600	-0.891067	29.248000	2415.263437	1.000000
146.260000	-55.120000	-155.064896	18.909600	-0.848934	29.245884	2421.275537	1.000000
146.260000	-55.120000	-155.064896	19.159600	-0.811189	29.244237	2427.287637	1.000000
146.260000	-55.120000	-155.064896	19.409600	-0.773363	29.243051	2433.299737	1.000000
146.260000	-55.120000	-155.064896	19.659600	-0.735462	29.242335	2439.311838	1.000000
146.260000	-55.120000	-155.064896	19.909600	-0.720147	29.242079	2445.323938	0.000000
146.260000	-55.120000	-155.064896	20.159600	-0.715523	29.242292	2451.338476	0.000000
146.260000	-55.120000	-155.064896	20.409600	-0.704704	29.242967	2457.356228	1.000000
146.260000	-55.120000	-155.064896	20.659600	-0.666528	29.244110	2463.373979	2.000000
146.260000	-55.120000	-155.064896	20.909600	-0.569987	29.245715	2469.391731	2.000000
146.260000	-55.120000	-155.064896	21.159600	-0.374403	29.247788	2475.380426	2.000000
146.260000	-55.120000	-155.064896	21.409600	-0.311048	29.250323	2481.356949	1.000000
146.260000	-55.120000	-154.814896	16.909600	3.707377	29.357900	2376.045503	1.000000
146.260000	-55.120000	-154.814896	17.159600	-1.064217	29.352769	2382.098180	1.000000
146.260000	-55.120000	-154.814896	17.409600	-1.027061	29.348089	2388.150858	1.000000
146.260000	-55.120000	-154.814896	17.659600	-0.989864	29.343893	2394.203536	1.000000
146.260000	-55.120000	-154.814896	17.909600	-0.952589	29.340147	2400.256214	0.000000
146.260000	-55.120000	-154.814896	18.159600	-0.969992	29.336884	2406.308891	0.000000
146.260000	-55.120000	-154.814896	18.409600	-1.009434	29.334072	2412.326238	0.000000
146.260000	-55.120000	-154.814896	18.659600	-0.970351	29.331742	2418.338338	1.000000
146.260000	-55.120000	-154.814896	18.909600	-0.932912	29.329862	2424.350438	1.000000
146.260000	-55.120000	-154.814896	19.159600	-0.895416	29.328464	2430.362538	1.000000
146.260000	-55.120000	-154.814896	19.409600	-0.857828	29.327516	2436.374638	1.000000
146.260000	-55.120000	-154.814896	19.659600	-0.820177	29.327050	2442.386738	0.000000
146.260000	-55.120000	-154.814896	19.909600	-0.782428	29.327034	2448.398838	0.000000
146.260000	-55.120000	-154.814896	20.159600	-0.754809	29.327499	2454.410938	0.000000
146.260000	-55.120000	-154.814896	20.409600	-0.750355	29.328415	2460.423365	1.000000
146.260000	-55.120000	-154.814896	20.659600	-0.745223	29.329812	2466.441116	1.000000
146.260000	-55.120000	-154.814896	20.909600	-0.674796	29.331659	2472.458868	1.000000
146.260000	-55.120000	-154.814896	21.159600	-0.479615	29.333988	2478.456958	1.000000
146.260000	-55.120000	-154.814896	21.409600	-0.242751	29.336768	2484.433481	1.000000
146.260000	-55.120000	-154.564896	17.159600	-0.206214	29.434650	2385.210651	1.000000
146.260000	-55.120000	-154.564896	17.409600	-1.109188	29.430216	2391.263328	1.000000
146.260000	-55.120000	-154.564896	17.659600	-1.072225	29.426254	2397.316006	1.000000
146.260000	-55.120000	-154.564896	17.909600	-1.084219	29.422755	2403.368684	1.000000
146.260000	-55.120000	-154.564896	18.159600	-1.123867	29.419728	2409.389038	0.000000
146.260000	-55.120000	-154.564896	18.409600	-1.090796	29.417164	2415.401138	0.000000
146.260000	-55.120000	-154.564896	18.659600	-1.053681	29.415072	2421.413238	0.000000
146.260000	-55.120000	-154.564896	18.909600	-1.016492	29.413442	2427.425339	0.000000
146.260000	-55.120000	-154.564896	19.159600	-0.979235	29.412282	2433.437439	0.000000
146.260000	-55.120000	-154.564896	19.409600	-0.941898	29.411586	2439.449539	0.000000
146.260000	-55.120000	-154.564896	19.659600	-0.904487	29.411360	2445.461639	0.000000
146.260000	-55.120000	-154.564896	19.909600	-0.866991	29.411597	2451.473739	0.000000
146.260000	-55.120000	-154.564896	20.159600	-0.829415	29.412304	2457.485839	0.000000
146.260000	-55.120000	-154.564896	20.409600	-0.793027	29.413475	2463.497939	1.000000
146.260000	-55.120000	-154.564896	20.659600	-0.785187	29.415116	2469.510039	1.000000
146.260000	-55.120000	-154.564896	20.909600	-0.760305	29.417219	2475.526005	1.000000
146.260000	-55.120000	-154.564896	21.159600	-0.584411	29.419794	2481.533491	1.000000
146.260000	-55.120000	-154.314896	17.159600	3.045561	29.516090	2388.323121	1.000000
146.260000	-55.120000	-154.314896	17.409600	-1.190863	29.511891	2394.375799	1.000000
146.260000	-55.120000	-154.314896	17.659600	-1.197481	29.508178	2400.428476	1.000000
146.260000	-55.120000	-154.314896	17.909600	-1.237313	29.504916	2406.451839	1.000000
146.260000	-55.120000	-154.314896	18.159600	-1.210259	29.502139	2412.463939	1.000000
146.260000	-55.120000	-154.314896	18.409600	-1.173445	29.499813	2418.476039	0.000000
146.260000	-55.120000	-154.314896	18.659600	-1.136581	29.497971	2424.488139	0.000000
146.260000	-55.120000	-154.314896	18.909600	-1.099631	29.496581	2430.500239	0.000000
146.260000	-55.120000	-154.314896	19.159600	-1.062627	29.495675	2436.512339	0.000000
146.260000	-55.120000	-154.314896	19.409600	-1.037657	29.495220	2442.524439	0.000000
146.260000	-55.120000	-154.314896	19.659600	-1.026154	29.495248	2448.536540	0.000000
146.260000	-55.120000	-154.314896	19.909600	-1.014612	29.495728	2454.548640	0.000000
146.260000	-55.120000	-154.314896	20.159600	-1.003060	29.496692	2460.560740	0.000000
146.260000	-55.120000	-154.314896	20.409600	-0.991464	29.498107	2466.572840	1.000000
146.260000	-55.120000	-154.314896	20.659600	-0.979855	29.500006	2472.584940	1.000000
146.260000	-55.120000	-154.314896	20.909600	-0.985185	29.502356	2478.597040	1.000000
146.260000	-55.120000	-154.064896	17.409600	-0.551877	29.593155	2397.488269	1.000000
146.260000	-55.120000	-154.064896	17.659600	-1.439361	29.589680	2403.514639	1.000000
146.260000	-55.120000	-154.064896	17.909600	-1.444026	29.586669	2409.526739	1.000000
146.260000	-55.120000	-154.064896	18.159600	-1.433188	29.584131	2415.538840	1.000000
146.260000	-55.120000	-154.064896	18.409600	-1.422339	29.582058	2421.550940	0.000000
146.260000	-55.120000	-154.064896	18.659600	-1.411483	29.580457	2427.563040	0.000000
146.260000	-55.120000	-154.064896	18.909600	-1.400612	29.579321	2433.575140	0.000000
146.260000	-55.120000	-154.064896	19.159600	-1.383568	29.578657	2439.587240	0.000000
146.260000	-55.120000	-154.064896	19.409600	-1.359638	29.578457	2445.596235	0.000000
146.260000	-55.120000	-154.064896	19.659600	-1.341852	29.578730	2451.601775	0.000000
146.260000	-55.120000	-154.064896	19.909600	-1.330908	29.579467	2457.607316	0.000000
146.260000	-55.120000	-154.064896	20.159600	-1.319946	29.580677	2463.612856	0.000000
146.260000	-55.120000	-154.064896	20.409600	-1.308957	29.582350	2469.618396	1.000000
146.260000	-55.120000	-154.064896	20.659600	-1.297946	29.584497	2475.623937	1.000000
146.260000	-55.120000	-154.064896	20.909600	-1.048081	29.587108	2481.629477	1.000000
146.260000	-55.120000	-153.814896	17.409600	2.304300	29.673967	2400.560920	1.000000
146.260000	-55.120000	-153.814896	17.659600	-1.766913	29.670744	2406.566461	1.000000
146.260000	-55.120000	-153.814896	17.909600	-1.756637	29.667973	2412.572001	1.000000
146.260000	-55.120000	-153.814896	18.159600	-1.746376	29.665690	2418.577542	1.000000
146.260000	-55.120000	-153.814896	18.409600	-1.736093	29.663858	2424.583082	0.000000
146.260000	-55.120000	-153.814896	18.659600	-1.725821	29.662513	2430.588622	0.000000
146.260000	-55.120000	-153.814896	18.909600	-1.715525	29.661620	2436.594163	0.000000
146.260000	-55.120000	-153.814896	19.159600	-1.705236	29.661213	2442.599703	0.000000
146.260000	-55.120000	-153.814896	19.409600	-1.682668	29.661259	2448.605244	0.000000
146.260000	-55.120000	-153.814896	19.659600	-1.646434	29.661790	2454.610784	0.000000
146.260000	-55.120000	-153.814896	19.909600	-1.610110	29.662774	2460.616324	0.000000
146.260000	-55.120000	-153.814896	20.159600	-1.573727	29.664243	2466.621865	0.000000
146.260000	-55.120000	-153.814896	20.409600	-1.537248	29.666165	2472.627405	1.000000
146.260000	-55.120000	-153.814896	20.659600	-1.314741	29.668573	2478.632946	1.000000
146.260000	-55.120000	-153.564896	17.659600	-1.171739	29.751385	2409.575470	1.000000
146.260000	-55.120000	-153.564896	17.909600	-1.979638	29.748870	2415.581010	1.000000
146.260000	-55.120000	-153.564896	18.159600	-1.944028	29.746829	2421.586550	1.000000
146.260000	-55.120000	-153.564896	18.409600	-1.908357	29.745255	2427.592091	0.000000
146.260000	-55.120000	-153.564896	18.659600	-1.872633	29.744154	2433.597631	0.000000
146.260000	-55.120000	-153.564896	18.909600	-1.836843	29.743519	2439.603172	0.000000
146.260000	-55.120000	-153.564896	19.159600	-1.800993	29.743358	2445.608712	0.000000
146.260000	-55.120000	-153.564896	19.409600	-1.765072	29.743663	2451.614252	0.000000
146.260000	-55.120000	-153.564896	19.659600	-1.729086	29.744442	2457.619793	0.000000
146.260000	-55.120000	-153.564896	19.909600	-1.693023	29.745687	2463.625333	0.000000
146.260000	-55.120000	-153.564896	20.159600	-1.656890	29.747406	2469.630874	0.000000
146.260000	-55.120000	-153.564896	20.409600	-1.620674	29.749591	2475.636414	1.000000
146.260000	-55.120000	-153.314896	17.909600	-2.060085	29.829317	2418.590019	1.000000
146.260000	-55.120000	-153.314896	18.159600	-2.024733	29.827535	2424.595559	1.000000
146.260000	-55.120000	-153.314896	18.409600	-1.989308	29.826205	2430.601100	0.000000
146.260000	-55.120000	-153.314896	18.659600	-1.953843	29.825364	2436.606640	0.000000
146.260000	-55.120000	-153.314896	18.909600	-1.918300	29.824976	2442.612180	0.000000
146.260000	-55.120000	-153.314896	19.159600	-1.882711	29.825076	2448.617721	0.000000
146.260000	-55.120000	-153.314896	19.409600	-1.847039	29.825630	2454.623261	0.000000
146.260000	-55.120000	-153.314896	19.659600	-1.811315	29.826671	2460.628802	0.000000
146.260000	-55.120000	-153.314896	19.909600	-1.775503	29.828167	2466.634342	0.000000
146.260000	-55.120000	-153.314896	20.159600	-1.739634	29.830150	2472.639883	0.000000
146.260000	-55.120000	-153.064896	17.909600	-1.037452	29.909357	2421.599028	1.000000
146.260000	-55.120000	-153.064896	18.159600	-2.105019	29.907821	2427.604568	0.000000
146.260000	-55.120000	-153.064896	18.409600	-2.069854	29.906752	2433.610109	0.000000
146.260000	-55.120000	-153.064896	18.659600	-2.034637	29.906159	2439.615649	0.000000
146.260000	-55.120000	-153.064896	18.909600	-1.999356	29.906033	2445.621189	0.000000
146.260000	-55.120000	-153.064896	19.159600	-1.964017	29.906383	2451.626730	0.000000
146.260000	-55.120000	-153.064896	19.409600	-1.928609	29.907200	2457.632270	0.000000
146.260000	-55.120000	-153.064896	19.659600	-1.893136	29.908492	2463.637811	0.000000
146.260000	-55.120000	-153.064896	19.909600	-1.857589	29.910253	2469.643351	0.000000
146.260000	-55.120000	-153.064896	20.159600	-1.601460	29.912489	2475.648891	0.000000
146.260000	-55.120000	-152.814896	18.159600	-2.184870	29.987671	2430.613577	0.000000
146.260000	-55.120000	-152.814896	18.409600	-2.149954	29.986852	2436.619117	0.000000
146.260000	-55.120000	-152.814896	18.659600	-2.115001	29.986522	2442.624658	0.000000
146.260000	-55.120000	-152.814896	18.909600	-2.079970	29.986647	2448.630198	0.000000
146.260000	-55.120000	-152.814896	19.159600	-2.044896	29.987261	2454.635739	0.000000
146.260000	-55.120000	-152.814896	19.409600	-2.009740	29.988331	2460.641279	0.000000
146.260000	-55.120000	-152.814896	19.659600	-1.974534	29.989890	2466.646819	0.000000
146.260000	-55.120000	-152.814896	19.909600	-1.939241	29.991904	2472.652360	0.000000
146.260000	-55.120000	-152.564896	18.159600	-0.897709	30.067102	2433.622586	0.000000
146.260000	-55.120000	-152.564896	18.409600	-2.229649	30.066547	2439.628126	0.000000
146.260000	-55.120000	-152.564896	18.659600	-2.194947	30.066469	2445.633667	0.000000
146.260000	-55.120000	-152.564896	18.909600	-2.160183	30.066859	2451.639207	0.000000
146.260000	-55.120000	-152.564896	19.159600	-2.125362	30.067727	2457.644747	0.000000
146.260000	-55.120000	-152.564896	19.409600	-2.090473	30.069064	2463.650288	0.000000
146.260000	-55.120000	-152.564896	19.659600	-2.055522	30.070878	2469.655828	0.000000
146.260000	-55.120000	-152.314896	18.409600	-2.308897	30.145794	2442.637135	0.000000
146.260000	-55.120000	-152.314896	18.659600	-2.274463	30.145984	2448.642676	0.000000
146.260000	-55.120000	-152.314896	18.909600	-2.239952	30.146629	2454.648216	0.000000
146.260000	-55.120000	-152.314896	19.159600	-2.205400	30.147766	2460.653756	0.000000
146.260000	-55.120000	-152.314896	19.409600	-2.170767	30.149358	2466.659297	0.000000
146.260000	-55.120000	-152.314896	19.659600	-1.881059	30.151443	2472.664837	0.000000
146.260000	-55.120000	-152.064896	18.659600	-2.353560	30.225081	2451.651684	0.000000
146.260000	-55.120000	-152.064896	18.909600	-2.319320	30.225996	2457.657225	0.000000
146.260000	-55.120000	-152.064896	19.159600	-2.285024	30.227390	2463.662765	0.000000
146.260000	-55.120000	-152.064896	19.409600	-2.250663	30.229254	2469.668306	0.000000
146.260000	-55.120000	-151.814896	18.659600	-2.226068	30.303747	2454.660693	1.000000
146.260000	-55.120000	-151.814896	18.909600	-2.398243	30.304919	2460.666234	1.000000
146.260000	-55.120000	-151.814896	19.159600	-2.364220	30.306586	2466.671774	1.000000
146.260000	-55.120000	-151.564896	18.909600	-2.476764	30.383440	2463.675243	1.000000
