-158.933105	24.573799	2233.247000	-80.710000	-7.030000
-155.765305	26.776699	2166.342000	-80.710000	-7.030000
-153.868195	17.315399	2065.172000	-80.710000	-7.030000
-155.996994	20.771000	2141.067000	-80.710000	-7.030000
-156.658005	20.891001	2161.075000	-80.710000	-7.030000
-159.664993	22.122999	2243.066000	-80.710000	-7.030000
-161.095001	23.997200	2289.061000	-80.710000	-7.030000
-158.933105	24.573799	2233.047000	-80.710000	-7.030000
-155.765305	26.776699	2166.068000	-80.710000	-7.030000
-152.765793	25.592800	2100.066000	-80.710000	-7.030000
-158.185394	22.620199	2211.054000	-80.710000	-7.030000
-153.868195	17.315399	2065.047000	-80.710000	-7.030000
-156.206604	16.162001	2125.064000	-80.710000	-7.030000
-157.700806	16.348400	2155.056000	-80.710000	-7.030000
-158.760193	18.564699	2202.055000	-80.710000	-7.030000
-158.179504	20.377800	2194.052000	-80.710000	-7.030000
