-155.772995	19.079000	2082.925000	2.581632
-155.996994	20.771000	2091.906000	1.742925
-156.658005	20.891001	2107.924000	-0.176000
-159.664993	22.122999	2185.911000	-3.539979
-161.314896	21.956301	2229.862000	-4.781762
-161.095001	23.997200	2217.896000	NaN
-155.765305	26.776699	2090.337000	4.640139
-152.765793	25.592800	2014.902000	NaN
-156.964600	24.312099	2112.864000	NaN
-158.185394	22.620199	2145.896000	-2.704988
-150.914993	18.914200	1958.937000	NaN
-149.000900	16.989000	1910.230000	NaN
-153.967499	14.731300	2038.897000	NaN
-156.206604	16.162001	2092.896000	-0.088497
-157.859100	14.659600	2137.290000	NaN
-158.982498	15.574000	2163.902000	4.002681
-158.760193	18.564699	2161.899000	4.414282
-158.179504	20.377800	2149.347000	-0.044667
-152.765793	25.592800	2014.652000	NaN
