-150.914993	18.914200	1515.712000	NaN
-157.859100	14.659600	1302.033000	2.186398
-158.179504	20.377800	1412.037000	2.887171
-155.772995	19.079000	1432.650000	4.589308
-159.401001	21.971001	1424.627000	2.144155
-156.658005	20.891001	1450.651000	2.973058
-159.664993	22.122999	1423.647000	2.100875
-155.765305	26.776699	1581.605000	NaN
-152.765793	25.592800	1607.608000	NaN
-158.185394	22.620199	1460.622000	0.421548
-155.636200	22.299900	1495.605000	NaN
-150.914993	18.914200	1516.612000	NaN
-157.859100	14.659600	1301.608000	2.186398
-157.700806	16.348400	1339.572000	1.668873
-158.982498	15.574000	1298.620000	1.844268
-158.179504	20.377800	1411.612000	2.887171
