-155.772995	19.079000	1547.137000	-6.964439
-157.931000	21.646000	1465.126000	NaN
-155.996994	20.771000	1524.117000	-3.382571
-154.983002	19.601000	1561.150000	-3.418989
-156.658005	20.891001	1508.134000	-2.552412
-156.755997	21.136000	1501.149000	2.391374
-154.617798	20.088900	1565.162000	-3.866304
-155.679398	21.205500	1526.137000	-0.773540
-154.994400	21.507000	1538.208000	-1.322060
-154.482803	21.001900	1556.118000	-1.635028
-153.982697	21.519699	1559.191000	3.316761
-154.393997	19.262501	1578.180000	-5.097708
-153.992294	18.797600	1593.113000	-10.103989
-152.132401	18.481400	1639.184000	NaN
-153.290604	17.906200	1618.182000	-8.819198
-154.691299	17.180099	1589.116000	-12.165632
-154.495895	18.401699	1584.178000	-9.621088
