146.190000	15.880000	-157.431000	20.680099	-0.030401	94.846883	1451.663266	2.000000
146.190000	15.880000	-157.431000	20.930099	0.632825	94.662441	1450.974619	4.000000
146.190000	15.880000	-157.431000	21.180099	0.822739	94.477798	1450.285972	3.000000
146.190000	15.880000	-157.431000	21.430099	1.153878	94.292991	1449.593629	2.000000
146.190000	15.880000	-157.181000	19.680099	-5.130000	95.649896	1459.192654	3.000000
146.190000	15.880000	-157.181000	19.930099	-4.560613	95.467916	1459.128480	3.000000
146.190000	15.880000	-157.181000	20.180099	-3.833827	95.285578	1458.969406	3.000000
146.190000	15.880000	-157.181000	20.430099	-3.250015	95.103176	1458.774189	2.000000
146.190000	15.880000	-157.181000	20.680099	-1.503796	94.920431	1458.516602	2.000000
146.190000	15.880000	-157.181000	20.930099	0.247571	94.737635	1457.914423	3.000000
146.190000	15.880000	-157.181000	21.180099	2.109862	94.554510	1457.225776	3.000000
146.190000	15.880000	-157.181000	21.430099	4.080219	94.371346	1456.175208	2.000000
146.190000	15.880000	-156.931000	18.930099	-4.132503	96.257251	1466.326015	3.000000
146.190000	15.880000	-156.931000	19.180099	-4.435925	96.077453	1465.989211	3.000000
146.190000	15.880000	-156.931000	19.430099	-5.339873	95.897438	1465.915950	3.000000
146.190000	15.880000	-156.931000	19.680099	-4.929065	95.717176	1465.851775	3.000000
146.190000	15.880000	-156.931000	19.930099	-4.205445	95.536711	1465.721911	4.000000
146.190000	15.880000	-156.931000	20.180099	-3.755386	95.356013	1465.526694	3.000000
146.190000	15.880000	-156.931000	20.430099	-3.577078	95.175124	1465.331477	2.000000
146.190000	15.880000	-156.931000	20.680099	-2.818377	94.994016	1465.136260	2.000000
146.190000	15.880000	-156.931000	20.930099	-0.983312	94.812730	1464.796404	3.000000
146.190000	15.880000	-156.931000	21.180099	3.314127	94.631240	1464.165580	1.000000
146.190000	15.880000	-156.931000	21.430099	6.772355	94.449585	1462.756786	2.000000
146.190000	15.880000	-156.681000	18.680099	-4.885552	96.497613	1473.415566	3.000000
146.190000	15.880000	-156.681000	18.930099	-3.997483	96.319708	1473.172503	4.000000
146.190000	15.880000	-156.681000	19.180099	-3.741749	96.141415	1472.835699	3.000000
146.190000	15.880000	-156.681000	19.430099	-4.477809	95.963032	1472.575070	3.000000
146.190000	15.880000	-156.681000	19.680099	-4.581131	95.784276	1472.474416	2.000000
146.190000	15.880000	-156.681000	19.930099	-4.015250	95.605440	1472.279199	3.000000
146.190000	15.880000	-156.681000	20.180099	-3.841242	95.426246	1472.083982	3.000000
146.190000	15.880000	-156.681000	20.430099	-3.667180	95.246985	1471.888765	4.000000
146.190000	15.880000	-156.681000	20.680099	-3.335259	95.067380	1471.693547	3.000000
146.190000	15.880000	-156.681000	20.930099	-1.531301	94.887720	1471.459247	3.000000
146.190000	15.880000	-156.681000	21.180099	3.547652	94.707731	1470.852336	3.000000
146.190000	15.880000	-156.681000	21.430099	6.991422	94.527699	1469.394696	2.000000
146.190000	15.880000	-156.431000	18.680099	-4.202248	96.558552	1480.280921	4.000000
146.190000	15.880000	-156.431000	18.930099	-2.823777	96.382144	1479.851752	3.000000
146.190000	15.880000	-156.431000	19.180099	-2.771209	96.205474	1479.454147	3.000000
146.190000	15.880000	-156.431000	19.430099	-4.584468	96.028587	1479.056543	3.000000
146.190000	15.880000	-156.431000	19.680099	-5.375485	95.851453	1479.116690	2.000000
146.190000	15.880000	-156.431000	19.930099	-4.247409	95.674113	1478.943644	3.000000
146.190000	15.880000	-156.431000	20.180099	-4.100663	95.496539	1478.770599	3.000000
146.190000	15.880000	-156.431000	20.430099	-3.940325	95.318773	1478.597554	3.000000
146.190000	15.880000	-156.431000	20.680099	-3.536665	95.140786	1478.424508	2.000000
146.190000	15.880000	-156.431000	20.930099	-0.998517	94.962619	1478.193452	4.000000
146.190000	15.880000	-156.431000	21.180099	3.760374	94.784245	1477.433915	3.000000
146.190000	15.880000	-156.431000	21.430099	6.140395	94.605703	1476.072449	2.000000
146.190000	15.880000	-156.181000	18.430099	-3.256383	96.794045	1487.263620	4.000000
146.190000	15.880000	-156.181000	18.680099	-0.002555	96.619354	1486.552122	4.000000
146.190000	15.880000	-156.181000	18.930099	-1.010025	96.444558	1485.748767	3.000000
146.190000	15.880000	-156.181000	19.180099	-3.752927	96.269377	1485.351163	3.000000
146.190000	15.880000	-156.181000	19.430099	-5.740727	96.094102	1485.198606	3.000000
146.190000	15.880000	-156.181000	19.680099	-6.551152	95.918455	1485.270764	2.000000
146.190000	15.880000	-156.181000	19.930099	-6.362089	95.742726	1485.342923	3.000000
146.190000	15.880000	-156.181000	20.180099	-5.666598	95.566639	1485.415082	3.000000
146.190000	15.880000	-156.181000	20.430099	-4.483016	95.390481	1485.366706	2.000000
146.190000	15.880000	-156.181000	20.680099	-2.997925	95.213979	1485.193661	2.000000
146.190000	15.880000	-156.181000	20.930099	-0.254359	95.037419	1484.810879	4.000000
146.190000	15.880000	-156.181000	21.180099	3.461384	94.860528	1484.015493	3.000000
146.190000	15.880000	-156.181000	21.430099	5.319295	94.683590	1482.750201	2.000000
146.190000	15.880000	-155.931000	18.180099	-7.072457	97.026173	1494.246319	3.000000
146.190000	15.880000	-155.931000	18.430099	0.024726	96.853361	1493.511283	4.000000
146.190000	15.880000	-155.931000	18.680099	0.777925	96.680273	1492.651948	4.000000
146.190000	15.880000	-155.931000	18.930099	-0.534302	96.506957	1491.792612	4.000000
146.190000	15.880000	-155.931000	19.180099	-4.397303	96.333379	1491.277557	4.000000
146.190000	15.880000	-155.931000	19.430099	-6.773913	96.159583	1491.349715	4.000000
146.190000	15.880000	-155.931000	19.680099	-6.594439	95.985539	1491.421874	2.000000
146.190000	15.880000	-155.931000	19.930099	-6.414827	95.811288	1491.494032	3.000000
146.190000	15.880000	-155.931000	20.180099	-6.478935	95.636802	1491.566191	2.000000
146.190000	15.880000	-155.931000	20.430099	-6.674852	95.462122	1491.697192	2.000000
146.190000	15.880000	-155.931000	20.680099	-3.813879	95.287219	1491.862696	2.000000
146.190000	15.880000	-155.931000	20.930099	0.304366	95.112134	1491.344736	3.000000
146.190000	15.880000	-155.931000	21.180099	2.855861	94.936840	1490.569990	2.000000
146.190000	15.880000	-155.931000	21.430099	4.284053	94.761375	1489.427954	3.000000
146.190000	15.880000	-155.681000	18.180099	-2.529759	97.083898	1500.617357	2.000000
146.190000	15.880000	-155.681000	18.430099	-0.254578	96.912679	1499.803249	3.000000
146.190000	15.880000	-155.681000	18.680099	-0.115063	96.741062	1498.989141	3.000000
146.190000	15.880000	-155.681000	18.930099	-1.444351	96.569339	1498.175032	4.000000
146.190000	15.880000	-155.681000	19.180099	-5.260025	96.397232	1497.725877	4.000000
146.190000	15.880000	-155.681000	19.430099	-7.559724	96.225029	1497.891382	3.000000
146.190000	15.880000	-155.681000	19.680099	-7.375866	96.052455	1498.056886	2.000000
146.190000	15.880000	-155.681000	19.930099	-7.192054	95.879796	1498.222391	3.000000
146.190000	15.880000	-155.681000	20.180099	-6.779623	95.706779	1498.387895	2.000000
146.190000	15.880000	-155.681000	20.430099	-3.978867	95.533689	1498.492079	2.000000
146.190000	15.880000	-155.681000	20.680099	-1.228137	95.360253	1498.014096	2.000000
146.190000	15.880000	-155.681000	20.930099	-1.115235	95.186757	1497.544794	2.000000
146.190000	15.880000	-155.681000	21.180099	1.004779	95.012928	1497.075492	2.000000
146.190000	15.880000	-155.681000	21.430099	2.859853	94.839049	1496.105707	3.000000
146.190000	15.880000	-155.431000	17.930099	-8.396226	97.311275	1507.218530	1.000000
146.190000	15.880000	-155.431000	18.180099	-5.046274	97.141758	1507.184048	3.000000
146.190000	15.880000	-155.431000	18.430099	-2.001448	96.972002	1506.744240	4.000000
146.190000	15.880000	-155.431000	18.680099	-0.461770	96.801970	1505.930132	4.000000
146.190000	15.880000	-155.431000	18.930099	-2.140121	96.631710	1505.116024	4.000000
146.190000	15.880000	-155.431000	19.180099	-5.053160	96.461187	1504.773629	3.000000
146.190000	15.880000	-155.431000	19.430099	-6.837530	96.290446	1504.747590	3.000000
146.190000	15.880000	-155.431000	19.680099	-7.421527	96.119456	1504.913095	3.000000
146.190000	15.880000	-155.431000	19.930099	-6.629777	95.948258	1505.078599	4.000000
146.190000	15.880000	-155.431000	20.180099	-3.777143	95.776824	1505.083306	2.000000
146.190000	15.880000	-155.431000	20.430099	-1.425492	95.605193	1504.602248	2.000000
146.190000	15.880000	-155.431000	20.680099	-1.314647	95.433339	1504.130079	3.000000
146.190000	15.880000	-155.431000	20.930099	-1.658461	95.261300	1503.660777	3.000000
146.190000	15.880000	-155.431000	21.180099	-1.341050	95.089051	1503.299237	4.000000
146.190000	15.880000	-155.431000	21.430099	-0.804247	94.916628	1502.783460	3.000000
146.190000	15.880000	-155.181000	17.930099	-4.349851	97.367576	1513.260460	3.000000
146.190000	15.880000	-155.181000	18.180099	-8.220791	97.199513	1512.932766	2.000000
146.190000	15.880000	-155.181000	18.430099	-6.762976	97.031332	1513.481425	4.000000
146.190000	15.880000	-155.181000	18.680099	-1.469050	96.862754	1512.871124	4.000000
146.190000	15.880000	-155.181000	18.930099	-2.900912	96.694069	1512.101166	3.000000
146.190000	15.880000	-155.181000	19.180099	-4.866493	96.525000	1511.883213	3.000000
146.190000	15.880000	-155.181000	19.430099	-5.917015	96.355833	1511.665260	3.000000
146.190000	15.880000	-155.181000	19.680099	-6.223760	96.186296	1511.769303	3.000000
146.190000	15.880000	-155.181000	19.930099	-3.577070	96.016672	1511.674533	2.000000
146.190000	15.880000	-155.181000	20.180099	-1.633245	95.846689	1511.193475	2.000000
146.190000	15.880000	-155.181000	20.430099	-1.525787	95.676631	1510.715363	3.000000
146.190000	15.880000	-155.181000	20.680099	-1.833958	95.506228	1510.246061	3.000000
146.190000	15.880000	-155.181000	20.930099	-2.396884	95.335759	1509.869538	4.000000
146.190000	15.880000	-155.181000	21.180099	-3.424201	95.164958	1509.563245	4.000000
146.190000	15.880000	-155.181000	21.430099	-4.154471	94.994103	1509.461213	3.000000
146.190000	15.880000	-154.931000	17.680099	-4.504347	97.590113	1519.644251	3.000000
146.190000	15.880000	-154.931000	17.930099	-4.342450	97.423903	1519.302391	3.000000
146.190000	15.880000	-154.931000	18.180099	-6.931567	97.257406	1518.960530	3.000000
146.190000	15.880000	-154.931000	18.430099	-10.953402	97.090670	1519.230143	3.000000
146.190000	15.880000	-154.931000	18.680099	-6.840587	96.923660	1519.778802	3.000000
146.190000	15.880000	-154.931000	18.930099	-3.754552	96.756420	1519.210749	3.000000
146.190000	15.880000	-154.931000	19.180099	-4.921510	96.588917	1518.992797	4.000000
146.190000	15.880000	-154.931000	19.430099	-3.652747	96.421196	1518.773297	4.000000
146.190000	15.880000	-154.931000	19.680099	-2.208484	96.253224	1518.265759	3.000000
146.190000	15.880000	-154.931000	19.930099	-1.895644	96.085045	1517.784701	3.000000
146.190000	15.880000	-154.931000	20.180099	-1.751931	95.916627	1517.303644	3.000000
146.190000	15.880000	-154.931000	20.430099	-2.079133	95.748012	1516.835735	3.000000
146.190000	15.880000	-154.931000	20.680099	-2.338322	95.579171	1516.459653	3.000000
146.190000	15.880000	-154.931000	20.930099	-2.689078	95.410145	1516.083570	3.000000
146.190000	15.880000	-154.931000	21.180099	-3.796908	95.240904	1515.827253	3.000000
146.190000	15.880000	-154.931000	21.430099	-4.366621	95.071489	1515.744888	4.000000
146.190000	15.880000	-154.681000	17.680099	-4.481346	97.644912	1525.686182	2.000000
146.190000	15.880000	-154.681000	17.930099	-4.338679	97.480258	1525.344321	3.000000
146.190000	15.880000	-154.681000	18.180099	-5.646457	97.315199	1525.002460	4.000000
146.190000	15.880000	-154.681000	18.430099	-9.683255	97.150020	1524.978862	3.000000
146.190000	15.880000	-154.681000	18.680099	-13.009782	96.984447	1525.542563	3.000000
146.190000	15.880000	-154.681000	18.930099	-9.048437	96.818764	1526.279046	4.000000
146.190000	15.880000	-154.681000	19.180099	-4.971202	96.652698	1526.076611	4.000000
146.190000	15.880000	-154.681000	19.430099	-2.001936	96.486534	1525.844026	4.000000
146.190000	15.880000	-154.681000	19.680099	1.040799	96.319999	1524.933346	3.000000
146.190000	15.880000	-154.681000	19.930099	0.175282	96.153375	1524.022666	3.000000
146.190000	15.880000	-154.681000	20.180099	-1.733901	95.986393	1523.425850	3.000000
146.190000	15.880000	-154.681000	20.430099	-2.550509	95.819332	1523.049767	3.000000
146.190000	15.880000	-154.681000	20.680099	-2.394635	95.651926	1522.673685	3.000000
146.190000	15.880000	-154.681000	20.930099	-2.970100	95.484452	1522.297602	3.000000
146.190000	15.880000	-154.681000	21.180099	-3.717443	95.316644	1522.091261	3.000000
146.190000	15.880000	-154.681000	21.430099	-3.713449	95.148779	1521.924978	4.000000
146.190000	15.880000	-154.431000	17.680099	-4.592602	97.699867	1531.430356	4.000000
146.190000	15.880000	-154.431000	17.930099	-4.909616	97.536642	1531.154528	4.000000
146.190000	15.880000	-154.431000	18.180099	-5.772069	97.373131	1530.878700	3.000000
146.190000	15.880000	-154.431000	18.430099	-9.785808	97.209382	1530.811894	4.000000
146.190000	15.880000	-154.431000	18.680099	-13.331897	97.045357	1531.447935	4.000000
146.190000	15.880000	-154.431000	18.930099	-13.915712	96.881104	1532.185356	4.000000
146.190000	15.880000	-154.431000	19.180099	-8.188317	96.716587	1532.988931	4.000000
146.190000	15.880000	-154.431000	19.430099	-0.334448	96.551852	1532.519773	3.000000
146.190000	15.880000	-154.431000	19.680099	1.653895	96.386865	1531.541408	3.000000
146.190000	15.880000	-154.431000	19.930099	1.847962	96.221669	1530.563043	3.000000
146.190000	15.880000	-154.431000	20.180099	-0.157851	96.056234	1529.584678	3.000000
146.190000	15.880000	-154.431000	20.430099	-2.543565	95.890601	1529.176952	2.000000
146.190000	15.880000	-154.431000	20.680099	-2.631211	95.724740	1528.824414	3.000000
146.190000	15.880000	-154.431000	20.930099	-3.144891	95.558691	1528.471876	3.000000
146.190000	15.880000	-154.431000	21.180099	-3.778075	95.392427	1528.272496	3.000000
146.190000	15.880000	-154.431000	21.430099	-3.735599	95.225986	1528.099904	3.000000
146.190000	15.880000	-154.181000	17.680099	-2.556161	97.754744	1537.254621	4.000000
146.190000	15.880000	-154.181000	17.930099	-4.751927	97.593058	1536.783642	4.000000
146.190000	15.880000	-154.181000	18.180099	-8.320330	97.430969	1536.648847	3.000000
146.190000	15.880000	-154.181000	18.430099	-10.346868	97.268758	1536.980425	4.000000
146.190000	15.880000	-154.181000	18.680099	-12.074248	97.106155	1537.353308	4.000000
146.190000	15.880000	-154.181000	18.930099	-11.835612	96.943441	1538.091666	3.000000
146.190000	15.880000	-154.181000	19.180099	-8.256422	96.780346	1538.370382	3.000000
146.190000	15.880000	-154.181000	19.430099	-4.649332	96.617150	1538.374379	3.000000
146.190000	15.880000	-154.181000	19.680099	-0.191973	96.453583	1537.975607	3.000000
146.190000	15.880000	-154.181000	19.930099	1.888118	96.289926	1536.997242	2.000000
146.190000	15.880000	-154.181000	20.180099	1.211926	96.125911	1536.018877	2.000000
146.190000	15.880000	-154.181000	20.430099	-0.998490	95.961814	1535.231745	3.000000
146.190000	15.880000	-154.181000	20.680099	-2.679383	95.797372	1534.879208	3.000000
146.190000	15.880000	-154.181000	20.930099	-3.507471	95.632859	1534.526670	4.000000
146.190000	15.880000	-154.181000	21.180099	-4.365790	95.468011	1534.398048	4.000000
146.190000	15.880000	-154.181000	21.430099	-4.234413	95.303103	1534.274831	4.000000
146.190000	15.880000	-153.931000	17.680099	-2.269748	97.809778	1543.364201	4.000000
146.190000	15.880000	-153.931000	17.930099	-5.699128	97.649506	1542.768046	2.000000
146.190000	15.880000	-153.931000	18.180099	-9.506705	97.488948	1542.922288	3.000000
146.190000	15.880000	-153.931000	18.430099	-10.047957	97.328151	1543.240175	3.000000
146.190000	15.880000	-153.931000	18.680099	-7.974630	97.167080	1543.558061	3.000000
146.190000	15.880000	-153.931000	18.930099	-6.028361	97.005779	1543.425417	2.000000
146.190000	15.880000	-153.931000	19.180099	-6.493102	96.844216	1543.351321	2.000000
146.190000	15.880000	-153.931000	19.430099	-6.723874	96.682432	1543.355317	2.000000
146.190000	15.880000	-153.931000	19.680099	-6.561699	96.520397	1543.359313	2.000000
146.190000	15.880000	-153.931000	19.930099	-2.064298	96.358152	1543.363309	2.000000
146.190000	15.880000	-153.931000	20.180099	1.986003	96.195667	1542.453076	3.000000
146.190000	15.880000	-153.931000	20.430099	0.373940	96.032982	1541.474711	3.000000
146.190000	15.880000	-153.931000	20.680099	-1.922300	95.870068	1540.934002	3.000000
146.190000	15.880000	-153.931000	20.930099	-3.692047	95.706965	1540.581464	2.000000
146.190000	15.880000	-153.931000	21.180099	-4.733789	95.543644	1540.477798	3.000000
146.190000	15.880000	-153.681000	17.680099	-3.160410	97.864740	1549.678364	3.000000
146.190000	15.880000	-153.681000	17.930099	-6.434230	97.705989	1549.130346	3.000000
146.190000	15.880000	-153.681000	18.180099	-9.863359	97.546837	1549.380787	3.000000
146.190000	15.880000	-153.681000	18.430099	-9.201551	97.387562	1549.677208	3.000000
146.190000	15.880000	-153.681000	18.680099	-6.691678	97.227897	1549.803136	3.000000
146.190000	15.880000	-153.681000	18.930099	-4.290750	97.068119	1549.554113	2.000000
146.190000	15.880000	-153.681000	19.180099	-3.474508	96.907961	1549.174503	2.000000
146.190000	15.880000	-153.681000	19.430099	-3.206083	96.747700	1548.794893	1.000000
146.190000	15.880000	-153.681000	19.680099	-4.414430	96.587069	1548.415284	2.000000
146.190000	15.880000	-153.681000	19.930099	-6.092024	96.426346	1548.344247	2.000000
146.190000	15.880000	-153.681000	20.180099	-4.200110	96.265265	1548.348244	2.000000
146.190000	15.880000	-153.681000	20.430099	-0.009129	96.104100	1547.908910	3.000000
146.190000	15.880000	-153.681000	20.680099	-0.467630	95.942589	1546.988795	2.000000
146.190000	15.880000	-153.681000	20.930099	-3.880142	95.781004	1546.638216	2.000000
146.190000	15.880000	-153.431000	17.930099	-6.538117	97.762507	1555.521399	3.000000
146.190000	15.880000	-153.431000	18.180099	-9.204936	97.604870	1555.765922	3.000000
146.190000	15.880000	-153.431000	18.430099	-8.548298	97.446993	1555.891850	3.000000
146.190000	15.880000	-153.431000	18.680099	-6.373010	97.288843	1556.017778	3.000000
146.190000	15.880000	-153.431000	18.930099	-3.974096	97.130463	1555.682808	2.000000
146.190000	15.880000	-153.431000	19.180099	-3.623748	96.971820	1555.303198	2.000000
146.190000	15.880000	-153.431000	19.430099	-3.469987	96.812956	1554.923589	1.000000
146.190000	15.880000	-153.431000	19.680099	-3.316036	96.653840	1554.543979	1.000000
146.190000	15.880000	-153.431000	19.930099	-3.076078	96.494514	1554.164369	1.000000
146.190000	15.880000	-153.431000	20.180099	-2.809013	96.334946	1553.784760	1.000000
146.190000	15.880000	-153.431000	20.430099	-4.108821	96.175178	1553.405150	1.000000
146.190000	15.880000	-153.181000	18.180099	-8.303982	97.662817	1561.980564	2.000000
146.190000	15.880000	-153.181000	18.430099	-8.427162	97.506447	1562.106492	3.000000
146.190000	15.880000	-153.181000	18.680099	-6.048399	97.349687	1562.191113	2.000000
146.190000	15.880000	-153.181000	18.930099	-3.839703	97.192813	1561.811503	1.000000
146.190000	15.880000	-153.181000	19.180099	-3.687488	97.035560	1561.431894	1.000000
146.190000	15.880000	-153.181000	19.430099	-3.535233	96.878202	1561.052284	1.000000
146.190000	15.880000	-153.181000	19.680099	-3.382672	96.720476	1560.672674	0.000000
146.190000	15.880000	-153.181000	19.930099	-3.230080	96.562655	1560.293065	1.000000
146.190000	15.880000	-152.931000	18.180099	-6.494175	97.720911	1568.195206	2.000000
146.190000	15.880000	-152.931000	18.430099	-8.110832	97.565923	1568.321133	2.000000
146.190000	15.880000	-152.931000	18.680099	-5.724315	97.410662	1568.319808	2.000000
146.190000	15.880000	-152.931000	18.930099	-3.902061	97.255171	1567.940198	1.000000
146.190000	15.880000	-152.931000	19.180099	-3.751345	97.099417	1567.560589	0.000000
146.190000	15.880000	-152.931000	19.430099	-3.600472	96.943442	1567.180979	0.000000
146.190000	15.880000	-152.681000	18.430099	-7.358750	97.625426	1574.535775	2.000000
146.190000	15.880000	-152.681000	18.680099	-5.405020	97.471540	1574.448503	2.000000
146.190000	15.880000	-152.681000	18.930099	-3.964430	97.317539	1574.068894	1.000000
