-154.797394	18.803101	2121.510000	4.622929
-157.931000	21.646000	2030.069000	3.231000
-155.996994	20.771000	2082.059000	3.719944
-154.983002	19.601000	2113.061000	1.795063
-156.658005	20.891001	2067.075000	2.360153
-156.755997	21.136000	2064.093000	2.204166
-154.617798	20.088900	2120.062000	2.275642
-154.994400	21.507000	2109.233000	3.271694
-154.482803	21.001900	2123.059000	2.990085
-153.982697	21.519699	2134.170000	4.634776
-153.292099	20.892599	2154.060000	2.141534
-153.992294	18.797600	2140.044000	2.856675
-152.132401	18.481400	2184.155000	0.486041
-153.290604	17.906200	2156.144000	-0.646278
-154.691299	17.180099	2120.052000	-1.854931
-154.030502	17.988400	2144.014000	6.778904
-154.495895	18.401699	2124.115000	0.346182
-154.797394	18.803101	2121.060000	4.622929
-155.714996	18.000299	2094.251000	1.813480
-156.465103	18.775000	2073.311000	1.946223
-157.227295	18.984800	2052.079000	2.032180
-157.627594	20.346100	2040.203000	2.118939
