-91.630000	15.200000	-157.127594	19.680099	3.749179	262.725519	1722.670321	4.000000
-91.630000	15.200000	-157.127594	19.930099	0.667111	262.855919	1722.286153	3.000000
-91.630000	15.200000	-157.127594	20.180099	-2.557117	262.986545	1721.234480	3.000000
-91.630000	15.200000	-157.127594	20.430099	-3.042176	263.117360	1720.028419	4.000000
-91.630000	15.200000	-157.127594	20.680099	-1.718038	263.248393	1718.887728	4.000000
-91.630000	15.200000	-156.877594	19.180099	6.507872	262.531191	1716.761045	3.000000
-91.630000	15.200000	-156.877594	19.430099	6.685128	262.662528	1716.674510	3.000000
-91.630000	15.200000	-156.877594	19.680099	4.674603	262.793993	1716.604573	3.000000
-91.630000	15.200000	-156.877594	19.930099	0.247779	262.925758	1716.073754	4.000000
-91.630000	15.200000	-156.877594	20.180099	-2.480359	263.057643	1714.950305	4.000000
-91.630000	15.200000	-156.877594	20.430099	-3.059515	263.189823	1713.744245	3.000000
-91.630000	15.200000	-156.877594	20.680099	-2.452788	263.322114	1712.538185	3.000000
-91.630000	15.200000	-156.877594	20.930099	-1.712984	263.454692	1711.532543	4.000000
-91.630000	15.200000	-156.627594	18.930099	6.489572	262.464724	1710.386848	2.000000
-91.630000	15.200000	-156.627594	19.180099	6.189847	262.597126	1710.244520	4.000000
-91.630000	15.200000	-156.627594	19.430099	5.754161	262.729730	1710.094661	4.000000
-91.630000	15.200000	-156.627594	19.680099	3.971240	262.862566	1709.875415	4.000000
-91.630000	15.200000	-156.627594	19.930099	-0.196315	262.995597	1709.294956	4.000000
-91.630000	15.200000	-156.627594	20.180099	-1.944732	263.128852	1708.059279	4.000000
-91.630000	15.200000	-156.627594	20.430099	-1.228694	263.262296	1707.036367	4.000000
-91.630000	15.200000	-156.627594	20.680099	-1.236635	263.395956	1706.013455	3.000000
-91.630000	15.200000	-156.627594	20.930099	-1.192556	263.529797	1705.046900	3.000000
-91.630000	15.200000	-156.377594	18.680099	6.595791	262.395725	1703.976203	3.000000
-91.630000	15.200000	-156.377594	18.930099	6.439235	262.529265	1703.866904	2.000000
-91.630000	15.200000	-156.377594	19.180099	5.909582	262.662940	1703.727995	3.000000
-91.630000	15.200000	-156.377594	19.430099	4.223111	262.796922	1703.523042	4.000000
-91.630000	15.200000	-156.377594	19.680099	3.286525	262.931030	1702.992221	4.000000
-91.630000	15.200000	-156.377594	19.930099	0.197950	263.065438	1702.559914	3.000000
-91.630000	15.200000	-156.377594	20.180099	-3.109552	263.199964	1701.281379	4.000000
-91.630000	15.200000	-156.377594	20.430099	-2.077379	263.334784	1700.044803	4.000000
-91.630000	15.200000	-156.377594	20.680099	-0.835690	263.469714	1699.021891	4.000000
-91.630000	15.200000	-156.127594	18.680099	6.631218	262.458967	1697.456259	3.000000
-91.630000	15.200000	-156.127594	18.930099	6.388918	262.593786	1697.346961	2.000000
-91.630000	15.200000	-156.127594	19.180099	4.873508	262.728846	1697.211470	3.000000
-91.630000	15.200000	-156.127594	19.430099	2.932823	262.864106	1696.765662	3.000000
-91.630000	15.200000	-156.127594	19.680099	2.693478	262.999598	1696.158300	4.000000
-91.630000	15.200000	-156.127594	19.930099	0.581980	263.135283	1695.678576	3.000000
-91.630000	15.200000	-156.127594	20.180099	-2.807041	263.271193	1694.546337	4.000000
-91.630000	15.200000	-156.127594	20.430099	-3.305316	263.407289	1693.267802	4.000000
-91.630000	15.200000	-155.877594	18.430099	6.650238	262.386181	1691.045614	2.000000
-91.630000	15.200000	-155.877594	18.680099	6.508969	262.522078	1690.936315	3.000000
-91.630000	15.200000	-155.877594	18.930099	5.912501	262.658289	1690.827017	3.000000
-91.630000	15.200000	-155.877594	19.180099	3.909542	262.794633	1690.615646	3.000000
-91.630000	15.200000	-155.877594	19.430099	2.247338	262.931285	1690.008283	3.000000
-91.630000	15.200000	-155.877594	19.680099	2.122135	263.068060	1689.400921	3.000000
-91.630000	15.200000	-155.877594	19.930099	0.565701	263.205137	1688.795382	4.000000
-91.630000	15.200000	-155.877594	20.180099	-2.437205	263.342328	1687.811296	3.000000
-91.630000	15.200000	-155.877594	20.430099	-3.335816	263.479814	1686.532760	2.000000
-91.630000	15.200000	-155.627594	18.180099	9.136083	262.310931	1685.258324	2.000000
-91.630000	15.200000	-155.627594	18.430099	7.319101	262.447979	1685.235346	2.000000
-91.630000	15.200000	-155.627594	18.680099	7.180260	262.585274	1685.212369	2.000000
-91.630000	15.200000	-155.627594	18.930099	0.292085	262.722776	1685.189391	3.000000
-91.630000	15.200000	-155.627594	19.180099	-1.259316	262.860518	1683.783218	3.000000
-91.630000	15.200000	-155.627594	19.430099	2.295169	262.998460	1683.184514	3.000000
-91.630000	15.200000	-155.627594	19.680099	2.161298	263.136633	1682.585810	3.000000
-91.630000	15.200000	-155.627594	19.930099	1.499855	263.274998	1681.987107	4.000000
-91.630000	15.200000	-155.627594	20.180099	-1.036679	263.413586	1681.279878	3.000000
-91.630000	15.200000	-155.377594	17.930099	10.235017	262.233165	1679.750114	3.000000
-91.630000	15.200000	-155.377594	18.180099	10.771574	262.371296	1680.343820	3.000000
-91.630000	15.200000	-155.377594	18.430099	7.236104	262.509749	1680.320843	3.000000
-91.630000	15.200000	-155.377594	18.680099	4.441432	262.648342	1680.297865	4.000000
-91.630000	15.200000	-155.377594	18.930099	-4.579827	262.787250	1679.793382	4.000000
-91.630000	15.200000	-155.377594	19.180099	-8.385720	262.926288	1677.790439	3.000000
-91.630000	15.200000	-155.377594	19.430099	-1.484799	263.065635	1676.292078	3.000000
-91.630000	15.200000	-155.377594	19.680099	3.192169	263.205103	1675.693374	4.000000
-91.630000	15.200000	-155.377594	19.930099	3.454463	263.344873	1675.370305	4.000000
-91.630000	15.200000	-155.377594	20.180099	-0.146503	263.484755	1674.918312	3.000000
-91.630000	15.200000	-155.127594	17.930099	16.325490	262.292195	1674.555609	3.000000
-91.630000	15.200000	-155.127594	18.180099	12.118849	262.431738	1675.383030	2.000000
-91.630000	15.200000	-155.127594	18.430099	7.430335	262.571495	1675.406339	3.000000
-91.630000	15.200000	-155.127594	18.680099	-0.864878	262.711500	1675.383361	4.000000
-91.630000	15.200000	-155.127594	18.930099	-8.604901	262.851711	1673.828818	3.000000
-91.630000	15.200000	-155.127594	19.180099	-10.589447	262.992161	1671.825875	3.000000
-91.630000	15.200000	-155.127594	19.430099	-5.746490	263.132810	1669.822933	3.000000
-91.630000	15.200000	-155.127594	19.680099	3.204610	263.273689	1668.800937	4.000000
-91.630000	15.200000	-155.127594	19.930099	5.559871	263.414760	1668.957077	3.000000
-91.630000	15.200000	-154.877594	17.680099	16.419106	262.210482	1668.533683	3.000000
-91.630000	15.200000	-154.877594	17.930099	16.266497	262.351189	1669.361104	3.000000
-91.630000	15.200000	-154.877594	18.180099	13.411700	262.492042	1670.188524	2.000000
-91.630000	15.200000	-154.877594	18.430099	5.590319	262.633218	1670.491835	3.000000
-91.630000	15.200000	-154.877594	18.680099	-5.007630	262.774532	1669.867196	3.000000
-91.630000	15.200000	-154.877594	18.930099	-9.588190	262.916163	1667.864253	2.000000
-91.630000	15.200000	-154.877594	19.180099	-9.829306	263.057922	1665.861311	4.000000
-91.630000	15.200000	-154.877594	19.430099	-6.964161	263.199989	1663.544301	3.000000
-91.630000	15.200000	-154.877594	19.680099	2.276529	263.342177	1662.446024	3.000000
-91.630000	15.200000	-154.877594	19.930099	5.444812	263.484665	1662.543849	3.000000
-91.630000	15.200000	-154.627594	17.680099	16.460591	262.268125	1663.339178	2.000000
-91.630000	15.200000	-154.627594	17.930099	13.354947	262.410148	1664.166598	2.000000
-91.630000	15.200000	-154.627594	18.180099	12.721360	262.552427	1664.994019	1.000000
-91.630000	15.200000	-154.627594	18.430099	2.723771	262.694920	1665.577331	2.000000
-91.630000	15.200000	-154.627594	18.680099	-9.479888	262.837660	1663.902632	3.000000
-91.630000	15.200000	-154.627594	18.930099	-12.681626	262.980606	1661.176227	2.000000
-91.630000	15.200000	-154.627594	19.180099	-8.990976	263.123790	1658.287319	3.000000
-91.630000	15.200000	-154.627594	19.430099	-0.738763	263.267173	1656.674779	3.000000
-91.630000	15.200000	-154.627594	19.680099	5.046317	263.410785	1656.505904	2.000000
-91.630000	15.200000	-154.377594	17.680099	2.673533	262.325618	1654.309936	2.000000
-91.630000	15.200000	-154.377594	17.930099	12.061031	262.469074	1653.766241	3.000000
-91.630000	15.200000	-154.377594	18.180099	18.775633	262.612676	1655.668205	2.000000
-91.630000	15.200000	-154.377594	18.430099	7.949290	262.756603	1657.570168	2.000000
-91.630000	15.200000	-154.377594	18.680099	-7.644143	262.900665	1655.919244	2.000000
-91.630000	15.200000	-154.377594	18.930099	-9.518793	263.045045	1653.030336	3.000000
-91.630000	15.200000	-154.377594	19.180099	-2.492053	263.189551	1650.903534	3.000000
-91.630000	15.200000	-154.377594	19.430099	5.432150	263.334367	1650.734659	2.000000
-91.630000	15.200000	-154.377594	19.680099	6.264264	263.479300	1650.639072	3.000000
-91.630000	15.200000	-154.127594	17.930099	-0.071005	262.527970	1647.855928	3.000000
-91.630000	15.200000	-154.127594	18.180099	1.211419	262.673012	1647.051497	2.000000
-91.630000	15.200000	-154.127594	18.430099	8.809659	262.818268	1646.247067	2.000000
-91.630000	15.200000	-154.127594	18.680099	3.289460	262.963771	1647.559945	2.000000
-91.630000	15.200000	-154.127594	18.930099	-3.063109	263.109480	1645.132290	2.000000
-91.630000	15.200000	-154.127594	19.180099	6.551609	263.255425	1645.050256	3.000000
-91.630000	15.200000	-154.127594	19.430099	7.000977	263.401569	1645.091785	2.000000
-91.630000	15.200000	-153.877594	17.930099	-0.301858	262.586836	1642.206350	1.000000
-91.630000	15.200000	-153.877594	18.180099	-0.437403	262.733215	1641.401919	1.000000
-91.630000	15.200000	-153.877594	18.430099	-0.573127	262.879919	1640.597489	2.000000
-91.630000	15.200000	-153.877594	18.680099	2.554047	263.026757	1639.793059	2.000000
-91.630000	15.200000	-153.877594	18.930099	5.616468	263.173914	1639.502969	1.000000
-91.630000	15.200000	-153.877594	19.180099	7.086987	263.321195	1639.544499	1.000000
-91.630000	15.200000	-153.627594	18.180099	-0.497697	262.793509	1635.752341	1.000000
-91.630000	15.200000	-153.627594	18.430099	-0.634764	262.941556	1634.947911	2.000000
-91.630000	15.200000	-153.627594	18.680099	2.352935	263.089849	1634.143481	2.000000
-91.630000	15.200000	-153.627594	18.930099	6.246159	263.238348	1633.997213	1.000000
-91.630000	15.200000	-153.627594	19.180099	7.021099	263.387083	1634.038742	1.000000
-91.630000	15.200000	-153.377594	18.180099	-0.557860	262.853672	1630.102763	1.000000
-91.630000	15.200000	-153.377594	18.430099	-0.696390	263.003182	1629.298333	1.000000
-91.630000	15.200000	-153.377594	18.680099	2.942696	263.152825	1628.493903	1.000000
-91.630000	15.200000	-153.377594	18.930099	6.889573	263.302786	1628.491456	1.000000
-91.630000	15.200000	-153.127594	18.430099	-0.285773	263.064799	1623.648755	2.000000
-91.630000	15.200000	-153.127594	18.680099	3.532278	263.215911	1622.944170	2.000000
-91.630000	15.200000	-152.877594	18.430099	0.334565	263.126408	1617.999177	1.000000
-91.630000	15.200000	-152.877594	18.680099	4.163427	263.278884	1617.438413	1.000000
