-154.994400	21.507000	2184.945000	5.510000	78.730000
-153.982697	21.519699	2180.806000	5.510000	78.730000
-155.714996	18.000299	2281.033000	5.510000	78.730000
-156.167007	18.301001	2279.006000	5.510000	78.730000
-156.510101	19.477699	2243.869000	5.510000	78.730000
-157.627594	20.346100	2222.918000	5.510000	78.730000
-155.996994	20.771000	2207.648000	5.510000	78.730000
-154.983002	19.601000	2235.644000	5.510000	78.730000
-155.710999	20.046000	2227.652000	5.510000	78.730000
-159.401001	21.971001	2180.659000	5.510000	78.730000
-156.658005	20.891001	2205.642000	5.510000	78.730000
-157.270004	21.108999	2201.667000	5.510000	78.730000
-156.755997	21.136000	2199.666000	5.510000	78.730000
-154.617798	20.088900	2221.566000	5.510000	78.730000
-155.679398	21.205500	2193.633000	5.510000	78.730000
-154.994400	21.507000	2184.645000	5.510000	78.730000
-154.482803	21.001900	2194.634000	5.510000	78.730000
-153.982697	21.519699	2180.631000	5.510000	78.730000
-153.503204	19.495199	2233.462000	5.510000	78.730000
-154.691299	17.180099	2301.628000	5.510000	78.730000
-154.030502	17.988400	2276.428000	5.510000	78.730000
-155.714996	18.000299	2280.633000	5.510000	78.730000
-156.167007	18.301001	2278.631000	5.510000	78.730000
-156.465103	18.775000	2266.630000	5.510000	78.730000
-157.227295	18.984800	2261.653000	5.510000	78.730000
-156.510101	19.477699	2243.644000	5.510000	78.730000
-157.627594	20.346100	2222.643000	5.510000	78.730000
