-155.772995	19.079000	1674.831000	-3.862245
-154.983002	19.601000	1700.796000	-5.560087
-155.710999	20.046000	1685.808000	-3.178371
-154.617798	20.088900	1712.709000	-3.665479
-153.902405	19.979099	1729.796000	-4.490276
-154.393997	19.262501	1713.854000	-5.722264
-153.992294	18.797600	1716.649000	-5.021622
-153.700806	17.297501	1710.137000	-5.932053
-154.495895	18.401699	1700.834000	-5.198339
-154.797394	18.803101	1698.168000	-3.879321
-155.714996	18.000299	1668.231000	-3.755802
-156.808197	18.404200	1644.792000	-3.047406
-156.167007	18.301001	1659.799000	-3.849764
-156.465103	18.775000	1656.801000	-3.565638
-157.227295	18.984800	1638.811000	-2.797848
-156.510101	19.477699	1661.048000	-2.953834
