146.180000	-3.330000	-156.727295	18.797501	-1.206702	74.670554	1650.194949	4.000000
146.180000	-3.330000	-156.727295	19.047501	-0.473313	74.533509	1652.153197	3.000000
146.180000	-3.330000	-156.477295	18.547501	-4.571428	74.922691	1654.372544	4.000000
146.180000	-3.330000	-156.477295	18.797501	-2.879384	74.786382	1656.660474	4.000000
146.180000	-3.330000	-156.477295	19.047501	-1.107471	74.650575	1658.567601	4.000000
146.180000	-3.330000	-156.227295	18.547501	-3.332223	75.036790	1660.379884	4.000000
146.180000	-3.330000	-156.227295	18.797501	-2.839323	74.901722	1662.350203	4.000000
146.180000	-3.330000	-156.227295	19.047501	-2.208161	74.767057	1664.256627	4.000000
146.180000	-3.330000	-156.227295	19.297501	-3.730040	74.632883	1666.131889	4.000000
146.180000	-3.330000	-155.977295	18.547501	-2.141402	75.150308	1666.090646	4.000000
146.180000	-3.330000	-155.977295	18.797501	-2.544581	75.016384	1667.997477	4.000000
146.180000	-3.330000	-155.977295	19.047501	-3.351139	74.882952	1669.945653	3.000000
146.180000	-3.330000	-155.977295	19.297501	-4.523437	74.749911	1672.070543	4.000000
146.180000	-3.330000	-155.977295	19.547501	-5.621367	74.617365	1674.523671	3.000000
146.180000	-3.330000	-155.727295	18.297501	-1.341388	75.396420	1670.145295	2.000000
146.180000	-3.330000	-155.727295	18.547501	-1.243426	75.263261	1672.025033	4.000000
146.180000	-3.330000	-155.727295	18.797501	-1.121426	75.130574	1673.904770	4.000000
146.180000	-3.330000	-155.727295	19.047501	-2.862336	74.998278	1675.784508	4.000000
146.180000	-3.330000	-155.727295	19.297501	-4.418230	74.866460	1678.150806	3.000000
146.180000	-3.330000	-155.727295	19.547501	-4.496992	74.735038	1680.564147	2.000000
146.180000	-3.330000	-155.477295	18.297501	-3.149063	75.507567	1676.657043	3.000000
146.180000	-3.330000	-155.477295	18.547501	-0.681312	75.375648	1678.536781	4.000000
146.180000	-3.330000	-155.477295	18.797501	-0.924023	75.244100	1680.416518	3.000000
146.180000	-3.330000	-155.477295	19.047501	-2.359850	75.113032	1682.398572	4.000000
146.180000	-3.330000	-155.477295	19.297501	-3.788987	74.982342	1684.772999	4.000000
146.180000	-3.330000	-155.477295	19.547501	-3.806042	74.852135	1687.186340	4.000000
146.180000	-3.330000	-155.477295	19.797501	-2.005038	74.722313	1689.599681	4.000000
146.180000	-3.330000	-155.227295	18.297501	-6.462620	75.618261	1682.746572	3.000000
146.180000	-3.330000	-155.227295	18.547501	-2.819843	75.487485	1685.048529	4.000000
146.180000	-3.330000	-155.227295	18.797501	-1.571429	75.357167	1686.928266	4.000000
146.180000	-3.330000	-155.227295	19.047501	-2.929114	75.227230	1689.049096	3.000000
146.180000	-3.330000	-155.227295	19.297501	-3.763786	75.097758	1691.419560	4.000000
146.180000	-3.330000	-155.227295	19.547501	-3.220627	74.968671	1693.808533	4.000000
146.180000	-3.330000	-155.227295	19.797501	-0.719480	74.840054	1696.057982	4.000000
146.180000	-3.330000	-155.227295	20.047501	1.887914	74.711827	1697.602756	3.000000
146.180000	-3.330000	-154.977295	18.047501	-5.538741	75.858318	1686.246226	2.000000
146.180000	-3.330000	-154.977295	18.297501	-7.867249	75.728311	1688.545109	2.000000
146.180000	-3.330000	-154.977295	18.547501	-6.757343	75.598769	1691.240046	4.000000
146.180000	-3.330000	-154.977295	18.797501	-3.730866	75.469586	1693.440014	3.000000
146.180000	-3.330000	-154.977295	19.047501	-3.365470	75.340871	1695.699621	3.000000
146.180000	-3.330000	-154.977295	19.297501	-3.527095	75.212522	1698.070085	4.000000
146.180000	-3.330000	-154.977295	19.547501	-1.358986	75.084645	1700.440548	4.000000
146.180000	-3.330000	-154.977295	19.797501	1.051371	74.957139	1702.149249	4.000000
146.180000	-3.330000	-154.977295	20.047501	1.769631	74.830110	1703.694023	4.000000
146.180000	-3.330000	-154.727295	18.047501	-5.200926	75.966691	1692.211356	3.000000
146.180000	-3.330000	-154.727295	18.297501	-7.030954	75.837921	1694.400329	3.000000
146.180000	-3.330000	-154.727295	18.547501	-9.261568	75.709517	1697.038583	3.000000
146.180000	-3.330000	-154.727295	18.797501	-8.818453	75.581558	1699.722553	3.000000
146.180000	-3.330000	-154.727295	19.047501	-5.869219	75.453970	1702.499132	4.000000
146.180000	-3.330000	-154.727295	19.297501	-2.337295	75.326833	1704.937845	4.000000
146.180000	-3.330000	-154.727295	19.547501	0.791340	75.200071	1706.976079	4.000000
146.180000	-3.330000	-154.727295	19.797501	2.972422	75.073766	1708.343476	4.000000
146.180000	-3.330000	-154.727295	20.047501	2.598160	74.947841	1709.785290	4.000000
146.180000	-3.330000	-154.477295	18.047501	-5.300235	76.074530	1698.176486	2.000000
146.180000	-3.330000	-154.477295	18.297501	-6.084906	75.946900	1700.365459	2.000000
146.180000	-3.330000	-154.477295	18.547501	-8.435660	75.819725	1702.815797	3.000000
146.180000	-3.330000	-154.477295	18.797501	-12.436442	75.692895	1705.479481	3.000000
146.180000	-3.330000	-154.477295	19.047501	-11.935294	75.566524	1708.944518	4.000000
146.180000	-3.330000	-154.477295	19.297501	-3.943046	75.440506	1711.881762	4.000000
146.180000	-3.330000	-154.477295	19.547501	2.969704	75.314949	1713.304315	4.000000
146.180000	-3.330000	-154.477295	19.797501	3.476368	75.189752	1714.633884	4.000000
146.180000	-3.330000	-154.227295	17.797501	-5.538793	76.308680	1701.952644	2.000000
146.180000	-3.330000	-154.227295	18.047501	-5.580539	76.181853	1704.147329	3.000000
146.180000	-3.330000	-154.227295	18.297501	-5.596287	76.055454	1706.412162	2.000000
146.180000	-3.330000	-154.227295	18.547501	-6.902350	75.929410	1708.676994	3.000000
146.180000	-3.330000	-154.227295	18.797501	-12.113624	75.803800	1711.236410	3.000000
146.180000	-3.330000	-154.227295	19.047501	-14.246210	75.678550	1714.706998	4.000000
146.180000	-3.330000	-154.227295	19.297501	-10.011725	75.553740	1717.234004	4.000000
146.180000	-3.330000	-154.227295	19.547501	-2.569327	75.429294	1719.482755	4.000000
