170.500000	-22.010000	-158.401001	21.430099	1.121738	36.851994	1451.995411	0.000000
170.500000	-22.010000	-158.151001	21.180099	1.423540	37.196865	1450.587634	1.000000
170.500000	-22.010000	-158.151001	21.430099	0.828723	37.083204	1456.106347	1.000000
170.500000	-22.010000	-157.901001	20.930099	1.031794	37.541688	1449.179857	2.000000
170.500000	-22.010000	-157.901001	21.180099	0.788617	37.426904	1454.698570	1.000000
170.500000	-22.010000	-157.901001	21.430099	1.114110	37.313235	1460.378656	1.000000
170.500000	-22.010000	-157.651001	20.680099	0.549156	37.886571	1447.772080	2.000000
170.500000	-22.010000	-157.651001	20.930099	0.802841	37.770640	1453.290792	2.000000
170.500000	-22.010000	-157.651001	21.180099	0.100996	37.655864	1458.809505	1.000000
170.500000	-22.010000	-157.401001	20.430099	-1.109123	38.231335	1446.274556	3.000000
170.500000	-22.010000	-157.401001	20.680099	-0.232020	38.114304	1451.856117	3.000000
170.500000	-22.010000	-157.401001	20.930099	0.130193	37.998396	1457.401728	3.000000
170.500000	-22.010000	-157.401001	21.180099	0.098670	37.883620	1462.964819	2.000000
170.500000	-22.010000	-157.151001	20.180099	-1.297522	38.576094	1444.565003	3.000000
170.500000	-22.010000	-157.151001	20.430099	-1.698912	38.457934	1450.231639	4.000000
170.500000	-22.010000	-157.151001	20.680099	-0.990268	38.340940	1455.871040	4.000000
170.500000	-22.010000	-157.151001	20.930099	-1.268438	38.225049	1461.434756	3.000000
170.500000	-22.010000	-157.151001	21.180099	-0.235225	38.110303	1467.323548	2.000000
170.500000	-22.010000	-156.901001	19.930099	-0.267246	38.920662	1442.866000	4.000000
170.500000	-22.010000	-156.901001	20.180099	-0.938465	38.801425	1448.522086	4.000000
170.500000	-22.010000	-156.901001	20.430099	-1.199981	38.683317	1454.188722	3.000000
170.500000	-22.010000	-156.901001	20.680099	-1.170553	38.566358	1459.855359	3.000000
170.500000	-22.010000	-156.901001	20.930099	-1.868773	38.450511	1465.449680	3.000000
170.500000	-22.010000	-156.901001	21.180099	-1.240953	38.335791	1471.682278	2.000000
170.500000	-22.010000	-156.651001	19.430099	3.104826	39.386632	1436.258393	2.000000
170.500000	-22.010000	-156.651001	19.680099	3.467698	39.265156	1442.675572	3.000000
170.500000	-22.010000	-156.651001	19.930099	3.679706	39.144810	1447.287114	4.000000
170.500000	-22.010000	-156.651001	20.180099	0.951459	39.025641	1452.827377	4.000000
170.500000	-22.010000	-156.651001	20.430099	0.682522	38.907584	1458.376049	4.000000
170.500000	-22.010000	-156.651001	20.680099	0.056482	38.790685	1463.924722	3.000000
170.500000	-22.010000	-156.651001	20.930099	-1.573216	38.674879	1469.633181	3.000000
170.500000	-22.010000	-156.651001	21.180099	-1.795872	38.560211	1476.041008	2.000000
170.500000	-22.010000	-156.401001	19.180099	-0.531002	39.731969	1434.810205	1.000000
170.500000	-22.010000	-156.401001	19.430099	1.815066	39.609387	1442.518522	2.000000
170.500000	-22.010000	-156.401001	19.680099	6.953490	39.487990	1447.300160	3.000000
170.500000	-22.010000	-156.401001	19.930099	4.618906	39.367727	1451.711248	3.000000
170.500000	-22.010000	-156.401001	20.180099	1.139646	39.248627	1457.248531	4.000000
170.500000	-22.010000	-156.401001	20.430099	1.237790	39.130644	1462.788754	4.000000
170.500000	-22.010000	-156.401001	20.680099	1.040952	39.013803	1468.337426	4.000000
170.500000	-22.010000	-156.401001	20.930099	-1.058101	38.898063	1474.009037	3.000000
170.500000	-22.010000	-156.401001	21.180099	1.114194	38.783444	1480.399737	2.000000
170.500000	-22.010000	-156.151001	18.930099	-0.994083	40.077100	1433.782632	1.000000
170.500000	-22.010000	-156.151001	19.180099	1.087517	39.953476	1441.011080	2.000000
170.500000	-22.010000	-156.151001	19.430099	-0.723914	39.830990	1446.651588	2.000000
170.500000	-22.010000	-156.151001	19.680099	3.712915	39.709692	1451.778199	3.000000
170.500000	-22.010000	-156.151001	19.930099	5.181724	39.589513	1456.314556	2.000000
170.500000	-22.010000	-156.151001	20.180099	1.396665	39.470503	1461.672665	4.000000
170.500000	-22.010000	-156.151001	20.430099	1.081568	39.352595	1467.209948	4.000000
170.500000	-22.010000	-156.151001	20.680099	0.969717	39.235835	1472.750131	3.000000
170.500000	-22.010000	-156.151001	20.930099	-1.155643	39.120160	1478.384892	2.000000
170.500000	-22.010000	-155.901001	18.680099	-1.457760	40.421936	1433.214227	1.000000
170.500000	-22.010000	-155.901001	18.930099	0.952200	40.297228	1439.503638	1.000000
170.500000	-22.010000	-155.901001	19.180099	-1.062399	40.173718	1445.391321	2.000000
170.500000	-22.010000	-155.901001	19.430099	-0.332446	40.051347	1450.772464	2.000000
170.500000	-22.010000	-155.901001	19.680099	0.878758	39.930151	1455.911015	4.000000
170.500000	-22.010000	-155.901001	19.930099	2.806853	39.810077	1460.939143	4.000000
170.500000	-22.010000	-155.901001	20.180099	1.720479	39.691159	1466.096799	3.000000
170.500000	-22.010000	-155.901001	20.430099	0.902616	39.573347	1471.634082	2.000000
170.500000	-22.010000	-155.901001	20.680099	0.945981	39.456669	1477.174243	2.000000
170.500000	-22.010000	-155.901001	20.930099	-1.075387	39.341081	1482.760747	2.000000
170.500000	-22.010000	-155.651001	18.430099	-1.922093	40.766490	1432.108512	1.000000
170.500000	-22.010000	-155.651001	18.680099	-1.242791	40.640768	1437.996195	1.000000
170.500000	-22.010000	-155.651001	18.930099	-2.075563	40.516192	1443.883879	3.000000
170.500000	-22.010000	-155.651001	19.180099	-1.481781	40.392812	1449.664147	3.000000
170.500000	-22.010000	-155.651001	19.430099	-0.173869	40.270560	1454.893339	2.000000
170.500000	-22.010000	-155.651001	19.680099	0.478571	40.149485	1460.043832	3.000000
170.500000	-22.010000	-155.651001	19.930099	0.473951	40.029520	1465.125132	4.000000
170.500000	-22.010000	-155.651001	20.180099	0.696894	39.910713	1470.526337	3.000000
170.500000	-22.010000	-155.651001	20.430099	0.704400	39.792998	1476.068340	2.000000
170.500000	-22.010000	-155.651001	20.680099	0.793276	39.676423	1481.610343	2.000000
170.500000	-22.010000	-155.651001	20.930099	-0.958937	39.560923	1487.183678	1.000000
170.500000	-22.010000	-155.401001	18.180099	-2.387050	41.110679	1430.601070	1.000000
170.500000	-22.010000	-155.401001	18.430099	-2.880789	40.983897	1436.488753	2.000000
170.500000	-22.010000	-155.401001	18.680099	-2.714462	40.858325	1442.376436	2.000000
170.500000	-22.010000	-155.401001	18.930099	-1.664527	40.733895	1448.264120	2.000000
170.500000	-22.010000	-155.401001	19.180099	-1.543509	40.610653	1453.785023	3.000000
170.500000	-22.010000	-155.401001	19.430099	-0.424301	40.488537	1459.014215	3.000000
170.500000	-22.010000	-155.401001	19.680099	-0.044457	40.367588	1464.176649	3.000000
170.500000	-22.010000	-155.401001	19.930099	0.112779	40.247749	1469.356884	3.000000
170.500000	-22.010000	-155.401001	20.180099	-0.371781	40.129057	1474.902850	3.000000
170.500000	-22.010000	-155.401001	20.430099	0.248372	40.011459	1480.504439	3.000000
170.500000	-22.010000	-155.401001	20.680099	0.603316	39.894989	1486.046442	4.000000
170.500000	-22.010000	-155.401001	20.930099	-0.988604	39.779597	1491.608544	2.000000
170.500000	-22.010000	-155.151001	17.930099	-2.880329	41.454509	1429.093628	2.000000
170.500000	-22.010000	-155.151001	18.180099	-3.263788	41.326743	1434.981311	1.000000
170.500000	-22.010000	-155.151001	18.430099	-3.097021	41.200129	1440.868994	2.000000
170.500000	-22.010000	-155.151001	18.680099	-2.930856	41.074720	1446.756677	2.000000
170.500000	-22.010000	-155.151001	18.930099	-1.972420	40.950444	1452.644361	2.000000
170.500000	-22.010000	-155.151001	19.180099	-1.073847	40.827354	1457.905898	2.000000
170.500000	-22.010000	-155.151001	19.430099	-0.976077	40.705380	1463.135091	3.000000
170.500000	-22.010000	-155.151001	19.680099	-0.249291	40.584573	1468.309466	3.000000
170.500000	-22.010000	-155.151001	19.930099	-0.264685	40.464866	1473.695147	3.000000
170.500000	-22.010000	-155.151001	20.180099	-0.920361	40.346306	1479.230769	3.000000
170.500000	-22.010000	-155.151001	20.430099	-0.588606	40.228829	1484.911768	4.000000
170.500000	-22.010000	-155.151001	20.680099	0.341178	40.112481	1490.482541	4.000000
170.500000	-22.010000	-155.151001	20.930099	2.155272	39.997199	1496.033411	3.000000
170.500000	-22.010000	-154.901001	17.680099	-5.165497	41.797904	1427.586185	2.000000
170.500000	-22.010000	-154.901001	17.930099	-5.941131	41.669104	1433.473869	2.000000
170.500000	-22.010000	-154.901001	18.180099	-6.210123	41.541524	1439.361552	2.000000
170.500000	-22.010000	-154.901001	18.430099	-6.484824	41.415088	1445.249235	2.000000
170.500000	-22.010000	-154.901001	18.680099	-5.347021	41.289852	1451.136918	3.000000
170.500000	-22.010000	-154.901001	18.930099	-3.653135	41.165744	1456.797582	2.000000
170.500000	-22.010000	-154.901001	19.180099	-2.674909	41.042814	1462.026774	3.000000
170.500000	-22.010000	-154.901001	19.430099	-2.477935	40.920998	1467.167998	3.000000
170.500000	-22.010000	-154.901001	19.680099	-0.691174	40.800339	1472.619643	4.000000
170.500000	-22.010000	-154.901001	19.930099	-0.482046	40.680779	1478.033410	3.000000
170.500000	-22.010000	-154.901001	20.180099	-1.110476	40.562357	1483.558688	3.000000
170.500000	-22.010000	-154.901001	20.430099	-1.330246	40.445017	1489.239687	3.000000
170.500000	-22.010000	-154.901001	20.680099	-0.466036	40.328796	1494.918640	3.000000
170.500000	-22.010000	-154.651001	17.680099	-6.936051	42.011110	1431.393126	3.000000
170.500000	-22.010000	-154.651001	17.930099	-8.234641	41.882513	1437.152435	3.000000
170.500000	-22.010000	-154.651001	18.180099	-9.581647	41.755128	1442.911744	3.000000
170.500000	-22.010000	-154.651001	18.430099	-11.165431	41.628883	1448.671053	3.000000
170.500000	-22.010000	-154.651001	18.680099	-9.032786	41.503830	1454.688385	3.000000
170.500000	-22.010000	-154.651001	18.930099	-6.056002	41.379899	1460.552105	3.000000
170.500000	-22.010000	-154.651001	19.180099	-4.606446	41.257142	1465.660200	4.000000
170.500000	-22.010000	-154.651001	19.430099	-3.786009	41.135491	1471.064970	4.000000
170.500000	-22.010000	-154.651001	19.680099	-2.380145	41.014995	1476.927345	2.000000
170.500000	-22.010000	-154.651001	19.930099	-0.619806	40.895588	1482.385323	2.000000
170.500000	-22.010000	-154.651001	20.180099	-1.020028	40.777319	1487.886606	3.000000
170.500000	-22.010000	-154.651001	20.430099	-1.350259	40.660121	1493.567606	3.000000
170.500000	-22.010000	-154.651001	20.680099	-1.144636	40.544044	1499.248606	2.000000
170.500000	-22.010000	-154.401001	17.680099	-4.340274	42.223025	1435.290646	4.000000
170.500000	-22.010000	-154.401001	17.930099	-5.311471	42.094639	1440.768344	4.000000
170.500000	-22.010000	-154.401001	18.180099	-6.128535	41.967463	1446.246042	3.000000
170.500000	-22.010000	-154.401001	18.430099	-8.518312	41.841416	1451.820814	4.000000
170.500000	-22.010000	-154.401001	18.680099	-9.992363	41.716559	1458.299263	4.000000
170.500000	-22.010000	-154.401001	18.930099	-7.145065	41.592816	1464.152403	3.000000
170.500000	-22.010000	-154.401001	19.180099	-4.301145	41.470243	1469.414564	4.000000
170.500000	-22.010000	-154.401001	19.430099	-4.046274	41.348768	1475.276939	4.000000
170.500000	-22.010000	-154.401001	19.680099	-3.314331	41.228444	1481.139314	4.000000
170.500000	-22.010000	-154.401001	19.930099	-1.238242	41.109204	1486.763423	3.000000
170.500000	-22.010000	-154.401001	20.180099	-0.964429	40.991094	1492.290241	3.000000
170.500000	-22.010000	-154.401001	20.430099	-1.277057	40.874054	1497.957474	3.000000
170.500000	-22.010000	-154.401001	20.680099	-2.398015	40.758126	1503.624708	3.000000
170.500000	-22.010000	-154.151001	17.680099	-3.257104	42.433750	1439.498726	4.000000
170.500000	-22.010000	-154.151001	17.930099	-3.441352	42.305591	1444.945302	4.000000
170.500000	-22.010000	-154.151001	18.180099	-3.762928	42.178630	1450.495964	3.000000
170.500000	-22.010000	-154.151001	18.430099	-3.582950	42.052796	1456.189054	4.000000
170.500000	-22.010000	-154.151001	18.680099	-6.387400	41.928143	1461.910140	4.000000
170.500000	-22.010000	-154.151001	18.930099	-6.751876	41.804600	1467.764159	2.000000
170.500000	-22.010000	-154.151001	19.180099	-4.543397	41.682219	1473.626534	4.000000
170.500000	-22.010000	-154.151001	19.430099	-4.342749	41.560932	1479.488909	4.000000
170.500000	-22.010000	-154.151001	19.680099	-3.972052	41.440790	1485.351284	4.000000
170.500000	-22.010000	-154.151001	19.930099	-2.286207	41.321725	1491.141522	3.000000
170.500000	-22.010000	-154.151001	20.180099	-2.444598	41.203788	1496.711263	3.000000
170.500000	-22.010000	-154.151001	20.430099	-2.948833	41.086912	1502.353549	4.000000
170.500000	-22.010000	-154.151001	20.680099	-3.324066	40.971147	1507.537844	4.000000
170.500000	-22.010000	-153.901001	17.680099	-3.150072	42.643200	1443.734833	3.000000
170.500000	-22.010000	-153.901001	17.930099	-3.126652	42.515272	1449.200251	2.000000
170.500000	-22.010000	-153.901001	18.180099	-3.829893	42.388542	1454.717630	4.000000
170.500000	-22.010000	-153.901001	18.430099	-4.795152	42.262927	1460.425085	3.000000
170.500000	-22.010000	-153.901001	18.680099	-4.887452	42.138491	1466.132539	3.000000
170.500000	-22.010000	-153.901001	18.930099	-5.316748	42.015156	1471.927811	2.000000
170.500000	-22.010000	-153.901001	19.180099	-5.299283	41.892980	1477.801502	3.000000
170.500000	-22.010000	-153.901001	19.430099	-5.098601	41.771890	1483.675193	3.000000
170.500000	-22.010000	-153.901001	19.680099	-6.031773	41.651941	1489.548884	2.000000
170.500000	-22.010000	-153.901001	19.930099	-5.813471	41.533063	1495.422576	1.000000
170.500000	-22.010000	-153.901001	20.180099	-4.422019	41.415307	1500.739222	3.000000
170.500000	-22.010000	-153.901001	20.430099	-4.988903	41.298608	1505.923516	3.000000
170.500000	-22.010000	-153.901001	20.680099	-4.828565	41.183013	1511.107810	3.000000
170.500000	-22.010000	-153.651001	17.680099	-2.782415	42.851471	1448.053386	2.000000
170.500000	-22.010000	-153.651001	17.930099	-2.749706	42.723791	1453.525056	3.000000
170.500000	-22.010000	-153.651001	18.180099	-2.917998	42.597296	1458.996725	3.000000
170.500000	-22.010000	-153.651001	18.430099	-4.249430	42.471916	1464.489102	3.000000
170.500000	-22.010000	-153.651001	18.680099	-5.611634	42.347703	1470.196556	3.000000
170.500000	-22.010000	-153.651001	18.930099	-5.860910	42.224589	1475.991040	2.000000
170.500000	-22.010000	-153.651001	19.180099	-6.940087	42.102626	1481.864731	3.000000
170.500000	-22.010000	-153.651001	19.430099	-7.567352	41.981745	1487.738423	3.000000
170.500000	-22.010000	-153.651001	19.680099	-8.002409	41.861997	1493.276209	3.000000
170.500000	-22.010000	-153.651001	19.930099	-9.318532	41.743316	1498.706465	1.000000
170.500000	-22.010000	-153.651001	20.180099	-8.529658	41.625752	1504.136721	2.000000
170.500000	-22.010000	-153.651001	20.430099	-6.788011	41.509239	1509.493483	3.000000
170.500000	-22.010000	-153.651001	20.680099	-4.950171	41.393825	1514.677777	3.000000
170.500000	-22.010000	-153.401001	17.930099	-2.254411	42.931052	1457.928809	3.000000
170.500000	-22.010000	-153.401001	18.180099	-2.227468	42.804809	1463.359407	3.000000
170.500000	-22.010000	-153.401001	18.430099	-2.366606	42.679668	1468.793199	3.000000
170.500000	-22.010000	-153.401001	18.680099	-4.003917	42.555694	1474.264868	3.000000
170.500000	-22.010000	-153.401001	18.930099	-5.284984	42.432808	1480.054270	2.000000
170.500000	-22.010000	-153.401001	19.180099	-5.787147	42.311070	1485.617510	3.000000
170.500000	-22.010000	-153.401001	19.430099	-6.918605	42.190405	1491.047766	3.000000
170.500000	-22.010000	-153.401001	19.680099	-7.169075	42.070871	1496.478022	2.000000
170.500000	-22.010000	-153.401001	19.930099	-7.017072	41.952396	1501.908278	2.000000
170.500000	-22.010000	-153.401001	20.180099	-6.865590	41.835034	1507.338534	2.000000
170.500000	-22.010000	-153.401001	20.430099	-6.437897	41.718716	1512.768791	2.000000
170.500000	-22.010000	-153.151001	18.180099	-2.060474	43.011173	1467.836708	2.000000
170.500000	-22.010000	-153.151001	18.430099	-1.904763	42.886288	1473.267306	3.000000
170.500000	-22.010000	-153.151001	18.680099	-1.865231	42.762557	1478.697903	2.000000
170.500000	-22.010000	-153.151001	18.930099	-2.863847	42.639913	1484.126705	1.000000
170.500000	-22.010000	-153.151001	19.180099	-3.146547	42.518407	1489.554646	1.000000
170.500000	-22.010000	-153.151001	19.430099	-2.990896	42.397972	1494.982587	2.000000
170.500000	-22.010000	-153.151001	19.680099	-2.835758	42.278659	1500.410528	2.000000
170.500000	-22.010000	-153.151001	19.930099	-2.681066	42.160401	1505.838469	1.000000
170.500000	-22.010000	-152.901001	18.180099	-2.265612	43.216312	1472.314009	2.000000
170.500000	-22.010000	-152.901001	18.430099	-2.100041	43.091684	1477.744606	2.000000
170.500000	-22.010000	-152.901001	18.680099	-1.930314	42.968213	1483.175204	2.000000
170.500000	-22.010000	-152.901001	18.930099	-1.761537	42.845815	1488.603276	2.000000
170.500000	-22.010000	-152.901001	19.180099	-1.597157	42.724556	1494.031217	1.000000
170.500000	-22.010000	-152.901001	19.430099	-1.433565	42.604356	1499.459158	1.000000
170.500000	-22.010000	-152.651001	18.430099	-2.302754	43.295961	1482.221907	2.000000
170.500000	-22.010000	-152.651001	18.680099	-2.135257	43.172751	1487.651906	2.000000
170.500000	-22.010000	-152.651001	18.930099	-1.965994	43.050616	1493.079847	2.000000
