-155.772995	19.079000	2133.817000	2.122486
-155.996994	20.771000	2180.791000	1.999905
-154.983002	19.601000	2145.818000	2.024348
-155.710999	20.046000	2159.792000	1.773812
-159.401001	21.971001	2222.819000	NaN
-156.658005	20.891001	2186.818000	2.992224
-156.755997	21.136000	2193.809000	2.485886
-154.482803	21.001900	2181.776000	0.655080
-153.292099	20.892599	2173.785000	-1.617632
-153.503204	19.495199	2136.789000	-0.112452
-154.393997	19.262501	2134.839000	1.233214
-153.992294	18.797600	2119.788000	0.850461
-153.295898	18.800900	2117.101000	-0.851070
-152.132401	18.481400	2104.786000	-1.135828
-153.290604	17.906200	2093.773000	0.554098
-153.700806	17.297501	2080.787000	1.058528
-154.691299	17.180099	2078.779000	2.359064
-154.030502	17.988400	2098.782000	0.991683
-154.797394	18.803101	2121.772000	1.005989
-155.714996	18.000299	2103.782000	2.010017
-156.808197	18.404200	2118.778000	1.337445
-156.167007	18.301001	2113.790000	1.852018
-156.465103	18.775000	2127.628000	1.535596
-157.227295	18.984800	2134.784000	4.736288
-156.510101	19.477699	2148.108000	0.610659
-156.932007	19.832701	2156.793000	4.730380
-157.627594	20.346100	2175.182000	1.510345
-153.503204	19.495199	2137.488000	-0.112452
-153.992294	18.797600	2120.563000	0.850461
-154.030502	17.988400	2098.432000	0.991683
-154.797394	18.803101	2121.548000	1.005989
-155.714996	18.000299	2104.356000	2.010017
-156.167007	18.301001	2114.316000	1.852018
-156.932007	19.832701	2156.318000	4.730380
