-156.510101	19.477699	2888.719000	96.740000	1.880000
-157.627594	20.346100	2858.797000	96.740000	1.880000
-155.772995	19.079000	2910.412000	96.740000	1.880000
-155.996994	20.771000	2905.385000	96.740000	1.880000
-155.710999	20.046000	2912.388000	96.740000	1.880000
-156.658005	20.891001	2888.409000	96.740000	1.880000
-157.270004	21.108999	2870.405000	96.740000	1.880000
-155.679398	21.205500	2913.383000	96.740000	1.880000
-154.482803	21.001900	2944.371000	96.740000	1.880000
-154.797394	18.803101	2934.388000	96.740000	1.880000
-155.714996	18.000299	2914.982000	96.740000	1.880000
-156.465103	18.775000	2893.267000	96.740000	1.880000
-157.227295	18.984800	2871.388000	96.740000	1.880000
-156.510101	19.477699	2889.369000	96.740000	1.880000
-156.932007	19.832701	2879.383000	96.740000	1.880000
-157.627594	20.346100	2859.372000	96.740000	1.880000
