-178.780000	-32.780000	-158.401001	21.180099	3.961022	20.344212	1550.290592	0.000000
-178.780000	-32.780000	-158.151001	20.930099	4.041783	20.630620	1546.730028	2.000000
-178.780000	-32.780000	-158.151001	21.180099	1.811157	20.574209	1552.510626	1.000000
-178.780000	-32.780000	-157.901001	20.680099	4.108003	20.917827	1543.169464	2.000000
-178.780000	-32.780000	-157.901001	20.930099	1.491131	20.860364	1548.950063	2.000000
-178.780000	-32.780000	-157.901001	21.180099	-0.486454	20.803504	1554.730661	1.000000
-178.780000	-32.780000	-157.651001	20.430099	6.646840	21.205934	1539.608901	2.000000
-178.780000	-32.780000	-157.651001	20.680099	2.744432	21.147351	1545.389499	2.000000
-178.780000	-32.780000	-157.651001	20.930099	1.262054	21.089442	1551.170097	2.000000
-178.780000	-32.780000	-157.401001	20.180099	3.642648	21.494820	1535.845124	2.000000
-178.780000	-32.780000	-157.401001	20.430099	4.349218	21.435171	1542.497100	2.000000
-178.780000	-32.780000	-157.401001	20.680099	9.297758	21.376148	1547.960720	2.000000
-178.780000	-32.780000	-157.401001	20.930099	5.480669	21.317860	1553.390132	3.000000
-178.780000	-32.780000	-157.151001	19.930099	2.958634	21.784586	1531.830367	1.000000
-178.780000	-32.780000	-157.151001	20.180099	0.685776	21.723806	1538.413904	2.000000
-178.780000	-32.780000	-157.151001	20.430099	1.391128	21.663719	1545.093586	3.000000
-178.780000	-32.780000	-157.151001	20.680099	9.393419	21.604322	1551.434290	3.000000
-178.780000	-32.780000	-156.901001	19.680099	2.098238	22.075110	1527.815610	1.000000
-178.780000	-32.780000	-156.901001	19.930099	0.629375	22.013248	1534.427495	2.000000
-178.780000	-32.780000	-156.901001	20.180099	0.442767	21.952037	1540.978679	2.000000
-178.780000	-32.780000	-156.901001	20.430099	0.477964	21.891581	1547.690072	3.000000
-178.780000	-32.780000	-156.901001	20.680099	3.939925	21.831760	1554.443777	3.000000
-178.780000	-32.780000	-156.651001	19.430099	0.857396	22.366493	1523.800854	1.000000
-178.780000	-32.780000	-156.651001	19.680099	0.374867	22.303489	1530.441087	1.000000
-178.780000	-32.780000	-156.651001	19.930099	0.367541	22.241201	1536.992270	2.000000
-178.780000	-32.780000	-156.651001	20.180099	0.249890	22.179624	1543.543454	3.000000
-178.780000	-32.780000	-156.651001	20.430099	0.203404	22.118748	1550.286558	4.000000
-178.780000	-32.780000	-156.651001	20.680099	2.734991	22.058568	1557.040263	3.000000
-178.780000	-32.780000	-156.401001	19.180099	0.058956	22.658610	1519.786097	1.000000
-178.780000	-32.780000	-156.401001	19.430099	0.119545	22.594512	1526.426770	2.000000
-178.780000	-32.780000	-156.401001	19.680099	0.002533	22.531089	1533.005862	2.000000
-178.780000	-32.780000	-156.401001	19.930099	0.107587	22.468439	1539.557046	2.000000
-178.780000	-32.780000	-156.401001	20.180099	0.099051	22.406449	1546.129339	3.000000
-178.780000	-32.780000	-156.401001	20.430099	-0.002756	22.345218	1552.883044	3.000000
-178.780000	-32.780000	-156.151001	18.930099	-0.264741	22.951563	1515.771340	1.000000
-178.780000	-32.780000	-156.151001	19.180099	-0.136583	22.886313	1522.412013	2.000000
-178.780000	-32.780000	-156.151001	19.430099	-0.253282	22.821800	1529.019454	2.000000
-178.780000	-32.780000	-156.151001	19.680099	-0.181211	22.758020	1535.570637	2.000000
-178.780000	-32.780000	-156.151001	19.930099	-0.167912	22.694961	1542.121821	2.000000
-178.780000	-32.780000	-156.151001	20.180099	-0.133874	22.632622	1548.725825	3.000000
-178.780000	-32.780000	-156.151001	20.430099	-0.902186	22.570989	1555.479530	3.000000
-178.780000	-32.780000	-155.901001	18.680099	0.514390	23.245226	1511.756584	2.000000
-178.780000	-32.780000	-155.901001	18.930099	0.766199	23.178868	1518.397257	2.000000
-178.780000	-32.780000	-155.901001	19.180099	-0.382794	23.113210	1525.033046	2.000000
-178.780000	-32.780000	-155.901001	19.430099	-0.394111	23.048345	1531.584229	2.000000
-178.780000	-32.780000	-155.901001	19.680099	-0.315899	22.984164	1538.135412	2.000000
-178.780000	-32.780000	-155.901001	19.930099	-0.368838	22.920760	1544.686596	3.000000
-178.780000	-32.780000	-155.901001	20.180099	-0.346314	22.858026	1551.322310	2.000000
-178.780000	-32.780000	-155.901001	20.430099	-0.861257	22.796054	1557.794041	2.000000
-178.780000	-32.780000	-155.651001	18.430099	2.578216	23.539698	1507.990260	3.000000
-178.780000	-32.780000	-155.651001	18.680099	2.818616	23.472180	1514.669271	3.000000
-178.780000	-32.780000	-155.651001	18.930099	3.755419	23.405420	1521.348282	4.000000
-178.780000	-32.780000	-155.651001	19.180099	1.623241	23.339416	1527.629811	4.000000
-178.780000	-32.780000	-155.651001	19.430099	-0.333114	23.274154	1534.176555	3.000000
-178.780000	-32.780000	-155.651001	19.680099	-0.254189	23.209633	1540.723300	3.000000
-178.780000	-32.780000	-155.651001	19.930099	-0.174536	23.145839	1547.270044	3.000000
-178.780000	-32.780000	-155.651001	20.180099	-0.437582	23.082771	1553.824765	3.000000
-178.780000	-32.780000	-155.401001	18.180099	2.174637	23.834854	1504.552910	3.000000
-178.780000	-32.780000	-155.401001	18.430099	3.619014	23.766217	1511.329209	3.000000
-178.780000	-32.780000	-155.401001	18.680099	4.123024	23.698304	1518.008220	3.000000
-178.780000	-32.780000	-155.401001	18.930099	5.172844	23.631203	1524.687231	4.000000
-178.780000	-32.780000	-155.401001	19.180099	4.655908	23.564809	1530.673304	4.000000
-178.780000	-32.780000	-155.401001	19.430099	0.946349	23.499213	1536.810565	4.000000
-178.780000	-32.780000	-155.401001	19.680099	-0.302799	23.434308	1543.357310	3.000000
-178.780000	-32.780000	-155.401001	19.930099	-0.228176	23.370185	1549.907491	3.000000
-178.780000	-32.780000	-155.401001	20.180099	-0.200556	23.306740	1556.454375	3.000000
-178.780000	-32.780000	-155.151001	17.930099	1.138531	24.130792	1500.732388	3.000000
-178.780000	-32.780000	-155.151001	18.180099	1.239810	24.060987	1507.667659	2.000000
-178.780000	-32.780000	-155.151001	18.430099	2.217131	23.991960	1514.602931	3.000000
-178.780000	-32.780000	-155.151001	18.680099	3.825037	23.923712	1521.347170	3.000000
-178.780000	-32.780000	-155.151001	18.930099	4.519573	23.856227	1527.935496	3.000000
-178.780000	-32.780000	-155.151001	19.180099	5.561971	23.789504	1533.774779	3.000000
-178.780000	-32.780000	-155.151001	19.430099	1.634906	23.723529	1539.614063	4.000000
-178.780000	-32.780000	-155.151001	19.680099	-0.299659	23.658302	1545.991320	3.000000
-178.780000	-32.780000	-155.151001	19.930099	-0.529655	23.593807	1552.532517	2.000000
-178.780000	-32.780000	-154.901001	17.680099	-0.096198	24.427385	1496.911866	2.000000
-178.780000	-32.780000	-154.901001	17.930099	-0.200239	24.356449	1503.847137	3.000000
-178.780000	-32.780000	-154.901001	18.180099	-0.305599	24.286263	1510.782409	2.000000
-178.780000	-32.780000	-154.901001	18.430099	-0.412367	24.216907	1517.717680	2.000000
-178.780000	-32.780000	-154.901001	18.680099	1.058717	24.148283	1524.652952	2.000000
-178.780000	-32.780000	-154.901001	18.930099	-2.404869	24.080474	1531.036971	3.000000
-178.780000	-32.780000	-154.901001	19.180099	-4.603215	24.013381	1536.876255	4.000000
-178.780000	-32.780000	-154.901001	19.430099	-6.633082	23.947088	1542.270797	3.000000
-178.780000	-32.780000	-154.901001	19.680099	-0.550456	23.881495	1548.610659	3.000000
-178.780000	-32.780000	-154.901001	19.930099	-0.804823	23.816688	1555.139282	3.000000
-178.780000	-32.780000	-154.651001	17.680099	-2.718224	24.652620	1499.772759	1.000000
-178.780000	-32.780000	-154.651001	17.930099	-3.486251	24.581310	1506.651186	2.000000
-178.780000	-32.780000	-154.651001	18.180099	-3.605505	24.510800	1513.529614	2.000000
-178.780000	-32.780000	-154.651001	18.430099	-3.726206	24.441074	1520.408041	2.000000
-178.780000	-32.780000	-154.651001	18.680099	-1.355672	24.372132	1527.286469	2.000000
-178.780000	-32.780000	-154.651001	18.930099	-3.283616	24.303958	1532.530955	4.000000
-178.780000	-32.780000	-154.651001	19.180099	-15.295370	24.236553	1537.513352	4.000000
-178.780000	-32.780000	-154.651001	19.430099	-8.616181	24.169901	1543.063740	3.000000
-178.780000	-32.780000	-154.651001	19.680099	-3.441660	24.104001	1551.217424	2.000000
-178.780000	-32.780000	-154.401001	17.680099	-2.455107	24.876973	1502.190020	1.000000
-178.780000	-32.780000	-154.401001	17.930099	-3.688982	24.805346	1508.896359	3.000000
-178.780000	-32.780000	-154.401001	18.180099	-4.796609	24.734474	1515.774786	2.000000
-178.780000	-32.780000	-154.401001	18.430099	-5.677445	24.664437	1522.653214	2.000000
-178.780000	-32.780000	-154.401001	18.680099	-3.204702	24.595138	1529.531641	2.000000
-178.780000	-32.780000	-154.401001	18.930099	3.290425	24.526658	1534.754322	4.000000
-178.780000	-32.780000	-154.401001	19.180099	-2.193967	24.458901	1538.441415	4.000000
-178.780000	-32.780000	-154.401001	19.430099	-3.255465	24.391947	1545.867881	4.000000
-178.780000	-32.780000	-154.401001	19.680099	-3.406030	24.325701	1553.824188	2.000000
-178.780000	-32.780000	-154.151001	17.930099	-1.195754	25.028581	1511.642767	3.000000
-178.780000	-32.780000	-154.151001	18.180099	-2.054497	24.957405	1518.270703	3.000000
-178.780000	-32.780000	-154.151001	18.430099	-3.298385	24.887016	1524.898639	3.000000
-178.780000	-32.780000	-154.151001	18.680099	-1.976334	24.817417	1531.776813	2.000000
-178.780000	-32.780000	-154.151001	18.930099	6.765478	24.748591	1536.977689	4.000000
-178.780000	-32.780000	-154.151001	19.180099	8.638384	24.680539	1541.810839	4.000000
-178.780000	-32.780000	-154.151001	19.430099	-2.478393	24.613244	1548.672022	4.000000
-178.780000	-32.780000	-153.901001	17.930099	-1.120820	25.250986	1514.467578	2.000000
-178.780000	-32.780000	-153.901001	18.180099	-1.018881	25.179467	1521.095514	3.000000
-178.780000	-32.780000	-153.901001	18.430099	-1.644886	25.108784	1527.723450	3.000000
-178.780000	-32.780000	-153.901001	18.680099	-4.808332	25.038848	1534.351386	3.000000
-178.780000	-32.780000	-153.901001	18.930099	2.210787	24.969733	1540.573827	4.000000
-178.780000	-32.780000	-153.901001	19.180099	10.065163	24.901348	1545.701969	4.000000
-178.780000	-32.780000	-153.901001	19.430099	0.853950	24.833768	1551.476163	3.000000
-178.780000	-32.780000	-153.651001	18.180099	-2.421973	25.400780	1523.920326	3.000000
-178.780000	-32.780000	-153.651001	18.430099	-4.132376	25.329766	1530.357410	3.000000
-178.780000	-32.780000	-153.651001	18.680099	-6.880179	25.259547	1536.263130	3.000000
-178.780000	-32.780000	-153.651001	18.930099	-7.606852	25.190104	1542.490983	4.000000
-178.780000	-32.780000	-153.401001	18.180099	-2.711824	25.621221	1526.359026	3.000000
-178.780000	-32.780000	-153.401001	18.430099	-6.750096	25.549930	1532.264746	3.000000
-178.780000	-32.780000	-153.401001	18.680099	-7.115698	25.479392	1538.170466	3.000000
