-155.772995	19.079000	1040.726000	0.648180
-154.983002	19.601000	1064.701000	0.533551
-155.710999	20.046000	1065.702000	0.242652
-159.401001	21.971001	1073.727000	NaN
-156.658005	20.891001	1076.723000	-0.841553
-157.270004	21.108999	1075.718000	-1.340754
-156.755997	21.136000	1082.717000	-2.622997
-155.679398	21.205500	1094.700000	-0.693926
-154.482803	21.001900	1102.685000	-2.476428
-153.292099	20.892599	1110.905000	-5.521167
-153.503204	19.495199	1077.680000	-1.758312
-152.132401	18.481400	1072.875000	1.381018
-153.290604	17.906200	1040.836000	-2.479594
-154.691299	17.180099	1004.679000	-2.573530
-154.797394	18.803101	1045.690000	-1.341044
-155.714996	18.000299	1011.691000	-1.183873
-156.167007	18.301001	1017.698000	-1.968203
-156.465103	18.775000	1023.702000	0.718947
-157.227295	18.984800	1018.705000	2.464084
-156.510101	19.477699	1041.031000	0.614775
-157.627594	20.346100	1050.683000	1.036729
-155.679398	21.205500	1094.225000	-0.693926
-153.503204	19.495199	1077.380000	-1.758312
-154.797394	18.803101	1045.341000	-1.341044
-155.714996	18.000299	1012.291000	-1.183873
-156.167007	18.301001	1017.248000	-1.968203
-156.465103	18.775000	1023.577000	0.718947
