179.520000	51.150000	-158.651001	21.430099	-6.302858	155.516183	930.383409	2.000000
179.520000	51.150000	-158.401001	21.180099	-6.104476	155.449086	939.874009	1.000000
179.520000	51.150000	-158.401001	21.430099	-6.466412	155.297263	933.802226	1.000000
179.520000	51.150000	-158.151001	20.680099	-4.965710	155.531176	955.542916	2.000000
179.520000	51.150000	-158.151001	20.930099	-5.907827	155.382935	949.364609	2.000000
179.520000	51.150000	-158.151001	21.180099	-6.358577	155.232588	943.292826	2.000000
179.520000	51.150000	-158.151001	21.430099	-6.249233	155.080084	937.221043	1.000000
179.520000	51.150000	-157.901001	20.430099	-4.771530	155.464445	965.048835	1.000000
179.520000	51.150000	-157.901001	20.680099	-5.044309	155.317627	958.855208	2.000000
179.520000	51.150000	-157.901001	20.930099	-4.861733	155.168699	952.783426	2.000000
179.520000	51.150000	-157.901001	21.180099	-4.017409	155.017695	946.711643	2.000000
179.520000	51.150000	-157.901001	21.430099	-1.813500	154.864504	940.639860	1.000000
179.520000	51.150000	-157.651001	19.930099	-4.024869	155.542087	980.809472	2.000000
179.520000	51.150000	-157.651001	20.180099	-3.681610	155.398649	974.554754	2.000000
179.520000	51.150000	-157.651001	20.430099	-2.965869	155.253201	968.345808	1.000000
179.520000	51.150000	-157.651001	20.680099	-1.616538	155.105721	962.095287	2.000000
179.520000	51.150000	-157.651001	20.930099	-0.727699	154.956158	955.832312	3.000000
179.520000	51.150000	-157.651001	21.180099	0.151250	154.804489	949.569337	2.000000
179.520000	51.150000	-157.651001	21.430099	2.158111	154.650661	943.306362	2.000000
179.520000	51.150000	-157.401001	19.680099	-2.913015	155.475722	990.279501	3.000000
179.520000	51.150000	-157.401001	19.930099	-2.388578	155.333609	983.938983	2.000000
179.520000	51.150000	-157.401001	20.180099	-1.601611	155.189559	977.598090	3.000000
179.520000	51.150000	-157.401001	20.430099	-0.437396	155.043472	971.182035	3.000000
179.520000	51.150000	-157.401001	20.680099	0.560103	154.895377	964.694968	3.000000
179.520000	51.150000	-157.401001	20.930099	1.293948	154.745173	958.431993	4.000000
179.520000	51.150000	-157.401001	21.180099	1.368215	154.592889	952.169018	3.000000
179.520000	51.150000	-157.401001	21.430099	2.124354	154.438419	945.930881	2.000000
179.520000	51.150000	-157.151001	19.430099	-3.098472	155.410203	999.579439	3.000000
179.520000	51.150000	-157.151001	19.680099	-2.228904	155.269442	993.238921	4.000000
179.520000	51.150000	-157.151001	19.930099	-1.264650	155.126738	986.898404	3.000000
179.520000	51.150000	-157.151001	20.180099	-0.757583	154.982070	980.501758	3.000000
179.520000	51.150000	-157.151001	20.430099	-0.392825	154.835389	974.085703	3.000000
179.520000	51.150000	-157.151001	20.680099	-0.389222	154.686675	967.542622	3.000000
179.520000	51.150000	-157.151001	20.930099	1.160480	154.535877	961.031674	3.000000
179.520000	51.150000	-157.151001	21.180099	1.248967	154.382973	954.768699	3.000000
179.520000	51.150000	-157.151001	21.430099	1.935683	154.227909	948.721156	2.000000
179.520000	51.150000	-156.901001	18.930099	-4.447380	155.482991	1015.895333	3.000000
179.520000	51.150000	-156.901001	19.180099	-4.481154	155.345436	1009.357636	4.000000
179.520000	51.150000	-156.901001	19.430099	-3.824221	155.205977	1002.853028	4.000000
179.520000	51.150000	-156.901001	19.680099	-2.657385	155.064645	996.352753	3.000000
179.520000	51.150000	-156.901001	19.930099	-0.821579	154.921343	989.814972	4.000000
179.520000	51.150000	-156.901001	20.180099	0.306162	154.776102	983.405426	4.000000
179.520000	51.150000	-156.901001	20.430099	0.144755	154.628824	976.989371	2.000000
179.520000	51.150000	-156.901001	20.680099	0.064604	154.479536	970.573316	2.000000
179.520000	51.150000	-156.901001	20.930099	0.113967	154.328140	963.819987	3.000000
179.520000	51.150000	-156.901001	21.180099	0.804815	154.174663	957.368380	1.000000
179.520000	51.150000	-156.901001	21.430099	2.994921	154.019002	951.511432	2.000000
179.520000	51.150000	-156.651001	18.680099	-2.989519	155.417751	1025.918839	4.000000
179.520000	51.150000	-156.651001	18.930099	-3.744061	155.281457	1019.339204	4.000000
179.520000	51.150000	-156.651001	19.180099	-3.607718	155.143326	1012.801508	4.000000
179.520000	51.150000	-156.651001	19.430099	-3.092102	155.003315	1006.271181	4.000000
179.520000	51.150000	-156.651001	19.680099	-1.627480	154.861406	999.654925	3.000000
179.520000	51.150000	-156.651001	19.930099	-0.364905	154.717552	992.808823	3.000000
179.520000	51.150000	-156.651001	20.180099	0.546350	154.571733	986.094269	4.000000
179.520000	51.150000	-156.651001	20.430099	1.210856	154.423901	979.750991	4.000000
179.520000	51.150000	-156.651001	20.680099	1.263519	154.274036	973.407714	3.000000
179.520000	51.150000	-156.651001	20.930099	1.656012	154.122087	966.929821	4.000000
179.520000	51.150000	-156.651001	21.180099	1.088129	153.968033	960.125566	3.000000
179.520000	51.150000	-156.651001	21.430099	4.526536	153.811820	954.138692	2.000000
179.520000	51.150000	-156.401001	18.430099	1.285307	155.353185	1034.504719	4.000000
179.520000	51.150000	-156.401001	18.680099	-0.726583	155.218176	1028.769804	4.000000
179.520000	51.150000	-156.401001	18.930099	-2.273268	155.081325	1022.621780	4.000000
179.520000	51.150000	-156.401001	19.180099	-1.270766	154.942661	1016.049206	3.000000
179.520000	51.150000	-156.401001	19.430099	-0.422934	154.802094	1009.469750	3.000000
179.520000	51.150000	-156.401001	19.680099	0.462633	154.659650	1002.746438	3.000000
179.520000	51.150000	-156.401001	19.930099	0.319249	154.515239	995.935989	3.000000
179.520000	51.150000	-156.401001	20.180099	0.309651	154.368886	989.089887	3.000000
179.520000	51.150000	-156.401001	20.430099	1.114110	154.220497	982.373565	3.000000
179.520000	51.150000	-156.401001	20.680099	2.557142	154.070098	976.030288	3.000000
179.520000	51.150000	-156.401001	20.930099	3.096450	153.917594	969.401054	4.000000
179.520000	51.150000	-156.401001	21.180099	1.010357	153.763008	962.915842	3.000000
179.520000	51.150000	-156.401001	21.430099	5.454304	153.606242	956.697972	2.000000
179.520000	51.150000	-156.151001	18.430099	-0.203652	155.155629	1037.000230	4.000000
179.520000	51.150000	-156.151001	18.680099	-0.209394	155.020083	1031.290163	4.000000
179.520000	51.150000	-156.151001	18.930099	-0.023177	154.882717	1025.520985	3.000000
179.520000	51.150000	-156.151001	19.180099	0.441901	154.743516	1018.948410	3.000000
179.520000	51.150000	-156.151001	19.430099	1.338315	154.602433	1012.287421	3.000000
179.520000	51.150000	-156.151001	19.680099	1.547258	154.459451	1005.564109	3.000000
179.520000	51.150000	-156.151001	19.930099	1.330101	154.314524	998.840796	3.000000
179.520000	51.150000	-156.151001	20.180099	1.087011	154.167634	992.117484	3.000000
179.520000	51.150000	-156.151001	20.430099	1.344279	154.018730	985.370950	3.000000
179.520000	51.150000	-156.151001	20.680099	2.656688	153.867796	978.652862	2.000000
179.520000	51.150000	-156.151001	20.930099	1.615452	153.714777	972.125719	4.000000
179.520000	51.150000	-156.151001	21.180099	1.392430	153.559658	965.706118	3.000000
179.520000	51.150000	-156.151001	21.430099	6.103420	153.402381	959.257252	2.000000
179.520000	51.150000	-155.901001	18.180099	1.163465	155.093731	1045.557712	3.000000
179.520000	51.150000	-155.901001	18.430099	-1.220925	154.959443	1039.721104	4.000000
179.520000	51.150000	-155.901001	18.680099	-0.672644	154.823399	1033.884496	4.000000
179.520000	51.150000	-155.901001	18.930099	0.546005	154.685515	1028.100455	4.000000
179.520000	51.150000	-155.901001	19.180099	1.082828	154.545816	1021.828404	4.000000
179.520000	51.150000	-155.901001	19.430099	2.283526	154.404214	1015.105092	4.000000
179.520000	51.150000	-155.901001	19.680099	2.522914	154.260735	1008.381780	3.000000
179.520000	51.150000	-155.901001	19.930099	2.792009	154.115290	1001.658467	3.000000
179.520000	51.150000	-155.901001	20.180099	3.086576	153.967903	994.917133	2.000000
179.520000	51.150000	-155.901001	20.430099	3.154419	153.818483	988.160247	2.000000
179.520000	51.150000	-155.901001	20.680099	2.238798	153.667054	981.412100	2.000000
179.520000	51.150000	-155.901001	20.930099	1.393569	153.513522	974.955244	3.000000
179.520000	51.150000	-155.901001	21.180099	1.914790	153.357910	968.523378	2.000000
179.520000	51.150000	-155.651001	18.180099	0.373441	154.899510	1048.305102	2.000000
179.520000	51.150000	-155.651001	18.430099	-0.892867	154.764742	1042.464328	3.000000
179.520000	51.150000	-155.651001	18.680099	-0.772136	154.628198	1036.623553	3.000000
179.520000	51.150000	-155.651001	18.930099	0.381467	154.489833	1030.782779	4.000000
179.520000	51.150000	-155.651001	19.180099	2.886844	154.349633	1024.508745	4.000000
179.520000	51.150000	-155.651001	19.430099	3.553736	154.207551	1017.751859	3.000000
179.520000	51.150000	-155.651001	19.680099	3.796174	154.063573	1010.994973	2.000000
179.520000	51.150000	-155.651001	19.930099	4.040623	153.917649	1004.238086	4.000000
179.520000	51.150000	-155.651001	20.180099	4.013842	153.769764	997.481200	2.000000
179.520000	51.150000	-155.651001	20.430099	3.423359	153.619867	990.749978	1.000000
179.520000	51.150000	-155.651001	20.680099	1.898365	153.467942	984.177631	1.000000
179.520000	51.150000	-155.651001	20.930099	1.589781	153.313936	977.763047	2.000000
179.520000	51.150000	-155.651001	21.180099	2.957198	153.157833	971.348106	2.000000
179.520000	51.150000	-155.401001	17.930099	2.385159	154.840133	1056.920889	2.000000
179.520000	51.150000	-155.401001	18.180099	2.681520	154.706664	1050.767341	3.000000
179.520000	51.150000	-155.401001	18.430099	-0.282437	154.571413	1045.157064	4.000000
179.520000	51.150000	-155.401001	18.680099	-0.384756	154.434405	1039.316290	4.000000
179.520000	51.150000	-155.401001	18.930099	1.248892	154.295558	1033.475515	4.000000
179.520000	51.150000	-155.401001	19.180099	4.102638	154.154895	1026.992817	3.000000
179.520000	51.150000	-155.401001	19.430099	4.078951	154.012332	1020.315925	3.000000
179.520000	51.150000	-155.401001	19.680099	4.181900	153.867892	1013.559039	3.000000
179.520000	51.150000	-155.401001	19.930099	4.003281	153.721488	1006.802153	3.000000
179.520000	51.150000	-155.401001	20.180099	3.526320	153.573143	1000.087856	2.000000
179.520000	51.150000	-155.401001	20.430099	2.629558	153.422770	993.440975	2.000000
179.520000	51.150000	-155.401001	20.680099	1.756362	153.270388	986.983514	3.000000
179.520000	51.150000	-155.401001	20.930099	2.052385	153.115909	980.567541	3.000000
179.520000	51.150000	-155.401001	21.180099	4.294684	152.959352	974.051128	3.000000
179.520000	51.150000	-155.151001	17.930099	2.748213	154.649199	1059.518671	3.000000
179.520000	51.150000	-155.151001	18.180099	2.387988	154.515263	1052.960168	3.000000
179.520000	51.150000	-155.151001	18.430099	1.280435	154.379565	1047.695261	4.000000
179.520000	51.150000	-155.151001	18.680099	0.001880	154.242092	1042.009026	4.000000
179.520000	51.150000	-155.151001	18.930099	2.713091	154.102798	1036.084243	3.000000
179.520000	51.150000	-155.151001	19.180099	4.456652	153.961671	1029.465562	3.000000
179.520000	51.150000	-155.151001	19.430099	4.752645	153.818663	1022.846882	3.000000
179.520000	51.150000	-155.151001	19.680099	4.008389	153.673761	1016.123106	3.000000
179.520000	51.150000	-155.151001	19.930099	3.513661	153.526914	1009.425734	2.000000
179.520000	51.150000	-155.151001	20.180099	3.176558	153.378110	1002.778853	2.000000
179.520000	51.150000	-155.151001	20.430099	2.206031	153.227296	996.203981	3.000000
179.520000	51.150000	-155.151001	20.680099	1.996938	153.074459	989.786976	3.000000
179.520000	51.150000	-155.151001	20.930099	2.620314	152.919544	983.352473	4.000000
179.520000	51.150000	-155.151001	21.180099	5.116206	152.762537	976.677456	3.000000
179.520000	51.150000	-154.901001	17.680099	2.833617	154.592270	1068.674955	3.000000
179.520000	51.150000	-154.901001	17.930099	2.937807	154.459605	1062.116452	3.000000
179.520000	51.150000	-154.901001	18.180099	1.634952	154.325237	1055.557949	3.000000
179.520000	51.150000	-154.901001	18.430099	3.188000	154.189091	1049.856819	3.000000
179.520000	51.150000	-154.901001	18.680099	1.968974	154.051187	1044.623181	3.000000
179.520000	51.150000	-154.901001	18.930099	4.808873	153.911447	1038.556988	2.000000
179.520000	51.150000	-154.901001	19.180099	6.188988	153.769890	1031.938308	4.000000
179.520000	51.150000	-154.901001	19.430099	5.843496	153.626438	1025.254254	4.000000
179.520000	51.150000	-154.901001	19.680099	4.134700	153.481108	1018.746527	3.000000
179.520000	51.150000	-154.901001	19.930099	3.589622	153.333820	1012.116731	2.000000
179.520000	51.150000	-154.901001	20.180099	2.938998	153.184592	1005.469850	3.000000
179.520000	51.150000	-154.901001	20.430099	2.156708	153.033341	999.006411	3.000000
179.520000	51.150000	-154.901001	20.680099	2.293697	152.880084	992.571908	3.000000
179.520000	51.150000	-154.901001	20.930099	3.073787	152.724736	986.137404	3.000000
179.520000	51.150000	-154.901001	21.180099	5.632397	152.567314	979.303784	3.000000
179.520000	51.150000	-154.651001	17.680099	2.877651	154.404535	1071.272736	3.000000
179.520000	51.150000	-154.651001	17.930099	3.009374	154.271454	1064.714234	3.000000
179.520000	51.150000	-154.651001	18.180099	2.468741	154.136654	1058.155731	3.000000
179.520000	51.150000	-154.651001	18.430099	3.480055	154.000093	1052.018377	3.000000
179.520000	51.150000	-154.651001	18.680099	4.448669	153.861759	1046.770496	3.000000
179.520000	51.150000	-154.651001	18.930099	6.672499	153.721605	1040.757484	3.000000
179.520000	51.150000	-154.651001	19.180099	7.532429	153.579620	1034.048811	4.000000
179.520000	51.150000	-154.651001	19.430099	5.425793	153.435756	1027.505630	4.000000
179.520000	51.150000	-154.651001	19.680099	4.533000	153.290002	1021.217712	2.000000
179.520000	51.150000	-154.651001	19.930099	4.072827	153.142305	1014.743520	2.000000
179.520000	51.150000	-154.651001	20.180099	3.349094	152.992657	1008.225846	3.000000
179.520000	51.150000	-154.651001	20.430099	3.060812	152.841001	1001.791343	3.000000
179.520000	51.150000	-154.651001	20.680099	3.024856	152.687328	995.356839	2.000000
179.520000	51.150000	-154.651001	20.930099	4.252645	152.531581	988.922336	3.000000
179.520000	51.150000	-154.651001	21.180099	6.138185	152.373748	981.930111	3.000000
179.520000	51.150000	-154.401001	17.680099	3.601706	154.218141	1073.907339	4.000000
179.520000	51.150000	-154.401001	17.930099	3.047325	154.084644	1067.341835	4.000000
179.520000	51.150000	-154.401001	18.180099	2.618616	153.949445	1060.776332	3.000000
179.520000	51.150000	-154.401001	18.430099	1.460503	153.812470	1054.335243	4.000000
179.520000	51.150000	-154.401001	18.680099	5.269805	153.673737	1048.866121	4.000000
179.520000	51.150000	-154.401001	18.930099	7.212562	153.533171	1042.843368	3.000000
179.520000	51.150000	-154.401001	19.180099	5.945431	153.390790	1036.220637	4.000000
179.520000	51.150000	-154.401001	19.430099	4.494042	153.246518	1029.932719	4.000000
179.520000	51.150000	-154.401001	19.680099	4.783229	153.100370	1023.644802	4.000000
179.520000	51.150000	-154.401001	19.930099	4.532446	152.952270	1017.247133	3.000000
179.520000	51.150000	-154.401001	20.180099	4.309152	152.802232	1010.795874	3.000000
179.520000	51.150000	-154.401001	20.430099	4.247518	152.650178	1004.400442	3.000000
179.520000	51.150000	-154.401001	20.680099	5.665455	152.496120	998.005011	4.000000
179.520000	51.150000	-154.401001	20.930099	7.756529	152.339980	991.516482	3.000000
179.520000	51.150000	-154.401001	21.180099	7.966734	152.181769	984.556439	2.000000
179.520000	51.150000	-154.151001	17.680099	4.892425	154.033156	1076.313526	4.000000
179.520000	51.150000	-154.151001	17.930099	3.518945	153.899273	1069.983385	4.000000
179.520000	51.150000	-154.151001	18.180099	0.572255	153.763675	1063.511396	3.000000
179.520000	51.150000	-154.151001	18.430099	-0.208221	153.626316	1057.221950	4.000000
179.520000	51.150000	-154.151001	18.680099	2.780390	153.487187	1050.961746	4.000000
179.520000	51.150000	-154.151001	18.930099	4.231547	153.346240	1044.935644	2.000000
179.520000	51.150000	-154.151001	19.180099	3.665603	153.203466	1038.647727	4.000000
179.520000	51.150000	-154.151001	19.430099	4.053540	153.058816	1032.359809	4.000000
179.520000	51.150000	-154.151001	19.680099	4.498269	152.912280	1026.071891	4.000000
179.520000	51.150000	-154.151001	19.930099	4.674831	152.763805	1019.750745	3.000000
179.520000	51.150000	-154.151001	20.180099	5.737643	152.613384	1013.316551	3.000000
179.520000	51.150000	-154.151001	20.430099	7.567312	152.460960	1006.904504	3.000000
179.520000	51.150000	-154.151001	20.680099	9.394387	152.306525	1000.187397	4.000000
179.520000	51.150000	-154.151001	20.930099	10.439223	152.150021	993.470290	4.000000
179.520000	51.150000	-154.151001	21.180099	9.813820	151.991440	986.753183	2.000000
179.520000	51.150000	-153.901001	17.680099	4.651820	153.849510	1078.507757	4.000000
179.520000	51.150000	-153.901001	17.930099	3.050052	153.715244	1072.407489	2.000000
179.520000	51.150000	-153.901001	18.180099	-0.040564	153.579277	1066.602045	4.000000
179.520000	51.150000	-153.901001	18.430099	-1.498315	153.441537	1060.292612	4.000000
179.520000	51.150000	-153.901001	18.680099	-1.164471	153.302041	1053.983178	4.000000
179.520000	51.150000	-153.901001	18.930099	0.186505	153.160717	1047.649617	2.000000
179.520000	51.150000	-153.901001	19.180099	0.590737	153.017579	1041.294511	3.000000
179.520000	51.150000	-153.901001	19.430099	0.959004	152.872556	1034.939404	3.000000
179.520000	51.150000	-153.901001	19.680099	3.848751	152.725660	1028.584298	2.000000
179.520000	51.150000	-153.901001	19.930099	6.684481	152.576818	1022.229191	1.000000
179.520000	51.150000	-153.901001	20.180099	8.429336	152.426042	1015.581760	2.000000
179.520000	51.150000	-153.901001	20.430099	9.858178	152.273256	1008.871609	2.000000
179.520000	51.150000	-153.901001	20.680099	9.956829	152.118472	1002.161457	2.000000
179.520000	51.150000	-153.901001	20.930099	10.057085	151.961615	995.451305	2.000000
179.520000	51.150000	-153.651001	17.680099	3.652540	153.667269	1080.929493	3.000000
179.520000	51.150000	-153.651001	17.930099	2.682052	153.532648	1074.846475	4.000000
179.520000	51.150000	-153.651001	18.180099	0.934925	153.396314	1069.240418	4.000000
179.520000	51.150000	-153.651001	18.430099	-0.638570	153.258222	1063.602612	4.000000
179.520000	51.150000	-153.651001	18.680099	-2.000231	153.118363	1057.293179	4.000000
179.520000	51.150000	-153.651001	18.930099	-1.857898	152.976689	1050.959834	2.000000
179.520000	51.150000	-153.651001	19.180099	0.490992	152.833193	1044.604728	3.000000
179.520000	51.150000	-153.651001	19.430099	4.905027	152.687824	1038.249621	3.000000
179.520000	51.150000	-153.651001	19.680099	8.086541	152.540575	1031.257158	3.000000
179.520000	51.150000	-153.651001	19.930099	9.257926	152.391392	1024.379174	1.000000
179.520000	51.150000	-153.651001	20.180099	9.424311	152.240269	1017.669023	1.000000
179.520000	51.150000	-153.651001	20.430099	9.549791	152.087149	1010.958871	2.000000
179.520000	51.150000	-153.401001	17.930099	3.045738	153.351393	1077.309189	4.000000
179.520000	51.150000	-153.401001	18.180099	2.493913	153.214720	1071.736049	4.000000
179.520000	51.150000	-153.401001	18.430099	2.320989	153.076280	1066.162910	4.000000
179.520000	51.150000	-153.401001	18.680099	0.731522	152.936085	1060.589770	4.000000
179.520000	51.150000	-153.401001	18.930099	4.544931	152.794068	1054.270051	2.000000
179.520000	51.150000	-153.401001	19.180099	9.127450	152.650240	1047.325886	3.000000
179.520000	51.150000	-153.401001	19.430099	11.900177	152.504533	1040.129393	3.000000
179.520000	51.150000	-153.401001	19.680099	10.344135	152.356957	1033.176588	2.000000
179.520000	51.150000	-153.401001	19.930099	9.484373	152.207442	1026.466436	1.000000
179.520000	51.150000	-153.151001	18.180099	4.533647	153.034557	1074.020003	2.000000
179.520000	51.150000	-153.151001	18.430099	4.508266	152.895794	1068.444646	3.000000
179.520000	51.150000	-153.151001	18.680099	6.472907	152.755270	1062.869289	3.000000
179.520000	51.150000	-153.151001	18.930099	12.025178	152.612934	1056.198121	1.000000
179.520000	51.150000	-153.151001	19.180099	13.146725	152.468781	1049.001628	1.000000
179.520000	51.150000	-153.151001	19.430099	10.794552	152.322761	1041.974002	2.000000
179.520000	51.150000	-153.151001	19.680099	9.543782	152.174866	1035.263850	2.000000
179.520000	51.150000	-152.901001	18.180099	5.489706	152.855760	1076.140914	3.000000
179.520000	51.150000	-152.901001	18.430099	5.433816	152.716681	1070.565557	3.000000
179.520000	51.150000	-152.901001	18.680099	9.552430	152.575850	1064.990200	3.000000
179.520000	51.150000	-152.901001	18.930099	13.497406	152.433204	1057.873863	2.000000
179.520000	51.150000	-152.901001	19.180099	11.240777	152.288751	1050.771416	1.000000
179.520000	51.150000	-152.651001	18.430099	6.370324	152.539016	1072.686468	3.000000
179.520000	51.150000	-152.651001	18.680099	12.164504	152.397888	1066.746097	3.000000
