-69.230000	-20.020000	-158.651001	21.430099	3.950319	288.926007	2659.491956	2.000000
-69.230000	-20.020000	-158.401001	21.180099	4.191550	289.035174	2651.969240	1.000000
-69.230000	-20.020000	-158.401001	21.430099	2.420777	289.008649	2654.200375	1.000000
-69.230000	-20.020000	-158.151001	20.680099	8.355436	289.167412	2641.870349	2.000000
-69.230000	-20.020000	-158.151001	20.930099	4.436511	289.142472	2644.446524	2.000000
-69.230000	-20.020000	-158.151001	21.180099	2.345437	289.117169	2646.677660	2.000000
-69.230000	-20.020000	-158.151001	21.430099	2.337888	289.091539	2648.908795	2.000000
-69.230000	-20.020000	-157.901001	20.430099	8.626753	289.271462	2634.298013	2.000000
-69.230000	-20.020000	-157.901001	20.680099	4.641099	289.247745	2636.923808	3.000000
-69.230000	-20.020000	-157.901001	20.930099	2.190351	289.223774	2639.154944	3.000000
-69.230000	-20.020000	-157.901001	21.180099	2.140344	289.199364	2641.386079	2.000000
-69.230000	-20.020000	-157.901001	21.430099	-1.792303	289.174700	2643.617214	2.000000
-69.230000	-20.020000	-157.651001	19.930099	8.132092	289.395599	2623.902006	2.000000
-69.230000	-20.020000	-157.651001	20.180099	6.432997	289.373543	2626.725678	2.000000
-69.230000	-20.020000	-157.651001	20.430099	2.513170	289.351159	2629.401093	2.000000
-69.230000	-20.020000	-157.651001	20.680099	0.957480	289.328409	2631.610876	2.000000
-69.230000	-20.020000	-157.651001	20.930099	1.732618	289.305330	2633.819173	3.000000
-69.230000	-20.020000	-157.651001	21.180099	1.212153	289.281886	2636.027469	2.000000
-69.230000	-20.020000	-157.651001	21.430099	-8.606697	289.258113	2638.127453	2.000000
-69.230000	-20.020000	-157.401001	19.680099	2.857017	289.494445	2616.126352	3.000000
-69.230000	-20.020000	-157.401001	19.930099	0.887763	289.473723	2618.463967	2.000000
-69.230000	-20.020000	-157.401001	20.180099	-1.084207	289.452560	2620.800347	3.000000
-69.230000	-20.020000	-157.401001	20.430099	0.039531	289.431141	2622.889579	3.000000
-69.230000	-20.020000	-157.401001	20.680099	2.369402	289.409282	2625.741289	3.000000
-69.230000	-20.020000	-157.401001	20.930099	1.210392	289.387167	2628.429741	4.000000
-69.230000	-20.020000	-157.401001	21.180099	-8.552678	289.364613	2630.638037	3.000000
-69.230000	-20.020000	-157.401001	21.430099	-13.368987	289.341803	2630.958962	2.000000
-69.230000	-20.020000	-157.151001	19.430099	0.390800	289.591444	2607.387135	3.000000
-69.230000	-20.020000	-157.151001	19.680099	-0.286941	289.571944	2609.724750	4.000000
-69.230000	-20.020000	-157.151001	19.930099	-1.444986	289.552113	2612.062365	3.000000
-69.230000	-20.020000	-157.151001	20.180099	-2.709395	289.531914	2614.215419	3.000000
-69.230000	-20.020000	-157.151001	20.430099	-2.043307	289.511385	2616.304650	4.000000
-69.230000	-20.020000	-157.151001	20.680099	0.253497	289.490489	2618.637978	4.000000
-69.230000	-20.020000	-157.151001	20.930099	-0.737478	289.469263	2621.649613	4.000000
-69.230000	-20.020000	-157.151001	21.180099	-8.511151	289.447670	2623.678433	3.000000
-69.230000	-20.020000	-157.151001	21.430099	-10.876985	289.425747	2624.602584	3.000000
-69.230000	-20.020000	-156.901001	18.930099	2.169969	289.704352	2596.936687	3.000000
-69.230000	-20.020000	-156.901001	19.180099	0.298810	289.686442	2599.300046	4.000000
-69.230000	-20.020000	-156.901001	19.430099	-0.765754	289.668274	2601.437450	4.000000
-69.230000	-20.020000	-156.901001	19.680099	-1.765858	289.649664	2603.545262	3.000000
-69.230000	-20.020000	-156.901001	19.930099	-2.554334	289.630796	2605.553042	4.000000
-69.230000	-20.020000	-156.901001	20.180099	-2.597685	289.611486	2607.630490	4.000000
-69.230000	-20.020000	-156.901001	20.430099	-2.722590	289.591919	2609.719721	3.000000
-69.230000	-20.020000	-156.901001	20.680099	-0.803622	289.571910	2611.808953	3.000000
-69.230000	-20.020000	-156.901001	20.930099	-2.806980	289.551644	2614.546301	4.000000
-69.230000	-20.020000	-156.901001	21.180099	-5.503267	289.530937	2616.388253	2.000000
-69.230000	-20.020000	-156.901001	21.430099	-7.388081	289.509972	2618.246206	3.000000
-69.230000	-20.020000	-156.651001	18.680099	3.232014	289.796179	2588.467107	4.000000
-69.230000	-20.020000	-156.651001	18.930099	1.423441	289.779602	2591.019323	4.000000
-69.230000	-20.020000	-156.651001	19.180099	0.415814	289.762655	2593.382683	4.000000
-69.230000	-20.020000	-156.651001	19.430099	-0.701011	289.745376	2595.695715	4.000000
-69.230000	-20.020000	-156.651001	19.680099	-2.674062	289.727728	2597.715328	3.000000
-69.230000	-20.020000	-156.651001	19.930099	-3.408716	289.709748	2599.560155	3.000000
-69.230000	-20.020000	-156.651001	20.180099	-3.251246	289.691399	2601.434455	4.000000
-69.230000	-20.020000	-156.651001	20.430099	-3.195978	289.672718	2603.391939	4.000000
-69.230000	-20.020000	-156.651001	20.680099	-2.868937	289.653669	2605.349423	3.000000
-69.230000	-20.020000	-156.651001	20.930099	-1.702115	289.634288	2607.433421	4.000000
-69.230000	-20.020000	-156.651001	21.180099	-1.451380	289.614538	2609.869756	3.000000
-69.230000	-20.020000	-156.651001	21.430099	-7.002790	289.594457	2611.963288	2.000000
-69.230000	-20.020000	-156.401001	18.430099	5.061841	289.886126	2579.974205	4.000000
-69.230000	-20.020000	-156.401001	18.680099	1.190112	289.870771	2582.636884	4.000000
-69.230000	-20.020000	-156.401001	18.930099	-0.483838	289.855156	2584.950887	4.000000
-69.230000	-20.020000	-156.401001	19.180099	-0.520890	289.839098	2587.281579	3.000000
-69.230000	-20.020000	-156.401001	19.430099	-1.664509	289.822780	2589.600937	3.000000
-69.230000	-20.020000	-156.401001	19.680099	-3.170951	289.806019	2591.683331	3.000000
-69.230000	-20.020000	-156.401001	19.930099	-3.830012	289.788998	2593.597137	3.000000
-69.230000	-20.020000	-156.401001	20.180099	-3.740933	289.771534	2595.441964	3.000000
-69.230000	-20.020000	-156.401001	20.430099	-3.185591	289.753811	2597.315868	3.000000
-69.230000	-20.020000	-156.401001	20.680099	-1.882156	289.735645	2599.273352	3.000000
-69.230000	-20.020000	-156.401001	20.930099	-1.678161	289.717220	2601.499582	4.000000
-69.230000	-20.020000	-156.401001	21.180099	-2.532568	289.698353	2603.513378	3.000000
-69.230000	-20.020000	-156.401001	21.430099	-7.344060	289.679226	2605.711004	2.000000
-69.230000	-20.020000	-156.151001	18.430099	0.842786	289.960111	2573.927481	3.000000
-69.230000	-20.020000	-156.151001	18.680099	-1.326769	289.945718	2576.224268	3.000000
-69.230000	-20.020000	-156.151001	18.930099	-1.101116	289.930991	2578.523378	3.000000
-69.230000	-20.020000	-156.151001	19.180099	-1.602975	289.915893	2580.854070	3.000000
-69.230000	-20.020000	-156.151001	19.430099	-2.852109	289.900460	2583.039124	3.000000
-69.230000	-20.020000	-156.151001	19.680099	-3.247818	289.884658	2585.121518	3.000000
-69.230000	-20.020000	-156.151001	19.930099	-3.052315	289.868521	2587.203912	3.000000
-69.230000	-20.020000	-156.151001	20.180099	-2.927370	289.852014	2589.286306	3.000000
-69.230000	-20.020000	-156.151001	20.430099	-3.471664	289.835174	2591.323773	3.000000
-69.230000	-20.020000	-156.151001	20.680099	-3.147738	289.817963	2593.197281	2.000000
-69.230000	-20.020000	-156.151001	20.930099	-3.409706	289.800419	2595.273220	4.000000
-69.230000	-20.020000	-156.151001	21.180099	-2.708409	289.782505	2597.157000	3.000000
-69.230000	-20.020000	-156.151001	21.430099	-7.716080	289.764258	2599.458720	2.000000
-69.230000	-20.020000	-155.901001	18.180099	1.476868	290.047472	2565.063218	2.000000
-69.230000	-20.020000	-155.901001	18.430099	-1.668423	290.034410	2567.250143	3.000000
-69.230000	-20.020000	-155.901001	18.680099	-0.870013	290.020903	2569.713990	3.000000
-69.230000	-20.020000	-155.901001	18.930099	-1.316143	290.007134	2572.108438	3.000000
-69.230000	-20.020000	-155.901001	19.180099	-2.327691	289.992921	2574.394917	3.000000
-69.230000	-20.020000	-155.901001	19.430099	-3.208752	289.978446	2576.477311	3.000000
-69.230000	-20.020000	-155.901001	19.680099	-3.196904	289.963527	2578.559705	3.000000
-69.230000	-20.020000	-155.901001	19.930099	-3.149098	289.948345	2580.642099	3.000000
-69.230000	-20.020000	-155.901001	20.180099	-3.070144	289.932721	2582.733972	2.000000
-69.230000	-20.020000	-155.901001	20.430099	-2.971878	289.916834	2584.834025	2.000000
-69.230000	-20.020000	-155.901001	20.680099	-3.162618	289.900504	2586.934078	2.000000
-69.230000	-20.020000	-155.901001	20.930099	-4.130442	289.883912	2588.925821	3.000000
-69.230000	-20.020000	-155.901001	21.180099	-2.436842	289.866876	2590.806796	2.000000
-69.230000	-20.020000	-155.651001	18.180099	-2.387849	290.121171	2558.497338	1.000000
-69.230000	-20.020000	-155.651001	18.430099	-2.228456	290.108994	2560.637479	3.000000
-69.230000	-20.020000	-155.651001	18.680099	-1.469991	290.096446	2562.971504	3.000000
-69.230000	-20.020000	-155.651001	18.930099	-0.930722	290.083561	2565.435351	3.000000
-69.230000	-20.020000	-155.651001	19.180099	-2.015194	290.070304	2567.897336	3.000000
-69.230000	-20.020000	-155.651001	19.430099	-2.957588	290.056712	2570.005391	2.000000
-69.230000	-20.020000	-155.651001	19.680099	-2.977139	290.042747	2572.105444	1.000000
-69.230000	-20.020000	-155.651001	19.930099	-2.966047	290.028447	2574.205497	3.000000
-69.230000	-20.020000	-155.651001	20.180099	-2.966746	290.013775	2576.305550	2.000000
-69.230000	-20.020000	-155.651001	20.430099	-3.121602	289.998768	2578.405603	1.000000
-69.230000	-20.020000	-155.651001	20.680099	-3.696476	289.983389	2580.467984	1.000000
-69.230000	-20.020000	-155.651001	20.930099	-3.934286	289.967675	2582.450626	2.000000
-69.230000	-20.020000	-155.651001	21.180099	-1.149934	289.951589	2584.443604	2.000000
-69.230000	-20.020000	-155.401001	17.930099	-1.254693	290.206071	2549.651662	2.000000
-69.230000	-20.020000	-155.401001	18.180099	-2.381098	290.195116	2551.931458	2.000000
-69.230000	-20.020000	-155.401001	18.430099	-2.882214	290.183896	2554.093066	4.000000
-69.230000	-20.020000	-155.401001	18.680099	-2.264689	290.172231	2556.229017	4.000000
-69.230000	-20.020000	-155.401001	18.930099	-1.102873	290.160301	2558.692864	3.000000
-69.230000	-20.020000	-155.401001	19.180099	-1.265467	290.147926	2561.153878	2.000000
-69.230000	-20.020000	-155.401001	19.430099	-2.143708	290.135287	2563.576969	3.000000
-69.230000	-20.020000	-155.401001	19.680099	-3.024294	290.122203	2565.677022	2.000000
-69.230000	-20.020000	-155.401001	19.930099	-3.036229	290.108854	2567.777075	2.000000
-69.230000	-20.020000	-155.401001	20.180099	-3.048032	290.095061	2569.877128	2.000000
-69.230000	-20.020000	-155.401001	20.430099	-3.470575	290.081003	2571.977181	2.000000
-69.230000	-20.020000	-155.401001	20.680099	-3.787961	290.066501	2573.981495	3.000000
-69.230000	-20.020000	-155.401001	20.930099	-1.255003	290.051735	2576.004441	3.000000
-69.230000	-20.020000	-155.401001	21.180099	-0.028616	290.036525	2578.472570	3.000000
-69.230000	-20.020000	-155.151001	17.930099	-1.998180	290.279424	2543.085782	2.000000
-69.230000	-20.020000	-155.151001	18.180099	-2.374785	290.269425	2545.365578	2.000000
-69.230000	-20.020000	-155.151001	18.430099	-3.628380	290.259088	2547.548652	4.000000
-69.230000	-20.020000	-155.151001	18.680099	-2.843887	290.248377	2549.486530	3.000000
-69.230000	-20.020000	-155.151001	18.930099	-1.184659	290.237329	2551.950006	2.000000
-69.230000	-20.020000	-155.151001	19.180099	-1.211634	290.225906	2554.410420	2.000000
-69.230000	-20.020000	-155.151001	19.430099	-1.475170	290.214147	2556.870835	3.000000
-69.230000	-20.020000	-155.151001	19.680099	-2.347403	290.202013	2559.248600	3.000000
-69.230000	-20.020000	-155.151001	19.930099	-3.116917	290.189543	2561.348653	1.000000
-69.230000	-20.020000	-155.151001	20.180099	-3.268928	290.176698	2563.448706	2.000000
-69.230000	-20.020000	-155.151001	20.430099	-3.454810	290.163517	2565.512364	3.000000
-69.230000	-20.020000	-155.151001	20.680099	-0.803103	290.149962	2567.565278	3.000000
-69.230000	-20.020000	-155.151001	20.930099	0.933946	290.136071	2570.126354	4.000000
-69.230000	-20.020000	-155.151001	21.180099	-1.718842	290.121805	2572.414508	3.000000
-69.230000	-20.020000	-154.901001	17.680099	-2.056599	290.361771	2534.240105	2.000000
-69.230000	-20.020000	-154.901001	17.930099	-2.071857	290.353101	2536.519902	2.000000
-69.230000	-20.020000	-154.901001	18.180099	-2.368795	290.343984	2538.799698	2.000000
-69.230000	-20.020000	-154.901001	18.430099	-3.676683	290.334600	2541.004239	2.000000
-69.230000	-20.020000	-154.901001	18.680099	-3.274659	290.324770	2542.927787	3.000000
-69.230000	-20.020000	-154.901001	18.930099	-1.413051	290.314673	2545.206548	2.000000
-69.230000	-20.020000	-154.901001	19.180099	-0.906173	290.304130	2547.666963	3.000000
-69.230000	-20.020000	-154.901001	19.430099	-1.067271	290.293320	2550.127377	3.000000
-69.230000	-20.020000	-154.901001	19.680099	-1.579681	290.282063	2552.587791	2.000000
-69.230000	-20.020000	-154.901001	19.930099	-2.553853	290.270541	2554.920231	1.000000
-69.230000	-20.020000	-154.901001	20.180099	-3.069746	290.258572	2557.020284	2.000000
-69.230000	-20.020000	-154.901001	20.430099	-0.620562	290.246336	2559.126114	2.000000
-69.230000	-20.020000	-154.901001	20.680099	1.943401	290.233655	2561.687190	3.000000
-69.230000	-20.020000	-154.901001	20.930099	0.132532	290.220708	2564.248266	3.000000
-69.230000	-20.020000	-154.901001	21.180099	-3.302489	290.207314	2566.356446	3.000000
-69.230000	-20.020000	-154.651001	17.680099	-1.325975	290.434864	2527.674225	3.000000
-69.230000	-20.020000	-154.651001	17.930099	-1.498138	290.427075	2529.954022	3.000000
-69.230000	-20.020000	-154.651001	18.180099	-1.876760	290.418911	2532.233818	3.000000
-69.230000	-20.020000	-154.651001	18.430099	-2.831866	290.410407	2534.459826	3.000000
-69.230000	-20.020000	-154.651001	18.680099	-1.826681	290.401528	2536.506082	3.000000
-69.230000	-20.020000	-154.651001	18.930099	-0.537642	290.392309	2538.857861	2.000000
-69.230000	-20.020000	-154.651001	19.180099	-0.707593	290.382714	2541.211127	3.000000
-69.230000	-20.020000	-154.651001	19.430099	-0.880586	290.372781	2543.564393	3.000000
-69.230000	-20.020000	-154.651001	19.680099	-0.949332	290.362472	2545.917660	2.000000
-69.230000	-20.020000	-154.651001	19.930099	-1.000568	290.351824	2548.304747	1.000000
-69.230000	-20.020000	-154.651001	20.180099	0.098851	290.340800	2550.686951	2.000000
-69.230000	-20.020000	-154.651001	20.430099	1.552505	290.329438	2553.248027	2.000000
-69.230000	-20.020000	-154.651001	20.680099	1.603822	290.317700	2555.809103	2.000000
-69.230000	-20.020000	-154.651001	20.930099	-0.867781	290.305624	2558.370179	3.000000
-69.230000	-20.020000	-154.651001	21.180099	-4.910673	290.293172	2560.298384	3.000000
-69.230000	-20.020000	-154.401001	17.680099	-1.094660	290.508214	2521.703412	4.000000
-69.230000	-20.020000	-154.401001	17.930099	-1.455427	290.501377	2523.870065	4.000000
-69.230000	-20.020000	-154.401001	18.180099	-1.602486	290.494092	2526.036717	3.000000
-69.230000	-20.020000	-154.401001	18.430099	-1.071164	290.486538	2528.210499	4.000000
-69.230000	-20.020000	-154.401001	18.680099	-0.163753	290.478536	2530.529717	4.000000
-69.230000	-20.020000	-154.401001	18.930099	-0.047413	290.470266	2532.881517	2.000000
-69.230000	-20.020000	-154.401001	19.180099	-0.102964	290.461547	2535.234783	4.000000
-69.230000	-20.020000	-154.401001	19.430099	-0.385626	290.452560	2537.588049	4.000000
-69.230000	-20.020000	-154.401001	19.680099	-1.067417	290.443125	2539.922386	4.000000
-69.230000	-20.020000	-154.401001	19.930099	-0.991320	290.433421	2542.153548	3.000000
-69.230000	-20.020000	-154.401001	20.180099	0.562142	290.423269	2544.570546	3.000000
-69.230000	-20.020000	-154.401001	20.430099	1.316948	290.412849	2547.174951	3.000000
-69.230000	-20.020000	-154.401001	20.680099	1.203924	290.401982	2549.779356	4.000000
-69.230000	-20.020000	-154.401001	20.930099	-1.648910	290.390846	2552.366468	3.000000
-69.230000	-20.020000	-154.401001	21.180099	-6.019193	290.379262	2554.240322	2.000000
-69.230000	-20.020000	-154.151001	17.680099	-0.292793	290.581938	2515.695597	4.000000
-69.230000	-20.020000	-154.151001	17.930099	-0.771136	290.575980	2518.011522	4.000000
-69.230000	-20.020000	-154.151001	18.180099	-1.162724	290.569645	2520.183533	3.000000
-69.230000	-20.020000	-154.151001	18.430099	-1.098614	290.562967	2522.366006	4.000000
-69.230000	-20.020000	-154.151001	18.680099	-0.630815	290.555913	2524.553352	4.000000
-69.230000	-20.020000	-154.151001	18.930099	-0.398912	290.548518	2526.905172	3.000000
-69.230000	-20.020000	-154.151001	19.180099	-1.096857	290.540745	2529.231643	3.000000
-69.230000	-20.020000	-154.151001	19.430099	-1.684483	290.532631	2531.462806	4.000000
-69.230000	-20.020000	-154.151001	19.680099	-1.864567	290.524139	2533.693968	3.000000
-69.230000	-20.020000	-154.151001	19.930099	-0.959979	290.515307	2535.925131	3.000000
-69.230000	-20.020000	-154.151001	20.180099	0.524560	290.506097	2538.399415	3.000000
-69.230000	-20.020000	-154.151001	20.430099	0.675437	290.496547	2541.000734	4.000000
-69.230000	-20.020000	-154.151001	20.680099	0.349926	290.486619	2543.545387	4.000000
-69.230000	-20.020000	-154.151001	20.930099	-2.145906	290.476351	2546.090041	4.000000
-69.230000	-20.020000	-154.151001	21.180099	-5.552665	290.465705	2547.998048	3.000000
-69.230000	-20.020000	-153.901001	17.680099	0.206600	290.655925	2509.553354	4.000000
-69.230000	-20.020000	-153.901001	17.930099	-0.039902	290.650915	2512.012911	2.000000
-69.230000	-20.020000	-153.901001	18.180099	-1.005059	290.645456	2514.293285	4.000000
-69.230000	-20.020000	-153.901001	18.430099	-1.303310	290.639726	2516.480241	4.000000
-69.230000	-20.020000	-153.901001	18.680099	-1.458445	290.633546	2518.667197	4.000000
-69.230000	-20.020000	-153.901001	18.930099	-1.639931	290.627095	2520.821273	3.000000
-69.230000	-20.020000	-153.901001	19.180099	-1.692982	290.620195	2523.040911	4.000000
-69.230000	-20.020000	-153.901001	19.430099	-1.786801	290.613024	2525.260548	4.000000
-69.230000	-20.020000	-153.901001	19.680099	-1.819218	290.605403	2527.480186	3.000000
-69.230000	-20.020000	-153.901001	19.930099	-0.681333	290.597512	2529.699823	2.000000
-69.230000	-20.020000	-153.901001	20.180099	0.322475	290.589171	2532.179653	4.000000
-69.230000	-20.020000	-153.901001	20.430099	0.222638	290.580559	2534.724307	3.000000
-69.230000	-20.020000	-153.901001	20.680099	0.200594	290.571498	2537.268960	3.000000
-69.230000	-20.020000	-153.901001	20.930099	-2.519802	290.562167	2539.813614	3.000000
-69.230000	-20.020000	-153.901001	21.180099	-5.660786	290.552386	2541.651601	3.000000
-69.230000	-20.020000	-153.651001	17.680099	0.545472	290.730289	2503.550467	3.000000
-69.230000	-20.020000	-153.651001	17.930099	-0.119976	290.726155	2506.020591	4.000000
-69.230000	-20.020000	-153.651001	18.180099	-1.058782	290.721642	2508.290632	4.000000
-69.230000	-20.020000	-153.651001	18.430099	-1.310574	290.716786	2510.540780	4.000000
-69.230000	-20.020000	-153.651001	18.680099	-1.620502	290.711551	2512.727736	4.000000
-69.230000	-20.020000	-153.651001	18.930099	-1.900640	290.705972	2514.881232	3.000000
-69.230000	-20.020000	-153.651001	19.180099	-1.975148	290.700014	2517.004275	4.000000
-69.230000	-20.020000	-153.651001	19.430099	-1.881466	290.693713	2519.183616	4.000000
-69.230000	-20.020000	-153.651001	19.680099	-1.138624	290.687033	2521.405688	3.000000
-69.230000	-20.020000	-153.651001	19.930099	-0.558941	290.680009	2523.731265	2.000000
-69.230000	-20.020000	-153.651001	20.180099	-0.532444	290.672607	2526.056842	3.000000
-69.230000	-20.020000	-153.651001	20.430099	-0.042107	290.664862	2528.447880	4.000000
-69.230000	-20.020000	-153.651001	20.680099	0.129172	290.656737	2530.992533	3.000000
-69.230000	-20.020000	-153.651001	20.930099	-2.968223	290.648270	2533.523290	3.000000
-69.230000	-20.020000	-153.401001	17.930099	-0.331610	290.801731	2500.018317	4.000000
-69.230000	-20.020000	-153.401001	18.180099	-1.385120	290.798092	2502.274549	4.000000
-69.230000	-20.020000	-153.401001	18.430099	-1.400201	290.794179	2504.530781	4.000000
-69.230000	-20.020000	-153.401001	18.680099	-1.726206	290.789815	2506.787013	4.000000
-69.230000	-20.020000	-153.401001	18.930099	-2.423980	290.785178	2508.942074	3.000000
-69.230000	-20.020000	-153.401001	19.180099	-3.128035	290.780090	2511.052772	3.000000
-69.230000	-20.020000	-153.401001	19.430099	-2.088852	290.774728	2513.076357	3.000000
-69.230000	-20.020000	-153.401001	19.680099	-0.659137	290.768916	2515.420555	3.000000
-69.230000	-20.020000	-153.401001	19.930099	-0.655988	290.762830	2517.764752	3.000000
-69.230000	-20.020000	-153.401001	20.180099	-0.723783	290.756293	2520.108326	2.000000
-69.230000	-20.020000	-153.401001	20.430099	-0.889054	290.749483	2522.433903	2.000000
-69.230000	-20.020000	-153.151001	18.180099	-1.398241	290.874920	2496.125248	2.000000
-69.230000	-20.020000	-153.151001	18.430099	-1.839620	290.871879	2498.380085	3.000000
-69.230000	-20.020000	-153.151001	18.680099	-2.515133	290.868456	2500.634921	3.000000
-69.230000	-20.020000	-153.151001	18.930099	-3.681613	290.864688	2502.723955	2.000000
-69.230000	-20.020000	-153.151001	19.180099	-2.888971	290.860539	2504.733504	2.000000
-69.230000	-20.020000	-153.151001	19.430099	-1.137607	290.856044	2507.004584	2.000000
-69.230000	-20.020000	-153.151001	19.680099	-0.873482	290.851169	2509.348782	2.000000
-69.230000	-20.020000	-153.151001	19.930099	-0.897152	290.845948	2511.692979	2.000000
-69.230000	-20.020000	-152.901001	18.180099	-0.654840	290.952017	2489.873337	3.000000
-69.230000	-20.020000	-152.901001	18.430099	-2.060755	290.949915	2492.128174	3.000000
-69.230000	-20.020000	-152.901001	18.680099	-3.068966	290.947362	2494.383010	3.000000
-69.230000	-20.020000	-152.901001	18.930099	-3.358500	290.944532	2496.404687	3.000000
-69.230000	-20.020000	-152.901001	19.180099	-1.647286	290.941249	2498.588613	2.000000
-69.230000	-20.020000	-152.901001	19.430099	-0.931473	290.937691	2500.932811	2.000000
-69.230000	-20.020000	-152.651001	18.430099	-1.954812	291.028262	2485.876263	3.000000
-69.230000	-20.020000	-152.651001	18.680099	-3.160112	291.026647	2488.075871	3.000000
-69.230000	-20.020000	-152.651001	18.930099	-2.173708	291.024683	2490.172643	3.000000
