-126.420000	41.150000	-158.651001	21.430099	-7.099654	226.596560	922.082176	2.000000
-126.420000	41.150000	-158.401001	21.180099	-6.797846	226.172406	923.234512	1.000000
-126.420000	41.150000	-158.401001	21.430099	-6.902380	226.445757	918.256184	1.000000
-126.420000	41.150000	-158.151001	20.930099	-6.495383	225.746802	924.386849	2.000000
-126.420000	41.150000	-158.151001	21.180099	-6.522756	226.018274	919.408520	2.000000
-126.420000	41.150000	-158.151001	21.430099	-6.749249	226.292626	914.430192	2.000000
-126.420000	41.150000	-157.901001	20.680099	-5.568497	225.320165	925.539185	3.000000
-126.420000	41.150000	-157.901001	20.930099	-4.953517	225.589459	920.560857	3.000000
-126.420000	41.150000	-157.901001	21.180099	-4.580484	225.861889	915.582529	2.000000
-126.420000	41.150000	-157.651001	20.430099	-4.148046	224.892215	926.691522	2.000000
-126.420000	41.150000	-157.651001	20.680099	-3.791403	225.159541	921.554262	2.000000
-126.420000	41.150000	-157.651001	20.930099	-3.266121	225.429751	916.405929	3.000000
-126.420000	41.150000	-157.651001	21.180099	-2.945945	225.703220	911.257596	2.000000
-126.420000	41.150000	-157.401001	20.180099	-3.248451	224.463377	927.370605	3.000000
-126.420000	41.150000	-157.401001	20.430099	-2.316128	224.728443	922.291375	3.000000
-126.420000	41.150000	-157.401001	20.680099	-2.941904	224.996643	917.065000	3.000000
-126.420000	41.150000	-157.401001	20.930099	-2.601358	225.267843	911.851574	4.000000
-126.420000	41.150000	-157.151001	19.930099	-2.605127	224.033365	928.019019	2.000000
-126.420000	41.150000	-157.151001	20.180099	-1.424121	224.296377	922.948554	3.000000
-126.420000	41.150000	-157.151001	20.430099	-1.800710	224.562275	917.869324	4.000000
-126.420000	41.150000	-157.151001	20.680099	-2.994835	224.831421	912.742988	4.000000
-126.420000	41.150000	-157.151001	20.930099	-3.903412	225.103514	907.485750	4.000000
-126.420000	41.150000	-156.901001	19.430099	-2.730609	223.344860	933.712383	2.000000
-126.420000	41.150000	-156.901001	19.680099	-1.375972	223.602609	928.667263	2.000000
-126.420000	41.150000	-156.901001	19.930099	-1.398247	223.863285	923.607656	4.000000
-126.420000	41.150000	-156.901001	20.180099	-1.490718	224.127086	918.526502	4.000000
-126.420000	41.150000	-156.901001	20.430099	-1.636118	224.393882	913.447272	3.000000
-126.420000	41.150000	-156.901001	20.680099	-2.291822	224.663876	908.368042	3.000000
-126.420000	41.150000	-156.901001	20.930099	-4.121436	224.936933	903.163737	4.000000
-126.420000	41.150000	-156.651001	19.180099	-2.168507	222.915435	934.360627	3.000000
-126.420000	41.150000	-156.651001	19.430099	-0.686885	223.170822	929.408036	3.000000
-126.420000	41.150000	-156.651001	19.680099	-1.441927	223.429362	924.428867	2.000000
-126.420000	41.150000	-156.651001	19.930099	-1.912204	223.690783	919.293942	3.000000
-126.420000	41.150000	-156.651001	20.180099	-1.859283	223.955437	914.167960	4.000000
-126.420000	41.150000	-156.651001	20.430099	-1.856691	224.223037	909.067215	4.000000
-126.420000	41.150000	-156.651001	20.680099	-2.360154	224.493948	903.966469	3.000000
-126.420000	41.150000	-156.401001	18.930099	-0.054266	222.485222	935.101721	3.000000
-126.420000	41.150000	-156.401001	19.180099	0.135306	222.738439	930.162383	2.000000
-126.420000	41.150000	-156.401001	19.430099	-0.095776	222.994569	925.134738	2.000000
-126.420000	41.150000	-156.401001	19.680099	-0.343315	223.253810	920.096222	3.000000
-126.420000	41.150000	-156.401001	19.930099	-1.142352	223.516035	914.989291	3.000000
-126.420000	41.150000	-156.401001	20.180099	-1.701020	223.781448	909.854366	3.000000
-126.420000	41.150000	-156.401001	20.430099	-1.972937	224.049916	904.728263	3.000000
-126.420000	41.150000	-156.401001	20.680099	-2.779864	224.321648	899.627518	3.000000
-126.420000	41.150000	-156.151001	18.680099	1.437699	222.054382	935.675143	4.000000
-126.420000	41.150000	-156.151001	18.930099	1.099895	222.305168	930.648018	3.000000
-126.420000	41.150000	-156.151001	19.180099	1.152544	222.559081	925.620893	3.000000
-126.420000	41.150000	-156.151001	19.430099	0.941342	222.815870	920.587087	2.000000
-126.420000	41.150000	-156.151001	19.680099	0.712322	223.075869	915.548570	3.000000
-126.420000	41.150000	-156.151001	19.930099	0.278267	223.338810	910.510054	3.000000
-126.420000	41.150000	-156.151001	20.180099	-0.406520	223.605043	905.471538	3.000000
-126.420000	41.150000	-156.151001	20.430099	-1.358251	223.874287	900.414790	3.000000
-126.420000	41.150000	-155.901001	18.430099	4.256206	221.622909	935.847223	3.000000
-126.420000	41.150000	-155.901001	18.680099	3.038399	221.871448	931.017977	4.000000
-126.420000	41.150000	-155.901001	18.930099	1.460018	222.122883	926.106528	4.000000
-126.420000	41.150000	-155.901001	19.180099	0.538546	222.377412	921.077951	3.000000
-126.420000	41.150000	-155.901001	19.430099	0.113645	222.634909	916.039435	2.000000
-126.420000	41.150000	-155.901001	19.680099	-0.302154	222.895579	911.000919	3.000000
-126.420000	41.150000	-155.901001	19.930099	-0.628646	223.159290	905.962402	3.000000
-126.420000	41.150000	-155.901001	20.180099	-0.878047	223.426252	900.956696	2.000000
-126.420000	41.150000	-155.651001	18.180099	0.860194	221.190943	936.030568	2.000000
-126.420000	41.150000	-155.651001	18.430099	1.905547	221.436986	931.253566	2.000000
-126.420000	41.150000	-155.651001	18.680099	1.523098	221.686129	926.476565	2.000000
-126.420000	41.150000	-155.651001	18.930099	0.664670	221.938136	921.699564	2.000000
-126.420000	41.150000	-155.651001	19.180099	-0.304416	222.193327	916.780323	2.000000
-126.420000	41.150000	-155.651001	19.430099	-0.894045	222.451451	911.802932	2.000000
-126.420000	41.150000	-155.651001	19.680099	-1.320959	222.712842	906.825541	1.000000
-126.420000	41.150000	-155.401001	18.180099	0.148594	221.002223	932.070051	2.000000
-126.420000	41.150000	-155.401001	18.430099	-0.098532	221.248823	927.293050	2.000000
-126.420000	41.150000	-155.401001	18.680099	-0.505756	221.498494	922.516049	2.000000
-126.420000	41.150000	-155.401001	18.930099	-0.619118	221.751114	917.671777	2.000000
-126.420000	41.150000	-155.401001	19.180099	-1.011504	222.006886	912.694386	1.000000
-126.420000	41.150000	-155.401001	19.430099	-1.226936	222.265682	907.716994	1.000000
-126.420000	41.150000	-155.151001	17.930099	0.693069	220.566865	932.872941	2.000000
-126.420000	41.150000	-155.151001	18.180099	0.338637	220.811101	928.109534	2.000000
-126.420000	41.150000	-155.151001	18.430099	0.092105	221.058186	923.332533	2.000000
-126.420000	41.150000	-155.151001	18.680099	-0.264585	221.308423	918.555532	2.000000
-126.420000	41.150000	-155.151001	18.930099	-0.587004	221.561580	913.585839	1.000000
-126.420000	41.150000	-155.151001	19.180099	-0.822593	221.817975	908.608448	1.000000
-126.420000	41.150000	-154.901001	17.680099	1.201961	220.131352	933.638461	3.000000
-126.420000	41.150000	-154.901001	17.930099	0.885862	220.372986	928.912787	3.000000
-126.420000	41.150000	-154.901001	18.180099	0.530996	220.617663	924.149018	2.000000
-126.420000	41.150000	-154.901001	18.430099	0.090263	220.865266	919.372016	2.000000
-126.420000	41.150000	-154.901001	18.680099	0.004347	221.115993	914.477293	1.000000
-126.420000	41.150000	-154.651001	17.680099	1.398719	219.934594	929.678307	2.000000
-126.420000	41.150000	-154.651001	17.930099	1.081137	220.176626	924.952633	2.000000
-126.420000	41.150000	-154.651001	18.180099	0.598918	220.421773	920.188501	1.000000
-126.420000	41.150000	-154.651001	18.430099	0.363485	220.669822	915.368746	1.000000
-126.420000	41.150000	-154.401001	17.930099	1.278699	219.977979	920.992479	2.000000
