-155.679398	21.205500	1247.841000	1.729574
-153.982697	21.519699	1205.750000	3.676443
-153.290604	17.906200	1193.642000	1.729022
-156.465103	18.775000	1274.635000	2.020249
-155.772995	19.079000	1254.505000	2.883234
-154.983002	19.601000	1233.501000	2.544831
-155.679398	21.205500	1248.466000	1.729574
-153.982697	21.519699	1206.475000	3.676443
-153.992294	18.797600	1209.470000	3.093177
-153.290604	17.906200	1193.467000	1.729022
-153.700806	17.297501	1208.460000	-0.112668
-154.691299	17.180099	1233.466000	1.948109
-155.714996	18.000299	1255.477000	4.162241
-156.808197	18.404200	1286.465000	0.493140
-156.465103	18.775000	1275.460000	2.020249
-157.227295	18.984800	1292.471000	2.402091
-157.627594	20.346100	1299.460000	1.396390
