-85.560000	11.380000	-158.651001	21.430099	4.204329	265.155577	1938.816872	2.000000
-85.560000	11.380000	-158.401001	21.180099	4.370880	265.149436	1933.981275	1.000000
-85.560000	11.380000	-158.401001	21.430099	3.331531	265.239889	1933.848159	1.000000
-85.560000	11.380000	-158.151001	20.680099	6.658749	265.049888	1929.070502	2.000000
-85.560000	11.380000	-158.151001	20.930099	4.541066	265.141218	1929.145678	2.000000
-85.560000	11.380000	-158.151001	21.180099	3.336314	265.232673	1929.012562	2.000000
-85.560000	11.380000	-158.151001	21.430099	3.247185	265.324235	1928.879447	2.000000
-85.560000	11.380000	-157.901001	20.430099	6.849934	265.038411	1924.204951	2.000000
-85.560000	11.380000	-157.901001	20.680099	4.719927	265.130747	1924.310081	3.000000
-85.560000	11.380000	-157.901001	20.930099	3.432039	265.223285	1924.176965	3.000000
-85.560000	11.380000	-157.901001	21.180099	3.383348	265.315854	1924.043850	2.000000
-85.560000	11.380000	-157.901001	21.430099	-15.248451	265.408621	1923.910734	2.000000
-85.560000	11.380000	-157.651001	19.930099	7.462248	264.931448	1919.114817	2.000000
-85.560000	11.380000	-157.651001	20.180099	6.785790	265.024758	1919.339400	2.000000
-85.560000	11.380000	-157.651001	20.430099	3.385790	265.118180	1919.474484	2.000000
-85.560000	11.380000	-157.651001	20.680099	0.596997	265.211729	1919.024370	2.000000
-85.560000	11.380000	-157.651001	20.930099	0.506601	265.305385	1918.552168	3.000000
-85.560000	11.380000	-157.651001	21.180099	0.411164	265.399164	1918.079965	2.000000
-85.560000	11.380000	-157.401001	19.680099	3.346629	264.914505	1914.007545	3.000000
-85.560000	11.380000	-157.401001	19.930099	1.839254	265.008904	1913.654266	2.000000
-85.560000	11.380000	-157.401001	20.180099	1.705929	265.103339	1913.300757	3.000000
-85.560000	11.380000	-157.401001	20.430099	1.694387	265.197979	1912.901238	3.000000
-85.560000	11.380000	-157.401001	20.680099	1.569969	265.292651	1912.535222	3.000000
-85.560000	11.380000	-157.401001	20.930099	1.018841	265.387523	1912.130687	4.000000
-85.560000	11.380000	-157.401001	21.180099	-0.089723	265.482423	1911.658485	3.000000
-85.560000	11.380000	-157.151001	19.430099	2.118544	264.895437	1907.754715	3.000000
-85.560000	11.380000	-157.151001	19.680099	2.120662	264.990853	1907.401437	4.000000
-85.560000	11.380000	-157.151001	19.930099	1.900440	265.086382	1907.048158	3.000000
-85.560000	11.380000	-157.151001	20.180099	1.633689	265.182041	1906.660520	3.000000
-85.560000	11.380000	-157.151001	20.430099	1.538389	265.277809	1906.261000	4.000000
-85.560000	11.380000	-157.151001	20.680099	1.618381	265.373702	1905.872206	4.000000
-85.560000	11.380000	-157.151001	20.930099	0.307489	265.469700	1905.513217	3.000000
-85.560000	11.380000	-157.151001	21.180099	0.592802	265.565818	1904.822360	3.000000
-85.560000	11.380000	-156.901001	19.180099	2.658828	264.874067	1901.567504	4.000000
-85.560000	11.380000	-156.901001	19.430099	1.952926	264.970580	1901.203206	4.000000
-85.560000	11.380000	-156.901001	19.680099	1.722307	265.067131	1900.822163	3.000000
-85.560000	11.380000	-156.901001	19.930099	1.564020	265.163889	1900.421671	4.000000
-85.560000	11.380000	-156.901001	20.180099	1.484454	265.260681	1900.020282	4.000000
-85.560000	11.380000	-156.901001	20.430099	1.405374	265.357676	1899.620762	3.000000
-85.560000	11.380000	-156.901001	20.680099	1.435992	265.454699	1899.221243	3.000000
-85.560000	11.380000	-156.901001	20.930099	1.082904	265.551921	1898.850202	3.000000
-85.560000	11.380000	-156.901001	21.180099	1.361786	265.649167	1898.383751	2.000000
-85.560000	11.380000	-156.651001	18.930099	2.046301	264.850552	1895.178179	3.000000
-85.560000	11.380000	-156.651001	19.180099	2.992285	264.948090	1894.941739	4.000000
-85.560000	11.380000	-156.651001	19.430099	2.223554	265.045743	1894.676821	4.000000
-85.560000	11.380000	-156.651001	19.680099	1.496549	265.143528	1894.282573	3.000000
-85.560000	11.380000	-156.651001	19.930099	1.299905	265.241424	1893.862154	3.000000
-85.560000	11.380000	-156.651001	20.180099	1.210621	265.339448	1893.441735	3.000000
-85.560000	11.380000	-156.651001	20.430099	1.119285	265.437578	1893.021316	3.000000
-85.560000	11.380000	-156.651001	20.680099	1.142268	265.535830	1892.600897	2.000000
-85.560000	11.380000	-156.651001	20.930099	1.727282	265.634185	1892.210194	2.000000
-85.560000	11.380000	-156.651001	21.180099	1.487637	265.732657	1891.956152	1.000000
-85.560000	11.380000	-156.401001	18.680099	0.737363	264.824714	1888.938336	3.000000
-85.560000	11.380000	-156.401001	18.930099	2.825781	264.923356	1888.621758	3.000000
-85.560000	11.380000	-156.401001	19.180099	3.088743	265.022039	1888.400312	3.000000
-85.560000	11.380000	-156.401001	19.430099	2.204990	265.120932	1888.170090	3.000000
-85.560000	11.380000	-156.401001	19.680099	1.356074	265.219860	1887.756359	3.000000
-85.560000	11.380000	-156.401001	19.930099	1.257612	265.318994	1887.342627	2.000000
-85.560000	11.380000	-156.401001	20.180099	1.191767	265.418158	1886.928896	2.000000
-85.560000	11.380000	-156.401001	20.430099	1.236956	265.517523	1886.524644	2.000000
-85.560000	11.380000	-156.401001	20.680099	1.296613	265.616914	1886.147204	2.000000
-85.560000	11.380000	-156.401001	20.930099	1.709831	265.716500	1885.782595	2.000000
-85.560000	11.380000	-156.401001	21.180099	-12.159600	265.816108	1885.528552	1.000000
-85.560000	11.380000	-156.151001	18.680099	2.254099	264.896386	1882.545096	3.000000
-85.560000	11.380000	-156.151001	18.930099	2.724263	264.996178	1882.230153	3.000000
-85.560000	11.380000	-156.151001	19.180099	2.557362	265.096106	1882.008708	3.000000
-85.560000	11.380000	-156.151001	19.430099	1.692923	265.196147	1881.674478	3.000000
-85.560000	11.380000	-156.151001	19.680099	1.305072	265.296318	1881.260747	3.000000
-85.560000	11.380000	-156.151001	19.930099	1.351553	265.396597	1880.858216	2.000000
-85.560000	11.380000	-156.151001	20.180099	1.351699	265.497001	1880.480776	2.000000
-85.560000	11.380000	-156.151001	20.430099	1.249709	265.597510	1880.103336	2.000000
-85.560000	11.380000	-156.151001	20.680099	1.181440	265.698137	1879.725896	1.000000
-85.560000	11.380000	-156.151001	20.930099	1.601331	265.798865	1879.354995	1.000000
-85.560000	11.380000	-155.901001	18.430099	2.325261	264.867150	1876.519402	3.000000
-85.560000	11.380000	-155.901001	18.680099	2.307716	264.967980	1876.197580	3.000000
-85.560000	11.380000	-155.901001	18.930099	2.378414	265.069023	1875.875759	4.000000
-85.560000	11.380000	-155.901001	19.180099	1.961246	265.170104	1875.592598	3.000000
-85.560000	11.380000	-155.901001	19.430099	1.473364	265.271393	1875.191788	3.000000
-85.560000	11.380000	-155.901001	19.680099	1.465596	265.372715	1874.814348	3.000000
-85.560000	11.380000	-155.901001	19.930099	1.362870	265.474240	1874.436908	2.000000
-85.560000	11.380000	-155.901001	20.180099	1.266341	265.575793	1874.059468	1.000000
-85.560000	11.380000	-155.901001	20.430099	1.169674	265.677545	1873.682028	1.000000
-85.560000	11.380000	-155.901001	20.680099	1.074078	265.779318	1873.304588	1.000000
-85.560000	11.380000	-155.901001	20.930099	1.491541	265.881286	1872.927396	1.000000
-85.560000	11.380000	-155.651001	18.180099	1.749754	264.835656	1870.406596	2.000000
-85.560000	11.380000	-155.651001	18.430099	2.260628	264.937604	1870.068877	2.000000
-85.560000	11.380000	-155.651001	18.680099	2.166024	265.039689	1869.731159	2.000000
-85.560000	11.380000	-155.651001	18.930099	2.316082	265.141891	1869.393441	2.000000
-85.560000	11.380000	-155.651001	19.180099	2.172406	265.244225	1869.116815	2.000000
-85.560000	11.380000	-155.651001	19.430099	1.629470	265.346671	1868.770480	2.000000
-85.560000	11.380000	-155.651001	19.680099	1.382903	265.449243	1868.393040	1.000000
-85.560000	11.380000	-155.651001	19.930099	1.285188	265.551923	1868.015600	1.000000
-85.560000	11.380000	-155.651001	20.180099	1.187411	265.654724	1867.638160	0.000000
-85.560000	11.380000	-155.651001	20.430099	1.089592	265.757627	1867.260720	0.000000
-85.560000	11.380000	-155.651001	20.680099	0.991716	265.860646	1866.883280	1.000000
-85.560000	11.380000	-155.651001	20.930099	1.381620	265.963762	1866.505840	1.000000
-85.560000	11.380000	-155.401001	18.180099	1.621093	264.904867	1863.763430	3.000000
-85.560000	11.380000	-155.401001	18.430099	2.230715	265.008077	1863.425712	3.000000
-85.560000	11.380000	-155.401001	18.680099	2.278405	265.111326	1863.087993	3.000000
-85.560000	11.380000	-155.401001	18.930099	2.577199	265.214787	1862.786314	2.000000
-85.560000	11.380000	-155.401001	19.180099	2.558058	265.318283	1862.551927	1.000000
-85.560000	11.380000	-155.401001	19.430099	2.179831	265.421985	1862.270824	1.000000
-85.560000	11.380000	-155.401001	19.680099	1.662107	265.525717	1861.971732	1.000000
-85.560000	11.380000	-155.401001	19.930099	1.214634	265.629651	1861.594292	1.000000
-85.560000	11.380000	-155.401001	20.180099	1.108526	265.733608	1861.216852	0.000000
-85.560000	11.380000	-155.401001	20.430099	1.009455	265.837763	1860.839412	0.000000
-85.560000	11.380000	-155.401001	20.680099	0.910426	265.941936	1860.461972	1.000000
-85.560000	11.380000	-155.401001	20.930099	1.079590	266.046302	1860.084531	1.000000
-85.560000	11.380000	-155.151001	17.930099	0.263888	264.869932	1857.713243	3.000000
-85.560000	11.380000	-155.151001	18.180099	1.192942	264.974191	1857.126150	2.000000
-85.560000	11.380000	-155.151001	18.430099	2.136199	265.078569	1856.782546	3.000000
-85.560000	11.380000	-155.151001	18.680099	2.601497	265.183083	1856.444828	3.000000
-85.560000	11.380000	-155.151001	18.930099	2.817412	265.287711	1856.241907	2.000000
-85.560000	11.380000	-155.151001	19.180099	2.399580	265.392469	1855.987039	2.000000
-85.560000	11.380000	-155.151001	19.430099	2.190282	265.497336	1855.705936	1.000000
-85.560000	11.380000	-155.151001	19.680099	2.085704	265.602327	1855.424832	1.000000
-85.560000	11.380000	-155.151001	19.930099	1.690066	265.707423	1855.143728	0.000000
-85.560000	11.380000	-155.151001	20.180099	1.169588	265.812638	1854.795544	0.000000
-85.560000	11.380000	-155.151001	20.430099	0.929266	265.917952	1854.418104	1.000000
-85.560000	11.380000	-155.151001	20.680099	0.828982	266.023380	1854.040663	1.000000
-85.560000	11.380000	-155.151001	20.930099	-0.377026	266.128902	1853.663223	1.000000
-85.560000	11.380000	-154.901001	17.680099	0.294415	264.832614	1851.739280	3.000000
-85.560000	11.380000	-154.901001	17.930099	0.195816	264.938004	1851.152187	3.000000
-85.560000	11.380000	-154.901001	18.180099	0.762557	265.043438	1850.565093	3.000000
-85.560000	11.380000	-154.901001	18.430099	1.923787	265.149086	1850.139380	3.000000
-85.560000	11.380000	-154.901001	18.680099	2.920596	265.254772	1849.849002	3.000000
-85.560000	11.380000	-154.901001	18.930099	2.874413	265.360668	1849.697500	2.000000
-85.560000	11.380000	-154.901001	19.180099	2.241171	265.466596	1849.422151	2.000000
-85.560000	11.380000	-154.901001	19.430099	2.114889	265.572729	1849.141048	1.000000
-85.560000	11.380000	-154.901001	19.680099	2.012307	265.678888	1848.859944	0.000000
-85.560000	11.380000	-154.901001	19.930099	1.909569	265.785247	1848.578840	0.000000
-85.560000	11.380000	-154.901001	20.180099	1.713514	265.891627	1848.297737	1.000000
-85.560000	11.380000	-154.901001	20.430099	1.194966	265.998202	1847.996795	1.000000
-85.560000	11.380000	-154.901001	20.680099	0.754260	266.104792	1847.619355	1.000000
-85.560000	11.380000	-154.651001	17.680099	0.287955	264.899523	1845.178223	3.000000
-85.560000	11.380000	-154.651001	17.930099	0.175938	265.006093	1844.591130	2.000000
-85.560000	11.380000	-154.651001	18.180099	0.389010	265.112802	1844.004037	2.000000
-85.560000	11.380000	-154.651001	18.430099	1.904964	265.219628	1843.496215	2.000000
-85.560000	11.380000	-154.651001	18.680099	3.189798	265.326587	1843.304594	2.000000
-85.560000	11.380000	-154.651001	18.930099	2.719682	265.433659	1843.138367	1.000000
-85.560000	11.380000	-154.651001	19.180099	2.143227	265.540858	1842.857263	1.000000
-85.560000	11.380000	-154.651001	19.430099	2.039454	265.648164	1842.576160	1.000000
-85.560000	11.380000	-154.651001	19.680099	1.935603	265.755592	1842.295056	0.000000
-85.560000	11.380000	-154.651001	19.930099	1.831694	265.863122	1842.013952	0.000000
-85.560000	11.380000	-154.651001	20.180099	1.727714	265.970768	1841.732849	1.000000
-85.560000	11.380000	-154.651001	20.430099	1.620206	266.078510	1841.451745	1.000000
-85.560000	11.380000	-154.651001	20.680099	1.217282	266.186363	1841.170642	1.000000
-85.560000	11.380000	-154.401001	17.680099	-0.076759	264.966350	1838.454254	4.000000
-85.560000	11.380000	-154.401001	17.930099	0.426390	265.074202	1837.898136	4.000000
-85.560000	11.380000	-154.401001	18.180099	0.857051	265.182093	1837.342018	3.000000
-85.560000	11.380000	-154.401001	18.430099	2.286356	265.290199	1836.928139	3.000000
-85.560000	11.380000	-154.401001	18.680099	3.131257	265.398339	1836.760187	3.000000
-85.560000	11.380000	-154.401001	18.930099	2.563014	265.506688	1836.573479	2.000000
-85.560000	11.380000	-154.401001	19.180099	2.069019	265.615066	1836.292375	3.000000
-85.560000	11.380000	-154.401001	19.430099	1.963971	265.723647	1836.011272	2.000000
-85.560000	11.380000	-154.401001	19.680099	1.864050	265.832251	1835.730168	1.000000
-85.560000	11.380000	-154.401001	19.930099	1.766349	265.941054	1835.449065	1.000000
-85.560000	11.380000	-154.401001	20.180099	1.668602	266.049873	1835.167961	1.000000
-85.560000	11.380000	-154.401001	20.430099	1.538829	266.158885	1834.886857	1.000000
-85.560000	11.380000	-154.401001	20.680099	1.348835	266.267909	1834.597870	1.000000
-85.560000	11.380000	-154.151001	17.680099	-1.910685	265.033291	1831.904262	4.000000
-85.560000	11.380000	-154.151001	17.930099	-0.131452	265.142331	1831.143430	4.000000
-85.560000	11.380000	-154.151001	18.180099	1.882138	265.251508	1830.694224	3.000000
-85.560000	11.380000	-154.151001	18.430099	2.626767	265.360800	1830.453708	3.000000
-85.560000	11.380000	-154.151001	18.680099	2.671076	265.470223	1830.215780	3.000000
-85.560000	11.380000	-154.151001	18.930099	2.419727	265.579756	1830.008591	3.000000
-85.560000	11.380000	-154.151001	19.180099	2.018462	265.689415	1829.727487	3.000000
-85.560000	11.380000	-154.151001	19.430099	1.801505	265.799178	1829.446384	2.000000
-85.560000	11.380000	-154.151001	19.680099	1.529527	265.909060	1829.136146	1.000000
-85.560000	11.380000	-154.151001	19.930099	1.376020	266.019041	1828.812017	1.000000
-85.560000	11.380000	-154.151001	20.180099	1.272175	266.129136	1828.487888	2.000000
-85.560000	11.380000	-154.151001	20.430099	1.486392	266.239325	1828.163759	2.000000
-85.560000	11.380000	-154.151001	20.680099	1.810865	266.349620	1827.922566	2.000000
-85.560000	11.380000	-153.901001	17.680099	-2.420997	265.100154	1825.538626	3.000000
-85.560000	11.380000	-153.901001	17.930099	-0.712349	265.210486	1824.710212	2.000000
-85.560000	11.380000	-153.901001	18.180099	1.715495	265.320854	1824.254279	3.000000
-85.560000	11.380000	-153.901001	18.430099	2.505430	265.431436	1824.010384	2.000000
-85.560000	11.380000	-153.901001	18.680099	1.672431	265.542048	1823.766489	3.000000
-85.560000	11.380000	-153.901001	18.930099	1.290251	265.652869	1823.350293	2.000000
-85.560000	11.380000	-153.901001	19.180099	1.614330	265.763714	1823.026164	2.000000
-85.560000	11.380000	-153.901001	19.430099	1.532904	265.874762	1822.702034	2.000000
-85.560000	11.380000	-153.901001	19.680099	1.428503	265.985829	1822.377905	2.000000
-85.560000	11.380000	-153.901001	19.930099	1.432448	266.097092	1822.053776	1.000000
-85.560000	11.380000	-153.901001	20.180099	1.748230	266.208369	1821.761785	3.000000
-85.560000	11.380000	-153.901001	20.430099	1.939212	266.319837	1821.547630	2.000000
-85.560000	11.380000	-153.901001	20.680099	1.827018	266.431312	1821.333475	2.000000
-85.560000	11.380000	-153.651001	17.680099	-2.288505	265.167137	1819.277600	2.000000
-85.560000	11.380000	-153.651001	17.930099	-1.470974	265.278666	1818.457119	2.000000
-85.560000	11.380000	-153.651001	18.180099	1.002946	265.390329	1817.851427	2.000000
-85.560000	11.380000	-153.651001	18.430099	2.428245	265.502106	1817.607532	2.000000
-85.560000	11.380000	-153.651001	18.680099	1.370568	265.614012	1817.363637	3.000000
-85.560000	11.380000	-153.651001	18.930099	0.055929	265.726025	1816.895446	2.000000
-85.560000	11.380000	-153.651001	19.180099	0.243278	265.838161	1816.357234	2.000000
-85.560000	11.380000	-153.651001	19.430099	1.061360	265.950399	1815.943794	2.000000
-85.560000	11.380000	-153.651001	19.680099	1.673411	266.062753	1815.619665	2.000000
-85.560000	11.380000	-153.651001	19.930099	2.002404	266.175205	1815.386848	1.000000
-85.560000	11.380000	-153.651001	20.180099	1.964896	266.287767	1815.172693	2.000000
-85.560000	11.380000	-153.651001	20.430099	1.855060	266.400420	1814.958538	3.000000
-85.560000	11.380000	-153.651001	20.680099	1.613499	266.513176	1814.744384	2.000000
-85.560000	11.380000	-153.401001	17.930099	-2.183556	265.346876	1812.204026	2.000000
-85.560000	11.380000	-153.401001	18.180099	0.271776	265.459740	1811.448575	2.000000
-85.560000	11.380000	-153.401001	18.430099	2.357535	265.572817	1811.204680	2.000000
-85.560000	11.380000	-153.401001	18.680099	1.094744	265.685921	1810.960785	2.000000
-85.560000	11.380000	-153.401001	18.930099	-0.226847	265.799231	1810.442557	2.000000
-85.560000	11.380000	-153.401001	19.180099	-0.369111	265.912563	1809.904345	2.000000
-85.560000	11.380000	-153.401001	19.430099	0.638923	266.026096	1809.377582	2.000000
-85.560000	11.380000	-153.401001	19.680099	1.618430	266.139644	1809.112352	1.000000
-85.560000	11.380000	-153.401001	19.930099	1.521062	266.253388	1808.847122	2.000000
-85.560000	11.380000	-153.401001	20.180099	1.633280	266.367140	1808.583602	2.000000
-85.560000	11.380000	-153.401001	20.430099	1.735818	266.481082	1808.369447	2.000000
-85.560000	11.380000	-153.151001	18.180099	-0.492657	265.529286	1805.130451	1.000000
-85.560000	11.380000	-153.151001	18.430099	1.800369	265.643567	1804.801828	3.000000
-85.560000	11.380000	-153.151001	18.680099	0.825104	265.757974	1804.527881	2.000000
-85.560000	11.380000	-153.151001	18.930099	-0.383517	265.872486	1803.989669	2.000000
-85.560000	11.380000	-153.151001	19.180099	0.358496	265.987119	1803.451456	2.000000
-85.560000	11.380000	-153.151001	19.430099	1.349446	266.101851	1803.126582	1.000000
-85.560000	11.380000	-153.151001	19.680099	1.495463	266.216697	1802.861351	1.000000
-85.560000	11.380000	-153.151001	19.930099	1.384111	266.331637	1802.596121	2.000000
-85.560000	11.380000	-152.901001	18.180099	-1.234082	265.598773	1798.877358	1.000000
-85.560000	11.380000	-152.901001	18.430099	0.883796	265.714363	1798.398976	1.000000
-85.560000	11.380000	-152.901001	18.680099	0.548732	265.829977	1798.074992	2.000000
-85.560000	11.380000	-152.901001	18.930099	0.115641	265.945797	1797.536780	2.000000
-85.560000	11.380000	-152.901001	19.180099	1.092278	266.061635	1797.140811	1.000000
-85.560000	11.380000	-152.901001	19.430099	1.530942	266.177672	1796.875581	1.000000
-85.560000	11.380000	-152.651001	18.430099	-0.031341	265.785203	1791.996124	1.000000
-85.560000	11.380000	-152.651001	18.680099	0.565013	265.902131	1791.622103	1.000000
-85.560000	11.380000	-152.651001	18.930099	0.842302	266.019162	1791.155041	2.000000
