-155.772995	19.079000	1548.928000	-0.939808
-157.931000	21.646000	1462.915000	-5.735361
-155.996994	20.771000	1518.899000	-2.056022
-154.983002	19.601000	1559.897000	-2.160521
-159.401001	21.971001	1416.929000	-4.713774
-156.658005	20.891001	1502.901000	-3.198236
-157.270004	21.108999	1485.921000	-4.663791
-154.617798	20.088900	1559.884000	-2.358809
-155.679398	21.205500	1518.890000	-1.197154
-154.482803	21.001900	1549.886000	-1.608199
-153.982697	21.519699	1548.892000	2.839407
-153.292099	20.892599	1573.888000	1.688156
-154.393997	19.262501	1577.899000	-2.120628
-153.992294	18.797600	1592.905000	-1.404565
-154.030502	17.988400	1602.880000	-2.506409
-154.495895	18.401699	1586.903000	-2.162736
-154.797394	18.803101	1574.885000	-0.912034
-155.714996	18.000299	1563.900000	-4.989814
-156.808197	18.404200	1532.892000	-4.762023
-156.167007	18.301001	1548.903000	-5.102280
-157.227295	18.984800	1515.881000	-4.015428
-156.510101	19.477699	1526.900000	-2.167579
-156.932007	19.832701	1511.885000	-2.565949
-157.627594	20.346100	1488.884000	-1.613977
