153.950000	-5.200000	-159.164993	21.930099	-0.150644	65.046364	1453.326393	1.000000
153.950000	-5.200000	-158.914993	21.680099	-2.633519	65.380431	1456.081629	2.000000
153.950000	-5.200000	-158.664993	21.180099	-0.970503	65.881165	1455.936339	1.000000
153.950000	-5.200000	-158.664993	21.430099	-1.555802	65.712200	1458.882063	2.000000
153.950000	-5.200000	-158.414993	20.930099	-1.193026	66.210339	1458.777884	2.000000
153.950000	-5.200000	-158.414993	21.180099	-1.850732	66.041659	1461.682498	1.000000
153.950000	-5.200000	-158.414993	21.430099	-2.189648	65.873833	1464.857047	1.000000
153.950000	-5.200000	-158.164993	20.680099	-1.419933	66.537213	1461.619428	2.000000
153.950000	-5.200000	-158.164993	20.930099	-2.142112	66.368776	1464.482933	2.000000
153.950000	-5.200000	-158.164993	21.180099	-2.555823	66.201245	1467.657481	2.000000
153.950000	-5.200000	-158.164993	21.430099	-2.350288	66.034473	1470.832030	2.000000
153.950000	-5.200000	-157.914993	20.180099	-2.271570	67.030547	1461.777347	2.000000
153.950000	-5.200000	-157.914993	20.430099	-1.697989	66.861637	1464.460973	2.000000
153.950000	-5.200000	-157.914993	20.680099	-2.280812	66.693530	1467.283367	3.000000
153.950000	-5.200000	-157.914993	20.930099	-2.561232	66.526255	1470.457916	3.000000
153.950000	-5.200000	-157.914993	21.180099	-2.150106	66.359788	1473.632465	2.000000
153.950000	-5.200000	-157.914993	21.430099	-3.404762	66.194155	1476.807013	2.000000
153.950000	-5.200000	-157.664993	19.930099	-1.454962	67.352262	1464.618892	2.000000
153.950000	-5.200000	-157.664993	20.180099	-1.288368	67.183715	1467.302518	2.000000
153.950000	-5.200000	-157.664993	20.430099	-2.497984	67.015899	1470.083802	2.000000
153.950000	-5.200000	-157.664993	20.680099	-3.047614	66.848964	1473.336203	3.000000
153.950000	-5.200000	-157.664993	20.930099	-2.625365	66.682764	1476.622757	3.000000
153.950000	-5.200000	-157.664993	21.180099	-2.222595	66.517446	1479.909310	2.000000
153.950000	-5.200000	-157.414993	19.680099	-1.868684	67.671515	1467.502814	3.000000
153.950000	-5.200000	-157.414993	19.930099	-1.872785	67.503297	1470.372330	2.000000
153.950000	-5.200000	-157.414993	20.180099	-1.849074	67.335855	1473.241845	3.000000
153.950000	-5.200000	-157.414993	20.430099	-2.951142	67.169224	1476.324708	3.000000
153.950000	-5.200000	-157.414993	20.680099	-3.808983	67.003373	1479.716769	3.000000
153.950000	-5.200000	-157.414993	20.930099	-2.963936	66.838335	1483.077611	4.000000
153.950000	-5.200000	-157.414993	21.180099	-1.339888	66.674082	1486.364165	3.000000
153.950000	-5.200000	-157.164993	19.430099	-1.815270	67.988304	1470.790625	2.000000
153.950000	-5.200000	-157.164993	19.680099	-1.448637	67.820492	1473.660141	4.000000
153.950000	-5.200000	-157.164993	19.930099	-1.711847	67.653389	1476.529657	3.000000
153.950000	-5.200000	-157.164993	20.180099	-1.923162	67.487139	1479.554532	3.000000
153.950000	-5.200000	-157.164993	20.430099	-2.304989	67.321603	1482.645439	4.000000
153.950000	-5.200000	-157.164993	20.680099	-3.866340	67.156923	1485.840261	4.000000
153.950000	-5.200000	-157.164993	20.930099	-3.948396	66.992959	1489.282133	3.000000
153.950000	-5.200000	-157.164993	21.180099	-1.763133	66.829856	1492.552521	3.000000
153.950000	-5.200000	-156.914993	18.930099	-1.462614	68.470807	1471.387181	3.000000
153.950000	-5.200000	-156.914993	19.180099	-1.270842	68.302584	1474.209451	4.000000
153.950000	-5.200000	-156.914993	19.430099	-1.151287	68.135150	1477.032245	3.000000
153.950000	-5.200000	-156.914993	19.680099	-1.356149	67.968462	1479.855082	3.000000
153.950000	-5.200000	-156.914993	19.930099	-1.982721	67.802564	1482.784356	4.000000
153.950000	-5.200000	-156.914993	20.180099	-2.393955	67.637418	1485.875263	4.000000
153.950000	-5.200000	-156.914993	20.430099	-2.157182	67.473065	1488.966171	3.000000
153.950000	-5.200000	-156.914993	20.680099	-3.003013	67.309469	1492.057078	3.000000
153.950000	-5.200000	-156.914993	20.930099	-3.912857	67.146667	1495.405625	3.000000
153.950000	-5.200000	-156.914993	21.180099	-2.007637	66.984628	1498.661324	2.000000
153.950000	-5.200000	-156.664993	18.680099	-1.734649	68.782179	1474.861254	4.000000
153.950000	-5.200000	-156.664993	18.930099	-1.561555	68.614368	1477.678932	4.000000
153.950000	-5.200000	-156.664993	19.180099	-1.381778	68.447380	1480.501202	4.000000
153.950000	-5.200000	-156.664993	19.430099	-1.267732	68.281077	1483.323606	4.000000
153.950000	-5.200000	-156.664993	19.680099	-1.371145	68.115602	1486.183431	3.000000
153.950000	-5.200000	-156.664993	19.930099	-1.652081	67.950818	1489.134573	4.000000
153.950000	-5.200000	-156.664993	20.180099	-2.260187	67.786864	1492.136984	4.000000
153.950000	-5.200000	-156.664993	20.430099	-2.604419	67.623604	1495.249462	4.000000
153.950000	-5.200000	-156.664993	20.680099	-2.498912	67.461178	1498.361940	3.000000
153.950000	-5.200000	-156.664993	20.930099	-3.344897	67.299450	1501.511570	3.000000
153.950000	-5.200000	-156.664993	21.180099	-3.726909	67.138559	1504.770127	3.000000
153.950000	-5.200000	-156.414993	18.430099	-1.070416	69.090932	1478.352761	4.000000
153.950000	-5.200000	-156.414993	18.680099	-1.763003	68.923600	1481.170244	4.000000
153.950000	-5.200000	-156.414993	18.930099	-1.522510	68.757035	1483.987727	4.000000
153.950000	-5.200000	-156.414993	19.180099	-1.410847	68.591188	1486.809395	3.000000
153.950000	-5.200000	-156.414993	19.430099	-1.464081	68.426110	1489.664530	3.000000
153.950000	-5.200000	-156.414993	19.680099	-1.492715	68.261757	1492.587027	3.000000
153.950000	-5.200000	-156.414993	19.930099	-1.444082	68.098176	1495.533892	3.000000
153.950000	-5.200000	-156.414993	20.180099	-1.572919	67.935324	1498.485033	3.000000
153.950000	-5.200000	-156.414993	20.430099	-2.250394	67.773246	1501.486878	3.000000
153.950000	-5.200000	-156.414993	20.680099	-2.428592	67.611904	1504.599356	3.000000
153.950000	-5.200000	-156.414993	20.930099	-2.861696	67.451336	1507.652757	4.000000
153.950000	-5.200000	-156.164993	18.430099	0.062854	69.230305	1484.681662	3.000000
153.950000	-5.200000	-156.164993	18.680099	-1.842394	69.064226	1487.535745	4.000000
153.950000	-5.200000	-156.164993	18.930099	-1.711794	68.898810	1490.389828	3.000000
153.950000	-5.200000	-156.164993	19.180099	-1.590200	68.734195	1493.243911	3.000000
153.950000	-5.200000	-156.164993	19.430099	-1.530800	68.570247	1496.136050	2.000000
153.950000	-5.200000	-156.164993	19.680099	-1.443022	68.407105	1499.058547	3.000000
153.950000	-5.200000	-156.164993	19.930099	-1.287014	68.244635	1501.981043	3.000000
153.950000	-5.200000	-156.164993	20.180099	-1.182954	68.082973	1504.903540	3.000000
153.950000	-5.200000	-156.164993	20.430099	-1.496076	67.921987	1507.835494	3.000000
153.950000	-5.200000	-156.164993	20.680099	-2.039314	67.761814	1510.836772	2.000000
153.950000	-5.200000	-156.164993	20.930099	-2.443005	67.602320	1513.857952	3.000000
153.950000	-5.200000	-155.914993	18.180099	-1.137088	69.534420	1488.666947	3.000000
153.950000	-5.200000	-155.914993	18.430099	-0.395901	69.368807	1491.357392	3.000000
153.950000	-5.200000	-155.914993	18.680099	-0.792568	69.203886	1494.047837	4.000000
153.950000	-5.200000	-155.914993	18.930099	-1.503813	69.039712	1496.824343	4.000000
153.950000	-5.200000	-155.914993	19.180099	-2.170000	68.876236	1499.685074	4.000000
153.950000	-5.200000	-155.914993	19.430099	-2.248753	68.713510	1502.607571	3.000000
153.950000	-5.200000	-155.914993	19.680099	-2.156584	68.551488	1505.530067	3.000000
153.950000	-5.200000	-155.914993	19.930099	-2.040070	68.390218	1508.452564	3.000000
153.950000	-5.200000	-155.914993	20.180099	-1.726832	68.229658	1511.368041	2.000000
153.950000	-5.200000	-155.914993	20.430099	-1.433271	68.069852	1514.228975	2.000000
153.950000	-5.200000	-155.914993	20.680099	-1.707280	67.910761	1517.091271	2.000000
153.950000	-5.200000	-155.914993	20.930099	-2.111986	67.752427	1520.063147	2.000000
153.950000	-5.200000	-155.664993	18.180099	-1.415542	69.670890	1495.299377	2.000000
153.950000	-5.200000	-155.664993	18.430099	-0.985720	69.506443	1497.961619	3.000000
153.950000	-5.200000	-155.664993	18.680099	-0.836396	69.342771	1500.623861	3.000000
153.950000	-5.200000	-155.664993	18.930099	-0.755050	69.179744	1503.286103	4.000000
153.950000	-5.200000	-155.664993	19.180099	-1.744500	69.017496	1505.930806	4.000000
153.950000	-5.200000	-155.664993	19.430099	-2.731675	68.855898	1508.791740	3.000000
153.950000	-5.200000	-155.664993	19.680099	-2.645445	68.695084	1511.652673	2.000000
153.950000	-5.200000	-155.664993	19.930099	-2.560135	68.534924	1514.513607	4.000000
153.950000	-5.200000	-155.664993	20.180099	-2.468547	68.375552	1517.374541	2.000000
153.950000	-5.200000	-155.664993	20.430099	-2.492036	68.216837	1520.250932	1.000000
153.950000	-5.200000	-155.664993	20.680099	-2.501312	68.058914	1523.214335	1.000000
153.950000	-5.200000	-155.414993	17.930099	-2.214301	69.970333	1498.819566	2.000000
153.950000	-5.200000	-155.414993	18.180099	-2.569871	69.806418	1501.450745	3.000000
153.950000	-5.200000	-155.414993	18.430099	-2.089266	69.643230	1504.194710	4.000000
153.950000	-5.200000	-155.414993	18.680099	-1.509683	69.480712	1506.856952	4.000000
153.950000	-5.200000	-155.414993	18.930099	-1.026827	69.318923	1509.519194	4.000000
153.950000	-5.200000	-155.414993	19.180099	-1.105350	69.157812	1512.099688	3.000000
153.950000	-5.200000	-155.414993	19.430099	-2.469734	68.997432	1514.798239	3.000000
153.950000	-5.200000	-155.414993	19.680099	-2.993213	68.837736	1517.659173	3.000000
153.950000	-5.200000	-155.414993	19.930099	-2.833254	68.678774	1520.520107	3.000000
153.950000	-5.200000	-155.414993	20.180099	-2.817352	68.520501	1523.410593	2.000000
153.950000	-5.200000	-155.414993	20.430099	-2.805704	68.362965	1526.363139	2.000000
153.950000	-5.200000	-155.164993	17.930099	-1.223840	70.103847	1504.971958	3.000000
153.950000	-5.200000	-155.164993	18.180099	-2.816520	69.941197	1507.469747	3.000000
153.950000	-5.200000	-155.164993	18.430099	-3.388442	69.779171	1510.376997	4.000000
153.950000	-5.200000	-155.164993	18.680099	-1.833951	69.617898	1513.090043	4.000000
153.950000	-5.200000	-155.164993	18.930099	-1.102862	69.457253	1515.742976	3.000000
153.950000	-5.200000	-155.164993	19.180099	-0.597541	69.297367	1518.304215	3.000000
153.950000	-5.200000	-155.164993	19.430099	-1.579026	69.138113	1520.865454	3.000000
153.950000	-5.200000	-155.164993	19.680099	-2.961400	68.979622	1523.665673	3.000000
153.950000	-5.200000	-155.164993	19.930099	-3.179757	68.821768	1526.570253	2.000000
153.950000	-5.200000	-155.164993	20.180099	-3.092538	68.664681	1529.522800	2.000000
153.950000	-5.200000	-154.914993	17.680099	-1.545654	70.398659	1508.626563	3.000000
153.950000	-5.200000	-154.914993	17.930099	-1.356528	70.236535	1511.124351	3.000000
153.950000	-5.200000	-154.914993	18.180099	-2.215060	70.075054	1513.622139	3.000000
153.950000	-5.200000	-154.914993	18.430099	-4.041145	69.914282	1516.393869	3.000000
153.950000	-5.200000	-154.914993	18.680099	-3.049704	69.754160	1519.303249	3.000000
153.950000	-5.200000	-154.914993	18.930099	-1.509070	69.594750	1521.947504	2.000000
153.950000	-5.200000	-154.914993	19.180099	-0.987975	69.435997	1524.508743	4.000000
153.950000	-5.200000	-154.914993	19.430099	-1.202118	69.277959	1527.040467	4.000000
153.950000	-5.200000	-154.914993	19.680099	-2.473837	69.120583	1529.734247	3.000000
153.950000	-5.200000	-154.914993	19.930099	-3.310088	68.963925	1532.682461	2.000000
153.950000	-5.200000	-154.664993	17.680099	-1.865914	70.529352	1514.778955	3.000000
153.950000	-5.200000	-154.664993	17.930099	-1.638933	70.368403	1517.276744	3.000000
153.950000	-5.200000	-154.664993	18.180099	-1.945918	70.208183	1519.774532	3.000000
153.950000	-5.200000	-154.664993	18.430099	-3.619700	70.048569	1522.410741	3.000000
153.950000	-5.200000	-154.664993	18.680099	-3.719536	69.889688	1525.308746	3.000000
153.950000	-5.200000	-154.664993	18.930099	-1.957273	69.731419	1527.982859	3.000000
153.950000	-5.200000	-154.664993	19.180099	-1.587803	69.573888	1530.483347	4.000000
153.950000	-5.200000	-154.664993	19.430099	-2.223481	69.416972	1533.109073	4.000000
153.950000	-5.200000	-154.414993	17.680099	-2.368584	70.659144	1520.811377	4.000000
153.950000	-5.200000	-154.414993	17.930099	-2.206018	70.499464	1523.333602	4.000000
153.950000	-5.200000	-154.414993	18.180099	-2.114585	70.340408	1525.855826	3.000000
153.950000	-5.200000	-154.414993	18.430099	-3.077847	70.182045	1528.428003	4.000000
153.950000	-5.200000	-154.414993	18.680099	-3.678003	70.024311	1531.254542	4.000000
153.950000	-5.200000	-154.414993	18.930099	-2.461345	69.867273	1533.926226	3.000000
153.950000	-5.200000	-154.164993	17.680099	-2.361775	70.788234	1526.827060	4.000000
153.950000	-5.200000	-154.164993	17.930099	-2.300896	70.629726	1529.333226	4.000000
153.950000	-5.200000	-154.164993	18.180099	-2.471467	70.471926	1531.891458	3.000000
153.950000	-5.200000	-153.914993	17.680099	-2.821895	70.916443	1532.860837	3.000000
153.950000	-5.200000	-153.914993	17.930099	-2.881396	70.759199	1535.459551	2.000000
