-155.772995	19.079000	1502.179000	-2.137898
-157.931000	21.646000	1479.166000	-2.012352
-155.996994	20.771000	1516.160000	-2.426923
-154.983002	19.601000	1527.133000	-2.016261
-159.401001	21.971001	1448.160000	-2.902660
-156.658005	20.891001	1501.162000	-2.123673
-157.270004	21.108999	1489.173000	-2.373629
-159.664993	22.122999	1444.156000	-3.174364
-154.617798	20.088900	1541.824000	-2.068269
-155.679398	21.205500	1529.144000	-2.444289
-153.992294	18.797600	1542.650000	-2.514892
-153.700806	17.297501	1534.213000	-2.795666
-154.691299	17.180099	1509.136000	-1.356209
-154.030502	17.988400	1533.149000	-2.600163
-154.495895	18.401699	1526.150000	-2.241726
-154.797394	18.803101	1523.565000	-2.147682
-155.714996	18.000299	1492.138000	-1.121240
-156.808197	18.404200	1468.138000	-2.162201
-156.167007	18.301001	1483.156000	-2.203798
-157.227295	18.984800	1464.145000	-2.126202
-156.510101	19.477699	1487.759000	-1.968680
-156.932007	19.832701	1481.150000	-2.072948
-157.627594	20.346100	1469.911000	-1.954445
