73.470000	34.380000	-159.164993	21.930099	-6.533280	137.301723	2895.256162	1.000000
73.470000	34.380000	-158.914993	21.680099	-6.708816	137.394924	2904.598476	2.000000
73.470000	34.380000	-158.914993	21.930099	-2.162417	137.440100	2900.125766	2.000000
73.470000	34.380000	-158.664993	21.180099	1.449062	137.440592	2918.815822	1.000000
73.470000	34.380000	-158.664993	21.430099	-7.016410	137.487383	2913.945812	2.000000
73.470000	34.380000	-158.664993	21.680099	-4.512276	137.533541	2909.812107	2.000000
73.470000	34.380000	-158.664993	21.930099	12.757584	137.579083	2903.474248	2.000000
73.470000	34.380000	-158.414993	20.930099	3.190262	137.531265	2928.295441	2.000000
73.470000	34.380000	-158.414993	21.180099	-6.261882	137.579043	2923.293147	1.000000
73.470000	34.380000	-158.414993	21.430099	-11.197056	137.626219	2919.159442	1.000000
73.470000	34.380000	-158.414993	21.680099	0.038744	137.672740	2915.025737	2.000000
73.470000	34.380000	-158.414993	21.930099	18.529770	137.718664	2906.822729	2.000000
73.470000	34.380000	-158.164993	20.680099	4.204902	137.621174	2937.775060	2.000000
73.470000	34.380000	-158.164993	20.930099	-5.504672	137.669975	2932.640483	2.000000
73.470000	34.380000	-158.164993	21.180099	-11.242379	137.718136	2928.506777	2.000000
73.470000	34.380000	-158.164993	21.430099	-11.336510	137.765672	2924.373072	1.000000
73.470000	34.380000	-158.164993	21.680099	6.766552	137.812573	2920.239367	1.000000
73.470000	34.380000	-158.164993	21.930099	22.417160	137.858855	2910.171211	1.000000
73.470000	34.380000	-157.914993	20.180099	6.226389	137.659875	2952.968063	2.000000
73.470000	34.380000	-157.914993	20.430099	4.960945	137.710332	2947.254678	1.000000
73.470000	34.380000	-157.914993	20.680099	-3.799661	137.760123	2941.987818	2.000000
73.470000	34.380000	-157.914993	20.930099	-9.229028	137.809303	2937.854113	2.000000
73.470000	34.380000	-157.914993	21.180099	-8.016449	137.857822	2933.720408	2.000000
73.470000	34.380000	-157.914993	21.430099	-3.342076	137.905735	2929.586703	1.000000
73.470000	34.380000	-157.914993	21.680099	15.311352	137.952992	2924.411762	1.000000
73.470000	34.380000	-157.664993	19.930099	6.173546	137.747287	2962.447681	2.000000
73.470000	34.380000	-157.664993	20.180099	4.479621	137.798740	2956.734297	2.000000
73.470000	34.380000	-157.664993	20.430099	1.258934	137.849556	2951.335153	1.000000
73.470000	34.380000	-157.664993	20.680099	-2.204841	137.899725	2946.894986	3.000000
73.470000	34.380000	-157.664993	20.930099	-0.304434	137.949261	2942.320374	3.000000
73.470000	34.380000	-157.664993	21.180099	1.255542	137.998154	2937.745762	2.000000
73.470000	34.380000	-157.664993	21.430099	5.156340	138.046421	2933.171150	2.000000
73.470000	34.380000	-157.414993	19.680099	3.442461	137.833927	2971.982075	3.000000
73.470000	34.380000	-157.414993	19.930099	2.081745	137.886411	2966.508966	2.000000
73.470000	34.380000	-157.414993	20.180099	2.789621	137.938221	2961.035856	2.000000
73.470000	34.380000	-157.414993	20.430099	2.902221	137.989411	2955.239253	3.000000
73.470000	34.380000	-157.414993	20.680099	4.156100	138.039933	2950.219614	3.000000
73.470000	34.380000	-157.414993	20.930099	4.023761	138.089840	2945.645002	4.000000
73.470000	34.380000	-157.414993	21.180099	3.794185	138.139085	2941.070390	3.000000
73.470000	34.380000	-157.414993	21.430099	3.664060	138.187718	2936.539672	2.000000
73.470000	34.380000	-157.164993	19.430099	0.755661	137.919863	2982.038524	2.000000
73.470000	34.380000	-157.164993	19.680099	0.245484	137.973346	2976.565415	4.000000
73.470000	34.380000	-157.164993	19.930099	1.345324	138.026184	2971.092305	3.000000
73.470000	34.380000	-157.164993	20.180099	3.148973	138.078366	2965.383626	3.000000
73.470000	34.380000	-157.164993	20.430099	3.110085	138.129908	2959.574824	3.000000
73.470000	34.380000	-157.164993	20.680099	3.355402	138.180799	2953.858529	3.000000
73.470000	34.380000	-157.164993	20.930099	3.884653	138.231054	2948.969630	3.000000
73.470000	34.380000	-157.164993	21.180099	1.774381	138.280664	2944.395018	3.000000
73.470000	34.380000	-157.164993	21.430099	1.425079	138.329643	2940.454687	2.000000
73.470000	34.380000	-156.914993	18.930099	-0.566901	137.949889	2997.331921	3.000000
73.470000	34.380000	-156.914993	19.180099	-0.411070	138.005040	2992.211883	4.000000
73.470000	34.380000	-156.914993	19.430099	-0.229876	138.059557	2986.717311	3.000000
73.470000	34.380000	-156.914993	19.680099	0.664417	138.113393	2981.191346	3.000000
73.470000	34.380000	-156.914993	19.930099	2.793347	138.166599	2975.527999	4.000000
73.470000	34.380000	-156.914993	20.180099	3.492262	138.219131	2969.719197	4.000000
73.470000	34.380000	-156.914993	20.430099	3.321026	138.271038	2963.910395	2.000000
73.470000	34.380000	-156.914993	20.680099	2.893013	138.322274	2958.101593	2.000000
73.470000	34.380000	-156.914993	20.930099	3.111085	138.372892	2952.522146	3.000000
73.470000	34.380000	-156.914993	21.180099	-1.484717	138.422845	2947.719647	1.000000
73.470000	34.380000	-156.914993	21.430099	2.126591	138.472182	2944.369702	2.000000
73.470000	34.380000	-156.664993	18.680099	-0.850785	138.033334	3006.933795	4.000000
73.470000	34.380000	-156.664993	18.930099	-0.939035	138.089525	3001.788053	4.000000
73.470000	34.380000	-156.664993	19.180099	-0.702922	138.145047	2996.668016	4.000000
73.470000	34.380000	-156.664993	19.430099	0.036442	138.199914	2991.452421	4.000000
73.470000	34.380000	-156.664993	19.680099	2.420575	138.254117	2985.795948	4.000000
73.470000	34.380000	-156.664993	19.930099	3.768049	138.307670	2979.838375	4.000000
73.470000	34.380000	-156.664993	20.180099	3.476085	138.360564	2973.991908	4.000000
73.470000	34.380000	-156.664993	20.430099	3.356853	138.412815	2968.206084	4.000000
73.470000	34.380000	-156.664993	20.680099	3.057007	138.464411	2962.420260	3.000000
73.470000	34.380000	-156.664993	20.930099	1.761943	138.515369	2956.687332	3.000000
73.470000	34.380000	-156.664993	21.180099	-2.210154	138.565678	2951.499120	3.000000
73.470000	34.380000	-156.664993	21.430099	4.610941	138.615354	2948.035431	2.000000
73.470000	34.380000	-156.414993	18.430099	-1.886330	138.116063	3016.633260	4.000000
73.470000	34.380000	-156.414993	18.680099	-0.456612	138.173266	3011.486426	4.000000
73.470000	34.380000	-156.414993	18.930099	-0.005084	138.229825	3006.339592	4.000000
73.470000	34.380000	-156.414993	19.180099	0.916368	138.285695	3001.175180	3.000000
73.470000	34.380000	-156.414993	19.430099	2.792459	138.340925	2995.872746	4.000000
73.470000	34.380000	-156.414993	19.680099	3.582318	138.395472	2990.150134	4.000000
73.470000	34.380000	-156.414993	19.930099	3.604353	138.449386	2984.174400	3.000000
73.470000	34.380000	-156.414993	20.180099	3.342036	138.502621	2978.299685	4.000000
73.470000	34.380000	-156.414993	20.430099	3.320323	138.555228	2972.452905	4.000000
73.470000	34.380000	-156.414993	20.680099	2.995127	138.607162	2966.667081	4.000000
73.470000	34.380000	-156.414993	20.930099	2.457760	138.658473	2960.997615	4.000000
73.470000	34.380000	-156.414993	21.180099	-0.391168	138.709117	2955.414135	3.000000
73.470000	34.380000	-156.414993	21.430099	6.428226	138.759142	2951.566778	2.000000
73.470000	34.380000	-156.164993	18.430099	0.764322	138.256328	3021.102268	3.000000
73.470000	34.380000	-156.164993	18.680099	1.579875	138.313897	3015.801719	4.000000
73.470000	34.380000	-156.164993	18.930099	2.399722	138.370801	3010.501170	3.000000
73.470000	34.380000	-156.164993	19.180099	2.991875	138.427032	3005.200621	4.000000
73.470000	34.380000	-156.164993	19.430099	3.633434	138.482605	2999.831864	3.000000
73.470000	34.380000	-156.164993	19.680099	3.797289	138.537510	2994.408700	4.000000
73.470000	34.380000	-156.164993	19.930099	3.221503	138.591761	2988.525642	3.000000
73.470000	34.380000	-156.164993	20.180099	3.210775	138.645351	2982.635709	4.000000
73.470000	34.380000	-156.164993	20.430099	3.101154	138.698293	2976.760994	4.000000
73.470000	34.380000	-156.164993	20.680099	3.104074	138.750578	2970.913902	3.000000
73.470000	34.380000	-156.164993	20.930099	3.860905	138.802221	2965.163274	4.000000
73.470000	34.380000	-156.164993	21.180099	0.917277	138.853212	2959.329150	3.000000
73.470000	34.380000	-156.164993	21.430099	7.630765	138.903567	2955.098125	2.000000
73.470000	34.380000	-155.914993	18.180099	-1.817871	138.338660	3031.043178	3.000000
73.470000	34.380000	-155.914993	18.430099	1.587535	138.397270	3025.494083	3.000000
73.470000	34.380000	-155.914993	18.680099	1.999345	138.455182	3019.944988	4.000000
73.470000	34.380000	-155.914993	18.930099	2.156126	138.512444	3014.526610	4.000000
73.470000	34.380000	-155.914993	19.180099	3.829666	138.569015	3009.214147	4.000000
73.470000	34.380000	-155.914993	19.430099	4.116518	138.624942	3003.790983	3.000000
73.470000	34.380000	-155.914993	19.680099	4.091473	138.680183	2998.367819	4.000000
73.470000	34.380000	-155.914993	19.930099	3.526374	138.734785	2992.879828	4.000000
73.470000	34.380000	-155.914993	20.180099	3.658674	138.788708	2986.971734	3.000000
73.470000	34.380000	-155.914993	20.430099	3.743508	138.841997	2981.097019	3.000000
73.470000	34.380000	-155.914993	20.680099	4.066103	138.894612	2975.188790	3.000000
73.470000	34.380000	-155.914993	20.930099	4.542467	138.946599	2969.251527	4.000000
73.470000	34.380000	-155.914993	21.180099	1.772231	138.997917	2963.353569	2.000000
73.470000	34.380000	-155.914993	21.430099	8.976439	139.048612	2958.629472	2.000000
73.470000	34.380000	-155.664993	18.180099	0.911526	138.479951	3035.503551	2.000000
73.470000	34.380000	-155.664993	18.430099	1.861077	138.538901	3029.941877	3.000000
73.470000	34.380000	-155.664993	18.680099	1.802167	138.597169	3024.380204	3.000000
73.470000	34.380000	-155.664993	18.930099	2.783973	138.654768	3018.818531	3.000000
73.470000	34.380000	-155.664993	19.180099	4.489930	138.711692	3013.009612	3.000000
73.470000	34.380000	-155.664993	19.430099	5.300990	138.767952	3007.612285	2.000000
73.470000	34.380000	-155.664993	19.680099	5.107919	138.823541	3002.214959	2.000000
73.470000	34.380000	-155.664993	19.930099	5.381292	138.878474	2996.817632	3.000000
73.470000	34.380000	-155.664993	20.180099	5.670680	138.932741	2991.138108	3.000000
73.470000	34.380000	-155.664993	20.430099	6.344863	138.986358	2985.207501	2.000000
73.470000	34.380000	-155.664993	20.680099	6.326181	139.039314	2979.276895	2.000000
73.470000	34.380000	-155.664993	20.930099	6.178546	139.091625	2973.346289	2.000000
73.470000	34.380000	-155.664993	21.180099	2.683988	139.143281	2967.415682	2.000000
73.470000	34.380000	-155.664993	21.430099	10.280389	139.194297	2962.160819	1.000000
73.470000	34.380000	-155.414993	17.930099	-0.881133	138.561945	3044.950087	2.000000
73.470000	34.380000	-155.414993	18.180099	1.269390	138.621908	3039.792004	3.000000
73.470000	34.380000	-155.414993	18.430099	2.259432	138.681212	3034.224151	4.000000
73.470000	34.380000	-155.414993	18.680099	2.156764	138.739814	3028.662477	4.000000
73.470000	34.380000	-155.414993	18.930099	3.213543	138.797763	3023.100804	3.000000
73.470000	34.380000	-155.414993	19.180099	4.900210	138.855017	3017.131668	3.000000
73.470000	34.380000	-155.414993	19.430099	5.757992	138.911623	3011.168397	4.000000
73.470000	34.380000	-155.414993	19.680099	6.050480	138.967540	3005.771071	3.000000
73.470000	34.380000	-155.414993	19.930099	6.594237	139.022815	3000.373744	3.000000
73.470000	34.380000	-155.414993	20.180099	7.590537	139.077406	2994.715147	3.000000
73.470000	34.380000	-155.414993	20.430099	8.101912	139.131361	2988.784541	3.000000
73.470000	34.380000	-155.414993	20.680099	7.821866	139.184638	2982.853934	4.000000
73.470000	34.380000	-155.414993	20.930099	3.842478	139.237284	2976.931231	3.000000
73.470000	34.380000	-155.414993	21.180099	3.025699	139.289258	2971.553044	3.000000
73.470000	34.380000	-155.164993	17.930099	0.335256	138.704267	3049.043006	3.000000
73.470000	34.380000	-155.164993	18.180099	1.264048	138.764582	3044.087397	3.000000
73.470000	34.380000	-155.164993	18.430099	2.096003	138.824217	3038.510266	4.000000
73.470000	34.380000	-155.164993	18.680099	2.134813	138.883167	3032.944750	4.000000
73.470000	34.380000	-155.164993	18.930099	3.876452	138.941444	3027.336678	2.000000
73.470000	34.380000	-155.164993	19.180099	5.145578	138.999041	3021.271570	2.000000
73.470000	34.380000	-155.164993	19.430099	4.963686	139.055972	3015.206462	4.000000
73.470000	34.380000	-155.164993	19.680099	5.615512	139.112228	3009.327183	4.000000
73.470000	34.380000	-155.164993	19.930099	6.398617	139.167824	3003.929856	2.000000
73.470000	34.380000	-155.164993	20.180099	7.397632	139.222751	2998.292186	3.000000
73.470000	34.380000	-155.164993	20.430099	7.550999	139.277025	2992.361580	4.000000
73.470000	34.380000	-155.164993	20.680099	3.129465	139.330634	2986.476752	4.000000
73.470000	34.380000	-155.164993	20.930099	0.296920	139.383595	2981.277206	4.000000
73.470000	34.380000	-155.164993	21.180099	5.406729	139.435898	2975.511068	3.000000
73.470000	34.380000	-154.914993	17.680099	0.293339	138.785928	3058.091535	3.000000
73.470000	34.380000	-154.914993	17.930099	0.192240	138.847283	3053.135925	3.000000
73.470000	34.380000	-154.914993	18.180099	1.253514	138.907927	3048.180316	3.000000
73.470000	34.380000	-154.914993	18.430099	1.426087	138.967907	3042.808891	3.000000
73.470000	34.380000	-154.914993	18.680099	2.886318	139.027182	3037.228527	3.000000
73.470000	34.380000	-154.914993	18.930099	5.766333	139.085799	3031.476580	2.000000
73.470000	34.380000	-154.914993	19.180099	5.948431	139.143718	3025.411472	3.000000
73.470000	34.380000	-154.914993	19.430099	5.432181	139.200985	3019.346364	4.000000
73.470000	34.380000	-154.914993	19.680099	4.928126	139.257560	3013.281256	3.000000
73.470000	34.380000	-154.914993	19.930099	5.995932	139.313489	3007.485968	2.000000
73.470000	34.380000	-154.914993	20.180099	6.565758	139.368732	3001.869226	3.000000
73.470000	34.380000	-154.914993	20.430099	2.855896	139.423333	2996.022272	3.000000
73.470000	34.380000	-154.914993	20.680099	-1.254934	139.477256	2990.822727	4.000000
73.470000	34.380000	-154.914993	20.930099	1.129751	139.530542	2985.623182	3.000000
73.470000	34.380000	-154.914993	21.180099	7.003108	139.583155	2979.469093	3.000000
73.470000	34.380000	-154.664993	17.680099	1.200013	138.929325	3062.184454	3.000000
73.470000	34.380000	-154.664993	17.930099	0.882221	138.991007	3057.228844	3.000000
73.470000	34.380000	-154.664993	18.180099	1.157923	139.051993	3052.273235	3.000000
73.470000	34.380000	-154.664993	18.430099	2.872398	139.112296	3047.107515	3.000000
73.470000	34.380000	-154.664993	18.680099	7.643917	139.171909	3041.358250	3.000000
73.470000	34.380000	-154.664993	18.930099	9.388985	139.230845	3035.206619	2.000000
73.470000	34.380000	-154.664993	19.180099	8.383738	139.289098	3029.266330	3.000000
73.470000	34.380000	-154.664993	19.430099	7.833481	139.346681	3023.326041	3.000000
73.470000	34.380000	-154.664993	19.680099	7.469388	139.403586	3017.385753	2.000000
73.470000	34.380000	-154.664993	19.930099	7.179083	139.459827	3011.356050	2.000000
73.470000	34.380000	-154.664993	20.180099	4.593640	139.515396	3005.567793	3.000000
73.470000	34.380000	-154.664993	20.430099	0.267813	139.570308	3000.368248	2.000000
73.470000	34.380000	-154.664993	20.680099	-0.220349	139.624553	2995.168703	2.000000
73.470000	34.380000	-154.664993	20.930099	2.961311	139.678147	2989.969157	3.000000
73.470000	34.380000	-154.664993	21.180099	8.451583	139.731079	2983.427118	3.000000
73.470000	34.380000	-154.414993	17.680099	1.738685	139.073408	3065.978966	4.000000
73.470000	34.380000	-154.414993	17.930099	1.769089	139.135428	3061.084138	4.000000
73.470000	34.380000	-154.414993	18.180099	3.582005	139.196735	3056.189310	3.000000
73.470000	34.380000	-154.414993	18.430099	9.597037	139.257372	3050.903681	4.000000
73.470000	34.380000	-154.414993	18.680099	11.874027	139.317302	3044.601564	4.000000
73.470000	34.380000	-154.414993	18.930099	11.036760	139.376569	3038.452889	2.000000
73.470000	34.380000	-154.414993	19.180099	10.469379	139.435135	3032.512601	4.000000
73.470000	34.380000	-154.414993	19.430099	9.964428	139.493045	3026.572312	4.000000
73.470000	34.380000	-154.414993	19.680099	9.245811	139.550260	3020.636173	4.000000
73.470000	34.380000	-154.414993	19.930099	7.366892	139.606824	3014.800957	3.000000
73.470000	34.380000	-154.414993	20.180099	3.792065	139.662700	3009.332326	3.000000
73.470000	34.380000	-154.414993	20.430099	2.249022	139.717931	3004.246307	3.000000
73.470000	34.380000	-154.414993	20.680099	3.409608	139.772480	2999.160288	4.000000
73.470000	34.380000	-154.414993	20.930099	8.137420	139.826389	2993.996002	3.000000
73.470000	34.380000	-154.414993	21.180099	11.302984	139.879622	2987.385142	2.000000
73.470000	34.380000	-154.164993	17.680099	1.573990	139.218225	3069.875626	4.000000
73.470000	34.380000	-154.164993	17.930099	3.249510	139.280563	3064.797070	4.000000
73.470000	34.380000	-154.164993	18.180099	8.943548	139.342202	3059.620533	3.000000
73.470000	34.380000	-154.164993	18.430099	12.843763	139.403153	3053.751101	4.000000
73.470000	34.380000	-154.164993	18.680099	11.691620	139.463411	3047.844878	4.000000
73.470000	34.380000	-154.164993	18.930099	10.361002	139.522989	3041.699160	3.000000
73.470000	34.380000	-154.164993	19.180099	9.224892	139.581879	3035.769789	3.000000
73.470000	34.380000	-154.164993	19.430099	8.537555	139.640096	3029.934573	4.000000
73.470000	34.380000	-154.164993	19.680099	8.072830	139.697631	3024.099357	3.000000
73.470000	34.380000	-154.164993	19.930099	6.881462	139.754499	3018.264140	3.000000
73.470000	34.380000	-154.164993	20.180099	5.182530	139.810692	3012.910499	3.000000
73.470000	34.380000	-154.164993	20.430099	7.034218	139.866224	3007.824480	4.000000
73.470000	34.380000	-154.164993	20.680099	9.598760	139.921086	3002.347500	4.000000
73.470000	34.380000	-154.164993	20.930099	12.419329	139.975293	2996.851250	4.000000
73.470000	34.380000	-154.164993	21.180099	13.433215	140.028836	2990.655344	3.000000
73.470000	34.380000	-153.914993	17.680099	3.379806	139.363731	3073.979305	4.000000
73.470000	34.380000	-153.914993	17.930099	6.434279	139.426399	3068.562838	2.000000
73.470000	34.380000	-153.914993	18.180099	10.399931	139.488349	3062.674488	4.000000
73.470000	34.380000	-153.914993	18.430099	10.802997	139.549625	3056.782155	4.000000
73.470000	34.380000	-153.914993	18.680099	10.482548	139.610191	3050.889822	4.000000
73.470000	34.380000	-153.914993	18.930099	8.949256	139.670089	3045.078261	3.000000
73.470000	34.380000	-153.914993	19.180099	8.121448	139.729284	3039.240195	3.000000
73.470000	34.380000	-153.914993	19.430099	7.885290	139.787817	3033.402129	4.000000
73.470000	34.380000	-153.914993	19.680099	7.794966	139.845654	3027.564063	4.000000
73.470000	34.380000	-153.914993	19.930099	7.193373	139.902835	3021.727324	3.000000
73.470000	34.380000	-153.914993	20.180099	8.387107	139.959326	3016.195247	4.000000
73.470000	34.380000	-153.914993	20.430099	10.900680	140.015167	3010.698997	4.000000
73.470000	34.380000	-153.914993	20.680099	10.887674	140.070324	3005.202747	4.000000
73.470000	34.380000	-153.914993	20.930099	12.470082	140.124838	2999.706497	2.000000
73.470000	34.380000	-153.914993	21.180099	14.536372	140.178674	2993.433164	3.000000
73.470000	34.380000	-153.664993	17.680099	6.715968	139.509977	3077.579407	3.000000
73.470000	34.380000	-153.664993	17.930099	7.620706	139.572953	3072.090047	4.000000
73.470000	34.380000	-153.664993	18.180099	9.107972	139.635225	3066.111714	4.000000
73.470000	34.380000	-153.664993	18.430099	9.283661	139.696807	3060.114591	4.000000
73.470000	34.380000	-153.664993	18.680099	9.210197	139.757691	3054.222258	4.000000
73.470000	34.380000	-153.664993	18.930099	8.700030	139.817891	3048.420421	3.000000
73.470000	34.380000	-153.664993	19.180099	8.142462	139.877399	3042.700860	4.000000
73.470000	34.380000	-153.664993	19.430099	8.134768	139.936231	3036.902771	4.000000
73.470000	34.380000	-153.664993	19.680099	8.189807	139.994378	3031.064705	3.000000
73.470000	34.380000	-153.664993	19.930099	8.166255	140.051854	3025.179474	2.000000
73.470000	34.380000	-153.664993	20.180099	8.963853	140.108652	3019.292028	3.000000
73.470000	34.380000	-153.664993	20.430099	9.556905	140.164785	3013.554245	4.000000
73.470000	34.380000	-153.664993	20.680099	10.572330	140.220246	3008.057994	3.000000
73.470000	34.380000	-153.664993	20.930099	12.790852	140.275049	3002.550711	3.000000
73.470000	34.380000	-153.414993	17.930099	9.182699	139.720212	3075.596039	4.000000
73.470000	34.380000	-153.414993	18.180099	9.831257	139.782787	3069.580462	4.000000
73.470000	34.380000	-153.414993	18.430099	9.801219	139.844683	3063.564885	4.000000
73.470000	34.380000	-153.414993	18.680099	9.732698	139.905865	3057.554693	4.000000
73.470000	34.380000	-153.414993	18.930099	9.284179	139.966376	3051.752038	3.000000
73.470000	34.380000	-153.414993	19.180099	9.471345	140.026180	3046.032476	3.000000
73.470000	34.380000	-153.414993	19.430099	9.693985	140.085319	3040.240210	3.000000
73.470000	34.380000	-153.414993	19.680099	9.632738	140.143758	3034.412448	3.000000
73.470000	34.380000	-153.414993	19.930099	9.363856	140.201537	3028.584686	3.000000
73.470000	34.380000	-153.414993	20.180099	9.163802	140.258624	3022.732814	2.000000
73.470000	34.380000	-153.414993	20.430099	9.490569	140.315057	3016.845368	2.000000
73.470000	34.380000	-153.164993	18.180099	11.033867	139.931082	3072.814220	2.000000
73.470000	34.380000	-153.164993	18.430099	11.360116	139.993274	3066.795912	3.000000
73.470000	34.380000	-153.164993	18.680099	11.001101	140.054765	3060.777603	3.000000
73.470000	34.380000	-153.164993	18.930099	10.488398	140.115568	3054.904525	2.000000
73.470000	34.380000	-153.164993	19.180099	10.648409	140.175676	3049.106068	2.000000
73.470000	34.380000	-153.164993	19.430099	10.754545	140.235104	3043.285922	2.000000
73.470000	34.380000	-153.164993	19.680099	10.674022	140.293843	3037.458160	2.000000
73.470000	34.380000	-153.164993	19.930099	10.577738	140.351909	3031.630397	2.000000
73.470000	34.380000	-152.914993	18.180099	11.195519	140.080066	3075.821233	3.000000
73.470000	34.380000	-152.914993	18.430099	12.083621	140.142562	3069.802924	3.000000
73.470000	34.380000	-152.914993	18.680099	11.395157	140.204343	3063.784616	3.000000
73.470000	34.380000	-152.914993	18.930099	10.603585	140.265446	3057.971910	3.000000
73.470000	34.380000	-152.914993	19.180099	10.654658	140.325841	3052.159396	2.000000
73.470000	34.380000	-152.914993	19.430099	10.619964	140.385565	3046.331633	2.000000
73.470000	34.380000	-152.664993	18.430099	11.453702	140.292571	3072.809937	3.000000
73.470000	34.380000	-152.664993	18.680099	10.896293	140.354649	3066.837751	3.000000
73.470000	34.380000	-152.664993	18.930099	10.554755	140.416036	3061.032869	3.000000
