-155.772995	19.079000	3013.656000	73.470000	34.380000
-157.931000	21.646000	2925.683000	73.470000	34.380000
-155.996994	20.771000	2971.664000	73.470000	34.380000
-155.710999	20.046000	2993.661000	73.470000	34.380000
-159.401001	21.971001	2889.653000	73.470000	34.380000
-156.658005	20.891001	2957.658000	73.470000	34.380000
-159.664993	22.122999	2881.676000	73.470000	34.380000
-156.755997	21.136000	2950.641000	73.470000	34.380000
-154.617798	20.088900	3008.285000	73.470000	34.380000
-155.679398	21.205500	2966.607000	73.470000	34.380000
-154.482803	21.001900	2991.643000	73.470000	34.380000
-153.982697	21.519699	2984.069000	73.470000	34.380000
-153.292099	20.892599	3007.645000	73.470000	34.380000
-153.902405	19.979099	3020.758000	73.470000	34.380000
-153.503204	19.495199	3037.648000	73.470000	34.380000
-153.992294	18.797600	3047.090000	73.470000	34.380000
-153.295898	18.800900	3056.295000	73.470000	34.380000
-152.132401	18.481400	3077.981000	73.470000	34.380000
-153.290604	17.906200	3077.897000	73.470000	34.380000
-153.700806	17.297501	3085.475000	73.470000	34.380000
-154.691299	17.180099	3071.665000	73.470000	34.380000
-154.030502	17.988400	3065.653000	73.470000	34.380000
-154.495895	18.401699	3050.649000	73.470000	34.380000
-154.797394	18.803101	3036.505000	73.470000	34.380000
-155.714996	18.000299	3038.647000	73.470000	34.380000
-156.808197	18.404200	3010.006000	73.470000	34.380000
-156.167007	18.301001	3023.807000	73.470000	34.380000
-157.227295	18.984800	2990.645000	73.470000	34.380000
-156.510101	19.477699	2993.334000	73.470000	34.380000
-156.932007	19.832701	2977.496000	73.470000	34.380000
-157.627594	20.346100	2953.504000	73.470000	34.380000
