154.330000	46.850000	-159.164993	21.930099	1.340653	135.277816	1229.070288	1.000000
154.330000	46.850000	-158.914993	21.680099	0.887375	135.381349	1238.761049	1.000000
154.330000	46.850000	-158.664993	21.180099	-4.854227	135.654237	1253.157646	0.000000
154.330000	46.850000	-158.664993	21.430099	0.007744	135.482890	1248.358134	1.000000
154.330000	46.850000	-158.414993	20.930099	-5.499766	135.751463	1262.685131	1.000000
154.330000	46.850000	-158.414993	21.180099	-0.460723	135.582404	1257.955219	0.000000
154.330000	46.850000	-158.414993	21.430099	2.335338	135.411846	1252.768306	0.000000
154.330000	46.850000	-158.164993	20.680099	-6.002958	135.846716	1272.212617	1.000000
154.330000	46.850000	-158.164993	20.930099	-0.927687	135.679993	1267.552304	1.000000
154.330000	46.850000	-158.164993	21.180099	2.128302	135.511713	1262.365391	1.000000
154.330000	46.850000	-158.164993	21.430099	2.511649	135.341881	1257.178478	0.000000
154.330000	46.850000	-157.914993	20.180099	-7.474902	136.103041	1286.095880	1.000000
154.330000	46.850000	-157.914993	20.430099	-6.461630	135.940122	1281.740102	1.000000
154.330000	46.850000	-157.914993	20.680099	-1.393094	135.775622	1277.149389	1.000000
154.330000	46.850000	-157.914993	20.930099	2.078259	135.609669	1271.962476	1.000000
154.330000	46.850000	-157.914993	21.180099	2.197909	135.442106	1266.775563	1.000000
154.330000	46.850000	-157.914993	21.430099	2.610741	135.273068	1261.588650	0.000000
154.330000	46.850000	-157.664993	19.930099	-7.465312	136.192370	1295.623366	1.000000
154.330000	46.850000	-157.664993	20.180099	-6.528054	136.031621	1291.267587	1.000000
154.330000	46.850000	-157.664993	20.430099	-1.919292	135.869389	1286.746474	1.000000
154.330000	46.850000	-157.664993	20.680099	2.029562	135.705649	1281.559561	2.000000
154.330000	46.850000	-157.664993	20.930099	2.147525	135.540403	1276.372648	2.000000
154.330000	46.850000	-157.664993	21.180099	2.321053	135.373624	1271.185735	1.000000
154.330000	46.850000	-157.664993	21.430099	2.731046	135.205315	1265.978923	1.000000
154.330000	46.850000	-157.414993	19.680099	-6.378512	136.279868	1305.126579	2.000000
154.330000	46.850000	-157.414993	19.930099	-5.699446	136.121331	1300.664329	2.000000
154.330000	46.850000	-157.414993	20.180099	-2.227247	135.961260	1296.202080	1.000000
154.330000	46.850000	-157.414993	20.430099	1.650826	135.799779	1291.177149	2.000000
154.330000	46.850000	-157.414993	20.680099	1.992414	135.636738	1285.969733	2.000000
154.330000	46.850000	-157.414993	20.930099	2.215662	135.472266	1280.782820	3.000000
154.330000	46.850000	-157.414993	21.180099	2.461709	135.306207	1275.595907	2.000000
154.330000	46.850000	-157.164993	19.430099	-5.423262	136.365622	1314.398458	2.000000
154.330000	46.850000	-157.164993	19.680099	-5.069373	136.209194	1309.936209	3.000000
154.330000	46.850000	-157.164993	19.930099	-2.656676	136.051327	1305.473960	3.000000
154.330000	46.850000	-157.164993	20.180099	0.924429	135.891998	1300.574849	3.000000
154.330000	46.850000	-157.164993	20.430099	1.667755	135.731208	1295.548136	2.000000
154.330000	46.850000	-157.164993	20.680099	1.785693	135.568932	1290.430262	2.000000
154.330000	46.850000	-157.164993	20.930099	2.303045	135.405171	1285.192992	3.000000
154.330000	46.850000	-157.164993	21.180099	2.493742	135.239899	1280.006079	2.000000
154.330000	46.850000	-156.914993	18.930099	-4.957276	136.602532	1328.313061	3.000000
154.330000	46.850000	-156.914993	19.180099	-5.029369	136.449602	1323.683293	3.000000
154.330000	46.850000	-156.914993	19.430099	-5.070308	136.295324	1319.208089	2.000000
154.330000	46.850000	-156.914993	19.680099	-3.470451	136.139559	1314.745839	3.000000
154.330000	46.850000	-156.914993	19.930099	0.105829	135.982426	1309.972549	4.000000
154.330000	46.850000	-156.914993	20.180099	1.363517	135.823779	1304.945836	3.000000
154.330000	46.850000	-156.914993	20.430099	1.477432	135.663744	1299.919123	2.000000
154.330000	46.850000	-156.914993	20.680099	1.930931	135.502170	1294.892410	2.000000
154.330000	46.850000	-156.914993	20.930099	2.108037	135.339187	1289.639677	3.000000
154.330000	46.850000	-156.914993	21.180099	2.616548	135.174638	1284.416250	1.000000
154.330000	46.850000	-156.664993	18.680099	-3.669956	136.682722	1337.700753	3.000000
154.330000	46.850000	-156.664993	18.930099	-3.553282	136.531891	1333.237820	3.000000
154.330000	46.850000	-156.664993	19.180099	-3.579932	136.379665	1328.608052	2.000000
154.330000	46.850000	-156.664993	19.430099	-3.359236	136.226043	1324.017719	2.000000
154.330000	46.850000	-156.664993	19.680099	-0.770684	136.071003	1319.370249	3.000000
154.330000	46.850000	-156.664993	19.930099	1.285197	135.914544	1314.343536	3.000000
154.330000	46.850000	-156.664993	20.180099	1.391529	135.756644	1309.316823	3.000000
154.330000	46.850000	-156.664993	20.430099	1.498679	135.597303	1304.290110	4.000000
154.330000	46.850000	-156.664993	20.680099	1.779147	135.436496	1299.263397	3.000000
154.330000	46.850000	-156.664993	20.930099	2.477461	135.274228	1294.175805	2.000000
154.330000	46.850000	-156.664993	21.180099	2.948539	135.110468	1288.828935	2.000000
154.330000	46.850000	-156.414993	18.430099	0.377142	136.761285	1346.455009	3.000000
154.330000	46.850000	-156.414993	18.680099	-2.132313	136.612459	1341.999168	3.000000
154.330000	46.850000	-156.414993	18.930099	-1.957033	136.462325	1337.543328	2.000000
154.330000	46.850000	-156.414993	19.180099	-2.062209	136.310748	1333.087487	2.000000
154.330000	46.850000	-156.414993	19.430099	-0.969618	136.157843	1328.593884	3.000000
154.330000	46.850000	-156.414993	19.680099	0.371093	136.003469	1323.759935	2.000000
154.330000	46.850000	-156.414993	19.930099	0.935271	135.847748	1318.724645	3.000000
154.330000	46.850000	-156.414993	20.180099	1.237016	135.690534	1313.699791	4.000000
154.330000	46.850000	-156.414993	20.430099	1.495549	135.531952	1308.674937	4.000000
154.330000	46.850000	-156.414993	20.680099	1.979712	135.371851	1303.650083	3.000000
154.330000	46.850000	-156.414993	20.930099	2.932738	135.210363	1298.491764	3.000000
154.330000	46.850000	-156.164993	18.430099	-2.112537	136.691387	1350.753424	2.000000
154.330000	46.850000	-156.164993	18.680099	-1.673287	136.543251	1346.297583	3.000000
154.330000	46.850000	-156.164993	18.930099	-1.085712	136.393758	1341.814353	2.000000
154.330000	46.850000	-156.164993	19.180099	-0.583644	136.242890	1337.285398	3.000000
154.330000	46.850000	-156.164993	19.430099	-0.353815	136.090644	1332.756443	2.000000
154.330000	46.850000	-156.164993	19.680099	0.168912	135.936999	1328.227488	2.000000
154.330000	46.850000	-156.164993	19.930099	0.506119	135.781956	1323.230122	2.000000
154.330000	46.850000	-156.164993	20.180099	1.048235	135.625492	1318.135365	4.000000
154.330000	46.850000	-156.164993	20.430099	1.185607	135.467607	1313.063688	3.000000
154.330000	46.850000	-156.164993	20.680099	1.866514	135.308277	1308.038834	3.000000
154.330000	46.850000	-156.164993	20.930099	2.556154	135.147506	1302.877008	3.000000
154.330000	46.850000	-155.914993	18.180099	2.445799	136.768645	1359.507679	2.000000
154.330000	46.850000	-155.914993	18.430099	-1.563773	136.622545	1355.034823	2.000000
154.330000	46.850000	-155.914993	18.680099	-1.030792	136.475043	1350.505868	3.000000
154.330000	46.850000	-155.914993	18.930099	-0.766454	136.326252	1345.976913	3.000000
154.330000	46.850000	-155.914993	19.180099	-0.656742	136.176035	1341.447958	2.000000
154.330000	46.850000	-155.914993	19.430099	-0.546333	136.024511	1336.919003	2.000000
154.330000	46.850000	-155.914993	19.680099	-0.227056	135.871536	1332.390048	2.000000
154.330000	46.850000	-155.914993	19.930099	0.053774	135.717235	1327.795065	3.000000
154.330000	46.850000	-155.914993	20.180099	0.955856	135.561459	1322.700308	3.000000
154.330000	46.850000	-155.914993	20.430099	1.405515	135.404337	1317.605551	2.000000
154.330000	46.850000	-155.914993	20.680099	2.178713	135.245715	1312.483048	2.000000
154.330000	46.850000	-155.914993	20.930099	2.557262	135.085727	1307.299336	3.000000
154.330000	46.850000	-155.664993	18.180099	-1.033961	136.700156	1363.805767	1.000000
154.330000	46.850000	-155.664993	18.430099	-2.242541	136.554683	1359.276030	1.000000
154.330000	46.850000	-155.664993	18.680099	-2.135136	136.407875	1354.746294	1.000000
154.330000	46.850000	-155.664993	18.930099	-2.027000	136.259729	1350.216557	2.000000
154.330000	46.850000	-155.664993	19.180099	-1.918113	136.110225	1345.686821	1.000000
154.330000	46.850000	-155.664993	19.430099	-1.808477	135.959364	1341.157085	1.000000
154.330000	46.850000	-155.664993	19.680099	-1.698073	135.807122	1336.627348	2.000000
154.330000	46.850000	-155.664993	19.930099	-0.133785	135.653502	1332.097612	2.000000
154.330000	46.850000	-155.664993	20.180099	1.342702	135.498479	1327.205779	2.000000
154.330000	46.850000	-155.664993	20.430099	2.128030	135.342057	1322.051722	2.000000
154.330000	46.850000	-155.664993	20.680099	2.401671	135.184209	1316.897664	2.000000
154.330000	46.850000	-155.664993	20.930099	2.595865	135.024941	1311.721663	1.000000
154.330000	46.850000	-155.414993	17.930099	1.653922	136.776181	1373.319835	1.000000
154.330000	46.850000	-155.414993	18.180099	-2.308744	136.632648	1368.368258	1.000000
154.330000	46.850000	-155.414993	18.430099	-3.201621	136.487862	1363.838522	1.000000
154.330000	46.850000	-155.414993	18.680099	-3.097333	136.341693	1359.308785	1.000000
154.330000	46.850000	-155.414993	18.930099	-2.992376	136.194252	1354.779049	1.000000
154.330000	46.850000	-155.414993	19.180099	-2.886617	136.045404	1350.249313	1.000000
154.330000	46.850000	-155.414993	19.430099	-2.780174	135.895267	1345.719576	1.000000
154.330000	46.850000	-155.414993	19.680099	-1.987927	135.743699	1341.189840	1.000000
154.330000	46.850000	-155.414993	19.930099	0.759724	135.590823	1336.493124	1.000000
154.330000	46.850000	-155.414993	20.180099	2.165960	135.436493	1331.542174	2.000000
154.330000	46.850000	-155.414993	20.430099	2.181163	135.280835	1326.466338	2.000000
154.330000	46.850000	-155.414993	20.680099	2.440873	135.123699	1321.312280	3.000000
154.330000	46.850000	-155.414993	20.930099	2.633387	134.965216	1316.143991	2.000000
154.330000	46.850000	-155.164993	17.930099	-0.302846	136.709016	1378.030453	2.000000
154.330000	46.850000	-155.164993	18.180099	-2.266263	136.566162	1373.028917	1.000000
154.330000	46.850000	-155.164993	18.430099	-2.827471	136.422008	1368.401013	1.000000
154.330000	46.850000	-155.164993	18.680099	-3.032176	136.276536	1363.871277	1.000000
154.330000	46.850000	-155.164993	18.930099	-2.927868	136.129744	1359.341541	0.000000
154.330000	46.850000	-155.164993	19.180099	-2.822825	135.981613	1354.811804	0.000000
154.330000	46.850000	-155.164993	19.430099	-2.554291	135.832142	1350.282068	1.000000
154.330000	46.850000	-155.164993	19.680099	-0.008746	135.681310	1345.700612	1.000000
154.330000	46.850000	-155.164993	19.930099	2.027572	135.529118	1340.749662	1.000000
154.330000	46.850000	-155.164993	20.180099	2.135693	135.375543	1335.798712	2.000000
154.330000	46.850000	-155.164993	20.430099	2.314520	135.220589	1330.847762	3.000000
154.330000	46.850000	-155.164993	20.680099	2.387032	135.064228	1325.726896	3.000000
154.330000	46.850000	-154.914993	17.680099	0.734257	136.783757	1388.140065	3.000000
154.330000	46.850000	-154.914993	17.930099	-0.247218	136.642873	1382.741071	3.000000
154.330000	46.850000	-154.914993	18.180099	-1.927342	136.500645	1377.743356	2.000000
154.330000	46.850000	-154.914993	18.430099	-2.522070	136.357181	1372.963505	3.000000
154.330000	46.850000	-154.914993	18.680099	-2.967991	136.212351	1368.433769	1.000000
154.330000	46.850000	-154.914993	18.930099	-2.864392	136.066268	1363.904032	1.000000
154.330000	46.850000	-154.914993	19.180099	-2.760008	135.918796	1359.374296	1.000000
154.330000	46.850000	-154.914993	19.430099	-0.775702	135.770053	1354.844559	1.000000
154.330000	46.850000	-154.914993	19.680099	1.797905	135.619897	1349.957151	1.000000
154.330000	46.850000	-154.914993	19.930099	2.088238	135.468453	1345.006201	1.000000
154.330000	46.850000	-154.914993	20.180099	2.195664	135.315572	1340.055250	2.000000
154.330000	46.850000	-154.914993	20.430099	2.337874	135.161385	1335.104300	2.000000
154.330000	46.850000	-154.914993	20.680099	2.461598	135.005738	1330.141512	2.000000
154.330000	46.850000	-154.664993	17.680099	0.800070	136.717945	1392.850682	3.000000
154.330000	46.850000	-154.664993	17.930099	-0.192543	136.577680	1387.451689	2.000000
154.330000	46.850000	-154.664993	18.180099	-1.645764	136.436135	1382.457795	2.000000
154.330000	46.850000	-154.664993	18.430099	-2.463735	136.293307	1377.599751	2.000000
154.330000	46.850000	-154.664993	18.680099	-2.672917	136.149177	1372.996260	2.000000
154.330000	46.850000	-154.664993	18.930099	-2.801871	136.003747	1368.466524	1.000000
154.330000	46.850000	-154.664993	19.180099	-1.540934	135.856994	1363.936787	1.000000
154.330000	46.850000	-154.664993	19.430099	1.204097	135.708920	1359.164639	1.000000
154.330000	46.850000	-154.664993	19.680099	2.042021	135.559503	1354.213689	0.000000
154.330000	46.850000	-154.664993	19.930099	2.147945	135.408746	1349.262739	1.000000
154.330000	46.850000	-154.664993	20.180099	2.254613	135.256624	1344.311789	2.000000
154.330000	46.850000	-154.664993	20.430099	2.362018	135.103142	1339.360838	1.000000
154.330000	46.850000	-154.664993	20.680099	2.593967	134.948273	1334.409888	1.000000
154.330000	46.850000	-154.414993	17.680099	0.892233	136.653083	1397.561300	3.000000
154.330000	46.850000	-154.414993	17.930099	-0.138881	136.513495	1392.162306	3.000000
154.330000	46.850000	-154.414993	18.180099	-1.593321	136.372579	1387.172234	2.000000
154.330000	46.850000	-154.414993	18.430099	-2.183174	136.230445	1382.314190	2.000000
154.330000	46.850000	-154.414993	18.680099	-2.292865	136.086961	1377.558752	2.000000
154.330000	46.850000	-154.414993	18.930099	-2.304399	135.942242	1373.029015	1.000000
154.330000	46.850000	-154.414993	19.180099	0.437631	135.796151	1368.372128	1.000000
154.330000	46.850000	-154.414993	19.430099	1.996930	135.648808	1363.421178	1.000000
154.330000	46.850000	-154.164993	17.680099	0.972163	136.589212	1402.252610	3.000000
154.330000	46.850000	-154.164993	17.930099	-1.078126	136.450247	1396.872924	3.000000
154.330000	46.850000	-154.164993	18.180099	-2.715841	136.310017	1391.886673	2.000000
154.330000	46.850000	-153.914993	17.680099	0.141664	136.526279	1406.922165	3.000000
154.330000	46.850000	-153.914993	17.930099	-3.165166	136.387993	1401.897516	2.000000
