-155.996994	20.771000	1309.161000	1.634145
-155.710999	20.046000	1329.158000	-0.823681
-159.401001	21.971001	1224.152000	NaN
-156.658005	20.891001	1295.145000	-0.475097
-159.664993	22.122999	1216.150000	NaN
-156.755997	21.136000	1288.136000	1.763085
-154.482803	21.001900	1331.139000	NaN
-153.992294	18.797600	1383.144000	-1.278861
-153.700806	17.297501	1419.134000	-0.469581
-154.691299	17.180099	1403.153000	-0.054986
-154.030502	17.988400	1398.148000	0.011337
-155.714996	18.000299	1366.151000	-3.673495
-156.808197	18.404200	1340.156000	-1.610669
-157.227295	18.984800	1321.148000	-2.025061
-156.510101	19.477699	1326.148000	-0.133362
-157.627594	20.346100	1289.149000	1.065075
