-155.772995	19.079000	1615.268000	-2.258292
-155.996994	20.771000	1622.273000	-1.136416
-155.710999	20.046000	1624.268000	-2.046946
-159.401001	21.971001	1549.275000	1.669878
-156.658005	20.891001	1607.281000	-0.820465
-159.664993	22.122999	1544.279000	1.647352
-156.755997	21.136000	1606.288000	-0.182192
-154.617798	20.088900	1652.252000	-4.030048
-155.679398	21.205500	1634.254000	-0.187741
-154.482803	21.001900	1665.252000	-3.568188
-153.982697	21.519699	1681.268000	-1.464327
-152.132401	18.481400	1697.272000	-4.072258
-153.290604	17.906200	1661.254000	-7.038094
-153.700806	17.297501	1649.273000	-3.624332
-154.691299	17.180099	1624.271000	-3.399561
-154.495895	18.401699	1638.255000	-4.110726
-154.797394	18.803101	1634.563000	-3.530799
-155.714996	18.000299	1606.262000	-2.182094
-156.808197	18.404200	1582.433000	-1.714828
-157.227295	18.984800	1577.254000	-1.199573
-156.932007	19.832701	1591.249000	-1.952343
-157.627594	20.346100	1579.201000	-0.342583
