-68.130000	-22.460000	-158.651001	21.430099	-2.988611	290.882255	2711.346747	1.000000
-68.130000	-22.460000	-158.401001	21.180099	-2.492793	290.995031	2703.295004	0.000000
-68.130000	-22.460000	-158.401001	21.430099	-5.699004	290.961379	2705.118284	0.000000
-68.130000	-22.460000	-158.151001	20.680099	5.517346	291.137949	2692.678878	1.000000
-68.130000	-22.460000	-158.151001	20.930099	-1.987427	291.105943	2695.243260	1.000000
-68.130000	-22.460000	-158.151001	21.180099	-5.806044	291.073536	2697.066541	1.000000
-68.130000	-22.460000	-158.151001	21.430099	-5.715914	291.040770	2698.889822	0.000000
-68.130000	-22.460000	-157.901001	20.430099	6.115374	291.245601	2684.520558	1.000000
-68.130000	-22.460000	-157.901001	20.680099	-1.472419	291.214839	2687.191517	1.000000
-68.130000	-22.460000	-157.901001	20.930099	-5.891830	291.183788	2689.014798	1.000000
-68.130000	-22.460000	-157.901001	21.180099	-5.884772	291.152265	2690.838078	1.000000
-68.130000	-22.460000	-157.901001	21.430099	-5.678177	291.120453	2692.661359	0.000000
-68.130000	-22.460000	-157.651001	19.930099	7.658495	291.380336	2673.266266	2.000000
-68.130000	-22.460000	-157.651001	20.180099	5.818808	291.351292	2676.362239	2.000000
-68.130000	-22.460000	-157.651001	20.430099	-0.649288	291.321885	2679.139774	1.000000
-68.130000	-22.460000	-157.651001	20.680099	-5.975935	291.292077	2680.963054	2.000000
-68.130000	-22.460000	-157.651001	20.930099	-5.969949	291.261908	2682.786335	2.000000
-68.130000	-22.460000	-157.651001	21.180099	-5.954680	291.231337	2684.609616	1.000000
-68.130000	-22.460000	-157.651001	21.430099	-5.524786	291.200406	2686.435193	1.000000
-68.130000	-22.460000	-157.401001	19.680099	4.850628	291.482785	2665.001744	3.000000
-68.130000	-22.460000	-157.401001	19.930099	3.751777	291.455094	2667.843826	2.000000
-68.130000	-22.460000	-157.401001	20.180099	1.029870	291.426930	2670.683762	3.000000
-68.130000	-22.460000	-157.401001	20.430099	-4.233960	291.398475	2673.094197	3.000000
-68.130000	-22.460000	-157.401001	20.680099	-6.376495	291.369547	2674.734592	3.000000
-68.130000	-22.460000	-157.401001	20.930099	-6.048370	291.340328	2676.557872	3.000000
-68.130000	-22.460000	-157.401001	21.180099	-5.971400	291.310637	2678.381153	2.000000
-68.130000	-22.460000	-157.401001	21.430099	-5.374428	291.280655	2680.222414	1.000000
-68.130000	-22.460000	-157.151001	19.430099	4.215319	291.583399	2656.233907	2.000000
-68.130000	-22.460000	-157.151001	19.680099	3.366252	291.556950	2659.075989	4.000000
-68.130000	-22.460000	-157.151001	19.930099	1.155977	291.530137	2661.918071	3.000000
-68.130000	-22.460000	-157.151001	20.180099	-1.165296	291.502923	2664.439417	3.000000
-68.130000	-22.460000	-157.151001	20.430099	-3.111098	291.475346	2666.849852	3.000000
-68.130000	-22.460000	-157.151001	20.680099	-5.922449	291.447367	2668.863477	3.000000
-68.130000	-22.460000	-157.151001	20.930099	-7.268184	291.419026	2670.329409	3.000000
-68.130000	-22.460000	-157.151001	21.180099	-5.988505	291.390283	2672.152690	2.000000
-68.130000	-22.460000	-157.151001	21.430099	-5.240858	291.361178	2674.009636	1.000000
-68.130000	-22.460000	-156.901001	18.930099	7.922256	291.706834	2645.076815	3.000000
-68.130000	-22.460000	-156.901001	19.180099	6.248031	291.682028	2648.394697	4.000000
-68.130000	-22.460000	-156.901001	19.430099	3.579605	291.656930	2650.986759	3.000000
-68.130000	-22.460000	-156.901001	19.680099	1.061373	291.631358	2653.483764	3.000000
-68.130000	-22.460000	-156.901001	19.930099	-1.265382	291.605494	2655.781830	4.000000
-68.130000	-22.460000	-156.901001	20.180099	-1.787224	291.579156	2658.195072	4.000000
-68.130000	-22.460000	-156.901001	20.430099	-1.755088	291.552526	2660.605507	2.000000
-68.130000	-22.460000	-156.901001	20.680099	-5.313052	291.525423	2663.015941	2.000000
-68.130000	-22.460000	-156.901001	20.930099	-8.185095	291.498028	2664.372780	3.000000
-68.130000	-22.460000	-156.901001	21.180099	-7.077393	291.470160	2665.924227	1.000000
-68.130000	-22.460000	-156.901001	21.430099	-5.085078	291.442000	2667.796858	1.000000
-68.130000	-22.460000	-156.651001	18.680099	7.244989	291.802290	2635.984444	4.000000
-68.130000	-22.460000	-156.651001	18.930099	7.022660	291.778834	2639.539622	4.000000
-68.130000	-22.460000	-156.651001	19.180099	6.043235	291.754976	2642.895654	4.000000
-68.130000	-22.460000	-156.651001	19.430099	3.440026	291.730754	2646.051872	4.000000
-68.130000	-22.460000	-156.651001	19.680099	-3.157138	291.706128	2648.278737	3.000000
-68.130000	-22.460000	-156.651001	19.930099	-5.269028	291.681139	2649.970252	3.000000
-68.130000	-22.460000	-156.651001	20.180099	-3.156278	291.655747	2651.858062	4.000000
-68.130000	-22.460000	-156.651001	20.430099	-1.771773	291.629991	2654.299889	4.000000
-68.130000	-22.460000	-156.651001	20.680099	-2.991514	291.603833	2656.741717	3.000000
-68.130000	-22.460000	-156.651001	20.930099	-8.834051	291.577311	2658.849853	4.000000
-68.130000	-22.460000	-156.651001	21.180099	-9.879403	291.550386	2659.711116	3.000000
-68.130000	-22.460000	-156.651001	21.430099	-4.965058	291.523099	2661.602513	2.000000
-68.130000	-22.460000	-156.401001	18.430099	2.594333	291.895886	2626.075674	4.000000
-68.130000	-22.460000	-156.401001	18.680099	5.912910	291.873671	2629.630853	4.000000
-68.130000	-22.460000	-156.401001	18.930099	5.775803	291.851161	2633.186031	4.000000
-68.130000	-22.460000	-156.401001	19.180099	5.720967	291.828177	2636.727862	3.000000
-68.130000	-22.460000	-156.401001	19.430099	0.836556	291.804899	2640.184338	3.000000
-68.130000	-22.460000	-156.401001	19.680099	-4.897433	291.781147	2642.488271	3.000000
-68.130000	-22.460000	-156.401001	19.930099	-6.572546	291.757101	2644.357607	3.000000
-68.130000	-22.460000	-156.401001	20.180099	-6.001071	291.732581	2646.049121	3.000000
-68.130000	-22.460000	-156.401001	20.430099	-3.283298	291.707769	2647.934294	3.000000
-68.130000	-22.460000	-156.401001	20.680099	-4.626933	291.682482	2650.376122	3.000000
-68.130000	-22.460000	-156.401001	20.930099	-9.099405	291.656902	2652.109107	4.000000
-68.130000	-22.460000	-156.401001	21.180099	-7.645198	291.630848	2653.498337	3.000000
-68.130000	-22.460000	-156.401001	21.430099	-4.869453	291.604501	2655.428037	2.000000
-68.130000	-22.460000	-156.151001	18.430099	1.951268	291.966694	2619.690014	3.000000
-68.130000	-22.460000	-156.151001	18.680099	5.975904	291.945423	2623.201618	4.000000
-68.130000	-22.460000	-156.151001	18.930099	5.187699	291.923786	2626.713222	3.000000
-68.130000	-22.460000	-156.151001	19.180099	2.479067	291.901745	2630.224825	3.000000
-68.130000	-22.460000	-156.151001	19.430099	-3.280701	291.879339	2633.028075	2.000000
-68.130000	-22.460000	-156.151001	19.680099	-4.992338	291.856530	2635.332008	3.000000
-68.130000	-22.460000	-156.151001	19.930099	-4.497973	291.833355	2637.635941	3.000000
-68.130000	-22.460000	-156.151001	20.180099	-4.085525	291.809777	2639.939874	3.000000
-68.130000	-22.460000	-156.151001	20.430099	-4.988412	291.785834	2642.127991	3.000000
-68.130000	-22.460000	-156.151001	20.680099	-6.720313	291.761487	2644.010527	2.000000
-68.130000	-22.460000	-156.151001	20.930099	-8.029391	291.736776	2645.757901	4.000000
-68.130000	-22.460000	-156.151001	21.180099	-6.995057	291.711662	2647.285559	3.000000
-68.130000	-22.460000	-156.151001	21.430099	-4.799548	291.686183	2649.253560	2.000000
-68.130000	-22.460000	-155.901001	18.180099	2.513774	292.057761	2611.345703	3.000000
-68.130000	-22.460000	-155.901001	18.430099	4.050175	292.037836	2614.211041	3.000000
-68.130000	-22.460000	-155.901001	18.680099	3.677517	292.017436	2617.076378	4.000000
-68.130000	-22.460000	-155.901001	18.930099	4.130694	291.996740	2620.210185	4.000000
-68.130000	-22.460000	-155.901001	19.180099	-0.013778	291.975570	2623.567880	3.000000
-68.130000	-22.460000	-155.901001	19.430099	-4.254681	291.954104	2625.871812	2.000000
-68.130000	-22.460000	-155.901001	19.680099	-4.090492	291.932164	2628.175745	3.000000
-68.130000	-22.460000	-155.901001	19.930099	-3.656035	291.909929	2630.479678	3.000000
-68.130000	-22.460000	-155.901001	20.180099	-2.984586	291.887220	2632.857002	2.000000
-68.130000	-22.460000	-155.901001	20.430099	-2.414946	291.864215	2635.297662	2.000000
-68.130000	-22.460000	-155.901001	20.680099	-4.279903	291.840736	2637.738322	2.000000
-68.130000	-22.460000	-155.901001	20.930099	-7.915202	291.816963	2639.567873	3.000000
-68.130000	-22.460000	-155.901001	21.180099	-7.031245	291.792715	2641.088421	2.000000
-68.130000	-22.460000	-155.651001	18.180099	2.244650	292.128338	2605.782391	2.000000
-68.130000	-22.460000	-155.651001	18.430099	1.813165	292.109283	2608.586348	3.000000
-68.130000	-22.460000	-155.651001	18.680099	1.693413	292.089823	2611.390306	3.000000
-68.130000	-22.460000	-155.651001	18.930099	0.990943	292.069996	2614.194264	3.000000
-68.130000	-22.460000	-155.651001	19.180099	-1.275751	292.049766	2616.964209	3.000000
-68.130000	-22.460000	-155.651001	19.430099	-1.910632	292.029168	2619.411543	2.000000
-68.130000	-22.460000	-155.651001	19.680099	-1.740977	292.008166	2621.852204	1.000000
-68.130000	-22.460000	-155.651001	19.930099	-1.542579	291.986798	2624.292864	3.000000
-68.130000	-22.460000	-155.651001	20.180099	-1.453856	291.965026	2626.733524	2.000000
-68.130000	-22.460000	-155.651001	20.430099	-2.345408	291.942887	2629.174185	1.000000
-68.130000	-22.460000	-155.651001	20.680099	-5.881594	291.920345	2631.386542	1.000000
-68.130000	-22.460000	-155.651001	20.930099	-7.746941	291.897436	2633.115666	2.000000
-68.130000	-22.460000	-155.651001	21.180099	-5.439790	291.874123	2634.860040	2.000000
-68.130000	-22.460000	-155.401001	17.930099	1.708446	292.217003	2596.576938	1.000000
-68.130000	-22.460000	-155.401001	18.180099	0.572312	292.199183	2599.404792	3.000000
-68.130000	-22.460000	-155.401001	18.430099	0.512517	292.181066	2602.217822	3.000000
-68.130000	-22.460000	-155.401001	18.680099	0.478061	292.162474	2605.021779	3.000000
-68.130000	-22.460000	-155.401001	18.930099	0.268091	292.143585	2607.825737	3.000000
-68.130000	-22.460000	-155.401001	19.180099	-0.129293	292.124221	2610.577949	2.000000
-68.130000	-22.460000	-155.401001	19.430099	-0.835552	292.104560	2613.288066	3.000000
-68.130000	-22.460000	-155.401001	19.680099	-1.513686	292.084424	2615.728726	2.000000
-68.130000	-22.460000	-155.401001	19.930099	-1.522852	292.063992	2618.169387	2.000000
-68.130000	-22.460000	-155.401001	20.180099	-1.531914	292.043084	2620.610047	2.000000
-68.130000	-22.460000	-155.401001	20.430099	-4.106597	292.021880	2623.050707	2.000000
-68.130000	-22.460000	-155.401001	20.680099	-7.118561	292.000201	2624.911165	3.000000
-68.130000	-22.460000	-155.401001	20.930099	-3.867576	291.978225	2626.699759	3.000000
-68.130000	-22.460000	-155.401001	21.180099	-4.089848	291.955775	2629.110834	3.000000
-68.130000	-22.460000	-155.151001	17.930099	0.548081	292.287291	2590.187504	3.000000
-68.130000	-22.460000	-155.151001	18.180099	0.535829	292.270409	2593.015358	3.000000
-68.130000	-22.460000	-155.151001	18.430099	0.482791	292.253158	2595.843213	3.000000
-68.130000	-22.460000	-155.151001	18.680099	0.397588	292.235503	2598.653253	3.000000
-68.130000	-22.460000	-155.151001	18.930099	0.101708	292.217479	2601.450438	2.000000
-68.130000	-22.460000	-155.151001	19.180099	-0.130685	292.199051	2604.191689	2.000000
-68.130000	-22.460000	-155.151001	19.430099	-0.345156	292.180254	2606.932939	3.000000
-68.130000	-22.460000	-155.151001	19.680099	-1.005734	292.161053	2609.605249	3.000000
-68.130000	-22.460000	-155.151001	19.930099	-1.600344	292.141483	2612.045909	1.000000
-68.130000	-22.460000	-155.151001	20.180099	-2.464647	292.121509	2614.486569	2.000000
-68.130000	-22.460000	-155.151001	20.430099	-5.416350	292.101167	2616.706664	3.000000
-68.130000	-22.460000	-155.151001	20.680099	-3.009838	292.080419	2618.539478	3.000000
-68.130000	-22.460000	-155.151001	20.930099	-0.738510	292.059305	2621.122121	4.000000
-68.130000	-22.460000	-155.151001	21.180099	-6.881789	292.037785	2623.200984	3.000000
-68.130000	-22.460000	-154.901001	17.680099	0.948880	292.373463	2580.970216	3.000000
-68.130000	-22.460000	-154.901001	17.930099	1.040139	292.357923	2583.798071	3.000000
-68.130000	-22.460000	-154.901001	18.180099	1.132155	292.341906	2586.625925	3.000000
-68.130000	-22.460000	-154.901001	18.430099	1.224756	292.325591	2589.453779	3.000000
-68.130000	-22.460000	-154.901001	18.680099	1.103634	292.308800	2592.281633	2.000000
-68.130000	-22.460000	-154.901001	18.930099	0.446513	292.291710	2595.064178	2.000000
-68.130000	-22.460000	-154.901001	19.180099	0.146598	292.274144	2597.805428	3.000000
-68.130000	-22.460000	-154.901001	19.430099	0.001235	292.256280	2600.546679	3.000000
-68.130000	-22.460000	-154.901001	19.680099	-0.424921	292.237940	2603.287929	2.000000
-68.130000	-22.460000	-154.901001	19.930099	-1.178465	292.219302	2605.922432	1.000000
-68.130000	-22.460000	-154.901001	20.180099	-3.371202	292.200189	2608.363092	2.000000
-68.130000	-22.460000	-154.901001	20.430099	-2.281233	292.180777	2610.379196	2.000000
-68.130000	-22.460000	-154.901001	20.680099	1.261391	292.160889	2612.961840	3.000000
-68.130000	-22.460000	-154.901001	20.930099	-2.215823	292.140704	2615.544483	3.000000
-68.130000	-22.460000	-154.901001	21.180099	-9.505924	292.120043	2617.291133	3.000000
-68.130000	-22.460000	-154.651001	17.680099	3.073765	292.443547	2574.860943	3.000000
-68.130000	-22.460000	-154.651001	17.930099	3.178772	292.428870	2577.751531	3.000000
-68.130000	-22.460000	-154.651001	18.180099	3.284612	292.413787	2580.642119	3.000000
-68.130000	-22.460000	-154.651001	18.430099	3.088407	292.398335	2583.532707	3.000000
-68.130000	-22.460000	-154.651001	18.680099	1.433998	292.382477	2586.378663	3.000000
-68.130000	-22.460000	-154.651001	18.930099	0.378018	292.366249	2588.982944	2.000000
-68.130000	-22.460000	-154.651001	19.180099	0.431189	292.349615	2591.641405	3.000000
-68.130000	-22.460000	-154.651001	19.430099	0.276304	292.332611	2594.299865	3.000000
-68.130000	-22.460000	-154.651001	19.680099	0.189023	292.315202	2596.958326	2.000000
-68.130000	-22.460000	-154.651001	19.930099	-0.311218	292.297423	2599.642919	1.000000
-68.130000	-22.460000	-154.651001	20.180099	-0.469790	292.279239	2602.218915	2.000000
-68.130000	-22.460000	-154.651001	20.430099	0.628741	292.260685	2604.801558	2.000000
-68.130000	-22.460000	-154.651001	20.680099	0.737745	292.241725	2607.384202	2.000000
-68.130000	-22.460000	-154.651001	20.930099	-4.280678	292.222397	2609.966845	3.000000
-68.130000	-22.460000	-154.651001	21.180099	-12.181881	292.202662	2611.381283	3.000000
-68.130000	-22.460000	-154.401001	17.680099	4.405948	292.513909	2569.431189	3.000000
-68.130000	-22.460000	-154.401001	17.930099	4.362300	292.500165	2572.321777	4.000000
-68.130000	-22.460000	-154.401001	18.180099	3.896215	292.485944	2575.212365	3.000000
-68.130000	-22.460000	-154.401001	18.430099	1.823557	292.471423	2578.036928	3.000000
-68.130000	-22.460000	-154.401001	18.680099	0.384157	292.456425	2580.584368	3.000000
-68.130000	-22.460000	-154.401001	18.930099	0.811485	292.441127	2583.189408	2.000000
-68.130000	-22.460000	-154.401001	19.180099	0.955042	292.425352	2585.847869	4.000000
-68.130000	-22.460000	-154.401001	19.430099	0.630093	292.409278	2588.506329	4.000000
-68.130000	-22.460000	-154.401001	19.680099	-0.114093	292.392727	2591.144667	4.000000
-68.130000	-22.460000	-154.401001	19.930099	-0.576708	292.375876	2593.673329	3.000000
-68.130000	-22.460000	-154.401001	20.180099	-0.064673	292.358548	2596.263102	3.000000
-68.130000	-22.460000	-154.401001	20.430099	0.211410	292.340921	2598.914502	3.000000
-68.130000	-22.460000	-154.401001	20.680099	-1.578448	292.322817	2601.565902	4.000000
-68.130000	-22.460000	-154.401001	20.930099	-6.889069	292.304413	2604.014546	3.000000
-68.130000	-22.460000	-154.401001	21.180099	-13.568986	292.285533	2605.471433	2.000000
-68.130000	-22.460000	-154.151001	17.680099	4.516999	292.584662	2563.949392	3.000000
-68.130000	-22.460000	-154.151001	17.930099	3.298297	292.571778	2566.892023	3.000000
-68.130000	-22.460000	-154.151001	18.180099	1.123834	292.558488	2569.695194	3.000000
-68.130000	-22.460000	-154.151001	18.430099	-0.337696	292.544826	2572.242634	3.000000
-68.130000	-22.460000	-154.151001	18.680099	-0.077254	292.530757	2574.790073	3.000000
-68.130000	-22.460000	-154.151001	18.930099	0.207591	292.516317	2577.395872	3.000000
-68.130000	-22.460000	-154.151001	19.180099	-0.300586	292.501471	2580.025849	3.000000
-68.130000	-22.460000	-154.151001	19.430099	-0.895540	292.486253	2582.554511	4.000000
-68.130000	-22.460000	-154.151001	19.680099	-1.060093	292.470628	2585.083173	3.000000
-68.130000	-22.460000	-154.151001	19.930099	-0.740505	292.454633	2587.611835	3.000000
-68.130000	-22.460000	-154.151001	20.180099	-1.239111	292.438230	2590.220446	3.000000
-68.130000	-22.460000	-154.151001	20.430099	-4.621480	292.421458	2592.835657	3.000000
-68.130000	-22.460000	-154.151001	20.680099	-7.803097	292.404277	2594.786486	4.000000
-68.130000	-22.460000	-154.151001	20.930099	-8.274375	292.386727	2596.737314	4.000000
-68.130000	-22.460000	-154.151001	21.180099	-9.396612	292.368769	2598.688143	2.000000
-68.130000	-22.460000	-153.901001	17.680099	1.594046	292.655697	2558.420726	4.000000
-68.130000	-22.460000	-153.901001	17.930099	-0.592730	292.643742	2561.048480	2.000000
-68.130000	-22.460000	-153.901001	18.180099	-1.176249	292.631310	2563.622090	3.000000
-68.130000	-22.460000	-153.901001	18.430099	-1.137004	292.618576	2566.196854	3.000000
-68.130000	-22.460000	-153.901001	18.680099	-1.015409	292.605365	2568.771617	4.000000
-68.130000	-22.460000	-153.901001	18.930099	-1.162667	292.591851	2571.363703	2.000000
-68.130000	-22.460000	-153.901001	19.180099	-1.412822	292.577860	2573.909225	3.000000
-68.130000	-22.460000	-153.901001	19.430099	-1.371204	292.563568	2576.454747	3.000000
-68.130000	-22.460000	-153.901001	19.680099	-1.380825	292.548797	2579.000269	3.000000
-68.130000	-22.460000	-153.901001	19.930099	-3.977593	292.533726	2581.545792	2.000000
-68.130000	-22.460000	-153.901001	20.180099	-6.880533	292.518176	2583.621458	3.000000
-68.130000	-22.460000	-153.901001	20.430099	-7.828215	292.502326	2585.587488	2.000000
-68.130000	-22.460000	-153.901001	20.680099	-7.688091	292.485997	2587.553518	2.000000
-68.130000	-22.460000	-153.901001	20.930099	-7.535355	292.469368	2589.519549	2.000000
-68.130000	-22.460000	-153.651001	17.680099	-1.492457	292.727125	2552.106576	3.000000
-68.130000	-22.460000	-153.651001	17.930099	-1.717521	292.716028	2554.674771	3.000000
-68.130000	-22.460000	-153.651001	18.180099	-1.675132	292.704523	2557.249111	3.000000
-68.130000	-22.460000	-153.651001	18.430099	-1.595968	292.692645	2559.828595	3.000000
-68.130000	-22.460000	-153.651001	18.680099	-1.535953	292.680359	2562.421220	4.000000
-68.130000	-22.460000	-153.651001	18.930099	-1.500299	292.667700	2565.013845	2.000000
-68.130000	-22.460000	-153.651001	19.180099	-1.482461	292.654633	2567.606470	3.000000
-68.130000	-22.460000	-153.651001	19.430099	-1.623014	292.641194	2570.171642	3.000000
-68.130000	-22.460000	-153.651001	19.680099	-4.529108	292.627346	2572.703848	3.000000
-68.130000	-22.460000	-153.651001	19.930099	-7.081698	292.613127	2574.669879	2.000000
-68.130000	-22.460000	-153.651001	20.180099	-6.581392	292.598499	2576.667723	2.000000
-68.130000	-22.460000	-153.651001	20.430099	-6.072809	292.583499	2578.764404	3.000000
-68.130000	-22.460000	-153.401001	17.930099	-1.684904	292.788669	2548.301368	3.000000
-68.130000	-22.460000	-153.401001	18.180099	-1.287116	292.778018	2550.885681	3.000000
-68.130000	-22.460000	-153.401001	18.430099	-1.186397	292.767065	2553.478306	3.000000
-68.130000	-22.460000	-153.401001	18.680099	-1.010869	292.755632	2556.070931	3.000000
-68.130000	-22.460000	-153.401001	18.930099	-0.802522	292.743896	2558.696986	2.000000
-68.130000	-22.460000	-153.401001	19.180099	-0.805257	292.731682	2561.331656	2.000000
-68.130000	-22.460000	-153.401001	19.430099	-3.392924	292.719164	2563.943761	2.000000
-68.130000	-22.460000	-153.401001	19.680099	-5.929820	292.706167	2566.040441	2.000000
-68.130000	-22.460000	-153.401001	19.930099	-5.782187	292.692867	2568.137122	2.000000
-68.130000	-22.460000	-153.151001	18.180099	-0.790793	292.851907	2544.756935	1.000000
-68.130000	-22.460000	-153.151001	18.430099	-0.431945	292.841806	2547.391605	3.000000
-68.130000	-22.460000	-153.151001	18.680099	-0.380824	292.831295	2550.026275	3.000000
-68.130000	-22.460000	-153.151001	18.930099	-0.385556	292.820411	2552.660944	2.000000
-68.130000	-22.460000	-153.151001	19.180099	-2.466536	292.809116	2555.295614	2.000000
-68.130000	-22.460000	-153.151001	19.430099	-5.264333	292.797448	2557.509840	1.000000
-68.130000	-22.460000	-153.151001	19.680099	-5.727063	292.785371	2559.606521	2.000000
-68.130000	-22.460000	-152.901001	18.180099	-1.440086	292.926083	2538.720893	2.000000
-68.130000	-22.460000	-152.901001	18.430099	-0.422354	292.916902	2541.355563	2.000000
-68.130000	-22.460000	-152.901001	18.680099	-0.442342	292.907242	2543.990233	3.000000
-68.130000	-22.460000	-152.901001	18.930099	-1.769350	292.897276	2546.624902	2.000000
-68.130000	-22.460000	-152.901001	19.180099	-4.638745	292.886831	2548.979239	1.000000
-68.130000	-22.460000	-152.651001	18.430099	-0.795657	292.992324	2535.319521	2.000000
-68.130000	-22.460000	-152.651001	18.680099	-1.059347	292.983582	2537.954191	2.000000
