-155.772995	19.079000	2618.972000	-68.130000	-22.460000
-155.996994	20.771000	2640.977000	-68.130000	-22.460000
-159.401001	21.971001	2733.977000	-68.130000	-22.460000
-156.658005	20.891001	2658.980000	-68.130000	-22.460000
-156.755997	21.136000	2661.990000	-68.130000	-22.460000
-154.617798	20.088900	2600.536000	-68.130000	-22.460000
-155.679398	21.205500	2635.756000	-68.130000	-22.460000
-154.482803	21.001900	2606.956000	-68.130000	-22.460000
-153.982697	21.519699	2596.439000	-68.130000	-22.460000
-153.902405	19.979099	2582.080000	-68.130000	-22.460000
-153.503204	19.495199	2567.120000	-68.130000	-22.460000
-153.992294	18.797600	2572.309000	-68.130000	-22.460000
-152.132401	18.481400	2523.339000	-68.130000	-22.460000
-153.290604	17.906200	2545.241000	-68.130000	-22.460000
-153.700806	17.297501	2549.446000	-68.130000	-22.460000
-154.691299	17.180099	2569.955000	-68.130000	-22.460000
-154.030502	17.988400	2564.949000	-68.130000	-22.460000
-154.797394	18.803101	2591.025000	-68.130000	-22.460000
-155.714996	18.000299	2605.396000	-68.130000	-22.460000
-156.808197	18.404200	2636.056000	-68.130000	-22.460000
-156.167007	18.301001	2618.293000	-68.130000	-22.460000
-157.227295	18.984800	2652.980000	-68.130000	-22.460000
-156.510101	19.477699	2643.746000	-68.130000	-22.460000
-156.932007	19.832701	2655.620000	-68.130000	-22.460000
-157.627594	20.346100	2677.944000	-68.130000	-22.460000
