-155.772995	19.079000	1558.830000	-2.392914
-155.996994	20.771000	1572.845000	-0.468387
-155.710999	20.046000	1570.840000	-2.143088
-159.401001	21.971001	1507.844000	NaN
-156.658005	20.891001	1557.848000	0.073300
-156.755997	21.136000	1557.857000	2.716309
-154.617798	20.088900	1596.366000	-3.076917
-155.679398	21.205500	1585.528000	-0.239951
-154.482803	21.001900	1613.822000	-7.825345
-153.292099	20.892599	1636.676000	-4.957258
-153.902405	19.979099	1613.828000	-4.625633
-153.503204	19.495199	1615.919000	-3.676512
-153.992294	18.797600	1597.823000	-2.738822
-153.295898	18.800900	1612.618000	-3.084825
-152.132401	18.481400	1638.830000	-1.069012
-153.290604	17.906200	1605.125000	-1.358289
-153.700806	17.297501	1588.838000	-1.985754
-154.691299	17.180099	1563.822000	-2.058632
-154.030502	17.988400	1587.833000	-3.308721
-154.495895	18.401699	1580.817000	-2.715139
-154.797394	18.803101	1578.426000	-3.133395
-155.714996	18.000299	1550.371000	0.395572
-156.808197	18.404200	1526.819000	-2.668946
-156.167007	18.301001	1538.259000	-5.199300
-157.227295	18.984800	1521.827000	-0.900078
-156.510101	19.477699	1549.822000	-1.741954
-157.627594	20.346100	1527.883000	0.989713
