152.360000	-6.730000	-158.651001	21.430099	-1.940231	65.141676	1518.172205	1.000000
152.360000	-6.730000	-158.401001	21.180099	-2.217725	65.453563	1520.731903	0.000000
152.360000	-6.730000	-158.401001	21.430099	-3.011524	65.299345	1523.899212	0.000000
152.360000	-6.730000	-158.151001	20.680099	-1.741577	65.918036	1520.420061	1.000000
152.360000	-6.730000	-158.151001	20.930099	-2.491747	65.763247	1523.291600	1.000000
152.360000	-6.730000	-158.151001	21.180099	-2.888978	65.609309	1526.458910	1.000000
152.360000	-6.730000	-158.151001	21.430099	-4.644685	65.456086	1529.626219	0.000000
152.360000	-6.730000	-157.901001	20.430099	-2.001626	66.225189	1523.022292	1.000000
152.360000	-6.730000	-157.901001	20.680099	-2.762269	66.070709	1525.851298	1.000000
152.360000	-6.730000	-157.901001	20.930099	-3.235908	65.917014	1529.018607	1.000000
152.360000	-6.730000	-157.901001	21.180099	-3.043750	65.764080	1532.185917	1.000000
152.360000	-6.730000	-157.901001	21.430099	-5.464679	65.611932	1535.353226	0.000000
152.360000	-6.730000	-157.651001	19.930099	-0.277240	66.685034	1522.965140	1.000000
152.360000	-6.730000	-157.651001	20.180099	0.489479	66.530136	1525.624524	1.000000
152.360000	-6.730000	-157.651001	20.430099	-2.259129	66.375930	1528.410995	1.000000
152.360000	-6.730000	-157.651001	20.680099	-3.580200	66.222554	1531.578305	2.000000
152.360000	-6.730000	-157.651001	20.930099	-3.388766	66.069873	1534.745614	2.000000
152.360000	-6.730000	-157.651001	21.180099	-3.418540	65.918023	1537.912924	1.000000
152.360000	-6.730000	-157.401001	19.680099	-1.297346	66.987331	1525.840499	2.000000
152.360000	-6.730000	-157.401001	19.930099	-1.167408	66.832741	1529.152827	2.000000
152.360000	-6.730000	-157.401001	20.180099	2.622783	66.678884	1532.416437	2.000000
152.360000	-6.730000	-157.401001	20.430099	3.570703	66.525793	1534.520947	2.000000
152.360000	-6.730000	-157.401001	20.680099	-1.817383	66.373440	1537.305312	2.000000
152.360000	-6.730000	-157.401001	20.930099	-3.540748	66.221855	1540.472621	3.000000
152.360000	-6.730000	-157.401001	21.180099	-5.056251	66.071009	1543.639931	2.000000
152.360000	-6.730000	-157.151001	19.430099	-0.475713	67.287314	1530.010258	2.000000
152.360000	-6.730000	-157.151001	19.680099	0.238483	67.133101	1533.322585	3.000000
152.360000	-6.730000	-157.151001	19.930099	2.614617	66.979560	1536.634913	3.000000
152.360000	-6.730000	-157.151001	20.180099	5.548611	66.826827	1538.959931	3.000000
152.360000	-6.730000	-157.151001	20.430099	6.129894	66.674769	1541.064441	2.000000
152.360000	-6.730000	-157.151001	20.680099	2.309002	66.523520	1543.281709	2.000000
152.360000	-6.730000	-157.151001	20.930099	-2.391562	66.372948	1546.199628	3.000000
152.360000	-6.730000	-157.151001	21.180099	-6.651726	66.223187	1549.366938	2.000000
152.360000	-6.730000	-156.901001	18.930099	-0.279973	67.739554	1530.913175	3.000000
152.360000	-6.730000	-156.901001	19.180099	-0.091594	67.584943	1534.184737	3.000000
152.360000	-6.730000	-156.901001	19.430099	-0.076533	67.431080	1537.492343	2.000000
152.360000	-6.730000	-156.901001	19.680099	1.757699	67.277926	1540.804671	3.000000
152.360000	-6.730000	-156.901001	19.930099	4.511210	67.125520	1543.398915	4.000000
152.360000	-6.730000	-156.901001	20.180099	6.228393	66.973827	1545.503425	3.000000
152.360000	-6.730000	-156.901001	20.430099	6.404911	66.822884	1547.607936	2.000000
152.360000	-6.730000	-156.901001	20.680099	5.318017	66.672658	1549.712446	2.000000
152.360000	-6.730000	-156.901001	20.930099	1.091549	66.523183	1552.116345	3.000000
152.360000	-6.730000	-156.901001	21.180099	-6.694259	66.374428	1555.093945	1.000000
152.360000	-6.730000	-156.651001	18.680099	-10.308974	68.034457	1534.373239	4.000000
152.360000	-6.730000	-156.651001	18.930099	-6.874204	67.880226	1538.315455	4.000000
152.360000	-6.730000	-156.651001	19.180099	-3.240578	67.726778	1541.694839	3.000000
152.360000	-6.730000	-156.651001	19.430099	-0.359425	67.573981	1544.974429	3.000000
152.360000	-6.730000	-156.651001	19.680099	3.020594	67.421969	1547.837898	3.000000
152.360000	-6.730000	-156.651001	19.930099	5.519211	67.270613	1549.942409	3.000000
152.360000	-6.730000	-156.651001	20.180099	5.629211	67.120043	1552.046919	3.000000
152.360000	-6.730000	-156.651001	20.430099	5.738547	66.970132	1554.151430	4.000000
152.360000	-6.730000	-156.651001	20.680099	5.680509	66.821010	1556.255941	3.000000
152.360000	-6.730000	-156.651001	20.930099	2.824494	66.672549	1558.403521	4.000000
152.360000	-6.730000	-156.651001	21.180099	-4.633430	66.524879	1561.222438	3.000000
152.360000	-6.730000	-156.401001	18.430099	-4.582414	68.326905	1535.525975	4.000000
152.360000	-6.730000	-156.401001	18.680099	-14.265517	68.173117	1539.468191	4.000000
152.360000	-6.730000	-156.401001	18.930099	-14.020739	68.020058	1543.410407	4.000000
152.360000	-6.730000	-156.401001	19.180099	-12.237726	67.867684	1547.362439	3.000000
152.360000	-6.730000	-156.401001	19.430099	-7.514001	67.716041	1551.283628	4.000000
152.360000	-6.730000	-156.401001	19.680099	-0.591784	67.565086	1553.972371	3.000000
152.360000	-6.730000	-156.401001	19.930099	3.171013	67.414864	1556.173688	3.000000
152.360000	-6.730000	-156.401001	20.180099	4.663824	67.265335	1558.225986	4.000000
152.360000	-6.730000	-156.401001	20.430099	5.345894	67.116538	1560.278283	4.000000
152.360000	-6.730000	-156.401001	20.680099	4.895018	66.968440	1562.330581	3.000000
152.360000	-6.730000	-156.401001	20.930099	2.322186	66.821075	1564.521407	4.000000
152.360000	-6.730000	-156.401001	21.180099	-2.977273	66.674411	1567.359648	3.000000
152.360000	-6.730000	-156.151001	18.430099	5.135825	68.463632	1540.644513	3.000000
152.360000	-6.730000	-156.151001	18.680099	-12.054818	68.311023	1544.618776	4.000000
152.360000	-6.730000	-156.151001	18.930099	-14.056655	68.159047	1548.593038	3.000000
152.360000	-6.730000	-156.151001	19.180099	-11.783514	68.007833	1552.567301	4.000000
152.360000	-6.730000	-156.151001	19.430099	-10.025749	67.857255	1555.859603	3.000000
152.360000	-6.730000	-156.151001	19.680099	-6.570325	67.707442	1558.671193	3.000000
152.360000	-6.730000	-156.151001	19.930099	-3.842467	67.558268	1561.288866	3.000000
152.360000	-6.730000	-156.151001	20.180099	-1.886149	67.409862	1563.854388	4.000000
152.360000	-6.730000	-156.151001	20.430099	1.485613	67.262097	1566.322854	3.000000
152.360000	-6.730000	-156.151001	20.680099	3.424178	67.115102	1568.375152	3.000000
152.360000	-6.730000	-156.151001	20.930099	2.028337	66.968752	1570.732285	4.000000
152.360000	-6.730000	-155.901001	18.180099	2.121068	68.751718	1545.926526	3.000000
152.360000	-6.730000	-155.901001	18.430099	4.541997	68.599539	1548.333258	3.000000
152.360000	-6.730000	-155.901001	18.680099	0.371892	68.448020	1550.739990	4.000000
152.360000	-6.730000	-155.901001	18.930099	-7.497961	68.297214	1553.797900	4.000000
152.360000	-6.730000	-155.901001	19.180099	-9.805720	68.147073	1557.623987	4.000000
152.360000	-6.730000	-155.901001	19.430099	-6.885174	67.997646	1560.435577	3.000000
152.360000	-6.730000	-155.901001	19.680099	-6.804506	67.848890	1563.247168	3.000000
152.360000	-6.730000	-155.901001	19.930099	-5.247989	67.700849	1566.039837	4.000000
152.360000	-6.730000	-155.901001	20.180099	-3.329217	67.553482	1568.605360	3.000000
152.360000	-6.730000	-155.901001	20.430099	-3.104976	67.406832	1571.170883	3.000000
152.360000	-6.730000	-155.901001	20.680099	-2.611278	67.260860	1574.005546	3.000000
152.360000	-6.730000	-155.901001	20.930099	-0.835974	67.115606	1576.981638	4.000000
152.360000	-6.730000	-155.651001	18.180099	1.617929	68.885706	1553.449277	2.000000
152.360000	-6.730000	-155.651001	18.430099	3.029101	68.734624	1555.714170	3.000000
152.360000	-6.730000	-155.651001	18.680099	3.017565	68.584283	1557.979063	3.000000
152.360000	-6.730000	-155.651001	18.930099	1.185267	68.434557	1560.243955	3.000000
152.360000	-6.730000	-155.651001	19.180099	-2.671261	68.285575	1562.734446	3.000000
152.360000	-6.730000	-155.651001	19.430099	-3.756090	68.137212	1565.470788	2.000000
152.360000	-6.730000	-155.651001	19.680099	-3.733271	67.989596	1568.208391	2.000000
152.360000	-6.730000	-155.651001	19.930099	-4.255136	67.842602	1570.945994	3.000000
152.360000	-6.730000	-155.651001	20.180099	-4.512857	67.696357	1573.827676	3.000000
152.360000	-6.730000	-155.651001	20.430099	-3.912886	67.550738	1576.838685	2.000000
152.360000	-6.730000	-155.651001	20.680099	-3.382398	67.405870	1579.849694	2.000000
152.360000	-6.730000	-155.651001	20.930099	-3.078481	67.261631	1582.860703	2.000000
152.360000	-6.730000	-155.401001	17.930099	-6.092508	69.169394	1556.395549	2.000000
152.360000	-6.730000	-155.401001	18.180099	-2.399349	69.018803	1558.997036	3.000000
152.360000	-6.730000	-155.401001	18.430099	-0.260237	68.868908	1561.376199	4.000000
152.360000	-6.730000	-155.401001	18.680099	0.526535	68.719654	1563.641092	4.000000
152.360000	-6.730000	-155.401001	18.930099	-0.640755	68.571096	1565.905985	3.000000
152.360000	-6.730000	-155.401001	19.180099	-1.817947	68.423185	1568.514099	3.000000
152.360000	-6.730000	-155.401001	19.430099	-2.249218	68.275973	1571.200802	4.000000
152.360000	-6.730000	-155.401001	19.680099	-2.350393	68.129411	1573.938405	3.000000
152.360000	-6.730000	-155.401001	19.930099	-2.690280	67.983549	1576.676008	3.000000
152.360000	-6.730000	-155.401001	20.180099	-3.602866	67.838344	1579.546960	3.000000
152.360000	-6.730000	-155.401001	20.430099	-3.953295	67.693839	1582.557969	3.000000
152.360000	-6.730000	-155.401001	20.680099	-3.789357	67.549993	1585.568978	4.000000
152.360000	-6.730000	-155.401001	20.930099	-1.861242	67.406850	1588.635655	3.000000
152.360000	-6.730000	-155.151001	17.930099	-4.129582	69.300588	1561.777361	3.000000
152.360000	-6.730000	-155.151001	18.180099	-3.708603	69.151190	1564.394521	3.000000
152.360000	-6.730000	-155.151001	18.430099	-1.977459	69.002389	1566.961615	4.000000
152.360000	-6.730000	-155.151001	18.680099	-0.182576	68.854310	1569.303122	4.000000
152.360000	-6.730000	-155.151001	18.930099	-1.048301	68.706831	1571.612932	2.000000
152.360000	-6.730000	-155.151001	19.180099	-2.217837	68.560076	1574.293753	2.000000
152.360000	-6.730000	-155.151001	19.430099	-2.101318	68.413926	1576.974574	4.000000
152.360000	-6.730000	-155.151001	19.680099	-2.249981	68.268504	1579.668418	4.000000
152.360000	-6.730000	-155.151001	19.930099	-2.788786	68.123688	1582.406021	2.000000
152.360000	-6.730000	-155.151001	20.180099	-3.703200	67.979604	1585.266245	3.000000
152.360000	-6.730000	-155.151001	20.430099	-4.185667	67.836129	1588.277254	4.000000
152.360000	-6.730000	-155.151001	20.680099	-5.301647	67.693387	1591.385323	4.000000
152.360000	-6.730000	-155.151001	20.930099	0.054948	67.551258	1595.195273	4.000000
152.360000	-6.730000	-154.901001	17.680099	-4.439521	69.579915	1564.542013	3.000000
152.360000	-6.730000	-154.901001	17.930099	-4.259994	69.431000	1567.159173	3.000000
152.360000	-6.730000	-154.901001	18.180099	-3.942205	69.282704	1569.776333	3.000000
152.360000	-6.730000	-154.901001	18.430099	-3.481428	69.135086	1572.360310	3.000000
152.360000	-6.730000	-154.901001	18.680099	-2.116501	68.988092	1574.926194	3.000000
152.360000	-6.730000	-154.901001	18.930099	-1.446442	68.841779	1577.392585	2.000000
152.360000	-6.730000	-154.901001	19.180099	-2.176440	68.696094	1580.073407	3.000000
152.360000	-6.730000	-154.901001	19.430099	-2.065181	68.551092	1582.754228	4.000000
152.360000	-6.730000	-154.901001	19.680099	-2.056896	68.406724	1585.435049	3.000000
152.360000	-6.730000	-154.901001	19.930099	-2.688626	68.263039	1588.136035	2.000000
152.360000	-6.730000	-154.901001	20.180099	-3.976474	68.119992	1590.985530	3.000000
152.360000	-6.730000	-154.901001	20.430099	-5.686306	67.977631	1594.134991	3.000000
152.360000	-6.730000	-154.901001	20.680099	-6.355341	67.835911	1597.944941	4.000000
152.360000	-6.730000	-154.651001	17.680099	-3.542207	69.708440	1569.923825	3.000000
152.360000	-6.730000	-154.651001	17.930099	-3.555983	69.560633	1572.540985	3.000000
152.360000	-6.730000	-154.651001	18.180099	-3.502735	69.413526	1575.158144	3.000000
152.360000	-6.730000	-154.651001	18.430099	-3.574243	69.267000	1577.759005	3.000000
152.360000	-6.730000	-154.651001	18.680099	-3.528238	69.121178	1580.464288	3.000000
152.360000	-6.730000	-154.651001	18.930099	-2.442457	68.975942	1583.306852	2.000000
152.360000	-6.730000	-154.651001	19.180099	-1.569016	68.831412	1585.951137	3.000000
152.360000	-6.730000	-154.651001	19.430099	-1.456579	68.687470	1588.595422	3.000000
152.360000	-6.730000	-154.651001	19.680099	-1.323894	68.544239	1591.239707	2.000000
152.360000	-6.730000	-154.651001	19.930099	-2.133061	68.401599	1593.895524	1.000000
152.360000	-6.730000	-154.651001	20.180099	-5.194613	68.259673	1596.884659	2.000000
152.360000	-6.730000	-154.651001	20.430099	-6.525866	68.118341	1600.694609	2.000000
152.360000	-6.730000	-154.651001	20.680099	-6.379492	67.977725	1604.504559	2.000000
152.360000	-6.730000	-154.401001	17.680099	-1.747492	69.836110	1575.829571	4.000000
152.360000	-6.730000	-154.401001	17.930099	-1.767443	69.689501	1578.347112	4.000000
152.360000	-6.730000	-154.401001	18.180099	-2.091807	69.543492	1580.864652	3.000000
152.360000	-6.730000	-154.401001	18.430099	-3.453682	69.398147	1583.505609	4.000000
152.360000	-6.730000	-154.401001	18.680099	-3.854884	69.253408	1586.508297	4.000000
152.360000	-6.730000	-154.401001	18.930099	-2.345045	69.109335	1589.348085	2.000000
152.360000	-6.730000	-154.401001	19.180099	-1.337108	68.965873	1591.992369	4.000000
152.360000	-6.730000	-154.401001	19.430099	-0.906944	68.823078	1594.636654	4.000000
152.360000	-6.730000	-154.401001	19.680099	-1.242980	68.680899	1597.318815	4.000000
152.360000	-6.730000	-154.401001	19.930099	-3.018513	68.539389	1600.207411	3.000000
152.360000	-6.730000	-154.401001	20.180099	-5.030412	68.398499	1603.545575	3.000000
152.360000	-6.730000	-154.401001	20.430099	-6.410928	68.258280	1607.337108	3.000000
152.360000	-6.730000	-154.401001	20.680099	-7.136244	68.118685	1611.128640	3.000000
152.360000	-6.730000	-154.151001	17.680099	-1.643239	69.963111	1581.840593	4.000000
152.360000	-6.730000	-154.151001	17.930099	-1.813657	69.817607	1584.351708	4.000000
152.360000	-6.730000	-154.151001	18.180099	-3.023531	69.672785	1586.962013	3.000000
152.360000	-6.730000	-154.151001	18.430099	-3.227004	69.528529	1589.753393	4.000000
152.360000	-6.730000	-154.151001	18.680099	-3.519494	69.384960	1592.552305	4.000000
152.360000	-6.730000	-154.151001	18.930099	-3.024827	69.241961	1595.389317	3.000000
152.360000	-6.730000	-154.151001	19.180099	-2.410344	69.099651	1598.087215	3.000000
152.360000	-6.730000	-154.151001	19.430099	-2.323935	68.957915	1600.975811	4.000000
152.360000	-6.730000	-154.151001	19.680099	-1.621392	68.816872	1603.864407	3.000000
152.360000	-6.730000	-154.151001	19.930099	-3.296113	68.676406	1606.753003	3.000000
152.360000	-6.730000	-154.151001	20.180099	-6.775949	68.536635	1610.229753	3.000000
152.360000	-6.730000	-154.151001	20.430099	-6.315797	68.397444	1613.973734	4.000000
152.360000	-6.730000	-154.151001	20.680099	-4.751597	68.258952	1616.844727	4.000000
152.360000	-6.730000	-153.901001	17.680099	-1.754287	70.089276	1587.857403	4.000000
152.360000	-6.730000	-153.901001	17.930099	-0.860943	69.944966	1590.409827	2.000000
152.360000	-6.730000	-153.901001	18.180099	-2.552051	69.801239	1592.752112	4.000000
152.360000	-6.730000	-153.901001	18.430099	-5.457024	69.658161	1595.588346	4.000000
152.360000	-6.730000	-153.901001	18.680099	-5.078233	69.515673	1598.424579	4.000000
152.360000	-6.730000	-153.901001	18.930099	-5.655254	69.373835	1601.228297	3.000000
152.360000	-6.730000	-153.901001	19.180099	-6.127757	69.232591	1604.237721	4.000000
152.360000	-6.730000	-153.901001	19.430099	-5.908287	69.091999	1607.247145	4.000000
152.360000	-6.730000	-153.901001	19.680099	-5.488427	68.952007	1610.256570	3.000000
152.360000	-6.730000	-153.901001	19.930099	-4.726387	68.812668	1613.265994	2.000000
152.360000	-6.730000	-153.901001	20.180099	-5.038563	68.673933	1616.164706	4.000000
152.360000	-6.730000	-153.901001	20.430099	-6.526228	68.535854	1619.035699	3.000000
152.360000	-6.730000	-153.901001	20.680099	-6.349924	68.398382	1621.906693	3.000000
152.360000	-6.730000	-153.651001	17.680099	-1.985475	70.214789	1593.976754	3.000000
152.360000	-6.730000	-153.651001	17.930099	-0.218940	70.071581	1596.536953	4.000000
152.360000	-6.730000	-153.651001	18.180099	1.101909	69.929037	1598.694437	4.000000
152.360000	-6.730000	-153.651001	18.430099	-2.645849	69.787047	1600.886180	4.000000
152.360000	-6.730000	-153.651001	18.680099	-6.369580	69.645724	1603.722413	4.000000
152.360000	-6.730000	-153.651001	18.930099	-5.957212	69.504959	1606.524258	3.000000
152.360000	-6.730000	-153.651001	19.180099	-6.666089	69.364865	1609.294804	4.000000
152.360000	-6.730000	-153.651001	19.430099	-7.226484	69.225331	1612.204574	4.000000
152.360000	-6.730000	-153.651001	19.680099	-7.846191	69.086472	1615.213127	3.000000
152.360000	-6.730000	-153.651001	19.930099	-8.085991	68.948176	1618.184653	2.000000
152.360000	-6.730000	-153.651001	20.180099	-8.078634	68.810559	1621.156179	3.000000
152.360000	-6.730000	-153.651001	20.430099	-7.241643	68.673507	1624.097665	4.000000
152.360000	-6.730000	-153.651001	20.680099	-5.233465	68.537137	1626.968658	3.000000
152.360000	-6.730000	-153.401001	17.930099	-0.387770	70.197465	1602.644045	4.000000
152.360000	-6.730000	-153.401001	18.180099	1.644326	70.056014	1604.773735	4.000000
152.360000	-6.730000	-153.401001	18.430099	1.724017	69.915198	1606.903425	4.000000
152.360000	-6.730000	-153.401001	18.680099	-1.885930	69.774954	1609.033115	4.000000
152.360000	-6.730000	-153.401001	18.930099	-4.415493	69.635347	1611.822403	3.000000
152.360000	-6.730000	-153.401001	19.180099	-4.802238	69.496317	1614.631682	3.000000
152.360000	-6.730000	-153.401001	19.430099	-4.604532	69.357925	1617.743465	3.000000
152.360000	-6.730000	-153.401001	19.680099	-3.579381	69.220115	1620.515977	3.000000
152.360000	-6.730000	-153.401001	19.930099	-3.811078	69.082946	1623.288490	3.000000
152.360000	-6.730000	-153.401001	20.180099	-4.810806	68.946363	1626.067668	2.000000
152.360000	-6.730000	-153.401001	20.430099	-5.737502	68.810422	1629.039193	2.000000
152.360000	-6.730000	-153.151001	18.180099	1.302475	70.182352	1610.930935	2.000000
152.360000	-6.730000	-153.151001	18.430099	1.867334	70.042620	1613.061441	3.000000
152.360000	-6.730000	-153.151001	18.680099	-0.595038	69.903540	1615.191947	3.000000
152.360000	-6.730000	-153.151001	18.930099	-3.656527	69.765003	1617.995790	2.000000
152.360000	-6.730000	-153.151001	19.180099	-3.429501	69.627121	1621.122425	2.000000
152.360000	-6.730000	-153.151001	19.430099	-2.545159	69.489784	1623.972311	2.000000
152.360000	-6.730000	-153.151001	19.680099	-2.092089	69.353107	1626.744823	2.000000
152.360000	-6.730000	-153.151001	19.930099	-1.923883	69.216978	1629.517336	2.000000
152.360000	-6.730000	-152.901001	18.180099	0.040151	70.307885	1617.148137	3.000000
152.360000	-6.730000	-152.901001	18.430099	1.821164	70.169325	1619.278644	3.000000
152.360000	-6.730000	-152.901001	18.680099	-1.323963	70.031321	1621.409150	3.000000
152.360000	-6.730000	-152.901001	18.930099	-3.727873	69.893939	1624.486533	3.000000
152.360000	-6.730000	-152.901001	19.180099	-3.053095	69.757118	1627.428644	2.000000
152.360000	-6.730000	-152.901001	19.430099	-2.391579	69.620922	1630.201157	2.000000
152.360000	-6.730000	-152.651001	18.430099	0.434010	70.295317	1625.495846	3.000000
152.360000	-6.730000	-152.651001	18.680099	-1.701135	70.158474	1627.850640	3.000000
152.360000	-6.730000	-152.651001	18.930099	-3.530877	70.022160	1630.884977	3.000000
