-156.167007	18.301001	2052.277000	-135.910000	-54.570000
-155.772995	19.079000	2073.793000	-135.910000	-54.570000
-155.996994	20.771000	2121.817000	-135.910000	-54.570000
-155.710999	20.046000	2099.812000	-135.910000	-54.570000
-159.401001	21.971001	2167.817000	-135.910000	-54.570000
-156.658005	20.891001	2128.823000	-135.910000	-54.570000
-156.755997	21.136000	2135.828000	-135.910000	-54.570000
-154.617798	20.088900	2096.798000	-135.910000	-54.570000
-155.679398	21.205500	2129.806000	-135.910000	-54.570000
-154.482803	21.001900	2121.795000	-135.910000	-54.570000
-153.902405	19.979099	2086.802000	-135.910000	-54.570000
-153.503204	19.495199	2073.808000	-135.910000	-54.570000
-153.992294	18.797600	2056.795000	-135.910000	-54.570000
-153.295898	18.800900	2053.814000	-135.910000	-54.570000
-154.691299	17.180099	2017.812000	-135.910000	-54.570000
-154.797394	18.803101	2061.810000	-135.910000	-54.570000
-155.714996	18.000299	2043.793000	-135.910000	-54.570000
-156.808197	18.404200	2058.797000	-135.910000	-54.570000
-156.167007	18.301001	2051.803000	-135.910000	-54.570000
-157.227295	18.984800	2078.795000	-135.910000	-54.570000
-156.510101	19.477699	2088.795000	-135.910000	-54.570000
-157.627594	20.346100	2116.813000	-135.910000	-54.570000
