-135.910000	-54.570000	-158.651001	21.430099	5.408211	346.778633	2150.306405	1.000000
-135.910000	-54.570000	-158.401001	21.180099	5.181433	346.904581	2142.535322	0.000000
-135.910000	-54.570000	-158.401001	21.430099	5.589692	346.916315	2149.473043	0.000000
-135.910000	-54.570000	-158.151001	20.680099	3.594695	347.018485	2127.986606	1.000000
-135.910000	-54.570000	-158.151001	20.930099	4.954360	347.030683	2134.764239	1.000000
-135.910000	-54.570000	-158.151001	21.180099	5.616845	347.042599	2141.701960	1.000000
-135.910000	-54.570000	-158.151001	21.430099	4.964419	347.054277	2148.639681	0.000000
-135.910000	-54.570000	-157.901001	20.430099	3.365866	347.144507	2120.238545	1.000000
-135.910000	-54.570000	-157.901001	20.680099	4.727045	347.156880	2126.993156	1.000000
-135.910000	-54.570000	-157.901001	20.930099	5.502638	347.168991	2133.930877	1.000000
-135.910000	-54.570000	-157.901001	21.180099	5.478597	347.180846	2140.868598	1.000000
-135.910000	-54.570000	-157.651001	19.930099	2.900277	347.257890	2105.827682	1.000000
-135.910000	-54.570000	-157.651001	20.180099	2.972416	347.270690	2112.490484	1.000000
-135.910000	-54.570000	-157.651001	20.430099	4.580641	347.283251	2119.222073	1.000000
-135.910000	-54.570000	-157.651001	20.680099	5.388105	347.295533	2126.159794	2.000000
-135.910000	-54.570000	-157.651001	20.930099	5.364050	347.307579	2133.097515	2.000000
-135.910000	-54.570000	-157.651001	21.180099	5.275103	347.319348	2140.035236	1.000000
-135.910000	-54.570000	-157.401001	19.680099	2.766415	347.384030	2098.078801	2.000000
-135.910000	-54.570000	-157.401001	19.930099	2.738454	347.397011	2104.739643	2.000000
-135.910000	-54.570000	-157.401001	20.180099	4.121395	347.409736	2111.413896	2.000000
-135.910000	-54.570000	-157.401001	20.430099	5.371964	347.422202	2118.407247	2.000000
-135.910000	-54.570000	-157.401001	20.680099	5.393396	347.434414	2125.326432	2.000000
-135.910000	-54.570000	-157.401001	20.930099	5.225259	347.446370	2132.264153	3.000000
-135.910000	-54.570000	-157.401001	21.180099	4.659928	347.458075	2139.201874	2.000000
-135.910000	-54.570000	-157.151001	19.430099	2.633369	347.510374	2090.326035	2.000000
-135.910000	-54.570000	-157.151001	19.680099	2.600189	347.523512	2096.986876	3.000000
-135.910000	-54.570000	-157.151001	19.930099	3.629378	347.536415	2103.647718	3.000000
-135.910000	-54.570000	-157.151001	20.180099	5.182806	347.549040	2110.580364	3.000000
-135.910000	-54.570000	-157.151001	20.430099	5.170199	347.561432	2117.573715	2.000000
-135.910000	-54.570000	-157.151001	20.680099	5.421695	347.573550	2124.528445	2.000000
-135.910000	-54.570000	-157.151001	20.930099	5.185018	347.585437	2131.430791	3.000000
-135.910000	-54.570000	-157.151001	21.180099	3.979454	347.597052	2138.368512	2.000000
-135.910000	-54.570000	-156.901001	18.930099	-0.603482	347.623296	2075.045879	3.000000
-135.910000	-54.570000	-156.901001	19.180099	0.530456	347.636864	2082.483336	3.000000
-135.910000	-54.570000	-156.901001	19.430099	2.553364	347.650172	2089.234110	2.000000
-135.910000	-54.570000	-156.901001	19.680099	3.143250	347.663227	2095.894951	3.000000
-135.910000	-54.570000	-156.901001	19.930099	4.766225	347.676025	2102.753480	4.000000
-135.910000	-54.570000	-156.901001	20.180099	5.074485	347.688572	2109.746831	3.000000
-135.910000	-54.570000	-156.901001	20.430099	5.050622	347.700865	2116.740182	2.000000
-135.910000	-54.570000	-156.901001	20.680099	5.141448	347.712910	2123.733533	2.000000
-135.910000	-54.570000	-156.901001	20.930099	5.104000	347.724703	2130.624338	3.000000
-135.910000	-54.570000	-156.901001	21.180099	-1.142584	347.736249	2137.535150	1.000000
-135.910000	-54.570000	-156.651001	18.680099	0.101027	347.749847	2066.040813	4.000000
-135.910000	-54.570000	-156.651001	18.930099	-0.092071	347.763578	2073.428257	4.000000
-135.910000	-54.570000	-156.651001	19.180099	-0.256606	347.777031	2080.857674	3.000000
-135.910000	-54.570000	-156.651001	19.430099	2.172200	347.790252	2088.142185	3.000000
-135.910000	-54.570000	-156.651001	19.680099	2.969784	347.803198	2094.926596	3.000000
-135.910000	-54.570000	-156.651001	19.930099	3.468490	347.815914	2101.919947	3.000000
-135.910000	-54.570000	-156.651001	20.180099	3.193903	347.828357	2108.913298	3.000000
-135.910000	-54.570000	-156.651001	20.430099	2.918913	347.840573	2115.906650	4.000000
-135.910000	-54.570000	-156.651001	20.680099	2.586851	347.852519	2122.900001	3.000000
-135.910000	-54.570000	-156.651001	20.930099	1.513894	347.864239	2129.808846	4.000000
-135.910000	-54.570000	-156.401001	18.430099	-0.324790	347.876587	2057.207818	4.000000
-135.910000	-54.570000	-156.401001	18.680099	1.274685	347.890457	2064.595262	4.000000
-135.910000	-54.570000	-156.401001	18.930099	1.755335	347.904069	2071.982705	4.000000
-135.910000	-54.570000	-156.401001	19.180099	2.105149	347.917430	2079.407606	3.000000
-135.910000	-54.570000	-156.401001	19.430099	0.981589	347.930538	2086.885696	4.000000
-135.910000	-54.570000	-156.401001	19.680099	0.675547	347.943397	2093.787510	3.000000
-135.910000	-54.570000	-156.401001	19.930099	0.494105	347.956004	2100.737733	3.000000
-135.910000	-54.570000	-156.401001	20.180099	0.426076	347.968366	2107.672772	4.000000
-135.910000	-54.570000	-156.401001	20.430099	0.328450	347.980478	2114.607812	4.000000
-135.910000	-54.570000	-156.401001	20.680099	-0.055924	347.992347	2121.542852	3.000000
-135.910000	-54.570000	-156.401001	20.930099	-2.887345	348.003970	2128.350912	4.000000
-135.910000	-54.570000	-156.151001	18.430099	5.180639	348.017580	2055.852267	3.000000
-135.910000	-54.570000	-156.151001	18.680099	4.220463	348.031326	2063.361999	4.000000
-135.910000	-54.570000	-156.151001	18.930099	3.400532	348.044842	2070.871730	3.000000
-135.910000	-54.570000	-156.151001	19.180099	3.125660	348.058086	2078.381461	4.000000
-135.910000	-54.570000	-156.151001	19.430099	-0.120960	348.071102	2085.484615	3.000000
-135.910000	-54.570000	-156.151001	19.680099	-0.640631	348.083848	2092.301172	3.000000
-135.910000	-54.570000	-156.151001	19.930099	-1.024652	348.096370	2099.252310	3.000000
-135.910000	-54.570000	-156.151001	20.180099	-0.815928	348.108623	2106.239640	4.000000
-135.910000	-54.570000	-156.151001	20.430099	-0.675336	348.120655	2113.217081	3.000000
-135.910000	-54.570000	-156.151001	20.680099	-2.077058	348.132421	2120.152121	3.000000
-135.910000	-54.570000	-156.151001	20.930099	-4.823971	348.143967	2126.665828	4.000000
-135.910000	-54.570000	-155.901001	18.180099	4.533517	348.144888	2048.746570	3.000000
-135.910000	-54.570000	-155.901001	18.430099	9.685945	348.158781	2055.702952	3.000000
-135.910000	-54.570000	-155.901001	18.680099	7.074561	348.172426	2062.659333	4.000000
-135.910000	-54.570000	-155.901001	18.930099	4.672873	348.185819	2069.845585	4.000000
-135.910000	-54.570000	-155.901001	19.180099	2.039536	348.198967	2077.266976	4.000000
-135.910000	-54.570000	-155.901001	19.430099	0.248846	348.211866	2084.083534	3.000000
-135.910000	-54.570000	-155.901001	19.680099	0.107407	348.224522	2090.900091	3.000000
-135.910000	-54.570000	-155.901001	19.930099	-0.471351	348.236931	2097.729781	4.000000
-135.910000	-54.570000	-155.901001	20.180099	-1.841828	348.249099	2104.717111	3.000000
-135.910000	-54.570000	-155.901001	20.430099	-4.155811	348.261024	2111.704440	3.000000
-135.910000	-54.570000	-155.901001	20.680099	-6.655566	348.272709	2118.418667	3.000000
-135.910000	-54.570000	-155.901001	20.930099	-7.914885	348.284153	2124.886757	4.000000
-135.910000	-54.570000	-155.651001	18.180099	5.846333	348.286475	2048.463016	2.000000
-135.910000	-54.570000	-155.651001	18.430099	5.291200	348.300264	2055.355524	3.000000
-135.910000	-54.570000	-155.651001	18.680099	4.991778	348.313781	2062.248033	3.000000
-135.910000	-54.570000	-155.651001	18.930099	3.718903	348.327075	2069.140541	3.000000
-135.910000	-54.570000	-155.651001	19.180099	1.584831	348.340100	2076.067961	3.000000
-135.910000	-54.570000	-155.651001	19.430099	1.988698	348.352904	2082.859711	2.000000
-135.910000	-54.570000	-155.651001	19.680099	1.834499	348.365443	2089.647711	2.000000
-135.910000	-54.570000	-155.651001	19.930099	1.511929	348.377763	2096.435711	3.000000
-135.910000	-54.570000	-155.651001	20.180099	-0.276174	348.389819	2103.068115	3.000000
-135.910000	-54.570000	-155.651001	20.430099	-2.639209	348.401659	2109.560856	2.000000
-135.910000	-54.570000	-155.651001	20.680099	-3.649994	348.413238	2116.053597	2.000000
-135.910000	-54.570000	-155.651001	20.930099	-3.438086	348.424602	2122.546338	2.000000
-135.910000	-54.570000	-155.401001	17.930099	3.008904	348.414387	2040.695108	1.000000
-135.910000	-54.570000	-155.401001	18.180099	2.650462	348.428293	2047.409254	3.000000
-135.910000	-54.570000	-155.401001	18.430099	1.973272	348.441949	2054.234048	3.000000
-135.910000	-54.570000	-155.401001	18.680099	1.798755	348.455362	2061.126556	3.000000
-135.910000	-54.570000	-155.401001	18.930099	1.837683	348.468529	2068.019064	3.000000
-135.910000	-54.570000	-155.401001	19.180099	1.967667	348.481455	2074.964688	3.000000
-135.910000	-54.570000	-155.401001	19.430099	2.544541	348.494138	2081.904072	4.000000
-135.910000	-54.570000	-155.401001	19.680099	2.989707	348.506582	2088.692072	3.000000
-135.910000	-54.570000	-155.401001	19.930099	2.874376	348.518785	2095.480072	3.000000
-135.910000	-54.570000	-155.401001	20.180099	2.763336	348.530753	2102.124063	3.000000
-135.910000	-54.570000	-155.401001	20.430099	2.637779	348.542481	2108.616804	3.000000
-135.910000	-54.570000	-155.401001	20.680099	2.869506	348.553977	2115.109545	4.000000
-135.910000	-54.570000	-155.401001	20.930099	5.686690	348.565235	2121.631928	3.000000
-135.910000	-54.570000	-155.151001	17.930099	2.849311	348.556595	2039.729678	3.000000
-135.910000	-54.570000	-155.151001	18.180099	2.823493	348.570364	2046.443824	3.000000
-135.910000	-54.570000	-155.151001	18.430099	2.399668	348.583911	2053.157971	3.000000
-135.910000	-54.570000	-155.151001	18.680099	1.728863	348.597193	2060.005079	3.000000
-135.910000	-54.570000	-155.151001	18.930099	1.785790	348.610256	2066.904538	2.000000
-135.910000	-54.570000	-155.151001	19.180099	1.845433	348.623056	2073.861414	2.000000
-135.910000	-54.570000	-155.151001	19.430099	1.866871	348.635640	2080.818289	4.000000
-135.910000	-54.570000	-155.151001	19.680099	2.455381	348.647964	2087.736433	4.000000
-135.910000	-54.570000	-155.151001	19.930099	2.740394	348.660074	2094.524433	2.000000
-135.910000	-54.570000	-155.151001	20.180099	2.629718	348.671925	2101.180011	3.000000
-135.910000	-54.570000	-155.151001	20.430099	2.869102	348.683566	2107.672752	4.000000
-135.910000	-54.570000	-155.151001	20.680099	5.012079	348.694950	2114.217176	4.000000
-135.910000	-54.570000	-154.901001	17.680099	2.035791	348.685110	2032.050102	2.000000
-135.910000	-54.570000	-154.901001	17.930099	1.853233	348.699005	2038.764249	3.000000
-135.910000	-54.570000	-154.901001	18.180099	1.670427	348.712660	2045.478395	2.000000
-135.910000	-54.570000	-154.901001	18.430099	1.487370	348.726071	2052.192541	2.000000
-135.910000	-54.570000	-154.901001	18.680099	0.860765	348.739245	2058.906687	2.000000
-135.910000	-54.570000	-154.901001	18.930099	0.802167	348.752177	2065.801265	2.000000
-135.910000	-54.570000	-154.901001	19.180099	1.059261	348.764874	2072.758140	3.000000
-135.910000	-54.570000	-154.901001	19.430099	1.271654	348.777333	2079.715016	4.000000
-135.910000	-54.570000	-154.901001	19.680099	1.609114	348.789559	2086.671891	3.000000
-135.910000	-54.570000	-154.901001	19.930099	2.289345	348.801548	2093.568794	2.000000
-135.910000	-54.570000	-154.901001	20.180099	2.975807	348.813308	2100.235959	3.000000
-135.910000	-54.570000	-154.901001	20.430099	5.001351	348.824833	2106.802424	3.000000
-135.910000	-54.570000	-154.901001	20.680099	6.776538	348.836131	2113.720591	4.000000
-135.910000	-54.570000	-154.651001	17.680099	-0.005258	348.827913	2030.925220	1.000000
-135.910000	-54.570000	-154.651001	17.930099	-0.716573	348.841690	2037.603662	2.000000
-135.910000	-54.570000	-154.651001	18.180099	-0.900783	348.855205	2044.282103	2.000000
-135.910000	-54.570000	-154.651001	18.430099	-1.085273	348.868503	2050.960545	2.000000
-135.910000	-54.570000	-154.651001	18.680099	-1.117631	348.881541	2057.638986	2.000000
-135.910000	-54.570000	-154.651001	18.930099	-1.037055	348.894366	2064.489023	2.000000
-135.910000	-54.570000	-154.651001	19.180099	-0.694903	348.906933	2071.502616	3.000000
-135.910000	-54.570000	-154.651001	19.430099	-0.489205	348.919290	2078.516209	3.000000
-135.910000	-54.570000	-154.651001	19.680099	-0.603580	348.931391	2085.529803	2.000000
-135.910000	-54.570000	-154.651001	19.930099	-2.257937	348.943284	2092.525493	1.000000
-135.910000	-54.570000	-154.651001	20.180099	-1.522134	348.954923	2099.387672	2.000000
-135.910000	-54.570000	-154.651001	20.430099	1.180590	348.966357	2106.305839	2.000000
-135.910000	-54.570000	-154.651001	20.680099	2.359551	348.977540	2113.224006	2.000000
-135.910000	-54.570000	-154.401001	17.930099	-0.947934	348.984572	2036.092034	3.000000
-135.910000	-54.570000	-154.401001	18.180099	-1.636791	348.997969	2042.770475	2.000000
-135.910000	-54.570000	-154.401001	18.430099	-2.429210	349.011127	2049.448917	2.000000
-135.910000	-54.570000	-154.401001	18.680099	-2.295315	349.024053	2056.127358	2.000000
-135.910000	-54.570000	-154.401001	18.930099	-1.997808	349.036743	2062.979685	2.000000
-135.910000	-54.570000	-154.401001	19.180099	-2.312559	349.049204	2069.993278	4.000000
-135.910000	-54.570000	-154.401001	19.430099	-4.352711	349.061431	2077.006871	4.000000
-135.910000	-54.570000	-154.401001	19.680099	-6.864344	349.073431	2083.946850	4.000000
-135.910000	-54.570000	-154.401001	19.930099	-8.853736	349.085200	2090.485609	3.000000
-135.910000	-54.570000	-154.401001	20.180099	-7.621781	349.096744	2097.352547	3.000000
-135.910000	-54.570000	-154.401001	20.430099	-5.092687	349.108059	2104.550439	3.000000
-135.910000	-54.570000	-154.151001	18.180099	-0.291865	349.140976	2041.436497	2.000000
-135.910000	-54.570000	-154.151001	18.430099	-0.955505	349.154018	2047.937467	2.000000
-135.910000	-54.570000	-154.151001	18.680099	-1.444061	349.166805	2054.615730	2.000000
-135.910000	-54.570000	-154.151001	18.930099	-1.949010	349.179384	2061.470347	3.000000
-135.910000	-54.570000	-154.151001	19.180099	-4.950100	349.191711	2068.379739	3.000000
-135.910000	-54.570000	-154.151001	19.430099	-8.084421	349.203833	2074.918497	4.000000
-135.910000	-54.570000	-154.151001	19.680099	-10.421922	349.215704	2081.457256	3.000000
-135.910000	-54.570000	-154.151001	19.930099	-10.471165	349.227373	2087.996015	3.000000
-135.910000	-54.570000	-153.901001	18.430099	0.581716	349.297096	2046.836509	2.000000
-135.910000	-54.570000	-153.901001	18.680099	-0.088463	349.309768	2053.337479	2.000000
-135.910000	-54.570000	-153.901001	18.930099	-0.928985	349.322208	2060.028966	3.000000
-135.910000	-54.570000	-153.901001	19.180099	-1.412670	349.334425	2066.409034	4.000000
-135.910000	-54.570000	-153.901001	19.430099	-1.234214	349.346413	2072.789102	4.000000
-135.910000	-54.570000	-153.901001	19.680099	-1.334996	349.358180	2079.169171	3.000000
-135.910000	-54.570000	-153.651001	18.680099	0.556750	349.452964	2052.236520	2.000000
-135.910000	-54.570000	-153.651001	18.930099	0.801110	349.465291	2058.930739	3.000000
