167.600000	60.510000	-161.525604	20.329000	-0.392269	159.326096	1252.342515	1.000000
167.600000	60.510000	-161.525604	20.579000	-0.336865	159.239397	1246.067910	1.000000
167.600000	60.510000	-161.525604	20.829000	-1.064059	159.151631	1239.793304	1.000000
167.600000	60.510000	-161.275604	20.329000	-0.265359	159.199186	1254.608886	1.000000
167.600000	60.510000	-161.275604	20.579000	-0.209702	159.112235	1248.334281	1.000000
167.600000	60.510000	-161.275604	20.829000	-0.153427	159.024209	1242.059676	0.000000
167.600000	60.510000	-161.275604	21.079000	-0.096544	158.935116	1235.785071	1.000000
167.600000	60.510000	-161.275604	21.329000	-0.039017	158.844917	1229.510466	1.000000
167.600000	60.510000	-161.275604	21.579000	-1.095668	158.753619	1223.235860	1.000000
167.600000	60.510000	-161.275604	21.829000	-2.228851	158.661184	1216.961255	1.000000
167.600000	60.510000	-161.275604	22.079000	-2.756353	158.567618	1210.585704	1.000000
167.600000	60.510000	-161.025604	20.329000	-0.139278	159.073105	1256.875258	1.000000
167.600000	60.510000	-161.025604	20.579000	-0.083371	158.985903	1250.600653	0.000000
167.600000	60.510000	-161.025604	20.829000	-0.026849	158.897631	1244.326048	0.000000
167.600000	60.510000	-161.025604	21.079000	0.021460	158.808284	1238.051443	1.000000
167.600000	60.510000	-161.025604	21.329000	-0.005314	158.717837	1231.776837	1.000000
167.600000	60.510000	-161.025604	21.579000	-0.046625	158.626284	1225.509739	1.000000
167.600000	60.510000	-161.025604	21.829000	0.063408	158.533598	1219.252264	1.000000
167.600000	60.510000	-161.025604	22.079000	0.267434	158.439776	1212.905133	1.000000
167.600000	60.510000	-161.025604	22.329000	0.540966	158.344786	1206.407858	1.000000
167.600000	60.510000	-161.025604	22.579000	0.243272	158.248626	1199.910584	1.000000
167.600000	60.510000	-161.025604	22.829000	-0.052889	158.151264	1193.413309	1.000000
167.600000	60.510000	-161.025604	23.079000	-0.347497	158.052698	1186.916035	1.000000
167.600000	60.510000	-160.775604	20.079000	1.236983	159.034195	1265.416235	1.000000
167.600000	60.510000	-160.775604	20.329000	-0.013968	158.947795	1259.141630	1.000000
167.600000	60.510000	-160.775604	20.579000	0.042178	158.860355	1252.867025	0.000000
167.600000	60.510000	-160.775604	20.829000	0.037237	158.771838	1246.592420	0.000000
167.600000	60.510000	-160.775604	21.079000	-0.004777	158.682251	1240.319889	0.000000
167.600000	60.510000	-160.775604	21.329000	-0.043299	158.591557	1234.062414	1.000000
167.600000	60.510000	-160.775604	21.579000	-0.025980	158.499763	1227.804939	1.000000
167.600000	60.510000	-160.775604	21.829000	0.134880	158.406829	1221.547465	1.000000
167.600000	60.510000	-160.775604	22.079000	0.357821	158.312762	1215.224561	1.000000
167.600000	60.510000	-160.775604	22.329000	0.679763	158.217523	1208.727287	1.000000
167.600000	60.510000	-160.775604	22.579000	0.741442	158.121117	1202.230013	1.000000
167.600000	60.510000	-160.775604	22.829000	0.803849	158.023505	1195.732738	0.000000
167.600000	60.510000	-160.775604	23.079000	0.866978	157.924691	1189.235464	1.000000
167.600000	60.510000	-160.775604	23.329000	0.837373	157.824635	1182.738189	1.000000
167.600000	60.510000	-160.775604	23.579000	0.494418	157.723341	1176.241032	1.000000
167.600000	60.510000	-160.775604	23.829000	0.149094	157.620767	1169.815446	1.000000
167.600000	60.510000	-160.525604	20.079000	0.885157	158.909944	1267.682607	1.000000
167.600000	60.510000	-160.525604	20.329000	0.075158	158.823313	1261.408002	1.000000
167.600000	60.510000	-160.525604	20.579000	0.037623	158.735637	1255.133397	1.000000
167.600000	60.510000	-160.525604	20.829000	-0.004823	158.646888	1248.872564	0.000000
167.600000	60.510000	-160.525604	21.079000	-0.016724	158.557064	1242.615090	0.000000
167.600000	60.510000	-160.525604	21.329000	0.041160	158.466136	1236.357615	1.000000
167.600000	60.510000	-160.525604	21.579000	0.099680	158.374102	1230.100140	2.000000
167.600000	60.510000	-160.525604	21.829000	0.223145	158.280932	1223.842665	2.000000
167.600000	60.510000	-160.525604	22.079000	0.447210	158.186625	1217.543990	2.000000
167.600000	60.510000	-160.525604	22.329000	0.806138	158.091148	1211.046716	2.000000
167.600000	60.510000	-160.525604	22.579000	0.868058	157.994501	1204.549442	2.000000
167.600000	60.510000	-160.525604	22.829000	0.930704	157.896650	1198.052167	0.000000
167.600000	60.510000	-160.525604	23.079000	0.774731	157.797594	1191.554893	0.000000
167.600000	60.510000	-160.525604	23.329000	0.430967	157.697297	1185.080004	1.000000
167.600000	60.510000	-160.525604	23.579000	0.120194	157.595760	1178.654417	1.000000
167.600000	60.510000	-160.525604	23.829000	0.184469	157.492946	1172.228831	1.000000
167.600000	60.510000	-160.275604	20.079000	0.413899	158.786463	1269.948979	1.000000
167.600000	60.510000	-160.275604	20.329000	0.037480	158.699605	1263.682714	1.000000
167.600000	60.510000	-160.275604	20.579000	0.007560	158.611705	1257.425240	1.000000
167.600000	60.510000	-160.275604	20.829000	0.050190	158.522726	1251.167765	0.000000
167.600000	60.510000	-160.275604	21.079000	0.107664	158.432676	1244.910290	0.000000
167.600000	60.510000	-160.275604	21.329000	0.165779	158.341517	1238.652816	1.000000
167.600000	60.510000	-160.275604	21.579000	0.224527	158.249256	1232.395341	1.000000
167.600000	60.510000	-160.275604	21.829000	0.310466	158.155854	1226.137866	2.000000
167.600000	60.510000	-160.275604	22.079000	0.566106	158.061318	1219.863419	3.000000
167.600000	60.510000	-160.275604	22.329000	0.931678	157.965608	1213.366145	1.000000
167.600000	60.510000	-160.275604	22.579000	0.993828	157.868730	1206.868870	1.000000
167.600000	60.510000	-160.275604	22.829000	0.711637	157.770645	1200.371596	1.000000
167.600000	60.510000	-160.275604	23.079000	0.367049	157.671357	1193.918975	0.000000
167.600000	60.510000	-160.275604	23.329000	0.183160	157.570827	1187.493388	0.000000
167.600000	60.510000	-160.275604	23.579000	0.246897	157.469057	1181.067802	1.000000
167.600000	60.510000	-160.275604	23.829000	0.311406	157.366008	1174.642215	1.000000
167.600000	60.510000	-160.275604	24.079000	0.098010	157.261683	1168.216629	1.000000
167.600000	60.510000	-160.025604	20.079000	-6.141232	158.663800	1272.235390	1.000000
167.600000	60.510000	-160.025604	20.329000	-6.089288	158.576725	1265.977915	1.000000
167.600000	60.510000	-160.025604	20.579000	0.206667	158.488604	1259.720440	1.000000
167.600000	60.510000	-160.025604	20.829000	3.654341	158.399408	1253.462966	0.000000
167.600000	60.510000	-160.025604	21.079000	2.313162	158.309135	1247.205491	0.000000
167.600000	60.510000	-160.025604	21.329000	0.992773	158.217756	1240.948016	1.000000
167.600000	60.510000	-160.025604	21.579000	0.348511	158.125271	1234.690542	1.000000
167.600000	60.510000	-160.025604	21.829000	0.408147	158.031649	1228.433067	1.000000
167.600000	60.510000	-160.025604	22.079000	0.755516	157.936887	1222.175592	2.000000
167.600000	60.510000	-160.025604	22.329000	0.972978	157.840956	1215.685574	1.000000
167.600000	60.510000	-160.025604	22.579000	0.648025	157.743852	1209.188299	1.000000
167.600000	60.510000	-160.025604	22.829000	0.302635	157.645544	1202.757946	1.000000
167.600000	60.510000	-160.025604	23.079000	0.245485	157.546030	1196.332359	0.000000
167.600000	60.510000	-160.025604	23.329000	0.308711	157.445276	1189.906773	0.000000
167.600000	60.510000	-160.025604	23.579000	0.372674	157.343280	1183.481186	0.000000
167.600000	60.510000	-160.025604	23.829000	0.437408	157.240007	1177.055600	1.000000
167.600000	60.510000	-160.025604	24.079000	0.389087	157.135455	1170.630014	1.000000
167.600000	60.510000	-159.775604	20.079000	-4.694470	158.541908	1276.073913	1.000000
167.600000	60.510000	-159.775604	20.329000	-8.708703	158.454621	1269.795065	1.000000
167.600000	60.510000	-159.775604	20.579000	-10.831166	158.366289	1261.994368	1.000000
167.600000	60.510000	-159.775604	20.829000	-9.302000	158.276878	1254.956238	1.000000
167.600000	60.510000	-159.775604	21.079000	-5.614869	158.186394	1249.017486	1.000000
167.600000	60.510000	-159.775604	21.329000	1.323903	158.094800	1243.078734	2.000000
167.600000	60.510000	-159.775604	21.579000	8.162313	158.002101	1236.985742	2.000000
167.600000	60.510000	-159.775604	21.829000	6.933987	157.908262	1230.728267	2.000000
167.600000	60.510000	-159.775604	22.079000	4.519496	157.813287	1224.470793	2.000000
167.600000	60.510000	-159.775604	22.329000	0.656672	157.717138	1218.022503	1.000000
167.600000	60.510000	-159.775604	22.579000	0.269978	157.619820	1211.596917	1.000000
167.600000	60.510000	-159.775604	22.829000	0.307249	157.521294	1205.171331	1.000000
167.600000	60.510000	-159.775604	23.079000	0.369950	157.421565	1198.745744	1.000000
167.600000	60.510000	-159.775604	23.329000	0.433394	157.320593	1192.320158	0.000000
167.600000	60.510000	-159.775604	23.579000	0.497574	157.218381	1185.894571	0.000000
167.600000	60.510000	-159.775604	23.829000	0.562525	157.114890	1179.468985	0.000000
167.600000	60.510000	-159.775604	24.079000	0.628242	157.010122	1173.043398	1.000000
167.600000	60.510000	-159.775604	24.329000	0.430075	156.904037	1166.617812	1.000000
167.600000	60.510000	-159.525604	20.079000	-0.625829	158.420835	1277.466633	1.000000
167.600000	60.510000	-159.525604	20.329000	-10.612227	158.333345	1273.678690	1.000000
167.600000	60.510000	-159.525604	20.579000	-15.766558	158.244806	1268.558614	2.000000
167.600000	60.510000	-159.525604	20.829000	-18.454456	158.155191	1260.757917	1.000000
167.600000	60.510000	-159.525604	21.079000	-13.876996	158.064499	1252.957220	1.000000
167.600000	60.510000	-159.525604	21.329000	-8.976211	157.972700	1245.156523	3.000000
167.600000	60.510000	-159.525604	21.579000	-6.658361	157.879793	1237.519053	3.000000
167.600000	60.510000	-159.525604	21.829000	-3.643490	157.785748	1231.580301	3.000000
167.600000	60.510000	-159.525604	22.079000	6.343904	157.690563	1225.925735	2.000000
167.600000	60.510000	-159.525604	22.329000	-0.705485	157.594207	1220.406804	2.000000
167.600000	60.510000	-159.525604	22.579000	0.716591	157.496680	1214.009102	2.000000
167.600000	60.510000	-159.525604	22.829000	0.705940	157.397946	1207.584715	2.000000
167.600000	60.510000	-159.525604	23.079000	0.654882	157.298007	1201.159129	1.000000
167.600000	60.510000	-159.525604	23.329000	0.602596	157.196827	1194.733542	0.000000
167.600000	60.510000	-159.525604	23.579000	0.621548	157.094406	1188.307956	0.000000
167.600000	60.510000	-159.525604	23.829000	0.686708	156.990707	1181.882369	1.000000
167.600000	60.510000	-159.525604	24.079000	0.752633	156.885730	1175.456783	1.000000
167.600000	60.510000	-159.525604	24.329000	0.415084	156.779437	1169.031196	1.000000
167.600000	60.510000	-159.275604	20.079000	-3.917836	158.300534	1279.938469	1.000000
167.600000	60.510000	-159.275604	20.329000	2.844557	158.212845	1275.071410	1.000000
167.600000	60.510000	-159.275604	20.579000	-7.702003	158.124110	1271.283467	1.000000
167.600000	60.510000	-159.275604	20.829000	-14.519842	158.034296	1267.322163	1.000000
167.600000	60.510000	-159.275604	21.079000	-17.776577	157.943405	1259.521466	2.000000
167.600000	60.510000	-159.275604	21.329000	-19.945087	157.851406	1251.720769	2.000000
167.600000	60.510000	-159.275604	21.579000	-17.571706	157.758300	1243.920071	2.000000
167.600000	60.510000	-159.275604	21.829000	-7.468546	157.664054	1235.944233	2.000000
167.600000	60.510000	-159.275604	22.079000	0.143389	157.568670	1227.433045	3.000000
167.600000	60.510000	-159.275604	22.329000	-1.384753	157.472113	1222.726816	1.000000
167.600000	60.510000	-159.275604	22.579000	1.183951	157.374385	1216.329114	1.000000
167.600000	60.510000	-159.275604	22.829000	1.135094	157.275450	1209.931412	1.000000
167.600000	60.510000	-159.275604	23.079000	1.081790	157.175311	1203.533709	0.000000
167.600000	60.510000	-159.275604	23.329000	1.055364	157.073930	1197.136007	0.000000
167.600000	60.510000	-159.275604	23.579000	1.046715	156.971308	1190.721341	0.000000
167.600000	60.510000	-159.275604	23.829000	1.012683	156.867409	1184.295754	1.000000
167.600000	60.510000	-159.275604	24.079000	0.962390	156.762232	1177.870168	1.000000
167.600000	60.510000	-159.275604	24.329000	0.705585	156.655740	1171.444581	1.000000
167.600000	60.510000	-159.275604	24.579000	1.032432	156.547931	1165.168666	1.000000
167.600000	60.510000	-159.025604	19.829000	-0.043609	158.267882	1289.000342	1.000000
167.600000	60.510000	-159.025604	20.079000	-2.178201	158.181052	1282.559238	1.000000
167.600000	60.510000	-159.025604	20.329000	0.316220	158.093174	1276.464130	1.000000
167.600000	60.510000	-159.025604	20.579000	0.554192	158.004247	1272.676187	1.000000
167.600000	60.510000	-159.025604	20.829000	-0.592553	157.914241	1268.888244	1.000000
167.600000	60.510000	-159.025604	21.079000	-12.993391	157.823159	1265.100302	2.000000
167.600000	60.510000	-159.025604	21.329000	-13.507093	157.730968	1258.285015	2.000000
167.600000	60.510000	-159.025604	21.579000	-9.159968	157.637669	1249.748102	2.000000
167.600000	60.510000	-159.025604	21.829000	-4.314680	157.543230	1240.347076	2.000000
167.600000	60.510000	-159.025604	22.079000	-6.486730	157.447653	1230.946051	4.000000
167.600000	60.510000	-159.025604	22.329000	4.441056	157.350903	1224.961143	2.000000
167.600000	60.510000	-159.025604	22.579000	1.174041	157.252982	1218.649126	2.000000
167.600000	60.510000	-159.025604	22.829000	1.368868	157.153855	1212.251424	2.000000
167.600000	60.510000	-159.025604	23.079000	1.433101	157.053522	1205.853721	1.000000
167.600000	60.510000	-159.025604	23.329000	1.498086	156.951948	1199.456019	0.000000
167.600000	60.510000	-159.025604	23.579000	1.492192	156.849135	1193.058317	1.000000
167.600000	60.510000	-159.025604	23.829000	1.440862	156.745043	1186.660614	1.000000
167.600000	60.510000	-159.025604	24.079000	1.401419	156.639674	1180.262912	1.000000
167.600000	60.510000	-159.025604	24.329000	1.174672	156.532990	1173.857966	1.000000
167.600000	60.510000	-159.025604	24.579000	0.912484	156.424991	1167.478686	1.000000
167.600000	60.510000	-158.775604	19.829000	-0.957834	158.149356	1291.621111	0.000000
167.600000	60.510000	-158.775604	20.079000	-1.485207	158.062344	1285.180007	0.000000
167.600000	60.510000	-158.775604	20.329000	-3.141496	157.974281	1278.738902	1.000000
167.600000	60.510000	-158.775604	20.579000	2.734189	157.885170	1274.068907	1.000000
167.600000	60.510000	-158.775604	20.829000	0.731290	157.794980	1270.280964	1.000000
167.600000	60.510000	-158.775604	21.079000	2.415767	157.703713	1266.493022	1.000000
167.600000	60.510000	-158.775604	21.329000	0.156558	157.611336	1262.025692	2.000000
167.600000	60.510000	-158.775604	21.579000	2.931006	157.517852	1254.150945	2.000000
167.600000	60.510000	-158.775604	21.829000	-0.883915	157.423228	1244.749920	3.000000
167.600000	60.510000	-158.775604	22.079000	-4.792469	157.327466	1235.348894	3.000000
167.600000	60.510000	-158.775604	22.329000	0.712454	157.230530	1226.468453	2.000000
167.600000	60.510000	-158.775604	22.579000	-0.031215	157.132424	1220.969138	2.000000
167.600000	60.510000	-158.775604	22.829000	1.489611	157.033111	1214.571436	1.000000
167.600000	60.510000	-158.775604	23.079000	1.554029	156.932594	1208.173734	1.000000
167.600000	60.510000	-158.775604	23.329000	1.619199	156.830835	1201.776031	1.000000
167.600000	60.510000	-158.775604	23.579000	1.622948	156.727837	1195.378329	0.000000
167.600000	60.510000	-158.775604	23.829000	1.467368	156.623561	1188.980626	1.000000
167.600000	60.510000	-158.775604	24.079000	1.257565	156.518009	1182.582924	1.000000
167.600000	60.510000	-158.775604	24.329000	0.975488	156.411142	1176.220332	1.000000
167.600000	60.510000	-158.775604	24.579000	0.442221	156.302960	1169.883604	1.000000
167.600000	60.510000	-158.775604	24.829000	0.996062	156.193426	1163.750674	1.000000
167.600000	60.510000	-158.525604	19.829000	-1.421417	158.031643	1294.241880	0.000000
167.600000	60.510000	-158.525604	20.079000	-1.367317	157.944454	1287.800775	0.000000
167.600000	60.510000	-158.525604	20.329000	-2.227002	157.856214	1281.359671	0.000000
167.600000	60.510000	-158.525604	20.579000	1.290456	157.766926	1275.461627	1.000000
167.600000	60.510000	-158.525604	20.829000	0.849711	157.676558	1271.673684	1.000000
167.600000	60.510000	-158.525604	21.079000	3.455072	157.585113	1267.885741	1.000000
167.600000	60.510000	-158.525604	21.329000	13.107891	157.492559	1262.984262	1.000000
167.600000	60.510000	-158.525604	21.579000	13.432219	157.398897	1255.453137	2.000000
167.600000	60.510000	-158.525604	21.829000	6.873376	157.304095	1247.922013	3.000000
167.600000	60.510000	-158.525604	22.079000	2.561840	157.208154	1239.751737	2.000000
167.600000	60.510000	-158.525604	22.329000	-2.875318	157.111041	1230.350712	2.000000
167.600000	60.510000	-158.525604	22.579000	2.940697	157.012757	1223.289150	1.000000
167.600000	60.510000	-158.525604	22.829000	1.609456	156.913267	1216.891448	1.000000
167.600000	60.510000	-158.525604	23.079000	1.476379	156.812572	1210.493746	1.000000
167.600000	60.510000	-158.525604	23.329000	1.297402	156.710636	1204.096043	1.000000
167.600000	60.510000	-158.525604	23.579000	1.058921	156.607461	1197.713064	0.000000
167.600000	60.510000	-158.525604	23.829000	0.842847	156.503009	1191.368012	1.000000
167.600000	60.510000	-158.525604	24.079000	0.687810	156.397282	1185.022960	1.000000
167.600000	60.510000	-158.525604	24.329000	0.650099	156.290239	1178.677908	1.000000
167.600000	60.510000	-158.525604	24.579000	0.497464	156.181884	1172.351764	1.000000
167.600000	60.510000	-158.525604	24.829000	0.693225	156.072175	1166.086325	1.000000
167.600000	60.510000	-158.525604	25.079000	1.183179	155.961114	1160.022662	1.000000
167.600000	60.510000	-158.275604	19.829000	-1.304470	157.914696	1296.862649	0.000000
167.600000	60.510000	-158.275604	20.079000	-1.250200	157.827337	1290.421544	0.000000
167.600000	60.510000	-158.275604	20.329000	-1.195367	157.738927	1283.980440	0.000000
167.600000	60.510000	-158.275604	20.579000	-2.344419	157.649469	1277.539335	1.000000
167.600000	60.510000	-158.275604	20.829000	2.603555	157.558931	1273.066404	2.000000
167.600000	60.510000	-158.275604	21.079000	4.414818	157.467315	1269.278461	2.000000
167.600000	60.510000	-158.275604	21.329000	13.537638	157.374590	1263.942831	2.000000
167.600000	60.510000	-158.275604	21.579000	14.925349	157.280757	1256.411707	1.000000
167.600000	60.510000	-158.275604	21.829000	15.006941	157.185784	1248.880582	2.000000
167.600000	60.510000	-158.275604	22.079000	12.531868	157.089673	1241.349458	2.000000
167.600000	60.510000	-158.275604	22.329000	6.204586	156.992389	1233.818333	1.000000
167.600000	60.510000	-158.275604	22.579000	3.777704	156.893934	1225.503861	1.000000
167.600000	60.510000	-158.275604	22.829000	0.938610	156.794274	1219.211460	1.000000
167.600000	60.510000	-158.275604	23.079000	0.862313	156.693409	1212.860744	1.000000
167.600000	60.510000	-158.275604	23.329000	0.696896	156.591305	1206.515691	1.000000
167.600000	60.510000	-158.275604	23.579000	0.602870	156.487961	1200.170639	1.000000
167.600000	60.510000	-158.275604	23.829000	0.668106	156.383341	1193.825587	1.000000
167.600000	60.510000	-158.275604	24.079000	0.734097	156.277445	1187.480535	1.000000
167.600000	60.510000	-158.275604	24.329000	0.752840	156.170238	1181.135483	1.000000
167.600000	60.510000	-158.275604	24.579000	0.600112	156.061715	1174.819923	1.000000
167.600000	60.510000	-158.275604	24.829000	0.511612	155.951843	1168.554484	1.000000
167.600000	60.510000	-158.275604	25.079000	1.066923	155.840617	1162.332682	1.000000
167.600000	60.510000	-158.025604	19.829000	-1.188336	157.798562	1299.483417	0.000000
167.600000	60.510000	-158.025604	20.079000	-1.133903	157.711040	1293.042313	0.000000
167.600000	60.510000	-158.025604	20.329000	-1.078906	157.622466	1286.601209	0.000000
167.600000	60.510000	-158.025604	20.579000	-2.287625	157.532844	1280.160104	1.000000
167.600000	60.510000	-158.025604	20.829000	2.299341	157.442142	1274.459124	2.000000
167.600000	60.510000	-158.025604	21.079000	5.304329	157.350362	1270.671181	2.000000
167.600000	60.510000	-158.025604	21.329000	13.946670	157.257473	1264.901400	2.000000
167.600000	60.510000	-158.025604	21.579000	15.042629	157.163477	1257.370276	2.000000
167.600000	60.510000	-158.025604	21.829000	15.124385	157.068341	1249.839152	2.000000
167.600000	60.510000	-158.025604	22.079000	13.450113	156.972066	1242.308027	1.000000
167.600000	60.510000	-158.025604	22.329000	9.424735	156.874619	1234.776903	1.000000
167.600000	60.510000	-158.025604	22.579000	1.057016	156.776001	1228.019822	1.000000
167.600000	60.510000	-158.025604	22.829000	0.642140	156.676178	1221.662775	1.000000
167.600000	60.510000	-158.025604	23.079000	0.613380	156.575152	1215.318319	1.000000
167.600000	60.510000	-158.025604	23.329000	0.656812	156.472885	1208.973267	1.000000
167.600000	60.510000	-158.025604	23.579000	0.721450	156.369381	1202.628215	1.000000
167.600000	60.510000	-158.025604	23.829000	0.786847	156.264600	1196.283163	0.000000
167.600000	60.510000	-158.025604	24.079000	0.852996	156.158546	1189.938111	2.000000
167.600000	60.510000	-158.025604	24.329000	0.854616	156.051178	1183.593059	2.000000
167.600000	60.510000	-158.025604	24.579000	0.701783	155.942500	1177.288083	1.000000
167.600000	60.510000	-158.025604	24.829000	0.704075	155.832469	1171.022644	1.000000
167.600000	60.510000	-158.025604	25.079000	0.769339	155.721089	1164.757205	1.000000
167.600000	60.510000	-158.025604	25.329000	1.443959	155.608316	1158.604670	0.000000
167.600000	60.510000	-157.775604	19.829000	-1.072969	157.683195	1302.104186	0.000000
167.600000	60.510000	-157.775604	20.079000	-1.018379	157.595516	1295.663082	0.000000
167.600000	60.510000	-157.775604	20.329000	-0.963226	157.506786	1289.221977	1.000000
167.600000	60.510000	-157.775604	20.579000	-0.907513	157.417006	1282.780873	1.000000
167.600000	60.510000	-157.775604	20.829000	-1.525133	157.326148	1276.339768	1.000000
167.600000	60.510000	-157.775604	21.079000	6.866075	157.234211	1272.063901	1.000000
167.600000	60.510000	-157.775604	21.329000	14.336859	157.141165	1265.859970	1.000000
167.600000	60.510000	-157.775604	21.579000	14.535610	157.047012	1258.328845	1.000000
167.600000	60.510000	-157.775604	21.829000	11.062757	156.951719	1250.797721	2.000000
167.600000	60.510000	-157.775604	22.079000	6.740987	156.855288	1243.704666	1.000000
167.600000	60.510000	-157.775604	22.329000	2.411780	156.757685	1237.040410	1.000000
167.600000	60.510000	-157.775604	22.579000	1.206412	156.658912	1230.437291	1.000000
167.600000	60.510000	-157.775604	22.829000	0.745182	156.558935	1224.104021	1.000000
167.600000	60.510000	-157.775604	23.079000	0.772594	156.457753	1217.770752	1.000000
167.600000	60.510000	-157.775604	23.329000	0.806518	156.355334	1211.430843	1.000000
167.600000	60.510000	-157.775604	23.579000	0.839156	156.251675	1205.085791	0.000000
167.600000	60.510000	-157.775604	23.829000	0.904704	156.146743	1198.740739	1.000000
167.600000	60.510000	-157.775604	24.079000	0.971006	156.040536	1192.395687	1.000000
167.600000	60.510000	-157.775604	24.329000	0.955466	155.933019	1186.050634	1.000000
167.600000	60.510000	-157.775604	24.579000	0.802523	155.824189	1179.756243	1.000000
167.600000	60.510000	-157.775604	24.829000	0.822532	155.714012	1173.490804	1.000000
167.600000	60.510000	-157.775604	25.079000	0.891542	155.602482	1167.225364	0.000000
167.600000	60.510000	-157.775604	25.329000	1.139110	155.489566	1160.959925	0.000000
167.600000	60.510000	-157.525604	19.829000	-0.958413	157.568639	1304.724955	0.000000
167.600000	60.510000	-157.525604	20.079000	-0.903673	157.480810	1298.283850	0.000000
167.600000	60.510000	-157.525604	20.329000	-0.848370	157.391930	1291.842746	1.000000
167.600000	60.510000	-157.525604	20.579000	-0.792507	157.302000	1285.401642	1.000000
167.600000	60.510000	-157.525604	20.829000	-2.360495	157.210991	1278.960537	1.000000
167.600000	60.510000	-157.525604	21.079000	7.689867	157.118904	1273.456621	2.000000
167.600000	60.510000	-157.525604	21.329000	11.712199	157.025709	1266.818539	1.000000
167.600000	60.510000	-157.525604	21.579000	8.492899	156.931406	1259.442925	1.000000
167.600000	60.510000	-157.525604	21.829000	4.137304	156.835963	1252.721148	2.000000
167.600000	60.510000	-157.525604	22.079000	2.097740	156.739383	1246.060997	2.000000
167.600000	60.510000	-157.525604	22.329000	1.824118	156.641632	1239.446295	1.000000
167.600000	60.510000	-157.525604	22.579000	1.169837	156.542711	1232.878537	1.000000
167.600000	60.510000	-157.525604	22.829000	0.861532	156.442585	1226.545267	1.000000
167.600000	60.510000	-157.525604	23.079000	0.925145	156.341257	1220.211998	1.000000
167.600000	60.510000	-157.525604	23.329000	0.965069	156.238690	1213.878728	1.000000
167.600000	60.510000	-157.525604	23.579000	0.999812	156.134887	1207.543366	1.000000
167.600000	60.510000	-157.525604	23.829000	1.031911	156.029809	1201.198314	1.000000
167.600000	60.510000	-157.525604	24.079000	1.088082	155.923460	1194.853262	1.000000
167.600000	60.510000	-157.525604	24.329000	1.055353	155.815799	1188.508210	1.000000
167.600000	60.510000	-157.525604	24.579000	0.902288	155.706829	1182.224402	1.000000
167.600000	60.510000	-157.525604	24.829000	0.940034	155.596510	1175.958963	1.000000
167.600000	60.510000	-157.525604	25.079000	1.009181	155.484843	1169.693524	1.000000
167.600000	60.510000	-157.525604	25.329000	1.038862	155.371787	1163.428085	0.000000
167.600000	60.510000	-157.525604	25.579000	1.512102	155.257344	1157.186677	0.000000
167.600000	60.510000	-157.275604	19.579000	-0.599425	157.541802	1313.786828	0.000000
167.600000	60.510000	-157.275604	19.829000	-0.844625	157.454851	1307.345724	0.000000
167.600000	60.510000	-157.275604	20.079000	-0.789741	157.366878	1300.904619	1.000000
167.600000	60.510000	-157.275604	20.329000	-0.734294	157.277854	1294.463515	1.000000
167.600000	60.510000	-157.275604	20.579000	-0.678288	157.187781	1288.022410	1.000000
167.600000	60.510000	-157.275604	20.829000	-0.602794	157.096629	1281.581306	1.000000
167.600000	60.510000	-157.275604	21.079000	4.463267	157.004398	1275.140202	2.000000
167.600000	60.510000	-157.275604	21.329000	5.592289	156.911060	1268.459408	1.000000
167.600000	60.510000	-157.275604	21.579000	2.650858	156.816614	1261.737631	1.000000
167.600000	60.510000	-157.275604	21.829000	2.127431	156.721030	1255.081585	1.000000
167.600000	60.510000	-157.275604	22.079000	1.945623	156.624307	1248.466882	1.000000
167.600000	60.510000	-157.275604	22.329000	1.886736	156.526415	1241.852179	1.000000
167.600000	60.510000	-157.275604	22.579000	1.229956	156.427352	1235.319783	1.000000
167.600000	60.510000	-157.275604	22.829000	0.977029	156.327087	1228.986513	1.000000
167.600000	60.510000	-157.275604	23.079000	1.040784	156.225618	1222.653244	1.000000
167.600000	60.510000	-157.275604	23.329000	1.105264	156.122914	1216.319974	0.000000
167.600000	60.510000	-157.275604	23.579000	1.161697	156.018972	1209.986705	1.000000
167.600000	60.510000	-157.275604	23.829000	1.193312	155.913759	1203.653435	1.000000
167.600000	60.510000	-157.275604	24.079000	1.229639	155.807271	1197.310838	1.000000
167.600000	60.510000	-157.275604	24.329000	1.142522	155.699478	1190.965786	1.000000
167.600000	60.510000	-157.275604	24.579000	1.001124	155.590372	1184.692562	1.000000
167.600000	60.510000	-157.275604	24.829000	1.056621	155.479923	1178.427123	1.000000
167.600000	60.510000	-157.275604	25.079000	1.125902	155.368123	1172.161684	1.000000
167.600000	60.510000	-157.275604	25.329000	1.196019	155.254940	1165.896244	0.000000
167.600000	60.510000	-157.275604	25.579000	1.212436	155.140367	1159.630805	0.000000
167.600000	60.510000	-157.025604	19.579000	-0.786132	157.428963	1316.407597	0.000000
167.600000	60.510000	-157.025604	19.829000	-0.731648	157.341874	1309.966492	0.000000
167.600000	60.510000	-157.025604	20.079000	-0.676627	157.253764	1303.525388	1.000000
167.600000	60.510000	-157.025604	20.329000	-0.621042	157.164602	1297.084284	2.000000
167.600000	60.510000	-157.025604	20.579000	-0.505654	157.074392	1290.643179	2.000000
167.600000	60.510000	-157.025604	20.829000	-0.044777	156.983103	1284.197350	3.000000
167.600000	60.510000	-157.025604	21.079000	2.402128	156.890737	1277.561042	3.000000
167.600000	60.510000	-157.025604	21.329000	2.799239	156.797261	1270.754113	2.000000
167.600000	60.510000	-157.025604	21.579000	2.156700	156.702680	1264.102173	2.000000
167.600000	60.510000	-157.025604	21.829000	1.997222	156.606960	1257.487470	2.000000
167.600000	60.510000	-157.025604	22.079000	2.059827	156.510103	1250.872767	2.000000
167.600000	60.510000	-157.025604	22.329000	1.948232	156.412075	1244.258064	0.000000
167.600000	60.510000	-157.025604	22.579000	1.288927	156.312880	1237.761029	0.000000
167.600000	60.510000	-157.025604	22.829000	1.091636	156.212481	1231.427760	0.000000
167.600000	60.510000	-157.025604	23.079000	1.155521	156.110881	1225.094490	0.000000
167.600000	60.510000	-157.025604	23.329000	1.220135	156.008044	1218.761221	1.000000
167.600000	60.510000	-157.025604	23.579000	1.285470	155.903973	1212.427951	1.000000
167.600000	60.510000	-157.025604	23.829000	1.351562	155.798629	1206.094682	1.000000
167.600000	60.510000	-157.025604	24.079000	1.283568	155.692015	1199.761412	1.000000
167.600000	60.510000	-157.025604	24.329000	0.725601	155.584092	1193.426161	1.000000
167.600000	60.510000	-157.025604	24.579000	0.923148	155.474863	1187.160722	1.000000
167.600000	60.510000	-157.025604	24.829000	1.172257	155.364287	1180.895282	1.000000
167.600000	60.510000	-157.025604	25.079000	1.241658	155.252367	1174.629843	1.000000
167.600000	60.510000	-157.025604	25.329000	1.311900	155.139060	1168.364404	0.000000
167.600000	60.510000	-157.025604	25.579000	1.382975	155.024370	1162.098965	0.000000
167.600000	60.510000	-157.025604	25.829000	1.581424	154.908252	1155.833526	0.000000
167.600000	60.510000	-156.775604	19.579000	-0.674053	157.316884	1319.028366	0.000000
167.600000	60.510000	-156.775604	19.829000	-0.619439	157.229665	1312.587261	0.000000
167.600000	60.510000	-156.775604	20.079000	-0.564286	157.141423	1306.146157	1.000000
167.600000	60.510000	-156.775604	20.329000	-0.403491	157.052132	1299.705052	2.000000
167.600000	60.510000	-156.775604	20.579000	-0.218175	156.961790	1293.251045	2.000000
167.600000	60.510000	-156.775604	20.829000	0.511526	156.870372	1286.786970	3.000000
167.600000	60.510000	-156.775604	21.079000	2.405265	156.777874	1279.881852	3.000000
167.600000	60.510000	-156.775604	21.329000	2.179548	156.684271	1273.122761	2.000000
167.600000	60.510000	-156.775604	21.579000	2.048400	156.589559	1266.508058	2.000000
167.600000	60.510000	-156.775604	21.829000	2.110470	156.493712	1259.893355	2.000000
167.600000	60.510000	-156.775604	22.079000	2.173205	156.396726	1253.278652	1.000000
167.600000	60.510000	-156.775604	22.329000	2.008644	156.298572	1246.663949	0.000000
167.600000	60.510000	-156.775604	22.579000	1.346796	156.199248	1240.202275	0.000000
167.600000	60.510000	-156.775604	22.829000	1.205391	156.098726	1233.869006	0.000000
167.600000	60.510000	-156.775604	23.079000	1.269403	155.996999	1227.535736	0.000000
167.600000	60.510000	-156.775604	23.329000	1.334138	155.894040	1221.202467	1.000000
167.600000	60.510000	-156.775604	23.579000	1.399599	155.789844	1214.869197	1.000000
167.600000	60.510000	-156.775604	23.829000	1.090032	155.684380	1208.535928	1.000000
167.600000	60.510000	-156.775604	24.079000	0.508485	155.577644	1202.226197	1.000000
167.600000	60.510000	-156.775604	24.329000	0.142911	155.469604	1196.003576	1.000000
167.600000	60.510000	-156.775604	24.579000	0.466287	155.360255	1189.671578	1.000000
167.600000	60.510000	-156.775604	24.829000	0.787932	155.249565	1183.363442	1.000000
167.600000	60.510000	-156.775604	25.079000	1.155022	155.137527	1177.098003	1.000000
167.600000	60.510000	-156.775604	25.329000	1.426849	155.024110	1170.832564	0.000000
167.600000	60.510000	-156.775604	25.579000	1.498039	154.909305	1164.567124	0.000000
167.600000	60.510000	-156.775604	25.829000	1.562657	154.793082	1158.301685	0.000000
167.600000	60.510000	-156.525604	19.579000	-0.562778	157.205609	1321.649134	2.000000
167.600000	60.510000	-156.525604	19.829000	-0.482986	157.118265	1315.208030	1.000000
167.600000	60.510000	-156.525604	20.079000	-0.301973	157.029899	1308.766926	3.000000
167.600000	60.510000	-156.525604	20.329000	-0.396526	156.940483	1302.304740	3.000000
167.600000	60.510000	-156.525604	20.579000	-0.574095	156.850018	1295.840665	3.000000
167.600000	60.510000	-156.525604	20.829000	0.766970	156.758475	1289.403341	2.000000
167.600000	60.510000	-156.525604	21.079000	1.524908	156.665855	1282.408558	3.000000
167.600000	60.510000	-156.525604	21.329000	1.400277	156.572128	1275.570213	2.000000
167.600000	60.510000	-156.525604	21.579000	2.018830	156.477295	1268.913943	2.000000
167.600000	60.510000	-156.525604	21.829000	2.222857	156.381325	1262.299240	2.000000
167.600000	60.510000	-156.525604	22.079000	2.285711	156.284219	1255.684537	2.000000
167.600000	60.510000	-156.525604	22.329000	2.067934	156.185943	1249.069834	1.000000
167.600000	60.510000	-156.525604	22.579000	1.403515	156.086502	1242.643521	1.000000
167.600000	60.510000	-156.525604	22.829000	1.318258	155.985858	1236.310252	1.000000
167.600000	60.510000	-156.525604	23.079000	1.382386	155.884017	1229.976982	0.000000
167.600000	60.510000	-156.525604	23.329000	1.335075	155.780939	1223.643713	0.000000
167.600000	60.510000	-156.525604	23.579000	0.805471	155.676629	1217.310443	1.000000
167.600000	60.510000	-156.525604	23.829000	0.221149	155.571049	1211.057670	1.000000
167.600000	60.510000	-156.525604	24.079000	-0.129349	155.464202	1204.835049	1.000000
167.600000	60.510000	-156.525604	24.329000	0.057136	155.356048	1198.612428	1.000000
167.600000	60.510000	-156.525604	24.579000	0.019746	155.246591	1192.320288	1.000000
167.600000	60.510000	-156.525604	24.829000	0.377389	155.135789	1185.966991	1.000000
167.600000	60.510000	-156.525604	25.079000	0.740565	155.023648	1179.613695	1.000000
167.600000	60.510000	-156.525604	25.329000	1.028288	154.910122	1173.300723	0.000000
167.600000	60.510000	-156.525604	25.579000	1.389567	154.795218	1167.035284	0.000000
167.600000	60.510000	-156.525604	25.829000	1.684287	154.678889	1160.769845	0.000000
167.600000	60.510000	-156.525604	26.079000	1.651729	154.561141	1154.504406	1.000000
167.600000	60.510000	-156.275604	19.579000	-0.384522	157.095095	1324.269903	2.000000
167.600000	60.510000	-156.275604	19.829000	-0.494581	157.007633	1317.822510	2.000000
167.600000	60.510000	-156.275604	20.079000	-0.750139	156.919148	1311.358435	3.000000
167.600000	60.510000	-156.275604	20.329000	-1.093112	156.829615	1304.964414	3.000000
167.600000	60.510000	-156.275604	20.579000	-0.349458	156.739032	1298.559033	3.000000
167.600000	60.510000	-156.275604	20.829000	1.283400	156.647373	1291.980585	2.000000
167.600000	60.510000	-156.275604	21.079000	1.121319	156.554635	1285.046893	3.000000
167.600000	60.510000	-156.275604	21.329000	1.040682	156.460793	1278.208548	2.000000
167.600000	60.510000	-156.275604	21.579000	1.550876	156.365843	1271.370204	3.000000
167.600000	60.510000	-156.275604	21.829000	2.169968	156.269760	1264.705125	2.000000
167.600000	60.510000	-156.275604	22.079000	2.397392	156.172538	1258.090422	1.000000
167.600000	60.510000	-156.275604	22.329000	2.126137	156.074151	1251.475719	1.000000
167.600000	60.510000	-156.275604	22.579000	1.459130	155.974595	1245.084768	1.000000
167.600000	60.510000	-156.275604	22.829000	1.430274	155.873842	1238.751498	1.000000
167.600000	60.510000	-156.275604	23.079000	1.101267	155.771887	1232.418229	1.000000
167.600000	60.510000	-156.275604	23.329000	0.520093	155.668703	1226.111763	0.000000
167.600000	60.510000	-156.275604	23.579000	-0.020407	155.564282	1219.889142	1.000000
167.600000	60.510000	-156.275604	23.829000	-0.081651	155.458598	1213.666522	1.000000
167.600000	60.510000	-156.275604	24.079000	-0.016790	155.351642	1207.443901	1.000000
167.600000	60.510000	-156.275604	24.329000	0.100573	155.243388	1201.221281	1.000000
167.600000	60.510000	-156.275604	24.579000	0.105714	155.133825	1194.968998	1.000000
167.600000	60.510000	-156.275604	24.829000	0.304697	155.022926	1188.615702	1.000000
167.600000	60.510000	-156.275604	25.079000	0.372785	154.910682	1182.262405	1.000000
167.600000	60.510000	-156.275604	25.329000	0.607785	154.797063	1175.909108	0.000000
167.600000	60.510000	-156.275604	25.579000	0.981526	154.682059	1169.555812	0.000000
167.600000	60.510000	-156.275604	25.829000	1.271395	154.565641	1163.238004	0.000000
167.600000	60.510000	-156.275604	26.079000	1.626882	154.447798	1156.972565	1.000000
167.600000	60.510000	-156.025604	19.579000	-0.843480	156.985384	1326.876205	2.000000
167.600000	60.510000	-156.025604	19.829000	-1.154971	156.897809	1320.485944	2.000000
167.600000	60.510000	-156.025604	20.079000	-1.420610	156.809213	1314.101138	2.000000
167.600000	60.510000	-156.025604	20.329000	-0.165485	156.719567	1307.714724	3.000000
167.600000	60.510000	-156.025604	20.579000	1.557991	156.628874	1301.153824	3.000000
167.600000	60.510000	-156.025604	20.829000	2.618355	156.537103	1294.523573	2.000000
167.600000	60.510000	-156.025604	21.079000	2.165421	156.444257	1287.685228	3.000000
167.600000	60.510000	-156.025604	21.329000	1.797896	156.350303	1280.846883	2.000000
167.600000	60.510000	-156.025604	21.579000	1.432501	156.255246	1274.008538	3.000000
167.600000	60.510000	-156.025604	21.829000	1.701480	156.159052	1267.170194	2.000000
167.600000	60.510000	-156.025604	22.079000	2.321107	156.061725	1260.496307	1.000000
167.600000	60.510000	-156.025604	22.329000	2.129590	155.963230	1253.881604	1.000000
167.600000	60.510000	-156.025604	22.579000	1.388422	155.863571	1247.526014	1.000000
167.600000	60.510000	-156.025604	22.829000	0.817802	155.762711	1241.192744	1.000000
167.600000	60.510000	-156.025604	23.079000	0.233835	155.660655	1234.943236	1.000000
167.600000	60.510000	-156.025604	23.329000	-0.097866	155.557366	1228.720615	0.000000
167.600000	60.510000	-156.025604	23.579000	-0.034352	155.452847	1222.497994	0.000000
167.600000	60.510000	-156.025604	23.829000	0.029887	155.347060	1216.275374	1.000000
167.600000	60.510000	-156.025604	24.079000	0.094843	155.240010	1210.052753	1.000000
167.600000	60.510000	-156.025604	24.329000	0.160553	155.131655	1203.830133	1.000000
167.600000	60.510000	-156.025604	24.579000	0.313285	155.022000	1197.607512	1.000000
167.600000	60.510000	-156.025604	24.829000	0.399166	154.911005	1191.264412	1.000000
167.600000	60.510000	-156.025604	25.079000	0.484793	154.798673	1184.911115	0.000000
167.600000	60.510000	-156.025604	25.329000	0.553785	154.684961	1178.557819	0.000000
167.600000	60.510000	-156.025604	25.579000	0.623583	154.569873	1172.204522	0.000000
167.600000	60.510000	-156.025604	25.829000	0.840787	154.453366	1165.851225	1.000000
167.600000	60.510000	-156.025604	26.079000	1.225198	154.335444	1159.497928	1.000000
167.600000	60.510000	-156.025604	26.329000	1.517281	154.216060	1153.175286	1.000000
167.600000	60.510000	-155.775604	19.829000	-0.557307	156.788753	1323.237862	3.000000
167.600000	60.510000	-155.775604	20.079000	-0.180909	156.700050	1316.853055	2.000000
167.600000	60.510000	-155.775604	20.329000	0.343497	156.610301	1310.229793	2.000000
167.600000	60.510000	-155.775604	20.579000	0.939442	156.519501	1303.501726	2.000000
167.600000	60.510000	-155.775604	20.829000	1.516099	156.427627	1296.773659	3.000000
167.600000	60.510000	-155.775604	21.079000	1.281820	156.334675	1290.045592	2.000000
167.600000	60.510000	-155.775604	21.329000	1.048697	156.240621	1283.317525	2.000000
167.600000	60.510000	-155.775604	21.579000	0.897532	156.145460	1276.589458	2.000000
167.600000	60.510000	-155.775604	21.829000	0.836320	156.049167	1269.808529	1.000000
167.600000	60.510000	-155.775604	22.079000	1.072482	155.951737	1262.970184	1.000000
167.600000	60.510000	-155.775604	22.329000	0.884965	155.853144	1256.300530	1.000000
167.600000	60.510000	-155.775604	22.579000	0.533465	155.753384	1249.997329	1.000000
167.600000	60.510000	-155.775604	22.829000	-0.001151	155.652429	1243.774708	1.000000
167.600000	60.510000	-155.775604	23.079000	-0.050308	155.550275	1237.552088	1.000000
167.600000	60.510000	-155.775604	23.329000	0.012607	155.446893	1231.329467	0.000000
167.600000	60.510000	-155.775604	23.579000	0.076217	155.342278	1225.106846	0.000000
167.600000	60.510000	-155.775604	23.829000	0.140545	155.236402	1218.884226	0.000000
167.600000	60.510000	-155.775604	24.079000	0.205596	155.129257	1212.661605	0.000000
167.600000	60.510000	-155.775604	24.329000	0.271391	155.020817	1206.438985	0.000000
167.600000	60.510000	-155.775604	24.579000	0.478311	154.911071	1200.216364	0.000000
167.600000	60.510000	-155.775604	24.829000	0.441735	154.799994	1193.913122	0.000000
167.600000	60.510000	-155.775604	25.079000	0.595892	154.687574	1187.559826	0.000000
167.600000	60.510000	-155.775604	25.329000	0.664961	154.573785	1181.206529	0.000000
167.600000	60.510000	-155.775604	25.579000	0.734843	154.458613	1174.853232	0.000000
167.600000	60.510000	-155.775604	25.829000	0.805561	154.342034	1168.499935	1.000000
167.600000	60.510000	-155.775604	26.079000	0.877125	154.224032	1162.146639	1.000000
167.600000	60.510000	-155.775604	26.329000	1.076476	154.104581	1155.793342	1.000000
167.600000	60.510000	-155.775604	26.579000	1.515687	153.983665	1149.440045	1.000000
167.600000	60.510000	-155.525604	20.329000	0.061101	156.501852	1313.040948	2.000000
167.600000	60.510000	-155.525604	20.579000	-0.643525	156.410955	1306.382449	2.000000
167.600000	60.510000	-155.525604	20.829000	-1.767137	156.318981	1299.619272	1.000000
167.600000	60.510000	-155.525604	21.079000	-1.797829	156.225934	1292.856095	1.000000
167.600000	60.510000	-155.525604	21.329000	-1.611492	156.131781	1286.092919	2.000000
167.600000	60.510000	-155.525604	21.579000	-1.424022	156.036527	1279.329742	2.000000
167.600000	60.510000	-155.525604	21.829000	-1.432231	155.940136	1272.566565	1.000000
167.600000	60.510000	-155.525604	22.079000	-1.652998	155.842615	1265.803389	1.000000
167.600000	60.510000	-155.525604	22.329000	-1.799206	155.743927	1259.040212	1.000000
167.600000	60.510000	-155.525604	22.579000	-0.881853	155.644077	1252.606181	1.000000
167.600000	60.510000	-155.525604	22.829000	-0.003132	155.543029	1246.383560	1.000000
167.600000	60.510000	-155.525604	23.079000	0.059178	155.440788	1240.160940	1.000000
167.600000	60.510000	-155.525604	23.329000	0.122185	155.337316	1233.938319	0.000000
167.600000	60.510000	-155.525604	23.579000	0.185878	155.232617	1227.715699	0.000000
167.600000	60.510000	-155.525604	23.829000	0.250295	155.126652	1221.493078	0.000000
167.600000	60.510000	-155.525604	24.079000	0.315425	155.019427	1215.270457	0.000000
167.600000	60.510000	-155.525604	24.329000	0.381307	154.910901	1209.047837	0.000000
167.600000	60.510000	-155.525604	24.579000	0.519091	154.801080	1202.825216	0.000000
167.600000	60.510000	-155.525604	24.829000	0.483011	154.689920	1196.561833	0.000000
167.600000	60.510000	-155.525604	25.079000	0.706038	154.577428	1190.208536	0.000000
167.600000	60.510000	-155.525604	25.329000	0.775185	154.463561	1183.855239	0.000000
167.600000	60.510000	-155.525604	25.579000	0.845134	154.348322	1177.501942	0.000000
167.600000	60.510000	-155.525604	25.829000	0.915927	154.231668	1171.148646	1.000000
167.600000	60.510000	-155.525604	26.079000	0.987553	154.113604	1164.795349	1.000000
167.600000	60.510000	-155.525604	26.329000	1.060055	153.994083	1158.442052	1.000000
167.600000	60.510000	-155.525604	26.579000	1.133424	153.873111	1152.088756	1.000000
167.600000	60.510000	-155.275604	20.829000	-1.045848	156.211130	1302.789714	1.000000
167.600000	60.510000	-155.275604	21.079000	-1.825788	156.117990	1296.085067	1.000000
167.600000	60.510000	-155.275604	21.329000	-3.116070	156.023749	1289.321891	1.000000
167.600000	60.510000	-155.275604	21.579000	-3.105233	155.928403	1282.558714	1.000000
167.600000	60.510000	-155.275604	21.829000	-3.049209	155.831927	1275.795537	1.000000
167.600000	60.510000	-155.275604	22.079000	-2.992606	155.734315	1269.032361	1.000000
167.600000	60.510000	-155.275604	22.329000	-2.935402	155.635544	1262.269184	1.000000
167.600000	60.510000	-155.275604	22.579000	-2.097810	155.535606	1255.506007	1.000000
167.600000	60.510000	-155.275604	22.829000	-0.891687	155.434478	1248.992412	1.000000
167.600000	60.510000	-155.275604	23.079000	0.167816	155.332151	1242.769792	1.000000
167.600000	60.510000	-155.275604	23.329000	0.230900	155.228601	1236.547171	0.000000
167.600000	60.510000	-155.275604	23.579000	0.294676	155.123819	1230.324551	0.000000
167.600000	60.510000	-155.275604	23.829000	0.359167	155.017780	1224.101930	0.000000
167.600000	60.510000	-155.275604	24.079000	0.424377	154.910475	1217.879309	0.000000
167.600000	60.510000	-155.275604	24.329000	0.490329	154.801879	1211.656689	0.000000
167.600000	60.510000	-155.275604	24.579000	0.558613	154.691980	1205.434068	0.000000
167.600000	60.510000	-155.275604	24.829000	0.684108	154.580755	1199.210543	0.000000
167.600000	60.510000	-155.275604	25.079000	0.815276	154.468190	1192.857246	0.000000
167.600000	60.510000	-155.275604	25.329000	0.884485	154.354260	1186.503949	0.000000
167.600000	60.510000	-155.275604	25.579000	0.954504	154.238953	1180.150653	0.000000
167.600000	60.510000	-155.275604	25.829000	1.025353	154.122242	1173.797356	0.000000
167.600000	60.510000	-155.275604	26.079000	1.097044	154.004114	1167.444059	1.000000
167.600000	60.510000	-155.275604	26.329000	1.169597	153.884542	1161.090763	1.000000
167.600000	60.510000	-155.025604	21.329000	-0.925732	155.916556	1292.538481	0.000000
167.600000	60.510000	-155.025604	21.579000	-1.699199	155.821130	1285.787686	1.000000
167.600000	60.510000	-155.025604	21.829000	-2.941852	155.724569	1279.024510	1.000000
167.600000	60.510000	-155.025604	22.079000	-2.885170	155.626880	1272.261333	1.000000
167.600000	60.510000	-155.025604	22.329000	-2.827884	155.528026	1265.498156	1.000000
167.600000	60.510000	-155.025604	22.579000	-2.770002	155.428013	1258.734980	1.000000
167.600000	60.510000	-155.025604	22.829000	-2.090036	155.326805	1251.971803	1.000000
167.600000	60.510000	-155.025604	23.079000	-0.899259	155.224405	1245.378644	1.000000
167.600000	60.510000	-155.025604	23.329000	0.338723	155.120777	1239.156023	0.000000
167.600000	60.510000	-155.025604	23.579000	0.402569	155.015926	1232.933403	0.000000
167.600000	60.510000	-155.025604	23.829000	0.467134	154.909813	1226.710782	0.000000
167.600000	60.510000	-155.025604	24.079000	0.532410	154.802443	1220.488162	0.000000
167.600000	60.510000	-155.025604	24.329000	0.598433	154.693775	1214.265541	0.000000
167.600000	60.510000	-155.025604	24.579000	0.665194	154.583815	1208.042920	0.000000
167.600000	60.510000	-155.025604	24.829000	0.888760	154.472522	1201.820300	0.000000
167.600000	60.510000	-155.025604	25.079000	0.856682	154.359900	1195.505957	0.000000
167.600000	60.510000	-155.025604	25.329000	0.992838	154.245907	1189.152660	0.000000
167.600000	60.510000	-155.025604	25.579000	1.062909	154.130548	1182.799363	0.000000
167.600000	60.510000	-155.025604	25.829000	1.133817	154.013778	1176.446066	0.000000
167.600000	60.510000	-155.025604	26.079000	1.205554	153.895603	1170.092770	1.000000
167.600000	60.510000	-154.775604	21.829000	-0.803323	155.618031	1282.253482	1.000000
167.600000	60.510000	-154.775604	22.079000	-1.626768	155.520265	1275.490305	1.000000
167.600000	60.510000	-154.775604	22.329000	-2.721200	155.421341	1268.727129	1.000000
167.600000	60.510000	-154.775604	22.579000	-2.663242	155.321253	1261.963952	1.000000
167.600000	60.510000	-154.775604	22.829000	-2.604664	155.219978	1255.200775	1.000000
167.600000	60.510000	-154.775604	23.079000	-2.080350	155.117506	1248.437599	0.000000
167.600000	60.510000	-154.775604	23.329000	-0.904583	155.013815	1241.764875	0.000000
167.600000	60.510000	-154.775604	23.579000	0.509600	154.908894	1235.542255	0.000000
167.600000	60.510000	-154.775604	23.829000	0.574225	154.802721	1229.319634	0.000000
167.600000	60.510000	-154.775604	24.079000	0.639568	154.695285	1223.097014	0.000000
167.600000	60.510000	-154.775604	24.329000	0.705647	154.586562	1216.874393	0.000000
167.600000	60.510000	-154.775604	24.579000	0.772470	154.476539	1210.651772	0.000000
167.600000	60.510000	-154.775604	24.829000	0.930652	154.365194	1204.429152	0.000000
167.600000	60.510000	-154.775604	25.079000	0.895279	154.252514	1198.154667	0.000000
167.600000	60.510000	-154.775604	25.329000	1.100271	154.138474	1191.801370	0.000000
167.600000	60.510000	-154.775604	25.579000	1.170395	154.023061	1185.448073	0.000000
167.600000	60.510000	-154.775604	25.829000	1.241345	153.906250	1179.094777	0.000000
167.600000	60.510000	-154.775604	26.079000	1.313131	153.788026	1172.741480	0.000000
167.600000	60.510000	-154.525604	22.329000	-0.678630	155.315518	1271.956101	0.000000
167.600000	60.510000	-154.525604	22.579000	-1.573330	155.215369	1265.192924	0.000000
167.600000	60.510000	-154.525604	22.829000	-2.498712	155.114026	1258.429747	0.000000
167.600000	60.510000	-154.525604	23.079000	-2.439449	155.011496	1251.666571	0.000000
167.600000	60.510000	-154.525604	23.329000	-2.068829	154.907740	1244.903394	0.000000
167.600000	60.510000	-154.525604	23.579000	-0.907769	154.802765	1238.151107	0.000000
167.600000	60.510000	-154.525604	23.829000	0.395440	154.696530	1231.928486	0.000000
167.600000	60.510000	-154.525604	24.079000	0.745809	154.589043	1225.705866	0.000000
167.600000	60.510000	-154.525604	24.329000	0.811946	154.480262	1219.483245	0.000000
167.600000	60.510000	-154.525604	24.579000	0.878816	154.370193	1213.260625	0.000000
167.600000	60.510000	-154.525604	24.829000	0.967485	154.258795	1207.038004	0.000000
167.600000	60.510000	-154.525604	25.079000	1.047796	154.146073	1200.803377	0.000000
167.600000	60.510000	-154.525604	25.329000	1.206762	154.031984	1194.450080	0.000000
167.600000	60.510000	-154.525604	25.579000	1.276922	153.916534	1188.096784	0.000000
167.600000	60.510000	-154.525604	25.829000	1.347916	153.799678	1181.743487	0.000000
167.600000	60.510000	-154.275604	23.079000	-1.518215	154.906329	1254.895543	0.000000
167.600000	60.510000	-154.275604	23.329000	-2.274319	154.802524	1248.132366	0.000000
167.600000	60.510000	-154.275604	23.579000	-2.174105	154.697493	1241.369190	0.000000
167.600000	60.510000	-154.275604	23.829000	-0.908829	154.591213	1234.606013	0.000000
167.600000	60.510000	-154.275604	24.079000	0.358447	154.483672	1228.314718	0.000000
167.600000	60.510000	-154.275604	24.329000	0.917358	154.374850	1222.092097	0.000000
167.600000	60.510000	-154.275604	24.579000	0.984277	154.264732	1215.869477	0.000000
167.600000	60.510000	-154.275604	24.829000	1.051956	154.153298	1209.646856	0.000000
167.600000	60.510000	-154.275604	25.079000	1.249672	154.040531	1203.424236	0.000000
167.600000	60.510000	-154.275604	25.329000	1.264483	153.926411	1197.098791	0.000000
167.600000	60.510000	-154.275604	25.579000	1.382536	153.810921	1190.745494	0.000000
167.600000	60.510000	-154.275604	25.829000	1.453555	153.694040	1184.392197	0.000000
167.600000	60.510000	-154.025604	23.579000	-1.461435	154.593119	1244.598162	0.000000
167.600000	60.510000	-154.025604	23.829000	-2.048002	154.486791	1237.834985	0.000000
167.600000	60.510000	-154.025604	24.079000	-0.907872	154.379214	1231.071808	0.000000
167.600000	60.510000	-154.025604	24.329000	0.343009	154.270348	1224.700949	0.000000
167.600000	60.510000	-154.025604	24.579000	1.088811	154.160198	1218.478329	0.000000
167.600000	60.510000	-154.025604	24.829000	1.156530	154.048723	1212.255708	0.000000
167.600000	60.510000	-154.025604	25.079000	1.335054	153.935930	1206.033088	0.000000
167.600000	60.510000	-154.025604	25.329000	1.300338	153.821774	1199.747501	0.000000
167.600000	60.510000	-154.025604	25.579000	1.487194	153.706263	1193.394204	0.000000
167.600000	60.510000	-154.025604	25.829000	1.558243	153.589351	1187.040908	0.000000
167.600000	60.510000	-153.775604	24.079000	-1.402918	154.275624	1234.300781	0.000000
167.600000	60.510000	-153.775604	24.329000	-0.904907	154.166731	1227.537604	0.000000
167.600000	60.510000	-153.775604	24.579000	0.329914	154.056545	1221.087181	0.000000
167.600000	60.510000	-153.775604	24.829000	1.260205	153.945049	1214.864560	0.000000
167.600000	60.510000	-153.775604	25.079000	1.369204	153.832224	1208.641940	0.000000
167.600000	60.510000	-153.775604	25.329000	1.404245	153.718052	1202.396211	1.000000
167.600000	60.510000	-153.775604	25.579000	1.590942	153.602514	1196.042915	1.000000
167.600000	60.510000	-153.525604	24.579000	-0.579389	153.953815	1224.003400	0.000000
167.600000	60.510000	-153.525604	24.829000	0.319074	153.842291	1217.473412	0.000000
167.600000	60.510000	-153.525604	25.079000	1.431481	153.729454	1211.250792	1.000000
167.600000	60.510000	-153.525604	25.329000	1.603287	153.615260	1205.028171	1.000000
167.600000	60.510000	-153.525604	25.579000	1.664943	153.499716	1198.691625	1.000000
167.600000	60.510000	-153.275604	25.079000	0.464792	153.627576	1213.859644	1.000000
167.600000	60.510000	-153.275604	25.329000	1.732200	153.513380	1207.637023	1.000000
