-155.772995	19.079000	1490.779000	-0.215229
-155.996994	20.771000	1533.769000	-2.102979
-155.710999	20.046000	1516.765000	0.584664
-156.658005	20.891001	1528.764000	-2.948754
-157.270004	21.108999	1527.783000	-1.557840
-159.664993	22.122999	1534.764000	-0.988448
-156.755997	21.136000	1533.775000	-2.260065
-158.903000	21.298401	1527.747000	-4.762292
-160.047501	19.823400	1467.768000	-1.869362
-162.025604	19.986300	1457.752000	NaN
-161.314896	21.956301	1515.764000	2.135570
-161.095001	23.997200	1572.754000	-1.438712
-158.933105	24.573799	1603.751000	0.362655
-156.964600	24.312099	1614.756000	0.055581
-158.185394	22.620199	1561.770000	-1.447694
-155.636200	22.299900	1576.757000	-0.149441
-154.251801	21.168699	1560.760000	-1.256921
-152.981201	18.301800	1501.763000	NaN
-150.914993	18.914200	1544.760000	NaN
-149.000900	16.989000	1525.750000	NaN
-151.686600	14.689100	1432.864000	NaN
-153.967499	14.731300	1402.757000	NaN
-156.206604	16.162001	1409.757000	1.084758
-157.859100	14.659600	1353.745000	NaN
-157.700806	16.348400	1397.762000	NaN
-158.179504	20.377800	1498.751000	-0.760533
