-155.765305	26.776699	1169.869000	0.673419
-155.772995	19.079000	1367.603000	2.556811
-155.996994	20.771000	1320.592000	3.412711
-155.710999	20.046000	1343.587000	1.584146
-159.401001	21.971001	1250.611000	-2.039939
-156.658005	20.891001	1310.585000	2.627581
-157.270004	21.108999	1298.606000	0.789451
-159.664993	22.122999	1247.575000	-0.370712
-156.755997	21.136000	1302.605000	2.656411
-158.903000	21.298401	1284.647000	1.705720
-160.047501	19.823400	1302.582000	-1.717432
-162.025604	19.986300	1279.579000	NaN
-161.314896	21.956301	1235.517000	-0.884656
-161.095001	23.997200	1185.580000	0.138386
-158.933105	24.573799	1192.650000	-0.061743
-155.765305	26.776699	1169.569000	0.673419
-152.765793	25.592800	1231.414000	NaN
-156.964600	24.312099	1218.626000	0.508024
-158.185394	22.620199	1249.592000	0.705685
-155.636200	22.299900	1284.377000	1.369761
-154.251801	21.168699	1324.577000	4.799196
-152.981201	18.301800	1406.635000	3.915425
-150.914993	18.914200	1415.701000	NaN
-149.000900	16.989000	1484.652000	NaN
-151.686600	14.689100	1515.709000	NaN
-153.967499	14.731300	1493.581000	2.835967
-153.868195	17.315399	1428.638000	4.505561
-156.206604	16.162001	1437.579000	-1.591094
-157.859100	14.659600	1453.648000	-5.394033
-157.700806	16.348400	1415.676000	-5.559030
-158.982498	15.574000	1419.594000	-4.513863
-158.760193	18.564699	1348.583000	-1.436957
-158.179504	20.377800	1307.613000	-0.668033
