151.360000	-5.990000	-161.525604	19.981300	4.057222	65.678826	1445.219297	1.000000
151.360000	-5.990000	-161.525604	20.231300	0.093280	65.508252	1447.527584	1.000000
151.360000	-5.990000	-161.525604	20.481300	-5.068964	65.338474	1450.790760	1.000000
151.360000	-5.990000	-161.525604	20.731300	-3.285282	65.169645	1453.982381	1.000000
151.360000	-5.990000	-161.525604	20.981300	-3.077680	65.001614	1457.174002	0.000000
151.360000	-5.990000	-161.275604	19.731300	4.322641	66.006764	1448.709329	1.000000
151.360000	-5.990000	-161.275604	19.981300	3.404055	65.836411	1451.204902	1.000000
151.360000	-5.990000	-161.275604	20.231300	4.631873	65.666907	1453.537743	1.000000
151.360000	-5.990000	-161.275604	20.481300	-2.660852	65.498272	1455.792098	1.000000
151.360000	-5.990000	-161.275604	20.731300	-8.230723	65.330492	1459.569056	0.000000
151.360000	-5.990000	-161.275604	20.981300	-3.239648	65.163581	1462.760677	0.000000
151.360000	-5.990000	-161.275604	21.231300	-3.033541	64.997527	1465.952298	0.000000
151.360000	-5.990000	-161.275604	21.481300	-2.827821	64.832344	1469.143920	0.000000
151.360000	-5.990000	-161.275604	21.731300	-2.622479	64.668020	1472.335541	0.000000
151.360000	-5.990000	-161.275604	21.981300	-2.417523	64.504567	1475.527162	0.000000
151.360000	-5.990000	-161.025604	19.481300	4.962744	66.332305	1452.387916	0.000000
151.360000	-5.990000	-161.025604	19.731300	3.150017	66.162259	1454.694934	1.000000
151.360000	-5.990000	-161.025604	19.981300	3.150973	65.992986	1457.190506	1.000000
151.360000	-5.990000	-161.025604	20.231300	4.376866	65.824636	1459.547901	1.000000
151.360000	-5.990000	-161.025604	20.481300	4.982487	65.657061	1461.802256	0.000000
151.360000	-5.990000	-161.025604	20.731300	-5.737237	65.490412	1464.056611	0.000000
151.360000	-5.990000	-161.025604	20.981300	-9.921790	65.324539	1468.347352	0.000000
151.360000	-5.990000	-161.025604	21.231300	-3.195607	65.159593	1471.538973	0.000000
151.360000	-5.990000	-161.025604	21.481300	-2.990904	64.995427	1474.730594	0.000000
151.360000	-5.990000	-161.025604	21.731300	-2.786647	64.832189	1477.922216	0.000000
151.360000	-5.990000	-161.025604	21.981300	-2.582688	64.669731	1481.113837	0.000000
151.360000	-5.990000	-161.025604	22.231300	-2.379174	64.508203	1484.305458	0.000000
151.360000	-5.990000	-161.025604	22.481300	-2.175958	64.347457	1487.497079	0.000000
151.360000	-5.990000	-161.025604	22.731300	-1.973189	64.187641	1490.688701	0.000000
151.360000	-5.990000	-161.025604	22.981300	-1.770719	64.028608	1493.880322	0.000000
151.360000	-5.990000	-160.775604	19.231300	6.092111	66.655422	1456.260108	0.000000
151.360000	-5.990000	-160.775604	19.481300	4.036367	66.485647	1458.184965	0.000000
151.360000	-5.990000	-160.775604	19.731300	2.255801	66.316692	1460.680538	0.000000
151.360000	-5.990000	-160.775604	19.981300	2.898989	66.148587	1463.176111	0.000000
151.360000	-5.990000	-160.775604	20.231300	4.123036	65.981307	1465.558060	0.000000
151.360000	-5.990000	-160.775604	20.481300	4.824671	65.814877	1467.812414	0.000000
151.360000	-5.990000	-160.775604	20.731300	2.797764	65.649276	1470.066769	0.000000
151.360000	-5.990000	-160.775604	20.981300	-8.915181	65.484525	1472.888879	0.000000
151.360000	-5.990000	-160.775604	21.231300	-9.206281	65.320608	1477.125648	0.000000
151.360000	-5.990000	-160.775604	21.481300	-3.153018	65.157541	1480.317269	0.000000
151.360000	-5.990000	-160.775604	21.731300	-2.949769	64.995310	1483.508890	0.000000
151.360000	-5.990000	-160.775604	21.981300	-2.746886	64.833930	1486.700512	0.000000
151.360000	-5.990000	-160.775604	22.231300	-2.544359	64.673388	1489.892133	0.000000
151.360000	-5.990000	-160.775604	22.481300	-2.342199	64.513697	1493.083754	0.000000
151.360000	-5.990000	-160.775604	22.731300	-2.140396	64.354848	1496.275375	0.000000
151.360000	-5.990000	-160.775604	22.981300	-1.938959	64.196848	1499.466997	0.000000
151.360000	-5.990000	-160.775604	23.231300	-1.737881	64.039692	1502.658618	1.000000
151.360000	-5.990000	-160.775604	23.481300	-1.523318	63.883385	1505.850239	1.000000
151.360000	-5.990000	-160.525604	18.981300	6.208517	66.976102	1460.132299	0.000000
151.360000	-5.990000	-160.525604	19.231300	4.700691	66.806679	1461.951062	0.000000
151.360000	-5.990000	-160.525604	19.481300	2.991051	66.638004	1464.170570	0.000000
151.360000	-5.990000	-160.525604	19.731300	2.102266	66.470228	1466.666143	0.000000
151.360000	-5.990000	-160.525604	19.981300	2.648114	66.303202	1469.161715	0.000000
151.360000	-5.990000	-160.525604	20.231300	3.870226	66.137077	1471.568218	0.000000
151.360000	-5.990000	-160.525604	20.481300	4.667842	65.971706	1473.822573	0.000000
151.360000	-5.990000	-160.525604	20.731300	4.861692	65.807237	1476.076928	0.000000
151.360000	-5.990000	-160.525604	20.981300	-0.843710	65.643525	1478.331282	0.000000
151.360000	-5.990000	-160.525604	21.231300	-12.180115	65.480718	1481.848832	0.000000
151.360000	-5.990000	-160.525604	21.481300	-8.049294	65.318669	1485.903944	0.000000
151.360000	-5.990000	-160.525604	21.731300	-3.111984	65.157526	1489.095565	1.000000
151.360000	-5.990000	-160.525604	21.981300	-2.910100	64.997143	1492.287187	1.000000
151.360000	-5.990000	-160.525604	22.231300	-2.708638	64.837667	1495.478808	1.000000
151.360000	-5.990000	-160.525604	22.481300	-2.507456	64.678954	1498.670429	1.000000
151.360000	-5.990000	-160.525604	22.731300	-2.306697	64.521149	1501.862050	0.000000
151.360000	-5.990000	-160.525604	22.981300	-2.127949	64.364107	1505.053672	0.000000
151.360000	-5.990000	-160.525604	23.231300	-1.870375	64.207973	1508.245293	1.000000
151.360000	-5.990000	-160.525604	23.481300	-1.654447	64.052604	1511.396101	1.000000
151.360000	-5.990000	-160.275604	18.981300	5.978385	67.125205	1465.823254	0.000000
151.360000	-5.990000	-160.275604	19.231300	3.762538	66.956893	1467.660602	0.000000
151.360000	-5.990000	-160.275604	19.481300	1.752783	66.789409	1470.156174	0.000000
151.360000	-5.990000	-160.275604	19.731300	1.949771	66.622722	1472.651747	0.000000
151.360000	-5.990000	-160.275604	19.981300	2.398317	66.456864	1475.147320	0.000000
151.360000	-5.990000	-160.275604	20.231300	3.618574	66.291809	1477.578376	0.000000
151.360000	-5.990000	-160.275604	20.481300	4.511965	66.127583	1479.832731	0.000000
151.360000	-5.990000	-160.275604	20.731300	4.704765	65.964164	1482.087086	0.000000
151.360000	-5.990000	-160.275604	20.981300	4.897086	65.801575	1484.341441	0.000000
151.360000	-5.990000	-160.275604	21.231300	-4.906424	65.639797	1486.595796	0.000000
151.360000	-5.990000	-160.275604	21.481300	-15.514323	65.478849	1490.808784	1.000000
151.360000	-5.990000	-160.275604	21.731300	-6.906200	65.318715	1494.682240	1.000000
151.360000	-5.990000	-160.275604	21.981300	-3.072368	65.159411	1497.873861	2.000000
151.360000	-5.990000	-160.275604	22.231300	-2.871896	65.000925	1501.065483	1.000000
151.360000	-5.990000	-160.275604	22.481300	-2.671770	64.843269	1504.257104	1.000000
151.360000	-5.990000	-160.275604	22.731300	-2.484790	64.686433	1507.448725	1.000000
151.360000	-5.990000	-160.275604	22.981300	-2.214705	64.530427	1510.630067	0.000000
151.360000	-5.990000	-160.275604	23.231300	-1.982885	64.375243	1513.777396	0.000000
151.360000	-5.990000	-160.275604	23.481300	-3.630060	64.220889	1516.924726	1.000000
151.360000	-5.990000	-160.025604	18.731300	5.719627	67.441333	1469.695445	0.000000
151.360000	-5.990000	-160.025604	18.981300	4.555019	67.273349	1471.514208	0.000000
151.360000	-5.990000	-160.025604	19.231300	2.842336	67.106236	1473.646206	0.000000
151.360000	-5.990000	-160.025604	19.481300	1.602340	66.939852	1476.141779	0.000000
151.360000	-5.990000	-160.025604	19.731300	1.798151	66.774342	1478.637351	0.000000
151.360000	-5.990000	-160.025604	19.981300	2.149607	66.609564	1481.132924	0.000000
151.360000	-5.990000	-160.025604	20.231300	3.367919	66.445663	1483.588535	0.000000
151.360000	-5.990000	-160.025604	20.481300	4.357051	66.282497	1485.842890	0.000000
151.360000	-5.990000	-160.025604	20.731300	4.548718	66.120211	1488.097244	0.000000
151.360000	-5.990000	-160.025604	20.981300	4.740000	65.958661	1490.351599	0.000000
151.360000	-5.990000	-160.025604	21.231300	4.930752	65.797993	1492.605954	1.000000
151.360000	-5.990000	-160.025604	21.481300	-9.160044	65.638065	1494.860309	1.000000
151.360000	-5.990000	-160.025604	21.731300	-17.264761	65.479020	1499.768736	1.000000
151.360000	-5.990000	-160.025604	21.981300	-5.777813	65.320717	1503.460536	2.000000
151.360000	-5.990000	-160.025604	22.231300	-3.034269	65.163298	1506.652157	1.000000
151.360000	-5.990000	-160.025604	22.481300	-2.826032	65.006623	1509.843779	1.000000
151.360000	-5.990000	-160.025604	22.731300	-2.556392	64.850833	1513.011363	1.000000
151.360000	-5.990000	-160.025604	22.981300	-2.354666	64.695788	1516.158692	1.000000
151.360000	-5.990000	-160.025604	23.231300	-2.156673	64.541629	1519.306021	0.000000
151.360000	-5.990000	-159.775604	18.481300	5.382695	67.754915	1473.567636	1.000000
151.360000	-5.990000	-159.775604	18.731300	5.573625	67.587335	1475.386400	1.000000
151.360000	-5.990000	-159.775604	18.981300	3.501204	67.420562	1477.205163	0.000000
151.360000	-5.990000	-159.775604	19.231300	1.527897	67.254559	1479.631811	0.000000
151.360000	-5.990000	-159.775604	19.481300	1.452828	67.089364	1482.127383	0.000000
151.360000	-5.990000	-159.775604	19.731300	1.647550	66.924943	1484.622956	0.000000
151.360000	-5.990000	-159.775604	19.981300	1.901953	66.761332	1487.118529	0.000000
151.360000	-5.990000	-159.775604	20.231300	3.104216	66.598501	1489.598693	0.000000
151.360000	-5.990000	-159.775604	20.481300	4.203068	66.436480	1491.853048	0.000000
151.360000	-5.990000	-159.775604	20.731300	4.393686	66.275243	1494.107403	0.000000
151.360000	-5.990000	-159.775604	20.981300	4.583844	66.114818	1496.361758	0.000000
151.360000	-5.990000	-159.775604	21.231300	4.773566	65.955180	1498.616112	1.000000
151.360000	-5.990000	-159.775604	21.481300	3.021314	65.796354	1500.870467	1.000000
151.360000	-5.990000	-159.775604	21.731300	-13.569992	65.638319	1503.621942	1.000000
151.360000	-5.990000	-159.775604	21.981300	-16.700117	65.481097	1508.728689	2.000000
151.360000	-5.990000	-159.775604	22.231300	-4.339187	65.324669	1512.238832	1.000000
151.360000	-5.990000	-159.775604	22.481300	-2.895302	65.169053	1515.392658	1.000000
151.360000	-5.990000	-159.775604	22.731300	-2.716464	65.014235	1518.539987	1.000000
151.360000	-5.990000	-159.775604	22.981300	-2.519107	64.860229	1521.687317	1.000000
151.360000	-5.990000	-159.775604	23.231300	-3.963673	64.707024	1524.834646	0.000000
151.360000	-5.990000	-159.525604	18.231300	5.048509	68.066059	1477.439828	1.000000
151.360000	-5.990000	-159.525604	18.481300	5.238756	67.898854	1479.258591	1.000000
151.360000	-5.990000	-159.525604	18.731300	4.447871	67.732493	1481.077354	1.000000
151.360000	-5.990000	-159.525604	18.981300	2.598616	67.566839	1483.121842	1.000000
151.360000	-5.990000	-159.525604	19.231300	1.110241	67.402033	1485.617415	1.000000
151.360000	-5.990000	-159.525604	19.481300	1.304255	67.237937	1488.112988	0.000000
151.360000	-5.990000	-159.525604	19.731300	1.497801	67.074692	1490.608560	0.000000
151.360000	-5.990000	-159.525604	19.981300	1.691018	66.912160	1493.104133	0.000000
151.360000	-5.990000	-159.525604	20.231300	2.817292	66.750483	1495.599706	0.000000
151.360000	-5.990000	-159.525604	20.481300	4.013685	66.589522	1497.863206	0.000000
151.360000	-5.990000	-159.525604	20.731300	4.239511	66.429418	1500.117561	0.000000
151.360000	-5.990000	-159.525604	20.981300	4.428630	66.270032	1502.371916	1.000000
151.360000	-5.990000	-159.525604	21.231300	4.617239	66.111506	1504.626271	2.000000
151.360000	-5.990000	-159.525604	21.481300	4.805480	65.953701	1506.880626	2.000000
151.360000	-5.990000	-159.525604	21.731300	-0.480351	65.796757	1509.134980	2.000000
151.360000	-5.990000	-159.525604	21.981300	-17.633226	65.640535	1512.581894	2.000000
151.360000	-5.990000	-159.525604	22.231300	-11.075170	65.485177	1517.773954	2.000000
151.360000	-5.990000	-159.525604	22.481300	-3.075640	65.330544	1520.921283	2.000000
151.360000	-5.990000	-159.525604	22.731300	-2.879003	65.176775	1524.068612	2.000000
151.360000	-5.990000	-159.525604	22.981300	-2.682610	65.023732	1527.215942	1.000000
151.360000	-5.990000	-159.525604	23.231300	-4.988370	64.871555	1530.363271	0.000000
151.360000	-5.990000	-159.275604	17.981300	4.717217	68.374619	1481.312019	1.000000
151.360000	-5.990000	-159.275604	18.231300	4.906710	68.207858	1483.130782	1.000000
151.360000	-5.990000	-159.275604	18.481300	5.095727	68.041883	1484.949545	1.000000
151.360000	-5.990000	-159.275604	18.731300	3.252478	67.876651	1486.768309	1.000000
151.360000	-5.990000	-159.275604	18.981300	1.385865	67.712205	1489.107447	1.000000
151.360000	-5.990000	-159.275604	19.231300	0.963767	67.548507	1491.603019	1.000000
151.360000	-5.990000	-159.275604	19.481300	1.156593	67.385599	1494.098592	0.000000
151.360000	-5.990000	-159.275604	19.731300	1.349051	67.223443	1496.594165	0.000000
151.360000	-5.990000	-159.275604	19.981300	1.541101	67.062077	1499.089738	0.000000
151.360000	-5.990000	-159.275604	20.231300	2.545447	66.901469	1501.585310	0.000000
151.360000	-5.990000	-159.275604	20.481300	3.764065	66.741653	1503.873365	0.000000
151.360000	-5.990000	-159.275604	20.731300	4.086330	66.582599	1506.127719	0.000000
151.360000	-5.990000	-159.275604	20.981300	4.274325	66.424337	1508.382074	1.000000
151.360000	-5.990000	-159.275604	21.231300	4.461904	66.266842	1510.636429	1.000000
151.360000	-5.990000	-159.275604	21.481300	4.649041	66.110139	1512.890784	1.000000
151.360000	-5.990000	-159.275604	21.731300	4.431985	65.954207	1515.145139	1.000000
151.360000	-5.990000	-159.275604	21.981300	-8.265432	65.799068	1517.628058	2.000000
151.360000	-5.990000	-159.275604	22.231300	-15.601982	65.644703	1523.025258	1.000000
151.360000	-5.990000	-159.275604	22.481300	-4.266310	65.491132	1526.449908	1.000000
151.360000	-5.990000	-159.275604	22.731300	-3.040565	65.338336	1529.597237	1.000000
151.360000	-5.990000	-159.275604	22.981300	-4.288792	65.186335	1532.744567	1.000000
151.360000	-5.990000	-159.025604	17.731300	4.388707	68.680705	1485.184210	1.000000
151.360000	-5.990000	-159.025604	17.981300	4.577472	68.514363	1487.002973	1.000000
151.360000	-5.990000	-159.025604	18.231300	4.765727	68.348841	1488.821737	1.000000
151.360000	-5.990000	-159.025604	18.481300	4.351197	68.184002	1490.640500	1.000000
151.360000	-5.990000	-159.025604	18.731300	2.338407	68.019987	1492.597479	1.000000
151.360000	-5.990000	-159.025604	18.981300	0.626083	67.856658	1495.093051	1.000000
151.360000	-5.990000	-159.025604	19.231300	0.818119	67.694156	1497.588624	1.000000
151.360000	-5.990000	-159.025604	19.481300	1.009848	67.532344	1500.084197	1.000000
151.360000	-5.990000	-159.025604	19.731300	1.201130	67.371363	1502.579769	0.000000
151.360000	-5.990000	-159.025604	19.981300	1.392103	67.211076	1505.075342	1.000000
151.360000	-5.990000	-159.025604	20.231300	2.298679	67.051622	1507.570915	1.000000
151.360000	-5.990000	-159.025604	20.481300	3.515483	66.892865	1509.883523	1.000000
151.360000	-5.990000	-159.025604	20.731300	3.933986	66.734943	1512.137878	1.000000
151.360000	-5.990000	-159.025604	20.981300	4.120940	66.577722	1514.392233	1.000000
151.360000	-5.990000	-159.025604	21.231300	4.454703	66.421339	1516.646588	1.000000
151.360000	-5.990000	-159.025604	21.481300	3.855367	66.265658	1518.900942	1.000000
151.360000	-5.990000	-159.025604	21.731300	3.304743	66.110817	1521.483876	1.000000
151.360000	-5.990000	-159.025604	21.981300	0.548728	65.956681	1524.066902	2.000000
151.360000	-5.990000	-159.025604	22.231300	-11.847854	65.803387	1527.520646	2.000000
151.360000	-5.990000	-159.025604	22.481300	-8.088126	65.650800	1531.978533	2.000000
151.360000	-5.990000	-159.025604	22.731300	-3.201284	65.499056	1535.125862	2.000000
151.360000	-5.990000	-159.025604	22.981300	-5.440992	65.348020	1538.273191	1.000000
151.360000	-5.990000	-158.775604	17.731300	4.251097	68.818314	1490.875165	1.000000
151.360000	-5.990000	-158.775604	17.981300	4.438614	68.653222	1492.693928	1.000000
151.360000	-5.990000	-158.775604	18.231300	4.859669	68.488844	1494.512691	1.000000
151.360000	-5.990000	-158.775604	18.481300	3.588399	68.325233	1496.331455	1.000000
151.360000	-5.990000	-158.775604	18.731300	1.491292	68.162342	1498.583083	1.000000
151.360000	-5.990000	-158.775604	18.981300	0.620477	68.000220	1501.078656	1.000000
151.360000	-5.990000	-158.775604	19.231300	0.702324	67.838825	1503.574228	1.000000
151.360000	-5.990000	-158.775604	19.481300	0.863993	67.678199	1506.069801	1.000000
151.360000	-5.990000	-158.775604	19.731300	1.054188	67.518305	1508.565374	1.000000
151.360000	-5.990000	-158.775604	19.981300	1.243995	67.359184	1511.060946	1.000000
151.360000	-5.990000	-158.775604	20.231300	2.053010	67.200798	1513.556519	1.000000
151.360000	-5.990000	-158.775604	20.481300	3.267908	67.043186	1515.893681	1.000000
151.360000	-5.990000	-158.775604	20.731300	3.782615	66.886314	1518.148036	1.000000
151.360000	-5.990000	-158.775604	20.981300	3.871297	66.730217	1520.402391	1.000000
151.360000	-5.990000	-158.775604	21.231300	3.285141	66.574865	1522.756669	1.000000
151.360000	-5.990000	-158.775604	21.481300	3.109125	66.420288	1525.339695	1.000000
151.360000	-5.990000	-158.775604	21.731300	3.295507	66.266459	1527.922721	1.000000
151.360000	-5.990000	-158.775604	21.981300	3.481350	66.113407	1530.505747	3.000000
151.360000	-5.990000	-158.775604	22.231300	-4.319768	65.961107	1533.088773	2.000000
151.360000	-5.990000	-158.775604	22.481300	-8.833488	65.809583	1537.507158	2.000000
151.360000	-5.990000	-158.775604	22.731300	-4.605409	65.658815	1540.654487	2.000000
151.360000	-5.990000	-158.775604	22.981300	-6.196939	65.508823	1544.137850	1.000000
151.360000	-5.990000	-158.525604	17.481300	3.927561	69.119736	1494.747356	0.000000
151.360000	-5.990000	-158.525604	17.731300	4.382539	68.955135	1496.566119	1.000000
151.360000	-5.990000	-158.525604	17.981300	4.210751	68.791195	1498.384883	1.000000
151.360000	-5.990000	-158.525604	18.231300	3.648973	68.628053	1500.373136	1.000000
151.360000	-5.990000	-158.525604	18.481300	3.117753	68.465575	1502.461146	1.000000
151.360000	-5.990000	-158.525604	18.731300	1.898309	68.303899	1504.720952	1.000000
151.360000	-5.990000	-158.525604	18.981300	1.331033	68.142891	1507.149254	1.000000
151.360000	-5.990000	-158.525604	19.231300	1.223810	67.982689	1509.577555	1.000000
151.360000	-5.990000	-158.525604	19.481300	1.046172	67.823160	1512.055406	2.000000
151.360000	-5.990000	-158.525604	19.731300	1.058769	67.664439	1514.550978	1.000000
151.360000	-5.990000	-158.525604	19.981300	1.138896	67.506395	1517.046551	1.000000
151.360000	-5.990000	-158.525604	20.231300	1.808275	67.349162	1519.542124	1.000000
151.360000	-5.990000	-158.525604	20.481300	3.021350	67.192608	1521.903840	1.000000
151.360000	-5.990000	-158.525604	20.731300	3.294169	67.036870	1524.158195	1.000000
151.360000	-5.990000	-158.525604	20.981300	2.721242	66.881813	1526.612488	1.000000
151.360000	-5.990000	-158.525604	21.231300	2.769925	66.727573	1529.195514	1.000000
151.360000	-5.990000	-158.525604	21.481300	2.955529	66.574018	1531.778540	1.000000
151.360000	-5.990000	-158.525604	21.731300	3.140684	66.421282	1534.361566	2.000000
151.360000	-5.990000	-158.525604	21.981300	3.325523	66.269234	1536.944592	2.000000
151.360000	-5.990000	-158.525604	22.231300	1.289048	66.118007	1539.527618	2.000000
151.360000	-5.990000	-158.525604	22.481300	-5.081820	65.967468	1542.733522	2.000000
151.360000	-5.990000	-158.525604	22.731300	-6.929341	65.817753	1546.183112	1.000000
151.360000	-5.990000	-158.275604	17.231300	3.909512	69.418567	1498.619547	0.000000
151.360000	-5.990000	-158.275604	17.481300	3.632000	69.254439	1500.438311	0.000000
151.360000	-5.990000	-158.275604	17.731300	3.071894	69.090998	1502.451351	1.000000
151.360000	-5.990000	-158.275604	17.981300	3.321732	68.928303	1504.539360	1.000000
151.360000	-5.990000	-158.275604	18.231300	3.640070	68.766301	1506.627370	1.000000
151.360000	-5.990000	-158.275604	18.481300	3.379321	68.605048	1508.715380	1.000000
151.360000	-5.990000	-158.275604	18.731300	2.070582	68.444495	1510.916598	1.000000
151.360000	-5.990000	-158.275604	18.981300	1.379335	68.284692	1513.344900	1.000000
151.360000	-5.990000	-158.275604	19.231300	1.566636	68.125595	1515.773202	1.000000
151.360000	-5.990000	-158.275604	19.481300	1.678803	67.967250	1518.201503	1.000000
151.360000	-5.990000	-158.275604	19.731300	1.763249	67.809615	1520.629805	1.000000
151.360000	-5.990000	-158.275604	19.981300	1.686823	67.652734	1523.058107	1.000000
151.360000	-5.990000	-158.275604	20.231300	1.931544	67.496569	1525.527728	1.000000
151.360000	-5.990000	-158.275604	20.481300	1.968491	67.341160	1527.913998	1.000000
151.360000	-5.990000	-158.275604	20.731300	1.921510	67.186470	1530.468307	1.000000
151.360000	-5.990000	-158.275604	20.981300	2.193696	67.032538	1533.051333	2.000000
151.360000	-5.990000	-158.275604	21.231300	2.377863	66.879329	1535.634359	1.000000
151.360000	-5.990000	-158.275604	21.481300	2.561650	66.726879	1538.217385	0.000000
151.360000	-5.990000	-158.275604	21.731300	2.745087	66.575156	1540.800411	1.000000
151.360000	-5.990000	-158.275604	21.981300	2.928142	66.424192	1543.383436	1.000000
151.360000	-5.990000	-158.275604	22.231300	3.110842	66.273960	1545.966462	1.000000
151.360000	-5.990000	-158.275604	22.481300	-1.097490	66.124487	1548.549488	1.000000
151.360000	-5.990000	-158.275604	22.731300	-6.694932	65.975749	1551.992832	1.000000
151.360000	-5.990000	-158.025604	16.981300	3.057365	69.714843	1502.491739	1.000000
151.360000	-5.990000	-158.025604	17.231300	2.498831	69.551243	1504.529565	1.000000
151.360000	-5.990000	-158.025604	17.481300	2.848527	69.388282	1506.617575	0.000000
151.360000	-5.990000	-158.025604	17.731300	3.133468	69.226093	1508.705584	0.000000
151.360000	-5.990000	-158.025604	17.981300	3.318259	69.064546	1510.793594	1.000000
151.360000	-5.990000	-158.025604	18.231300	3.502595	68.903777	1512.881604	1.000000
151.360000	-5.990000	-158.025604	18.481300	3.471193	68.743654	1514.969614	1.000000
151.360000	-5.990000	-158.025604	18.731300	2.164802	68.584313	1517.112244	1.000000
151.360000	-5.990000	-158.025604	18.981300	1.238405	68.425622	1519.540546	1.000000
151.360000	-5.990000	-158.025604	19.231300	1.424514	68.267717	1521.968848	1.000000
151.360000	-5.990000	-158.025604	19.481300	1.610335	68.110466	1524.397150	1.000000
151.360000	-5.990000	-158.025604	19.731300	1.795732	67.954003	1526.825451	1.000000
151.360000	-5.990000	-158.025604	19.981300	1.980837	67.798198	1529.253753	1.000000
151.360000	-5.990000	-158.025604	20.231300	1.816772	67.643186	1531.682055	1.000000
151.360000	-5.990000	-158.025604	20.481300	1.536215	67.488834	1534.158435	2.000000
151.360000	-5.990000	-158.025604	20.731300	1.449969	67.335277	1536.745711	2.000000
151.360000	-5.990000	-158.025604	20.981300	1.652343	67.182384	1539.328053	2.000000
151.360000	-5.990000	-158.025604	21.231300	1.835851	67.030289	1541.910394	2.000000
151.360000	-5.990000	-158.025604	21.481300	2.019075	66.878860	1544.492735	1.000000
151.360000	-5.990000	-158.025604	21.731300	2.201883	66.728231	1547.075076	2.000000
151.360000	-5.990000	-158.025604	21.981300	2.319215	66.578272	1549.657418	1.000000
151.360000	-5.990000	-158.025604	22.231300	2.577766	66.429114	1552.239759	1.000000
151.360000	-5.990000	-158.025604	22.481300	-0.355200	66.280627	1554.689682	1.000000
151.360000	-5.990000	-158.025604	22.731300	-6.008807	66.132944	1558.007623	1.000000
151.360000	-5.990000	-157.775604	16.731300	1.930096	70.008493	1506.607779	1.000000
151.360000	-5.990000	-157.775604	16.981300	2.379494	69.845407	1508.695789	1.000000
151.360000	-5.990000	-157.775604	17.231300	2.631051	69.682982	1510.783799	1.000000
151.360000	-5.990000	-157.775604	17.481300	2.815354	69.521282	1512.871808	0.000000
151.360000	-5.990000	-157.775604	17.731300	2.999312	69.360249	1514.959818	0.000000
151.360000	-5.990000	-157.775604	17.981300	3.182861	69.199944	1517.047828	0.000000
151.360000	-5.990000	-157.775604	18.231300	3.366059	69.040313	1519.135838	1.000000
151.360000	-5.990000	-157.775604	18.481300	3.548846	68.881412	1521.223847	1.000000
151.360000	-5.990000	-157.775604	18.731300	2.337929	68.723191	1523.311857	1.000000
151.360000	-5.990000	-157.775604	18.981300	1.113575	68.565702	1525.736192	0.000000
151.360000	-5.990000	-157.775604	19.231300	1.283332	68.408899	1528.164494	0.000000
151.360000	-5.990000	-157.775604	19.481300	1.467970	68.252830	1530.592796	1.000000
151.360000	-5.990000	-157.775604	19.731300	1.652283	68.097452	1533.021098	1.000000
151.360000	-5.990000	-157.775604	19.981300	2.094225	67.942811	1535.449399	1.000000
151.360000	-5.990000	-157.775604	20.231300	1.795936	67.788864	1537.810386	2.000000
151.360000	-5.990000	-157.775604	20.481300	1.019927	67.635656	1540.287573	2.000000
151.360000	-5.990000	-157.775604	20.731300	0.896108	67.483148	1542.923880	2.000000
151.360000	-5.990000	-157.775604	20.981300	1.349643	67.331379	1545.506222	2.000000
151.360000	-5.990000	-157.775604	21.231300	1.533370	67.180315	1548.088563	2.000000
151.360000	-5.990000	-157.775604	21.481300	1.716739	67.029991	1550.670904	1.000000
151.360000	-5.990000	-157.775604	21.731300	1.702966	66.880375	1553.253245	2.000000
151.360000	-5.990000	-157.775604	21.981300	2.498452	66.731501	1555.793424	2.000000
151.360000	-5.990000	-157.775604	22.231300	3.007479	66.583339	1558.105809	1.000000
151.360000	-5.990000	-157.775604	22.481300	-1.714529	66.435919	1560.478007	1.000000
151.360000	-5.990000	-157.525604	16.731300	1.536364	70.137043	1512.862013	1.000000
151.360000	-5.990000	-157.525604	16.981300	2.316613	69.975138	1514.950023	1.000000
151.360000	-5.990000	-157.525604	17.231300	2.500053	69.813980	1517.038032	1.000000
151.360000	-5.990000	-157.525604	17.481300	2.683193	69.653443	1519.126042	0.000000
151.360000	-5.990000	-157.525604	17.731300	2.865902	69.493658	1521.214052	0.000000
151.360000	-5.990000	-157.525604	17.981300	3.048307	69.334499	1523.302061	0.000000
151.360000	-5.990000	-157.525604	18.231300	3.230276	69.176096	1525.390071	0.000000
151.360000	-5.990000	-157.525604	18.481300	3.411935	69.018323	1527.478081	0.000000
151.360000	-5.990000	-157.525604	18.731300	2.504546	68.861311	1529.566091	0.000000
151.360000	-5.990000	-157.525604	18.981300	1.199949	68.704932	1531.931838	0.000000
151.360000	-5.990000	-157.525604	19.231300	1.142912	68.549318	1534.360140	0.000000
151.360000	-5.990000	-157.525604	19.481300	1.326458	68.394342	1536.788442	0.000000
151.360000	-5.990000	-157.525604	19.731300	1.509601	68.240134	1539.216744	1.000000
151.360000	-5.990000	-157.525604	19.981300	2.313959	68.086567	1541.645046	1.000000
151.360000	-5.990000	-157.525604	20.231300	1.817767	67.933772	1543.878978	2.000000
151.360000	-5.990000	-157.525604	20.481300	0.617758	67.781621	1546.416710	2.000000
151.360000	-5.990000	-157.525604	20.731300	0.485905	67.630245	1549.060039	2.000000
151.360000	-5.990000	-157.525604	20.981300	0.996254	67.479515	1551.684390	2.000000
151.360000	-5.990000	-157.525604	21.231300	1.183573	67.329564	1554.266732	1.000000
151.360000	-5.990000	-157.525604	21.481300	1.777825	67.180262	1556.849073	1.000000
151.360000	-5.990000	-157.525604	21.731300	2.588854	67.031741	1559.206865	1.000000
151.360000	-5.990000	-157.525604	21.981300	2.439278	66.883871	1561.521935	2.000000
151.360000	-5.990000	-157.525604	22.231300	2.488478	66.736784	1563.894133	1.000000
151.360000	-5.990000	-157.525604	22.481300	-2.709845	66.590352	1566.266331	1.000000
151.360000	-5.990000	-157.275604	16.481300	-0.660214	70.426012	1516.659004	1.000000
151.360000	-5.990000	-157.275604	16.731300	-0.114812	70.264678	1518.943679	1.000000
151.360000	-5.990000	-157.275604	16.981300	1.148822	70.104049	1521.204256	1.000000
151.360000	-5.990000	-157.275604	17.231300	2.293020	69.944061	1523.292266	1.000000
151.360000	-5.990000	-157.275604	17.481300	2.551855	69.784781	1525.380276	0.000000
151.360000	-5.990000	-157.275604	17.731300	2.733412	69.626149	1527.468285	0.000000
151.360000	-5.990000	-157.275604	17.981300	2.914578	69.468227	1529.556295	0.000000
151.360000	-5.990000	-157.275604	18.231300	3.095412	69.310959	1531.644305	0.000000
151.360000	-5.990000	-157.275604	18.481300	3.275853	69.154405	1533.732315	0.000000
151.360000	-5.990000	-157.275604	18.731300	2.595855	68.998510	1535.820324	0.000000
151.360000	-5.990000	-157.275604	18.981300	1.287806	68.843331	1538.127485	0.000000
151.360000	-5.990000	-157.275604	19.231300	1.003413	68.688817	1540.555786	0.000000
151.360000	-5.990000	-157.275604	19.481300	1.185779	68.535022	1542.984088	0.000000
151.360000	-5.990000	-157.275604	19.731300	1.698033	68.381896	1545.412390	0.000000
151.360000	-5.990000	-157.275604	19.981300	2.481298	68.229491	1547.754683	1.000000
151.360000	-5.990000	-157.275604	20.231300	1.621584	68.077761	1549.947570	2.000000
151.360000	-5.990000	-157.275604	20.481300	0.243815	67.926752	1552.545848	2.000000
151.360000	-5.990000	-157.275604	20.731300	0.256989	67.776424	1555.189177	2.000000
151.360000	-5.990000	-157.275604	20.981300	0.918569	67.626819	1557.832505	1.000000
151.360000	-5.990000	-157.275604	21.231300	1.752049	67.477898	1560.318180	1.000000
151.360000	-5.990000	-157.275604	21.481300	2.181725	67.329701	1562.620305	1.000000
151.360000	-5.990000	-157.275604	21.731300	2.101368	67.182193	1564.938062	1.000000
151.360000	-5.990000	-157.275604	21.981300	2.156153	67.035410	1567.310260	1.000000
151.360000	-5.990000	-157.275604	22.231300	2.335942	66.889320	1569.682458	1.000000
151.360000	-5.990000	-157.275604	22.481300	-3.594347	66.743955	1572.054656	1.000000
151.360000	-5.990000	-157.025604	16.481300	-0.737069	70.551652	1522.634676	2.000000
151.360000	-5.990000	-157.025604	16.731300	-0.501481	70.391599	1524.919351	2.000000
151.360000	-5.990000	-157.025604	16.981300	-0.280390	70.232147	1527.204026	1.000000
151.360000	-5.990000	-157.025604	17.231300	0.756591	70.073422	1529.488701	0.000000
151.360000	-5.990000	-157.025604	17.481300	2.003362	69.915301	1531.634509	0.000000
151.360000	-5.990000	-157.025604	17.731300	2.601648	69.757912	1533.722519	0.000000
151.360000	-5.990000	-157.025604	17.981300	2.781673	69.601133	1535.810529	0.000000
151.360000	-5.990000	-157.025604	18.231300	2.961282	69.445090	1537.898539	0.000000
151.360000	-5.990000	-157.025604	18.481300	3.140598	69.289660	1539.986548	0.000000
151.360000	-5.990000	-157.025604	18.731300	2.688509	69.134972	1542.074558	0.000000
151.360000	-5.990000	-157.025604	18.981300	1.377141	68.980900	1544.323131	0.000000
151.360000	-5.990000	-157.025604	19.231300	0.864657	68.827574	1546.751433	0.000000
151.360000	-5.990000	-157.025604	19.481300	1.045932	68.674868	1549.179734	0.000000
151.360000	-5.990000	-157.025604	19.731300	1.894295	68.522911	1551.608036	0.000000
151.360000	-5.990000	-157.025604	19.981300	2.720606	68.371579	1553.823275	0.000000
151.360000	-5.990000	-157.025604	20.231300	1.336469	68.220999	1556.031656	2.000000
151.360000	-5.990000	-157.025604	20.481300	-0.070262	68.071046	1558.674985	2.000000
151.360000	-5.990000	-157.025604	20.731300	0.456520	67.921849	1561.318314	2.000000
151.360000	-5.990000	-157.025604	20.981300	1.711275	67.773283	1563.870114	2.000000
151.360000	-5.990000	-157.025604	21.231300	2.323797	67.625474	1566.033745	2.000000
151.360000	-5.990000	-157.025604	21.481300	1.766034	67.478300	1568.354189	2.000000
151.360000	-5.990000	-157.025604	21.731300	1.826356	67.331886	1570.726387	2.000000
151.360000	-5.990000	-157.025604	21.981300	2.005455	67.186108	1573.098585	2.000000
151.360000	-5.990000	-157.025604	22.231300	1.987349	67.041094	1575.470783	0.000000
151.360000	-5.990000	-157.025604	22.481300	-4.109993	66.896718	1577.892189	0.000000
151.360000	-5.990000	-156.775604	16.231300	-1.367148	70.835979	1526.325023	2.000000
151.360000	-5.990000	-156.775604	16.481300	-0.813096	70.676495	1528.610348	2.000000
151.360000	-5.990000	-156.775604	16.731300	-0.627507	70.517625	1530.895023	2.000000
151.360000	-5.990000	-156.775604	16.981300	-0.444883	70.359444	1533.179698	1.000000
151.360000	-5.990000	-156.775604	17.231300	-0.262520	70.201885	1535.464373	0.000000
151.360000	-5.990000	-156.775604	17.481300	0.359841	70.045017	1537.749048	0.000000
151.360000	-5.990000	-156.775604	17.731300	1.613043	69.888777	1539.976753	0.000000
151.360000	-5.990000	-156.775604	17.981300	2.616580	69.733231	1542.064763	0.000000
151.360000	-5.990000	-156.775604	18.231300	2.828052	69.578320	1544.152772	0.000000
151.360000	-5.990000	-156.775604	18.481300	3.006153	69.424105	1546.240782	0.000000
151.360000	-5.990000	-156.775604	18.731300	2.782669	69.270531	1548.328792	0.000000
151.360000	-5.990000	-156.775604	18.981300	1.467931	69.117657	1550.518777	1.000000
151.360000	-5.990000	-156.775604	19.231300	0.726803	68.965428	1552.947079	1.000000
151.360000	-5.990000	-156.775604	19.481300	1.309521	68.813901	1555.375381	0.000000
151.360000	-5.990000	-156.775604	19.731300	2.065951	68.663025	1557.698980	0.000000
151.360000	-5.990000	-156.775604	19.981300	2.427817	68.512852	1559.891867	0.000000
151.360000	-5.990000	-156.775604	20.231300	1.030080	68.363336	1562.160794	2.000000
151.360000	-5.990000	-156.775604	20.481300	-0.213741	68.214525	1564.804123	2.000000
151.360000	-5.990000	-156.775604	20.731300	1.370591	68.066375	1567.447452	2.000000
151.360000	-5.990000	-156.775604	20.981300	2.773666	67.918932	1569.598621	2.000000
151.360000	-5.990000	-156.775604	21.231300	2.168883	67.772154	1571.770315	2.000000
151.360000	-5.990000	-156.775604	21.481300	1.499214	67.626084	1574.142513	2.000000
151.360000	-5.990000	-156.775604	21.731300	1.677558	67.480684	1576.514711	2.000000
151.360000	-5.990000	-156.775604	21.981300	1.855571	67.335993	1578.886909	2.000000
151.360000	-5.990000	-156.775604	22.231300	0.937362	67.191975	1581.259107	0.000000
151.360000	-5.990000	-156.525604	16.231300	-1.460340	70.958847	1532.301345	1.000000
151.360000	-5.990000	-156.525604	16.481300	-0.934517	70.800551	1534.586020	1.000000
151.360000	-5.990000	-156.525604	16.731300	-0.752840	70.642958	1536.870695	1.000000
151.360000	-5.990000	-156.525604	16.981300	-0.571387	70.485948	1539.155370	1.000000
151.360000	-5.990000	-156.525604	17.231300	-0.390282	70.329647	1541.440045	0.000000
151.360000	-5.990000	-156.525604	17.481300	-0.209406	70.173934	1543.724720	0.000000
151.360000	-5.990000	-156.525604	17.731300	0.058563	70.018934	1546.009395	0.000000
151.360000	-5.990000	-156.525604	17.981300	1.218160	69.864526	1548.294071	0.000000
151.360000	-5.990000	-156.525604	18.231300	2.454279	69.710836	1550.407006	0.000000
151.360000	-5.990000	-156.525604	18.481300	2.872514	69.557744	1552.495016	1.000000
151.360000	-5.990000	-156.525604	18.731300	2.878145	69.405373	1554.583026	1.000000
151.360000	-5.990000	-156.525604	18.981300	1.581961	69.253603	1556.714423	1.000000
151.360000	-5.990000	-156.525604	19.231300	0.589672	69.102559	1559.142725	1.000000
151.360000	-5.990000	-156.525604	19.481300	1.482393	68.952120	1561.571027	2.000000
151.360000	-5.990000	-156.525604	19.731300	2.398106	68.802411	1563.767572	2.000000
151.360000	-5.990000	-156.525604	19.981300	2.047740	68.653310	1565.960459	1.000000
151.360000	-5.990000	-156.525604	20.231300	0.656189	68.504942	1568.289931	2.000000
151.360000	-5.990000	-156.525604	20.481300	0.616346	68.357185	1570.933260	2.000000
151.360000	-5.990000	-156.525604	20.731300	2.059168	68.210166	1573.271368	1.000000
151.360000	-5.990000	-156.525604	20.981300	2.766465	68.063761	1575.391052	1.000000
151.360000	-5.990000	-156.525604	21.231300	2.332278	67.918095	1577.633476	1.000000
151.360000	-5.990000	-156.525604	21.481300	1.783141	67.773047	1579.930838	1.000000
151.360000	-5.990000	-156.525604	21.731300	1.529501	67.628741	1582.303036	1.000000
151.360000	-5.990000	-156.525604	21.981300	1.706508	67.485055	1584.675234	2.000000
151.360000	-5.990000	-156.525604	22.231300	-0.100697	67.342114	1587.047432	1.000000
151.360000	-5.990000	-156.275604	15.981300	-2.067331	71.238521	1535.919195	1.000000
151.360000	-5.990000	-156.275604	16.231300	-1.583407	71.080841	1538.277017	1.000000
151.360000	-5.990000	-156.275604	16.481300	-1.095404	70.923829	1540.561692	1.000000
151.360000	-5.990000	-156.275604	16.731300	-0.904398	70.767414	1542.846367	1.000000
151.360000	-5.990000	-156.275604	16.981300	-0.713735	70.611670	1545.131042	1.000000
151.360000	-5.990000	-156.275604	17.231300	-0.523347	70.456530	1547.415717	0.000000
151.360000	-5.990000	-156.275604	17.481300	-0.337538	70.302065	1549.700393	0.000000
151.360000	-5.990000	-156.275604	17.731300	-0.158160	70.148210	1551.985068	0.000000
151.360000	-5.990000	-156.275604	17.981300	0.020898	69.995033	1554.269743	0.000000
151.360000	-5.990000	-156.275604	18.231300	0.818815	69.842471	1556.554418	1.000000
151.360000	-5.990000	-156.275604	18.481300	2.061425	69.690590	1558.749250	1.000000
151.360000	-5.990000	-156.275604	18.731300	2.915134	69.539331	1560.837259	1.000000
151.360000	-5.990000	-156.275604	18.981300	1.758109	69.388755	1562.925269	1.000000
151.360000	-5.990000	-156.275604	19.231300	0.965290	69.238807	1565.338371	2.000000
151.360000	-5.990000	-156.275604	19.481300	1.658252	69.089544	1567.643278	2.000000
151.360000	-5.990000	-156.275604	19.731300	2.274174	68.940913	1569.836164	2.000000
151.360000	-5.990000	-156.275604	19.981300	1.669159	68.792970	1572.029051	1.000000
151.360000	-5.990000	-156.275604	20.231300	0.736963	68.645665	1574.419069	1.000000
151.360000	-5.990000	-156.275604	20.481300	1.258386	68.499049	1576.944115	2.000000
151.360000	-5.990000	-156.275604	20.731300	2.427024	68.353075	1579.071838	2.000000
151.360000	-5.990000	-156.275604	20.981300	2.324645	68.207792	1581.314262	1.000000
151.360000	-5.990000	-156.275604	21.231300	2.499583	68.063156	1583.556686	1.000000
151.360000	-5.990000	-156.275604	21.481300	2.390602	67.919213	1585.799110	1.000000
151.360000	-5.990000	-156.275604	21.731300	1.841355	67.775921	1588.091361	2.000000
151.360000	-5.990000	-156.275604	21.981300	1.558242	67.633322	1590.463559	2.000000
151.360000	-5.990000	-156.275604	22.231300	-1.126485	67.491378	1592.835757	1.000000
151.360000	-5.990000	-156.025604	15.981300	-2.068181	71.358559	1541.906918	1.000000
151.360000	-5.990000	-156.025604	16.231300	-1.629044	71.202167	1544.221716	1.000000
151.360000	-5.990000	-156.025604	16.481300	-1.343563	71.046339	1546.513134	1.000000
151.360000	-5.990000	-156.025604	16.731300	-1.153610	70.891195	1548.804552	1.000000
151.360000	-5.990000	-156.025604	16.981300	-0.963894	70.736619	1551.095970	1.000000
151.360000	-5.990000	-156.025604	17.231300	-0.763431	70.582732	1553.387389	0.000000
151.360000	-5.990000	-156.025604	17.481300	-0.547055	70.429418	1555.676065	0.000000
151.360000	-5.990000	-156.025604	17.731300	-0.342198	70.276798	1557.960740	0.000000
151.360000	-5.990000	-156.025604	17.981300	-0.153782	70.124755	1560.245415	0.000000
151.360000	-5.990000	-156.025604	18.231300	0.034262	69.973411	1562.530090	1.000000
151.360000	-5.990000	-156.025604	18.481300	0.391277	69.822649	1564.814765	1.000000
151.360000	-5.990000	-156.025604	18.731300	1.651419	69.672590	1567.091493	1.000000
151.360000	-5.990000	-156.025604	18.981300	1.865318	69.523116	1569.179503	1.000000
151.360000	-5.990000	-156.025604	19.231300	1.368014	69.374350	1571.518983	2.000000
151.360000	-5.990000	-156.025604	19.481300	1.961749	69.226173	1573.711870	2.000000
151.360000	-5.990000	-156.025604	19.731300	2.136380	69.078707	1575.904756	2.000000
151.360000	-5.990000	-156.025604	19.981300	1.292081	68.931834	1578.097643	2.000000
151.360000	-5.990000	-156.025604	20.231300	1.235697	68.785675	1580.548206	1.000000
151.360000	-5.990000	-156.025604	20.481300	1.810772	68.640113	1582.752623	2.000000
151.360000	-5.990000	-156.025604	20.731300	2.007221	68.495268	1584.995048	2.000000
151.360000	-5.990000	-156.025604	20.981300	2.181414	68.351023	1587.237472	2.000000
151.360000	-5.990000	-156.025604	21.231300	2.355241	68.207499	1589.479896	1.000000
151.360000	-5.990000	-156.025604	21.481300	2.528818	68.064576	1591.722320	2.000000
151.360000	-5.990000	-156.025604	21.731300	2.447146	67.922378	1593.964744	2.000000
151.360000	-5.990000	-156.025604	21.981300	1.897859	67.780785	1596.251884	1.000000
151.360000	-5.990000	-155.775604	15.981300	-2.046066	71.477842	1547.860606	1.000000
151.360000	-5.990000	-155.775604	16.231300	-1.676986	71.322639	1550.152025	1.000000
151.360000	-5.990000	-155.775604	16.481300	-1.498520	71.168089	1552.443443	1.000000
151.360000	-5.990000	-155.775604	16.731300	-1.320271	71.014118	1554.734861	1.000000
151.360000	-5.990000	-155.775604	16.981300	-1.142314	70.860803	1557.026279	1.000000
151.360000	-5.990000	-155.775604	17.231300	-0.964581	70.708073	1559.317697	0.000000
151.360000	-5.990000	-155.775604	17.481300	-0.782847	70.556002	1561.609116	0.000000
151.360000	-5.990000	-155.775604	17.731300	-0.595095	70.404523	1563.900534	0.000000
151.360000	-5.990000	-155.775604	17.981300	-0.407676	70.253707	1566.191952	0.000000
151.360000	-5.990000	-155.775604	18.231300	-0.220527	70.103488	1568.483370	1.000000
151.360000	-5.990000	-155.775604	18.481300	-0.033715	69.953934	1570.774789	1.000000
151.360000	-5.990000	-155.775604	18.731300	0.272511	69.804984	1573.066207	1.000000
151.360000	-5.990000	-155.775604	18.981300	1.100820	69.656701	1575.357625	1.000000
151.360000	-5.990000	-155.775604	19.231300	1.271847	69.509028	1577.587575	2.000000
151.360000	-5.990000	-155.775604	19.481300	1.285164	69.362024	1579.780462	2.000000
151.360000	-5.990000	-155.775604	19.731300	1.499442	69.215635	1581.973348	2.000000
151.360000	-5.990000	-155.775604	19.981300	1.412064	69.069918	1584.166235	2.000000
151.360000	-5.990000	-155.775604	20.231300	1.033239	68.924820	1586.433409	1.000000
151.360000	-5.990000	-155.775604	20.481300	1.383845	68.780397	1588.675833	1.000000
151.360000	-5.990000	-155.775604	20.731300	1.572806	68.636597	1590.918257	1.000000
151.360000	-5.990000	-155.775604	20.981300	1.761390	68.493473	1593.160681	2.000000
151.360000	-5.990000	-155.775604	21.231300	1.949643	68.350978	1595.403106	1.000000
151.360000	-5.990000	-155.775604	21.481300	2.137514	68.209160	1597.645530	2.000000
151.360000	-5.990000	-155.775604	21.731300	2.325048	68.067975	1599.887954	1.000000
151.360000	-5.990000	-155.775604	21.981300	2.282979	67.927468	1602.130378	1.000000
151.360000	-5.990000	-155.525604	15.731300	-2.422723	71.750962	1551.499497	1.000000
151.360000	-5.990000	-155.525604	15.981300	-1.974281	71.596382	1553.790915	1.000000
151.360000	-5.990000	-155.525604	16.231300	-1.796808	71.442462	1556.082333	1.000000
151.360000	-5.990000	-155.525604	16.481300	-1.619521	71.289090	1558.373752	1.000000
151.360000	-5.990000	-155.525604	16.731300	-1.442537	71.136384	1560.665170	1.000000
151.360000	-5.990000	-155.525604	16.981300	-1.265744	70.984232	1562.956588	0.000000
151.360000	-5.990000	-155.525604	17.231300	-1.089258	70.832750	1565.248006	0.000000
151.360000	-5.990000	-155.525604	17.481300	-0.912968	70.681827	1567.539425	0.000000
151.360000	-5.990000	-155.525604	17.731300	-0.736992	70.531579	1569.830843	0.000000
151.360000	-5.990000	-155.525604	17.981300	-0.517343	70.381893	1572.122261	0.000000
151.360000	-5.990000	-155.525604	18.231300	-0.233203	70.232889	1574.413679	1.000000
151.360000	-5.990000	-155.525604	18.481300	-0.228607	70.084450	1576.705098	1.000000
151.360000	-5.990000	-155.525604	18.731300	-0.223800	69.936697	1579.066207	1.000000
151.360000	-5.990000	-155.525604	18.981300	1.208514	69.789514	1581.427871	1.000000
151.360000	-5.990000	-155.525604	19.231300	2.649428	69.643020	1583.498023	2.000000
151.360000	-5.990000	-155.525604	19.481300	1.799020	69.497100	1585.483894	2.000000
151.360000	-5.990000	-155.525604	19.731300	0.561298	69.351873	1587.703192	2.000000
151.360000	-5.990000	-155.525604	19.981300	0.692114	69.207224	1589.922491	2.000000
151.360000	-5.990000	-155.525604	20.231300	0.651153	69.063271	1592.147388	1.000000
151.360000	-5.990000	-155.525604	20.481300	0.695243	68.919900	1594.399496	1.000000
151.360000	-5.990000	-155.525604	20.731300	0.884511	68.777228	1596.651605	1.000000
151.360000	-5.990000	-155.525604	20.981300	1.073500	68.635141	1598.903714	1.000000
151.360000	-5.990000	-155.525604	21.231300	1.262088	68.493757	1601.155822	0.000000
151.360000	-5.990000	-155.525604	21.481300	1.450392	68.352959	1603.407931	1.000000
151.360000	-5.990000	-155.525604	21.731300	1.638291	68.212868	1605.660040	1.000000
151.360000	-5.990000	-155.275604	15.731300	-2.394468	71.867475	1557.429806	1.000000
151.360000	-5.990000	-155.275604	15.981300	-2.092083	71.714184	1559.721224	1.000000
151.360000	-5.990000	-155.275604	16.231300	-1.915794	71.561448	1562.012642	1.000000
151.360000	-5.990000	-155.275604	16.481300	-1.739780	71.409349	1564.304061	1.000000
151.360000	-5.990000	-155.275604	16.731300	-1.563964	71.257811	1566.595479	0.000000
151.360000	-5.990000	-155.275604	16.981300	-1.388426	71.106915	1568.886897	0.000000
151.360000	-5.990000	-155.275604	17.231300	-1.213094	70.956586	1571.178315	0.000000
151.360000	-5.990000	-155.275604	17.481300	-0.949430	70.806901	1573.469734	0.000000
151.360000	-5.990000	-155.275604	17.731300	-0.779081	70.657790	1575.761152	0.000000
151.360000	-5.990000	-155.275604	17.981300	-0.776731	70.509327	1578.080678	0.000000
151.360000	-5.990000	-155.275604	18.231300	-0.660998	70.361443	1580.442342	1.000000
151.360000	-5.990000	-155.275604	18.481300	-0.379474	70.214210	1582.804006	1.000000
151.360000	-5.990000	-155.275604	18.731300	-0.204765	70.067562	1585.165670	1.000000
151.360000	-5.990000	-155.275604	18.981300	1.179858	69.921567	1587.527333	1.000000
151.360000	-5.990000	-155.275604	19.231300	3.130935	69.776164	1589.582101	2.000000
151.360000	-5.990000	-155.275604	19.481300	3.796935	69.631415	1591.490240	2.000000
151.360000	-5.990000	-155.275604	19.731300	2.418224	69.487263	1593.398380	2.000000
151.360000	-5.990000	-155.275604	19.981300	0.827911	69.343768	1595.579123	1.000000
151.360000	-5.990000	-155.275604	20.231300	0.524651	69.200874	1597.798421	1.000000
151.360000	-5.990000	-155.275604	20.481300	0.505632	69.058640	1600.030884	1.000000
151.360000	-5.990000	-155.275604	20.731300	0.575875	68.917012	1602.282993	1.000000
151.360000	-5.990000	-155.275604	20.981300	0.748076	68.776045	1604.535101	1.000000
151.360000	-5.990000	-155.275604	21.231300	0.920035	68.635689	1606.787210	1.000000
151.360000	-5.990000	-155.275604	21.481300	1.091703	68.495995	1609.039319	1.000000
151.360000	-5.990000	-155.275604	21.731300	1.263125	68.356917	1611.291428	1.000000
151.360000	-5.990000	-155.025604	15.481300	-2.769107	72.135995	1561.068697	0.000000
151.360000	-5.990000	-155.025604	15.731300	-2.384452	71.983364	1563.360115	0.000000
151.360000	-5.990000	-155.025604	15.981300	-2.209161	71.831262	1565.651533	0.000000
151.360000	-5.990000	-155.025604	16.231300	-2.034149	71.679802	1567.942951	0.000000
151.360000	-5.990000	-155.025604	16.481300	-1.859308	71.528877	1570.234370	0.000000
151.360000	-5.990000	-155.025604	16.731300	-1.660900	71.378600	1572.525788	0.000000
151.360000	-5.990000	-155.025604	16.981300	-1.377029	71.228861	1574.817206	0.000000
151.360000	-5.990000	-155.025604	17.231300	-1.322726	71.079776	1577.108624	0.000000
151.360000	-5.990000	-155.025604	17.481300	-1.320337	70.931234	1579.456813	0.000000
151.360000	-5.990000	-155.025604	17.731300	-1.091701	70.783350	1581.818477	0.000000
151.360000	-5.990000	-155.025604	17.981300	-0.853787	70.636014	1584.180141	0.000000
151.360000	-5.990000	-155.025604	18.231300	-0.680619	70.489341	1586.541805	0.000000
151.360000	-5.990000	-155.025604	18.481300	-0.507641	70.343219	1588.903468	1.000000
151.360000	-5.990000	-155.025604	18.731300	-0.334967	70.197765	1591.265132	1.000000
151.360000	-5.990000	-155.025604	18.981300	1.109744	70.052866	1593.626796	1.000000
151.360000	-5.990000	-155.025604	19.231300	3.060971	69.908640	1595.666178	1.000000
151.360000	-5.990000	-155.025604	19.481300	3.763486	69.764972	1597.574318	2.000000
151.360000	-5.990000	-155.025604	19.731300	3.930675	69.621980	1599.482458	2.000000
151.360000	-5.990000	-155.025604	19.981300	3.095797	69.479551	1601.390597	1.000000
151.360000	-5.990000	-155.025604	20.231300	1.526838	69.337801	1603.455053	1.000000
151.360000	-5.990000	-155.025604	20.481300	0.514962	69.196617	1605.674351	2.000000
151.360000	-5.990000	-155.025604	20.731300	0.494721	69.056116	1607.914381	2.000000
151.360000	-5.990000	-155.025604	20.981300	0.607936	68.916184	1610.166489	1.000000
151.360000	-5.990000	-155.025604	21.231300	0.778786	68.776938	1612.418598	1.000000
151.360000	-5.990000	-155.025604	21.481300	0.949433	68.638265	1614.670707	2.000000
151.360000	-5.990000	-154.775604	15.481300	-2.697810	72.249876	1566.999006	0.000000
151.360000	-5.990000	-154.775604	15.731300	-2.499527	72.098438	1569.290424	0.000000
151.360000	-5.990000	-154.775604	15.981300	-2.325519	71.947620	1571.581842	0.000000
151.360000	-5.990000	-154.775604	16.231300	-2.082829	71.797338	1573.873260	0.000000
151.360000	-5.990000	-154.775604	16.481300	-1.861442	71.647680	1576.164678	0.000000
151.360000	-5.990000	-154.775604	16.731300	-1.861617	71.498566	1578.471285	0.000000
151.360000	-5.990000	-154.775604	16.981300	-1.799032	71.350078	1580.832949	0.000000
151.360000	-5.990000	-154.775604	17.231300	-1.517830	71.202141	1583.194612	0.000000
151.360000	-5.990000	-154.775604	17.481300	-1.324508	71.054833	1585.556276	0.000000
151.360000	-5.990000	-154.775604	17.731300	-1.151988	70.908083	1587.917940	0.000000
151.360000	-5.990000	-154.775604	17.981300	-0.979738	70.761964	1590.279604	0.000000
151.360000	-5.990000	-154.775604	18.231300	-0.807688	70.616409	1592.641267	0.000000
151.360000	-5.990000	-154.775604	18.481300	-0.635911	70.471489	1595.002931	0.000000
151.360000	-5.990000	-154.775604	18.731300	-0.464340	70.327138	1597.364595	0.000000
151.360000	-5.990000	-154.775604	18.981300	1.040416	70.183424	1599.726259	1.000000
151.360000	-5.990000	-154.775604	19.231300	2.991881	70.040285	1601.750256	1.000000
151.360000	-5.990000	-154.775604	19.481300	3.630672	69.897786	1603.658396	0.000000
151.360000	-5.990000	-154.775604	19.731300	3.796789	69.755866	1605.566535	1.000000
151.360000	-5.990000	-154.775604	19.981300	3.962566	69.614589	1607.474675	1.000000
151.360000	-5.990000	-154.775604	20.231300	3.761946	69.473896	1609.382815	1.000000
151.360000	-5.990000	-154.775604	20.481300	2.214460	69.333848	1611.330983	2.000000
151.360000	-5.990000	-154.775604	20.731300	0.628850	69.194389	1613.550281	1.000000
151.360000	-5.990000	-154.775604	20.981300	0.487360	69.055577	1615.797877	1.000000
151.360000	-5.990000	-154.775604	21.231300	0.638366	68.917358	1618.049986	1.000000
151.360000	-5.990000	-154.525604	15.231300	-3.107501	72.513827	1570.637896	1.000000
151.360000	-5.990000	-154.525604	15.481300	-2.783389	72.363057	1572.929314	1.000000
151.360000	-5.990000	-154.525604	15.731300	-2.500156	72.212906	1575.220733	0.000000
151.360000	-5.990000	-154.525604	15.981300	-2.395549	72.063270	1577.512151	0.000000
151.360000	-5.990000	-154.525604	16.231300	-2.395839	71.914261	1579.847420	0.000000
151.360000	-5.990000	-154.525604	16.481300	-2.219606	71.765770	1582.209084	0.000000
151.360000	-5.990000	-154.525604	16.731300	-1.962715	71.617911	1584.570748	0.000000
151.360000	-5.990000	-154.525604	16.981300	-1.790700	71.470577	1586.932411	0.000000
151.360000	-5.990000	-154.525604	17.231300	-1.618959	71.323878	1589.294075	0.000000
151.360000	-5.990000	-154.525604	17.481300	-1.447383	71.177709	1591.655739	0.000000
151.360000	-5.990000	-154.525604	17.731300	-1.276086	71.032181	1594.017403	0.000000
151.360000	-5.990000	-154.525604	17.981300	-1.104960	70.887186	1596.379066	0.000000
151.360000	-5.990000	-154.525604	18.231300	-0.934116	70.742837	1598.740730	0.000000
151.360000	-5.990000	-154.525604	18.481300	-0.763448	70.599026	1601.102394	0.000000
151.360000	-5.990000	-154.525604	18.731300	-0.593067	70.455865	1603.464058	0.000000
151.360000	-5.990000	-154.525604	18.981300	0.971870	70.313245	1605.825722	0.000000
151.360000	-5.990000	-154.525604	19.231300	2.923482	70.171280	1607.834334	0.000000
151.360000	-5.990000	-154.525604	19.481300	3.498598	70.029859	1609.742473	0.000000
151.360000	-5.990000	-154.525604	19.731300	3.663558	69.889098	1611.650613	0.000000
151.360000	-5.990000	-154.525604	19.981300	3.828271	69.748884	1613.558753	0.000000
151.360000	-5.990000	-154.525604	20.231300	3.992624	69.609333	1615.466892	1.000000
151.360000	-5.990000	-154.525604	20.481300	4.105596	69.470334	1617.375032	1.000000
151.360000	-5.990000	-154.525604	20.731300	2.878060	69.332001	1619.283172	1.000000
151.360000	-5.990000	-154.525604	20.981300	1.118853	69.194222	1621.429265	1.000000
151.360000	-5.990000	-154.525604	21.231300	-4.682492	69.057112	1623.681374	1.000000
151.360000	-5.990000	-154.275604	15.231300	-2.921824	72.625017	1576.568205	1.000000
151.360000	-5.990000	-154.275604	15.481300	-2.924752	72.475540	1578.861891	1.000000
151.360000	-5.990000	-154.275604	15.731300	-2.916037	72.326576	1581.223555	0.000000
151.360000	-5.990000	-154.275604	15.981300	-2.635488	72.178218	1583.585219	0.000000
151.360000	-5.990000	-154.275604	16.231300	-2.423454	72.030381	1585.946883	0.000000
151.360000	-5.990000	-154.275604	16.481300	-2.252273	71.883153	1588.308547	0.000000
151.360000	-5.990000	-154.275604	16.731300	-2.081255	71.736452	1590.670210	0.000000
151.360000	-5.990000	-154.275604	16.981300	-1.910487	71.590363	1593.031874	0.000000
151.360000	-5.990000	-154.275604	17.231300	-1.739889	71.444808	1595.393538	0.000000
151.360000	-5.990000	-154.275604	17.481300	-1.569543	71.299869	1597.755202	0.000000
151.360000	-5.990000	-154.275604	17.731300	-1.399375	71.155470	1600.116865	0.000000
151.360000	-5.990000	-154.275604	17.981300	-1.229462	71.011689	1602.478529	0.000000
151.360000	-5.990000	-154.275604	18.231300	-1.059733	70.868454	1604.840193	0.000000
151.360000	-5.990000	-154.275604	18.481300	-0.890262	70.725840	1607.201857	0.000000
151.360000	-5.990000	-154.275604	18.731300	-0.720981	70.583779	1609.563520	0.000000
151.360000	-5.990000	-154.275604	18.981300	0.904093	70.442341	1611.925184	0.000000
151.360000	-5.990000	-154.275604	19.231300	2.855938	70.301460	1613.918411	0.000000
151.360000	-5.990000	-154.275604	19.481300	3.367252	70.161206	1615.826551	0.000000
151.360000	-5.990000	-154.275604	19.731300	3.531141	70.021514	1617.734691	0.000000
151.360000	-5.990000	-154.275604	19.981300	3.694705	69.882451	1619.642830	0.000000
151.360000	-5.990000	-154.275604	20.231300	3.858002	69.743955	1621.550970	1.000000
151.360000	-5.990000	-154.275604	20.481300	4.020972	69.606090	1623.459110	1.000000
151.360000	-5.990000	-154.275604	20.731300	4.183670	69.468797	1625.367249	1.000000
151.360000	-5.990000	-154.275604	20.981300	0.151452	69.332136	1627.275389	1.000000
151.360000	-5.990000	-154.025604	15.231300	-3.326058	72.735625	1582.599690	1.000000
151.360000	-5.990000	-154.025604	15.481300	-3.050090	72.587340	1584.961354	1.000000
151.360000	-5.990000	-154.025604	15.731300	-2.879546	72.439657	1587.323018	0.000000
151.360000	-5.990000	-154.025604	15.981300	-2.709139	72.292476	1589.684682	0.000000
151.360000	-5.990000	-154.025604	16.231300	-2.538978	72.145905	1592.046345	0.000000
151.360000	-5.990000	-154.025604	16.481300	-2.368959	71.999839	1594.408009	0.000000
151.360000	-5.990000	-154.025604	16.731300	-2.199192	71.854388	1596.769673	0.000000
151.360000	-5.990000	-154.025604	16.981300	-2.029571	71.709447	1599.131337	0.000000
151.360000	-5.990000	-154.025604	17.231300	-1.860208	71.565127	1601.493001	0.000000
151.360000	-5.990000	-154.025604	17.481300	-1.690996	71.421322	1603.854664	0.000000
151.360000	-5.990000	-154.025604	17.731300	-1.522046	71.278141	1606.216328	0.000000
151.360000	-5.990000	-154.025604	17.981300	-1.353253	71.135480	1608.577992	0.000000
151.360000	-5.990000	-154.025604	18.231300	-1.184727	70.993448	1610.939656	0.000000
151.360000	-5.990000	-154.025604	18.481300	-1.016361	70.851939	1613.301319	0.000000
151.360000	-5.990000	-154.025604	18.731300	-0.848267	70.711065	1615.662983	0.000000
151.360000	-5.990000	-154.025604	18.981300	0.837079	70.570717	1618.024647	0.000000
151.360000	-5.990000	-154.025604	19.231300	2.789070	70.431008	1620.002489	0.000000
151.360000	-5.990000	-154.025604	19.481300	3.236628	70.291830	1621.910629	0.000000
151.360000	-5.990000	-154.025604	19.731300	3.399362	70.153294	1623.818768	0.000000
151.360000	-5.990000	-154.025604	19.981300	3.561864	70.015292	1625.726908	0.000000
151.360000	-5.990000	-154.025604	20.231300	3.724022	69.877936	1627.635048	1.000000
151.360000	-5.990000	-154.025604	20.481300	3.885944	69.741117	1629.543187	1.000000
151.360000	-5.990000	-154.025604	20.731300	4.047518	69.604949	1631.451327	1.000000
151.360000	-5.990000	-153.775604	15.481300	-3.161209	72.698458	1591.060817	1.000000
151.360000	-5.990000	-153.775604	15.731300	-2.991846	72.551957	1593.422481	0.000000
151.360000	-5.990000	-153.775604	15.981300	-2.822711	72.406048	1595.784144	0.000000
151.360000	-5.990000	-153.775604	16.231300	-2.653717	72.260643	1598.145808	0.000000
151.360000	-5.990000	-153.775604	16.481300	-2.484954	72.115834	1600.507472	0.000000
151.360000	-5.990000	-153.775604	16.731300	-2.316340	71.971536	1602.869136	0.000000
151.360000	-5.990000	-153.775604	16.981300	-2.147960	71.827837	1605.230800	0.000000
151.360000	-5.990000	-153.775604	17.231300	-1.979736	71.684655	1607.592463	0.000000
151.360000	-5.990000	-153.775604	17.481300	-1.811749	71.542075	1609.954127	0.000000
151.360000	-5.990000	-153.775604	17.731300	-1.643925	71.400019	1612.315791	0.000000
151.360000	-5.990000	-153.775604	17.981300	-1.476341	71.258568	1614.677455	0.000000
151.360000	-5.990000	-153.775604	18.231300	-1.308925	71.117646	1617.039118	0.000000
151.360000	-5.990000	-153.775604	18.481300	-1.141754	70.977332	1619.400782	0.000000
151.360000	-5.990000	-153.775604	18.731300	-0.974756	70.837554	1621.762446	0.000000
151.360000	-5.990000	-153.775604	18.981300	0.770819	70.698385	1624.124110	0.000000
151.360000	-5.990000	-153.775604	19.231300	2.723040	70.559758	1626.086567	0.000000
151.360000	-5.990000	-153.775604	19.481300	3.106715	70.421743	1627.994706	0.000000
151.360000	-5.990000	-153.775604	19.731300	3.268381	70.284274	1629.902846	0.000000
151.360000	-5.990000	-153.775604	19.981300	3.429735	70.147420	1631.810986	0.000000
151.360000	-5.990000	-153.775604	20.231300	3.590840	70.011118	1633.719125	0.000000
151.360000	-5.990000	-153.775604	20.481300	3.751630	69.875431	1635.627265	1.000000
151.360000	-5.990000	-153.525604	15.731300	-3.103573	72.663684	1599.521943	0.000000
151.360000	-5.990000	-153.525604	15.981300	-2.935609	72.518946	1601.883607	0.000000
151.360000	-5.990000	-153.525604	16.231300	-2.767875	72.374802	1604.245271	0.000000
151.360000	-5.990000	-153.525604	16.481300	-2.600270	72.231150	1606.606935	0.000000
151.360000	-5.990000	-153.525604	16.731300	-2.432900	72.088097	1608.968599	0.000000
151.360000	-5.990000	-153.525604	16.981300	-2.265665	71.945541	1611.330262	0.000000
151.360000	-5.990000	-153.525604	17.231300	-2.098670	71.803589	1613.691926	0.000000
151.360000	-5.990000	-153.525604	17.481300	-1.931813	71.662138	1616.053590	0.000000
151.360000	-5.990000	-153.525604	17.731300	-1.765202	71.521297	1618.415254	0.000000
151.360000	-5.990000	-153.525604	17.981300	-1.598734	71.380961	1620.776917	0.000000
151.360000	-5.990000	-153.525604	18.231300	-1.432518	71.241239	1623.138581	0.000000
151.360000	-5.990000	-153.525604	18.481300	-1.266448	71.102026	1625.500245	0.000000
151.360000	-5.990000	-153.525604	18.731300	-1.100634	70.963432	1627.861909	0.000000
151.360000	-5.990000	-153.525604	18.981300	0.705305	70.825350	1630.223572	0.000000
151.360000	-5.990000	-153.525604	19.231300	2.657669	70.687891	1632.170644	0.000000
151.360000	-5.990000	-153.525604	19.481300	2.977508	70.550950	1634.078784	0.000000
151.360000	-5.990000	-153.525604	19.731300	3.138021	70.414634	1635.986924	0.000000
151.360000	-5.990000	-153.525604	19.981300	3.298316	70.278839	1637.895063	0.000000
151.360000	-5.990000	-153.525604	20.231300	3.458283	70.143674	1639.803203	0.000000
151.360000	-5.990000	-153.525604	20.481300	-0.758903	70.009033	1641.711343	1.000000
151.360000	-5.990000	-153.275604	16.231300	-2.881265	72.488192	1610.344734	0.000000
151.360000	-5.990000	-153.275604	16.481300	-2.714911	72.345791	1612.706397	0.000000
151.360000	-5.990000	-153.275604	16.731300	-2.548689	72.203886	1615.068061	0.000000
151.360000	-5.990000	-153.275604	16.981300	-2.382689	72.062566	1617.429725	0.000000
151.360000	-5.990000	-153.275604	17.231300	-2.216829	71.921748	1619.791389	0.000000
151.360000	-5.990000	-153.275604	17.481300	-2.051193	71.781518	1622.153053	0.000000
151.360000	-5.990000	-153.275604	17.731300	-1.885703	71.641798	1624.514716	0.000000
151.360000	-5.990000	-153.275604	17.981300	-1.720441	71.502668	1626.876380	0.000000
151.360000	-5.990000	-153.275604	18.231300	-1.555331	71.364052	1629.238044	0.000000
151.360000	-5.990000	-153.275604	18.481300	-1.390452	71.226030	1631.599708	0.000000
151.360000	-5.990000	-153.275604	18.731300	-1.225731	71.088529	1633.961371	0.000000
151.360000	-5.990000	-153.275604	18.981300	0.640528	70.951623	1636.323035	0.000000
151.360000	-5.990000	-153.275604	19.231300	2.593120	70.815243	1638.254722	0.000000
151.360000	-5.990000	-153.275604	19.481300	2.848996	70.679462	1640.162861	0.000000
151.360000	-5.990000	-153.275604	19.731300	3.008444	70.544212	1642.071001	0.000000
151.360000	-5.990000	-153.275604	19.981300	3.167593	70.409562	1643.979141	0.000000
151.360000	-5.990000	-153.275604	20.231300	3.326509	70.275448	1645.887281	0.000000
151.360000	-5.990000	-153.025604	16.481300	-2.828889	72.459768	1618.805860	0.000000
151.360000	-5.990000	-153.025604	16.731300	-2.663907	72.319103	1621.167524	0.000000
151.360000	-5.990000	-153.025604	16.981300	-2.499046	72.178922	1623.529188	0.000000
151.360000	-5.990000	-153.025604	17.231300	-2.334410	72.039329	1625.890852	0.000000
151.360000	-5.990000	-153.025604	17.481300	-2.169900	71.900225	1628.252515	0.000000
151.360000	-5.990000	-153.025604	17.731300	-2.005620	71.761714	1630.614179	0.000000
151.360000	-5.990000	-153.025604	17.981300	-1.841469	71.623696	1632.975843	0.000000
151.360000	-5.990000	-153.025604	18.231300	-1.677554	71.486276	1635.337507	0.000000
151.360000	-5.990000	-153.025604	18.481300	-1.513774	71.349352	1637.699170	0.000000
151.360000	-5.990000	-153.025604	18.731300	-1.350233	71.213030	1640.060834	0.000000
151.360000	-5.990000	-153.025604	18.981300	0.566340	71.077209	1642.422498	0.000000
151.360000	-5.990000	-153.025604	19.231300	2.529212	70.941995	1644.338799	0.000000
151.360000	-5.990000	-153.025604	19.481300	2.721173	70.807284	1646.246939	0.000000
151.360000	-5.990000	-153.025604	19.731300	2.879471	70.673184	1648.155079	0.000000
151.360000	-5.990000	-153.025604	19.981300	3.037563	70.539592	1650.063218	0.000000
151.360000	-5.990000	-152.775604	16.731300	-2.778369	72.433565	1627.266987	0.000000
151.360000	-5.990000	-152.775604	16.981300	-2.614738	72.294615	1629.628651	0.000000
151.360000	-5.990000	-152.775604	17.231300	-2.451233	72.156152	1631.990314	0.000000
151.360000	-5.990000	-152.775604	17.481300	-2.287938	72.018264	1634.351978	0.000000
151.360000	-5.990000	-152.775604	17.731300	-2.124775	71.880870	1636.713642	0.000000
151.360000	-5.990000	-152.775604	17.981300	-1.961826	71.744053	1639.075306	0.000000
151.360000	-5.990000	-152.775604	18.231300	-1.799015	71.607736	1641.436969	0.000000
151.360000	-5.990000	-152.775604	18.481300	-1.636421	71.471999	1643.798633	0.000000
151.360000	-5.990000	-152.775604	18.731300	-1.445643	71.336767	1646.160297	0.000000
151.360000	-5.990000	-152.775604	18.981300	0.481470	71.202119	1648.514737	0.000000
151.360000	-5.990000	-152.775604	19.231300	2.436582	71.067980	1650.422877	0.000000
151.360000	-5.990000	-152.775604	19.481300	2.594030	70.934427	1652.331017	0.000000
151.360000	-5.990000	-152.775604	19.731300	2.751265	70.801390	1654.239156	0.000000
151.360000	-5.990000	-152.775604	19.981300	-2.018224	70.668941	1656.147296	0.000000
151.360000	-5.990000	-152.525604	17.231300	-2.567493	72.272412	1638.089777	0.000000
151.360000	-5.990000	-152.525604	17.481300	-2.405320	72.135645	1640.451441	0.000000
151.360000	-5.990000	-152.525604	17.731300	-2.243362	71.999457	1642.813105	0.000000
151.360000	-5.990000	-152.525604	17.981300	-2.081521	71.863748	1645.174768	0.000000
151.360000	-5.990000	-152.525604	18.231300	-1.919901	71.728622	1647.536432	0.000000
151.360000	-5.990000	-152.525604	18.481300	-1.758402	71.593980	1649.898096	0.000000
151.360000	-5.990000	-152.525604	18.731300	-1.508433	71.459925	1652.259760	0.000000
151.360000	-5.990000	-152.525604	18.981300	0.407518	71.326358	1654.598815	0.000000
151.360000	-5.990000	-152.525604	19.231300	2.311181	71.193382	1656.506955	0.000000
151.360000	-5.990000	-152.525604	19.481300	2.467561	71.060897	1658.415094	0.000000
151.360000	-5.990000	-152.525604	19.731300	2.623648	70.929007	1660.323234	0.000000
151.360000	-5.990000	-152.275604	17.481300	-2.522049	72.252374	1646.550904	0.000000
151.360000	-5.990000	-152.275604	17.731300	-2.361204	72.117298	1648.912567	0.000000
151.360000	-5.990000	-152.275604	17.981300	-2.200560	71.982787	1651.274231	0.000000
151.360000	-5.990000	-152.275604	18.231300	-2.040039	71.848761	1653.635895	0.000000
151.360000	-5.990000	-152.275604	18.481300	-1.879723	71.715302	1655.997559	0.000000
151.360000	-5.990000	-152.275604	18.731300	-1.570428	71.582333	1658.359222	0.000000
151.360000	-5.990000	-152.275604	18.981300	0.345737	71.449935	1660.682893	0.000000
151.360000	-5.990000	-152.275604	19.231300	2.186530	71.318032	1662.591032	0.000000
151.360000	-5.990000	-152.275604	19.481300	2.341755	71.186702	1664.499172	0.000000
151.360000	-5.990000	-152.025604	17.981300	-2.318953	72.101179	1657.373694	0.000000
151.360000	-5.990000	-152.025604	18.231300	-2.159619	71.968340	1659.735358	0.000000
151.360000	-5.990000	-152.025604	18.481300	-2.000394	71.835973	1662.097021	0.000000
151.360000	-5.990000	-152.025604	18.731300	-1.631812	71.704177	1664.458685	0.000000
151.360000	-5.990000	-152.025604	18.981300	0.284655	71.572857	1666.766970	0.000000
151.360000	-5.990000	-152.025604	19.231300	2.062448	71.442114	1668.675110	0.000000
151.360000	-5.990000	-151.775604	18.231300	-2.278466	72.087188	1665.834820	0.000000
151.360000	-5.990000	-151.775604	18.481300	-2.120421	71.955999	1668.196484	1.000000
151.360000	-5.990000	-151.775604	18.731300	-1.692415	71.825287	1670.558148	1.000000
151.360000	-5.990000	-151.775604	18.981300	0.224263	71.695133	1672.851048	1.000000
151.360000	-5.990000	-151.775604	19.231300	1.939102	71.565460	1674.759188	1.000000
151.360000	-5.990000	-151.525604	18.481300	-2.239813	72.075391	1674.295947	1.000000
151.360000	-5.990000	-151.525604	18.731300	-1.752423	71.945849	1676.657611	1.000000
151.360000	-5.990000	-151.525604	18.981300	0.164554	71.816769	1678.935126	1.000000
