110.540000	-8.030000	-159.164993	19.909600	0.164849	82.542891	2553.161554	0.000000
110.540000	-8.030000	-159.164993	20.159600	0.420841	82.555966	2554.020680	1.000000
110.540000	-8.030000	-159.164993	20.409600	0.675705	82.569169	2554.809910	1.000000
110.540000	-8.030000	-159.164993	20.659600	0.635225	82.582526	2555.599141	1.000000
110.540000	-8.030000	-159.164993	20.909600	0.594438	82.596010	2556.388372	0.000000
110.540000	-8.030000	-159.164993	21.159600	0.556401	82.609647	2557.177602	0.000000
110.540000	-8.030000	-159.164993	21.409600	-0.014301	82.623412	2557.966833	1.000000
110.540000	-8.030000	-159.164993	21.659600	-1.172046	82.637328	2558.919856	1.000000
110.540000	-8.030000	-159.164993	21.909600	-0.985226	82.651372	2560.039268	1.000000
110.540000	-8.030000	-159.164993	22.159600	-0.267261	82.665568	2560.969181	1.000000
110.540000	-8.030000	-159.164993	22.409600	-0.262904	82.679890	2561.897790	1.000000
110.540000	-8.030000	-159.164993	22.659600	-0.263820	82.694363	2562.826400	1.000000
110.540000	-8.030000	-159.164993	22.909600	-0.264720	82.708963	2563.755010	1.000000
110.540000	-8.030000	-158.914993	17.409600	0.338643	82.493277	2550.981601	0.000000
110.540000	-8.030000	-158.914993	17.659600	0.324054	82.505916	2551.841561	1.000000
110.540000	-8.030000	-158.914993	17.909600	0.309382	82.518767	2552.701521	1.000000
110.540000	-8.030000	-158.914993	18.159600	0.294768	82.531690	2553.561480	1.000000
110.540000	-8.030000	-158.914993	18.409600	0.271050	82.544823	2554.421440	1.000000
110.540000	-8.030000	-158.914993	18.659600	0.198915	82.558028	2555.281400	1.000000
110.540000	-8.030000	-158.914993	18.909600	0.091017	82.571444	2556.141360	1.000000
110.540000	-8.030000	-158.914993	19.159600	0.330845	82.584931	2557.001319	1.000000
110.540000	-8.030000	-158.914993	19.409600	0.589629	82.598628	2557.794477	1.000000
110.540000	-8.030000	-158.914993	19.659600	0.564758	82.612395	2558.583708	1.000000
110.540000	-8.030000	-158.914993	19.909600	0.522745	82.626372	2559.372938	1.000000
110.540000	-8.030000	-158.914993	20.159600	0.480935	82.640420	2560.162169	1.000000
110.540000	-8.030000	-158.914993	20.409600	0.477658	82.654675	2560.951399	1.000000
110.540000	-8.030000	-158.914993	20.659600	0.474440	82.669002	2561.740630	1.000000
110.540000	-8.030000	-158.914993	20.909600	0.471144	82.683536	2562.529861	1.000000
110.540000	-8.030000	-158.914993	21.159600	-0.309181	82.698140	2563.319091	0.000000
110.540000	-8.030000	-158.914993	21.409600	-1.457907	82.712951	2564.329840	1.000000
110.540000	-8.030000	-158.914993	21.659600	-1.464714	82.727832	2565.449253	1.000000
110.540000	-8.030000	-158.914993	21.909600	-0.802114	82.742919	2566.489185	1.000000
110.540000	-8.030000	-158.914993	22.159600	-0.354503	82.758076	2567.417795	1.000000
110.540000	-8.030000	-158.914993	22.409600	-0.356452	82.773438	2568.346405	1.000000
110.540000	-8.030000	-158.914993	22.659600	-0.358326	82.788869	2569.275014	1.000000
110.540000	-8.030000	-158.914993	22.909600	-0.360262	82.804506	2570.203624	0.000000
110.540000	-8.030000	-158.914993	23.159600	-0.362124	82.820211	2571.132234	0.000000
110.540000	-8.030000	-158.914993	23.409600	-0.364047	82.836120	2572.060843	0.000000
110.540000	-8.030000	-158.914993	23.659600	-0.365896	82.852097	2572.989453	1.000000
110.540000	-8.030000	-158.664993	15.659600	1.547011	82.474485	2551.802575	1.000000
110.540000	-8.030000	-158.664993	15.909600	0.905883	82.487190	2552.580896	1.000000
110.540000	-8.030000	-158.664993	16.159600	0.656214	82.500050	2553.419297	2.000000
110.540000	-8.030000	-158.664993	16.409600	0.651860	82.513040	2554.257698	2.000000
110.540000	-8.030000	-158.664993	16.659600	0.639762	82.526183	2555.096099	1.000000
110.540000	-8.030000	-158.664993	16.909600	0.624501	82.539456	2555.934500	0.000000
110.540000	-8.030000	-158.664993	17.159600	0.609210	82.552882	2556.772901	0.000000
110.540000	-8.030000	-158.664993	17.409600	0.593914	82.566437	2557.611302	0.000000
110.540000	-8.030000	-158.664993	17.659600	0.578587	82.580145	2558.449703	1.000000
110.540000	-8.030000	-158.664993	17.909600	0.550466	82.593981	2559.288104	1.000000
110.540000	-8.030000	-158.664993	18.159600	0.554010	82.607970	2560.126504	1.000000
110.540000	-8.030000	-158.664993	18.409600	0.916344	82.622087	2560.948453	1.000000
110.540000	-8.030000	-158.664993	18.659600	1.494412	82.636355	2561.683192	1.000000
110.540000	-8.030000	-158.664993	18.909600	1.163127	82.650751	2562.357505	1.000000
110.540000	-8.030000	-158.664993	19.159600	0.565295	82.665299	2563.146735	1.000000
110.540000	-8.030000	-158.664993	19.409600	0.482163	82.679973	2563.935966	1.000000
110.540000	-8.030000	-158.664993	19.659600	0.404990	82.694799	2564.725197	1.000000
110.540000	-8.030000	-158.664993	19.909600	0.400756	82.709751	2565.514427	1.000000
110.540000	-8.030000	-158.664993	20.159600	0.396502	82.724853	2566.303658	1.000000
110.540000	-8.030000	-158.664993	20.409600	0.392252	82.740081	2567.092889	1.000000
110.540000	-8.030000	-158.664993	20.659600	0.391734	82.755459	2567.882119	1.000000
110.540000	-8.030000	-158.664993	20.909600	-0.600588	82.770963	2568.671350	1.000000
110.540000	-8.030000	-158.664993	21.159600	-1.740333	82.786616	2569.739825	1.000000
110.540000	-8.030000	-158.664993	21.409600	-1.870968	82.802394	2570.859237	0.000000
110.540000	-8.030000	-158.664993	21.659600	-1.265150	82.818320	2571.978650	0.000000
110.540000	-8.030000	-158.664993	21.909600	-0.567699	82.834372	2572.937800	1.000000
110.540000	-8.030000	-158.664993	22.159600	-0.446998	82.850570	2573.866409	1.000000
110.540000	-8.030000	-158.664993	22.409600	-0.449907	82.866894	2574.795019	1.000000
110.540000	-8.030000	-158.664993	22.659600	-0.452821	82.883364	2575.723629	0.000000
110.540000	-8.030000	-158.664993	22.909600	-0.455715	82.899958	2576.652238	0.000000
110.540000	-8.030000	-158.664993	23.159600	-0.458612	82.916699	2577.580848	0.000000
110.540000	-8.030000	-158.664993	23.409600	-0.461490	82.933563	2578.509458	0.000000
110.540000	-8.030000	-158.664993	23.659600	-0.495597	82.950572	2579.438067	1.000000
110.540000	-8.030000	-158.664993	23.909600	-0.327936	82.967705	2580.366677	1.000000
110.540000	-8.030000	-158.414993	15.409600	1.825745	82.526685	2557.900658	2.000000
110.540000	-8.030000	-158.414993	15.659600	1.818975	82.540256	2558.597678	2.000000
110.540000	-8.030000	-158.414993	15.909600	1.224554	82.554040	2559.294697	2.000000
110.540000	-8.030000	-158.414993	16.159600	0.605032	82.567894	2560.128977	2.000000
110.540000	-8.030000	-158.414993	16.409600	0.582940	82.581960	2560.967377	2.000000
110.540000	-8.030000	-158.414993	16.659600	0.577569	82.596095	2561.805778	1.000000
110.540000	-8.030000	-158.414993	16.909600	0.572116	82.610441	2562.644179	1.000000
110.540000	-8.030000	-158.414993	17.159600	0.566723	82.624857	2563.482580	0.000000
110.540000	-8.030000	-158.414993	17.409600	0.544322	82.639484	2564.320981	0.000000
110.540000	-8.030000	-158.414993	17.659600	0.593008	82.654179	2565.159382	1.000000
110.540000	-8.030000	-158.414993	17.909600	0.920676	82.669084	2565.972737	1.000000
110.540000	-8.030000	-158.414993	18.159600	1.149805	82.684058	2566.717796	1.000000
110.540000	-8.030000	-158.414993	18.409600	0.874933	82.699240	2567.462855	1.000000
110.540000	-8.030000	-158.414993	18.659600	1.317904	82.714492	2568.267998	1.000000
110.540000	-8.030000	-158.414993	18.909600	1.946555	82.729951	2568.915246	1.000000
110.540000	-8.030000	-158.414993	19.159600	1.881275	82.745479	2569.562494	1.000000
110.540000	-8.030000	-158.414993	19.409600	1.774415	82.761214	2570.209741	2.000000
110.540000	-8.030000	-158.414993	19.659600	1.110233	82.777017	2570.866686	1.000000
110.540000	-8.030000	-158.414993	19.909600	0.475782	82.793026	2571.655916	1.000000
110.540000	-8.030000	-158.414993	20.159600	0.394272	82.809103	2572.445147	1.000000
110.540000	-8.030000	-158.414993	20.409600	0.313385	82.825386	2573.234378	1.000000
110.540000	-8.030000	-158.414993	20.659600	-0.888378	82.841737	2574.030397	1.000000
110.540000	-8.030000	-158.414993	20.909600	-1.992067	82.858292	2575.149810	1.000000
110.540000	-8.030000	-158.414993	21.159600	-1.958659	82.874914	2576.269222	1.000000
110.540000	-8.030000	-158.414993	21.409600	-1.760071	82.891741	2577.388635	0.000000
110.540000	-8.030000	-158.414993	21.659600	-1.081722	82.908633	2578.457804	0.000000
110.540000	-8.030000	-158.414993	21.909600	-0.535427	82.925730	2579.386414	0.000000
110.540000	-8.030000	-158.414993	22.159600	-0.539319	82.942892	2580.315023	0.000000
110.540000	-8.030000	-158.414993	22.409600	-0.543271	82.960257	2581.243633	0.000000
110.540000	-8.030000	-158.414993	22.659600	-0.547145	82.977688	2582.172243	0.000000
110.540000	-8.030000	-158.414993	22.909600	-0.551078	82.995321	2583.100853	0.000000
110.540000	-8.030000	-158.414993	23.159600	-0.590243	83.013019	2584.029462	0.000000
110.540000	-8.030000	-158.414993	23.409600	-0.407972	83.030918	2584.958072	0.000000
110.540000	-8.030000	-158.414993	23.659600	-0.390431	83.048882	2585.832686	0.000000
110.540000	-8.030000	-158.414993	23.909600	-0.798353	83.067046	2586.763644	1.000000
110.540000	-8.030000	-158.164993	15.159600	1.768889	82.576846	2563.998741	2.000000
110.540000	-8.030000	-158.164993	15.409600	1.761084	82.591345	2564.695761	2.000000
110.540000	-8.030000	-158.164993	15.659600	1.753234	82.605997	2565.392780	2.000000
110.540000	-8.030000	-158.164993	15.909600	1.537290	82.620777	2566.089799	2.000000
110.540000	-8.030000	-158.164993	16.159600	0.898870	82.635710	2566.838656	2.000000
110.540000	-8.030000	-158.164993	16.409600	0.514131	82.650769	2567.677057	1.000000
110.540000	-8.030000	-158.164993	16.659600	0.507684	82.665980	2568.515458	1.000000
110.540000	-8.030000	-158.164993	16.909600	0.479920	82.681319	2569.353859	1.000000
110.540000	-8.030000	-158.164993	17.159600	0.562630	82.696808	2570.192260	1.000000
110.540000	-8.030000	-158.164993	17.409600	0.890670	82.712424	2570.997022	0.000000
110.540000	-8.030000	-158.164993	17.659600	1.084367	82.728190	2571.742081	0.000000
110.540000	-8.030000	-158.164993	17.909600	1.044925	82.744082	2572.487139	1.000000
110.540000	-8.030000	-158.164993	18.159600	0.909101	82.760124	2573.232198	1.000000
110.540000	-8.030000	-158.164993	18.409600	0.551419	82.776292	2574.008387	1.000000
110.540000	-8.030000	-158.164993	18.659600	1.064371	82.792608	2574.847007	1.000000
110.540000	-8.030000	-158.164993	18.909600	1.854678	82.809050	2575.500052	1.000000
110.540000	-8.030000	-158.164993	19.159600	1.869689	82.825640	2576.147300	1.000000
110.540000	-8.030000	-158.164993	19.409600	1.861021	82.842355	2576.794548	1.000000
110.540000	-8.030000	-158.164993	19.659600	1.848430	82.859218	2577.441795	1.000000
110.540000	-8.030000	-158.164993	19.909600	1.782396	82.876205	2578.089043	1.000000
110.540000	-8.030000	-158.164993	20.159600	1.479985	82.893339	2578.736291	1.000000
110.540000	-8.030000	-158.164993	20.409600	-0.507007	82.910597	2579.440382	1.000000
110.540000	-8.030000	-158.164993	20.659600	-2.041574	82.928001	2580.559794	2.000000
110.540000	-8.030000	-158.164993	20.909600	-2.044273	82.945528	2581.679207	2.000000
110.540000	-8.030000	-158.164993	21.159600	-2.046946	82.963201	2582.798619	2.000000
110.540000	-8.030000	-158.164993	21.409600	-1.540476	82.980996	2583.918032	1.000000
110.540000	-8.030000	-158.164993	21.659600	-0.864086	82.998937	2584.906418	1.000000
110.540000	-8.030000	-158.164993	21.909600	-0.626696	83.016999	2585.835028	0.000000
110.540000	-8.030000	-158.164993	22.159600	-0.631633	83.035206	2586.763638	0.000000
110.540000	-8.030000	-158.164993	22.409600	-0.636548	83.053535	2587.692247	0.000000
110.540000	-8.030000	-158.164993	22.659600	-0.680890	83.072007	2588.620857	0.000000
110.540000	-8.030000	-158.164993	22.909600	-0.486400	83.090599	2589.549467	0.000000
110.540000	-8.030000	-158.164993	23.159600	-0.254191	83.109335	2590.417271	0.000000
110.540000	-8.030000	-158.164993	23.409600	-0.695814	83.128191	2591.290765	0.000000
110.540000	-8.030000	-158.164993	23.659600	-1.075738	83.147189	2592.274180	0.000000
110.540000	-8.030000	-157.914993	15.159600	1.535263	82.640308	2570.793844	1.000000
110.540000	-8.030000	-157.914993	15.409600	1.554303	82.655890	2571.490863	2.000000
110.540000	-8.030000	-157.914993	15.659600	1.573057	82.671540	2572.187882	1.000000
110.540000	-8.030000	-157.914993	15.909600	1.591386	82.687400	2572.884902	1.000000
110.540000	-8.030000	-157.914993	16.159600	1.149363	82.703328	2573.581921	1.000000
110.540000	-8.030000	-157.914993	16.409600	0.555843	82.719466	2574.386736	1.000000
110.540000	-8.030000	-157.914993	16.659600	0.536732	82.735671	2575.225137	1.000000
110.540000	-8.030000	-157.914993	16.909600	0.865036	82.752085	2576.021307	1.000000
110.540000	-8.030000	-157.914993	17.159600	1.023127	82.768566	2576.766365	1.000000
110.540000	-8.030000	-157.914993	17.409600	0.986608	82.785255	2577.511424	0.000000
110.540000	-8.030000	-157.914993	17.659600	0.978365	82.802011	2578.256482	0.000000
110.540000	-8.030000	-157.914993	17.909600	0.970033	82.818974	2579.001541	0.000000
110.540000	-8.030000	-157.914993	18.159600	0.684812	82.836003	2579.746600	1.000000
110.540000	-8.030000	-157.914993	18.409600	0.324414	82.853238	2580.560245	1.000000
110.540000	-8.030000	-157.914993	18.659600	0.838919	82.870540	2581.398865	1.000000
110.540000	-8.030000	-157.914993	18.909600	1.641275	82.888047	2582.084858	1.000000
110.540000	-8.030000	-157.914993	19.159600	1.789710	82.905619	2582.732106	1.000000
110.540000	-8.030000	-157.914993	19.409600	1.779979	82.923397	2583.379354	1.000000
110.540000	-8.030000	-157.914993	19.659600	1.770283	82.941239	2584.026601	1.000000
110.540000	-8.030000	-157.914993	19.909600	1.760484	82.959286	2584.673849	1.000000
110.540000	-8.030000	-157.914993	20.159600	1.435516	82.977397	2585.321097	1.000000
110.540000	-8.030000	-157.914993	20.409600	-0.121193	82.995711	2586.049088	2.000000
110.540000	-8.030000	-157.914993	20.659600	-1.811782	83.014090	2587.089191	2.000000
110.540000	-8.030000	-157.914993	20.909600	-2.131416	83.032671	2588.208604	2.000000
110.540000	-8.030000	-157.914993	21.159600	-2.051233	83.051315	2589.328016	2.000000
110.540000	-8.030000	-157.914993	21.409600	-1.356819	83.070161	2590.426423	1.000000
110.540000	-8.030000	-157.914993	21.659600	-0.711893	83.089070	2591.355033	1.000000
110.540000	-8.030000	-157.914993	21.909600	-0.717877	83.108181	2592.283642	0.000000
110.540000	-8.030000	-157.914993	22.159600	-0.767351	83.127353	2593.212252	0.000000
110.540000	-8.030000	-157.914993	22.409600	-0.545304	83.146726	2594.140862	0.000000
110.540000	-8.030000	-157.914993	22.659600	-0.236192	83.166160	2595.001857	0.000000
110.540000	-8.030000	-157.914993	22.909600	-0.585626	83.185794	2595.848756	0.000000
110.540000	-8.030000	-157.914993	23.159600	-1.074845	83.205489	2596.801301	0.000000
110.540000	-8.030000	-157.914993	23.409600	-1.137144	83.225383	2597.784717	0.000000
110.540000	-8.030000	-157.664993	15.159600	0.603027	82.703742	2577.189271	1.000000
110.540000	-8.030000	-157.664993	15.409600	0.627860	82.720324	2577.949897	2.000000
110.540000	-8.030000	-157.664993	15.659600	0.652257	82.737057	2578.710523	1.000000
110.540000	-8.030000	-157.664993	15.909600	0.676247	82.753915	2579.471149	1.000000
110.540000	-8.030000	-157.664993	16.159600	0.473592	82.770923	2580.231775	1.000000
110.540000	-8.030000	-157.664993	16.409600	0.578461	82.788057	2581.045591	1.000000
110.540000	-8.030000	-157.664993	16.659600	0.965933	82.805340	2581.790650	1.000000
110.540000	-8.030000	-157.664993	16.909600	0.932442	82.822748	2582.535709	1.000000
110.540000	-8.030000	-157.664993	17.159600	0.923163	82.840304	2583.280767	1.000000
110.540000	-8.030000	-157.664993	17.409600	0.913878	82.857985	2584.025826	0.000000
110.540000	-8.030000	-157.664993	17.659600	0.904563	82.875813	2584.770884	0.000000
110.540000	-8.030000	-157.664993	17.909600	0.843631	82.893765	2585.515943	0.000000
110.540000	-8.030000	-157.664993	18.159600	0.473453	82.911865	2586.273482	0.000000
110.540000	-8.030000	-157.664993	18.409600	0.145434	82.930087	2587.112102	0.000000
110.540000	-8.030000	-157.664993	18.659600	0.626183	82.948456	2587.950723	0.000000
110.540000	-8.030000	-157.664993	18.909600	1.428028	82.966948	2588.669664	0.000000
110.540000	-8.030000	-157.664993	19.159600	1.709744	82.985585	2589.316912	0.000000
110.540000	-8.030000	-157.664993	19.409600	1.699031	83.004345	2589.964160	0.000000
110.540000	-8.030000	-157.664993	19.659600	1.688273	83.023249	2590.611408	1.000000
110.540000	-8.030000	-157.664993	19.909600	1.565917	83.042275	2591.258655	1.000000
110.540000	-8.030000	-157.664993	20.159600	1.126922	83.061446	2591.933418	1.000000
110.540000	-8.030000	-157.664993	20.409600	0.155227	83.080737	2592.696306	2.000000
110.540000	-8.030000	-157.664993	20.659600	-1.427426	83.100171	2593.615837	2.000000
110.540000	-8.030000	-157.664993	20.909600	-2.230653	83.119726	2594.738001	3.000000
110.540000	-8.030000	-157.664993	21.159600	-1.816606	83.139424	2595.857413	2.000000
110.540000	-8.030000	-157.664993	21.409600	-1.156391	83.159241	2596.875037	1.000000
110.540000	-8.030000	-157.664993	21.659600	-0.849766	83.179200	2597.803647	1.000000
110.540000	-8.030000	-157.664993	21.909600	-0.599880	83.199279	2598.732257	1.000000
110.540000	-8.030000	-157.664993	22.159600	-0.317160	83.219498	2599.586442	0.000000
110.540000	-8.030000	-157.664993	22.409600	-0.467755	83.239836	2600.433341	0.000000
110.540000	-8.030000	-157.664993	22.659600	-0.960725	83.260314	2601.328422	0.000000
110.540000	-8.030000	-157.664993	22.909600	-1.240561	83.280910	2602.311838	0.000000
110.540000	-8.030000	-157.664993	23.159600	-1.228088	83.301646	2603.295254	0.000000
110.540000	-8.030000	-157.664993	23.409600	-1.234259	83.322499	2604.278670	0.000000
110.540000	-8.030000	-157.414993	15.159600	0.947156	82.766980	2583.305766	1.000000
110.540000	-8.030000	-157.414993	15.409600	0.379018	82.784646	2584.066392	2.000000
110.540000	-8.030000	-157.414993	15.659600	0.369494	82.802379	2584.827019	1.000000
110.540000	-8.030000	-157.414993	15.909600	0.359891	82.820320	2585.587645	1.000000
110.540000	-8.030000	-157.414993	16.159600	-0.252897	82.838326	2586.348271	1.000000
110.540000	-8.030000	-157.414993	16.409600	-1.491999	82.856540	2587.245081	1.000000
110.540000	-8.030000	-157.414993	16.659600	-0.612462	82.874819	2588.305052	1.000000
110.540000	-8.030000	-157.414993	16.909600	0.861886	82.893304	2589.050110	1.000000
110.540000	-8.030000	-157.414993	17.159600	0.851613	82.911854	2589.795169	1.000000
110.540000	-8.030000	-157.414993	17.409600	0.841252	82.930610	2590.540227	0.000000
110.540000	-8.030000	-157.414993	17.659600	0.830946	82.949430	2591.285286	1.000000
110.540000	-8.030000	-157.414993	17.909600	0.614116	82.968456	2592.030344	0.000000
110.540000	-8.030000	-157.414993	18.159600	0.256756	82.987544	2592.825340	0.000000
110.540000	-8.030000	-157.414993	18.409600	0.068685	83.006837	2593.663960	0.000000
110.540000	-8.030000	-157.414993	18.659600	0.413699	83.026193	2594.502581	0.000000
110.540000	-8.030000	-157.414993	18.909600	1.214940	83.045752	2595.254471	0.000000
110.540000	-8.030000	-157.414993	19.159600	1.629956	83.065374	2595.901718	0.000000
110.540000	-8.030000	-157.414993	19.409600	1.618178	83.085198	2596.548966	0.000000
110.540000	-8.030000	-157.414993	19.659600	1.606438	83.105084	2597.196214	0.000000
110.540000	-8.030000	-157.414993	19.909600	1.245667	83.125173	2597.843462	1.000000
110.540000	-8.030000	-157.414993	20.159600	0.808385	83.145322	2598.580635	2.000000
110.540000	-8.030000	-157.414993	20.409600	0.556778	83.165672	2599.343523	2.000000
110.540000	-8.030000	-157.414993	20.659600	-0.981308	83.186083	2600.141039	2.000000
110.540000	-8.030000	-157.414993	20.909600	-2.337269	83.206694	2601.265669	3.000000
110.540000	-8.030000	-157.414993	21.159600	-1.690782	83.227365	2602.386811	1.000000
110.540000	-8.030000	-157.414993	21.409600	-0.684031	83.248236	2603.323651	1.000000
110.540000	-8.030000	-157.414993	21.659600	-0.367088	83.269166	2604.171028	1.000000
110.540000	-8.030000	-157.414993	21.909600	-0.380627	83.290294	2605.017926	1.000000
110.540000	-8.030000	-157.414993	22.159600	-0.839003	83.311481	2605.864825	0.000000
110.540000	-8.030000	-157.414993	22.409600	-1.318941	83.332866	2606.838959	0.000000
110.540000	-8.030000	-157.414993	22.659600	-1.309664	83.354309	2607.822375	0.000000
110.540000	-8.030000	-157.414993	22.909600	-1.316923	83.375949	2608.805791	0.000000
110.540000	-8.030000	-157.414993	23.159600	-1.324088	83.397646	2609.789207	0.000000
110.540000	-8.030000	-157.164993	15.159600	1.706557	82.830194	2589.519507	1.000000
110.540000	-8.030000	-157.164993	15.409600	0.789520	82.848863	2590.182888	0.000000
110.540000	-8.030000	-157.164993	15.659600	0.304193	82.867680	2590.943514	1.000000
110.540000	-8.030000	-157.164993	15.909600	0.293589	82.886621	2591.704140	2.000000
110.540000	-8.030000	-157.164993	16.159600	-0.514180	82.905709	2592.464767	2.000000
110.540000	-8.030000	-157.164993	16.409600	-2.005570	82.924922	2593.405428	2.000000
110.540000	-8.030000	-157.164993	16.659600	-2.435037	82.944280	2594.517572	1.000000
110.540000	-8.030000	-157.164993	16.909600	-0.628481	82.963762	2595.564512	1.000000
110.540000	-8.030000	-157.164993	17.159600	0.780078	82.983389	2596.309571	2.000000
110.540000	-8.030000	-157.164993	17.409600	0.768724	83.003139	2597.054629	1.000000
110.540000	-8.030000	-157.164993	17.659600	0.757342	83.023034	2597.799688	1.000000
110.540000	-8.030000	-157.164993	17.909600	0.400397	83.043051	2598.544746	1.000000
110.540000	-8.030000	-157.164993	18.159600	0.027672	83.063212	2599.377198	1.000000
110.540000	-8.030000	-157.164993	18.409600	-0.007972	83.083494	2600.215818	0.000000
110.540000	-8.030000	-157.164993	18.659600	0.201298	83.103919	2601.054438	0.000000
110.540000	-8.030000	-157.164993	18.909600	1.002005	83.124466	2601.839277	0.000000
110.540000	-8.030000	-157.164993	19.159600	1.550175	83.145154	2602.486525	0.000000
110.540000	-8.030000	-157.164993	19.409600	1.537413	83.165963	2603.133772	0.000000
110.540000	-8.030000	-157.164993	19.659600	1.375575	83.186913	2603.781020	0.000000
110.540000	-8.030000	-157.164993	19.909600	0.938298	83.207983	2604.464965	0.000000
110.540000	-8.030000	-157.164993	20.159600	0.621653	83.229194	2605.227853	2.000000
110.540000	-8.030000	-157.164993	20.409600	0.610157	83.250523	2605.990741	3.000000
110.540000	-8.030000	-157.164993	20.659600	-0.511398	83.271993	2606.753629	3.000000
110.540000	-8.030000	-157.164993	20.909600	-1.448631	83.293580	2607.790871	3.000000
110.540000	-8.030000	-157.164993	21.159600	-0.924219	83.315307	2608.755613	2.000000
110.540000	-8.030000	-157.164993	21.409600	-0.487852	83.337151	2609.602512	2.000000
110.540000	-8.030000	-157.164993	21.659600	-0.709813	83.359133	2610.449411	2.000000
110.540000	-8.030000	-157.164993	21.909600	-1.197432	83.381232	2611.366080	2.000000
110.540000	-8.030000	-157.164993	22.159600	-1.392771	83.403469	2612.349496	0.000000
110.540000	-8.030000	-157.164993	22.409600	-1.395407	83.425821	2613.332911	0.000000
110.540000	-8.030000	-157.164993	22.659600	-1.403665	83.448310	2614.316327	0.000000
110.540000	-8.030000	-157.164993	22.909600	-1.411888	83.470914	2615.299743	0.000000
110.540000	-8.030000	-156.914993	15.159600	2.059388	82.893216	2595.804648	0.000000
110.540000	-8.030000	-156.914993	15.409600	1.549057	82.912972	2596.379780	0.000000
110.540000	-8.030000	-156.914993	15.659600	0.629954	82.932791	2597.060010	1.000000
110.540000	-8.030000	-156.914993	15.909600	0.227394	82.952816	2597.820636	2.000000
110.540000	-8.030000	-156.914993	16.159600	-0.775100	82.972905	2598.581262	2.000000
110.540000	-8.030000	-156.914993	16.409600	-2.264491	82.993199	2599.565775	2.000000
110.540000	-8.030000	-156.914993	16.659600	-2.826060	83.013556	2600.677919	2.000000
110.540000	-8.030000	-156.914993	16.909600	-2.446711	83.034118	2601.790062	2.000000
110.540000	-8.030000	-156.914993	17.159600	-0.646662	83.054741	2602.823972	1.000000
110.540000	-8.030000	-156.914993	17.409600	0.696294	83.075569	2603.569031	1.000000
110.540000	-8.030000	-156.914993	17.659600	0.554381	83.096457	2604.314089	1.000000
110.540000	-8.030000	-156.914993	17.909600	0.190642	83.117549	2605.090436	1.000000
110.540000	-8.030000	-156.914993	18.159600	-0.073073	83.138701	2605.929056	1.000000
110.540000	-8.030000	-156.914993	18.409600	-0.084535	83.160056	2606.767676	1.000000
110.540000	-8.030000	-156.914993	18.659600	-0.010855	83.181471	2607.606296	0.000000
110.540000	-8.030000	-156.914993	18.909600	0.783737	83.203087	2608.424083	0.000000
110.540000	-8.030000	-156.914993	19.159600	1.470567	83.224762	2609.071331	0.000000
110.540000	-8.030000	-156.914993	19.409600	1.456738	83.246638	2609.718578	0.000000
110.540000	-8.030000	-156.914993	19.659600	1.060247	83.268573	2610.365826	0.000000
110.540000	-8.030000	-156.914993	19.909600	0.616651	83.290707	2611.112182	0.000000
110.540000	-8.030000	-156.914993	20.159600	0.537948	83.312899	2611.875071	1.000000
110.540000	-8.030000	-156.914993	20.409600	0.525390	83.335290	2612.637959	2.000000
110.540000	-8.030000	-156.914993	20.659600	-0.093712	83.357738	2613.400847	2.000000
110.540000	-8.030000	-156.914993	20.909600	-0.068661	83.380384	2614.316073	3.000000
110.540000	-8.030000	-156.914993	21.159600	-0.035971	83.403087	2615.033996	2.000000
110.540000	-8.030000	-156.914993	21.409600	-1.068405	83.425987	2615.893200	2.000000
110.540000	-8.030000	-156.914993	21.659600	-1.501157	83.448942	2616.876616	2.000000
110.540000	-8.030000	-156.914993	21.909600	-1.469688	83.472094	2617.860032	2.000000
110.540000	-8.030000	-156.914993	22.159600	-1.478966	83.495300	2618.843448	0.000000
110.540000	-8.030000	-156.914993	22.409600	-1.488288	83.518702	2619.826864	0.000000
110.540000	-8.030000	-156.914993	22.659600	-1.497513	83.542158	2620.810280	0.000000
110.540000	-8.030000	-156.664993	15.159600	1.996385	82.956219	2602.089790	0.000000
110.540000	-8.030000	-156.664993	15.409600	1.981609	82.976979	2602.664922	1.000000
110.540000	-8.030000	-156.664993	15.659600	1.389522	82.997885	2603.240054	1.000000
110.540000	-8.030000	-156.664993	15.909600	0.468314	83.018913	2603.937132	1.000000
110.540000	-8.030000	-156.664993	16.159600	-1.035826	83.040086	2604.697758	1.000000
110.540000	-8.030000	-156.664993	16.409600	-2.523108	83.061380	2605.726122	2.000000
110.540000	-8.030000	-156.664993	16.659600	-2.895323	83.082819	2606.838265	2.000000
110.540000	-8.030000	-156.664993	16.909600	-2.904228	83.104379	2607.950409	2.000000
110.540000	-8.030000	-156.664993	17.159600	-2.460613	83.126082	2609.062552	1.000000
110.540000	-8.030000	-156.664993	17.409600	-0.667158	83.147906	2610.083433	1.000000
110.540000	-8.030000	-156.664993	17.659600	0.332227	83.169872	2610.828491	1.000000
110.540000	-8.030000	-156.664993	17.909600	-0.034322	83.191957	2611.642294	1.000000
110.540000	-8.030000	-156.664993	18.159600	-0.148556	83.214185	2612.480914	1.000000
110.540000	-8.030000	-156.664993	18.409600	-0.161009	83.236531	2613.319534	1.000000
110.540000	-8.030000	-156.664993	18.659600	-0.173472	83.259018	2614.158154	1.000000
110.540000	-8.030000	-156.664993	18.909600	0.555676	83.281623	2614.996774	1.000000
110.540000	-8.030000	-156.664993	19.159600	1.341604	83.304368	2615.656137	1.000000
110.540000	-8.030000	-156.664993	19.409600	1.189547	83.327230	2616.303385	1.000000
110.540000	-8.030000	-156.664993	19.659600	0.754023	83.350231	2616.996512	1.000000
110.540000	-8.030000	-156.664993	19.909600	0.467781	83.373350	2617.759400	1.000000
110.540000	-8.030000	-156.664993	20.159600	0.454242	83.396606	2618.522288	3.000000
110.540000	-8.030000	-156.664993	20.409600	0.443318	83.419978	2619.285176	3.000000
110.540000	-8.030000	-156.664993	20.659600	0.510746	83.443487	2620.048065	2.000000
110.540000	-8.030000	-156.664993	20.909600	0.923858	83.467112	2620.800636	2.000000
110.540000	-8.030000	-156.664993	21.159600	-0.052068	83.490873	2621.403737	2.000000
110.540000	-8.030000	-156.664993	21.409600	-1.539746	83.514748	2622.387153	2.000000
110.540000	-8.030000	-156.664993	21.659600	-1.550131	83.538759	2623.370569	2.000000
110.540000	-8.030000	-156.664993	21.909600	-1.560477	83.562883	2624.353985	1.000000
110.540000	-8.030000	-156.664993	22.159600	-1.570807	83.587142	2625.337401	0.000000
110.540000	-8.030000	-156.664993	22.409600	-1.581099	83.611513	2626.320817	0.000000
110.540000	-8.030000	-156.664993	22.659600	-1.591373	83.636018	2627.304233	0.000000
110.540000	-8.030000	-156.414993	15.159600	1.933570	83.019034	2608.374931	0.000000
110.540000	-8.030000	-156.414993	15.409600	1.917705	83.040883	2608.950063	1.000000
110.540000	-8.030000	-156.414993	15.659600	1.901875	83.062793	2609.525195	1.000000
110.540000	-8.030000	-156.414993	15.909600	1.227980	83.084908	2610.100327	1.000000
110.540000	-8.030000	-156.414993	16.159600	-1.038589	83.107083	2610.814253	1.000000
110.540000	-8.030000	-156.414993	16.409600	-2.686775	83.129462	2611.886469	1.000000
110.540000	-8.030000	-156.414993	16.659600	-2.827480	83.151901	2612.998612	2.000000
110.540000	-8.030000	-156.414993	16.909600	-2.797253	83.174544	2614.110756	2.000000
110.540000	-8.030000	-156.414993	17.159600	-2.767338	83.197245	2615.222899	1.000000
110.540000	-8.030000	-156.414993	17.409600	-2.288155	83.220149	2616.335043	1.000000
110.540000	-8.030000	-156.414993	17.659600	-0.957390	83.243111	2617.355531	1.000000
110.540000	-8.030000	-156.414993	17.909600	-0.210701	83.266274	2618.194152	1.000000
110.540000	-8.030000	-156.414993	18.159600	-0.223866	83.289495	2619.032772	1.000000
110.540000	-8.030000	-156.414993	18.409600	-0.237394	83.312916	2619.871392	2.000000
110.540000	-8.030000	-156.414993	18.659600	-0.250848	83.336394	2620.710012	1.000000
110.540000	-8.030000	-156.414993	18.909600	0.332824	83.360072	2621.548632	1.000000
110.540000	-8.030000	-156.414993	19.159600	1.127970	83.383805	2622.240943	1.000000
110.540000	-8.030000	-156.414993	19.409600	0.879119	83.407738	2622.888191	2.000000
110.540000	-8.030000	-156.414993	19.659600	0.429290	83.431725	2623.643730	2.000000
110.540000	-8.030000	-156.414993	19.909600	0.389769	83.455911	2624.406618	1.000000
110.540000	-8.030000	-156.414993	20.159600	0.392812	83.480151	2625.169506	2.000000
110.540000	-8.030000	-156.414993	20.409600	0.070095	83.504587	2625.938104	2.000000
110.540000	-8.030000	-156.414993	20.659600	1.295623	83.529077	2626.789376	2.000000
110.540000	-8.030000	-156.414993	20.909600	1.753498	83.553763	2627.210835	2.000000
110.540000	-8.030000	-156.414993	21.159600	-0.417406	83.578502	2627.897690	1.000000
110.540000	-8.030000	-156.414993	21.409600	-1.628434	83.603436	2628.881106	1.000000
110.540000	-8.030000	-156.414993	21.659600	-1.639794	83.628422	2629.864522	1.000000
110.540000	-8.030000	-156.414993	21.909600	-1.651196	83.653601	2630.847938	1.000000
110.540000	-8.030000	-156.414993	22.159600	-1.662498	83.678833	2631.831354	0.000000
110.540000	-8.030000	-156.414993	22.409600	-1.673842	83.704256	2632.814769	0.000000
110.540000	-8.030000	-156.164993	15.159600	1.870770	83.081834	2614.660073	0.000000
110.540000	-8.030000	-156.164993	15.409600	1.853899	83.104689	2615.235205	1.000000
110.540000	-8.030000	-156.164993	15.659600	1.836979	83.127688	2615.810337	1.000000
110.540000	-8.030000	-156.164993	15.909600	1.598828	83.150808	2616.385469	1.000000
110.540000	-8.030000	-156.164993	16.159600	-0.795124	83.174070	2617.011473	1.000000
110.540000	-8.030000	-156.164993	16.409600	-3.027040	83.197452	2618.171147	1.000000
110.540000	-8.030000	-156.164993	16.659600	-3.022716	83.220975	2619.336749	2.000000
110.540000	-8.030000	-156.164993	16.909600	-2.994179	83.244618	2620.502351	2.000000
110.540000	-8.030000	-156.164993	17.159600	-2.966012	83.268402	2621.667953	2.000000
110.540000	-8.030000	-156.164993	17.409600	-2.560524	83.292304	2622.833554	1.000000
110.540000	-8.030000	-156.164993	17.659600	-1.232924	83.316345	2623.906237	1.000000
110.540000	-8.030000	-156.164993	17.909600	-0.290400	83.340505	2624.745450	1.000000
110.540000	-8.030000	-156.164993	18.159600	-0.302188	83.364803	2625.584630	2.000000
110.540000	-8.030000	-156.164993	18.409600	-0.314108	83.389218	2626.423250	2.000000
110.540000	-8.030000	-156.164993	18.659600	-0.328326	83.413771	2627.261870	1.000000
110.540000	-8.030000	-156.164993	18.909600	0.119845	83.438440	2628.100490	1.000000
110.540000	-8.030000	-156.164993	19.159600	0.691177	83.463246	2628.825749	2.000000
110.540000	-8.030000	-156.164993	19.409600	0.580367	83.488167	2629.528059	2.000000
110.540000	-8.030000	-156.164993	19.659600	0.325708	83.513224	2630.290947	2.000000
110.540000	-8.030000	-156.164993	19.909600	0.001292	83.538396	2631.063738	2.000000
110.540000	-8.030000	-156.164993	20.159600	-0.279103	83.563702	2631.915010	2.000000
110.540000	-8.030000	-156.164993	20.409600	1.229192	83.589122	2632.766282	2.000000
110.540000	-8.030000	-156.164993	20.659600	3.637297	83.614676	2633.196491	2.000000
110.540000	-8.030000	-156.164993	20.909600	1.332347	83.640343	2633.413116	3.000000
110.540000	-8.030000	-156.164993	21.159600	-1.684894	83.666143	2634.391642	1.000000
110.540000	-8.030000	-156.164993	21.409600	-1.717053	83.692055	2635.375058	1.000000
110.540000	-8.030000	-156.164993	21.659600	-1.729471	83.718099	2636.358474	1.000000
110.540000	-8.030000	-156.164993	21.909600	-1.741848	83.744254	2637.341890	1.000000
110.540000	-8.030000	-156.164993	22.159600	-1.754205	83.770539	2638.325306	0.000000
110.540000	-8.030000	-155.914993	15.159600	1.808155	83.144449	2620.945214	0.000000
110.540000	-8.030000	-155.914993	15.409600	1.790192	83.168396	2621.520346	1.000000
110.540000	-8.030000	-155.914993	15.659600	1.772266	83.192402	2622.095478	1.000000
110.540000	-8.030000	-155.914993	15.909600	0.178889	83.216611	2622.670610	1.000000
110.540000	-8.030000	-155.914993	16.159600	-1.859961	83.240877	2623.632600	1.000000
110.540000	-8.030000	-155.914993	16.409600	-2.739165	83.265347	2624.760391	1.000000
110.540000	-8.030000	-155.914993	16.659600	-2.908371	83.289873	2625.925993	1.000000
110.540000	-8.030000	-155.914993	16.909600	-2.920684	83.314601	2627.091595	2.000000
110.540000	-8.030000	-155.914993	17.159600	-2.932873	83.339385	2628.257197	1.000000
110.540000	-8.030000	-155.914993	17.409600	-2.412967	83.364369	2629.422798	1.000000
110.540000	-8.030000	-155.914993	17.659600	-1.147462	83.389409	2630.456682	1.000000
110.540000	-8.030000	-155.914993	17.909600	-0.365131	83.414649	2631.295895	1.000000
110.540000	-8.030000	-155.914993	18.159600	-0.380637	83.439943	2632.135109	2.000000
110.540000	-8.030000	-155.914993	18.409600	-0.395917	83.465436	2632.974322	2.000000
110.540000	-8.030000	-155.914993	18.659600	-0.409485	83.490983	2633.813535	1.000000
110.540000	-8.030000	-155.914993	18.909600	-0.101755	83.516727	2634.652348	1.000000
110.540000	-8.030000	-155.914993	19.159600	0.185161	83.542524	2635.412389	2.000000
110.540000	-8.030000	-155.914993	19.409600	-0.116636	83.568518	2636.189372	2.000000
110.540000	-8.030000	-155.914993	19.659600	-0.373570	83.594563	2637.040644	2.000000
110.540000	-8.030000	-155.914993	19.909600	-0.340461	83.620805	2637.891916	2.000000
110.540000	-8.030000	-155.914993	20.159600	1.131089	83.647097	2638.743188	1.000000
110.540000	-8.030000	-155.914993	20.409600	3.538657	83.673584	2639.182147	2.000000
110.540000	-8.030000	-155.914993	20.659600	3.191025	83.700122	2639.398772	2.000000
110.540000	-8.030000	-155.914993	20.909600	0.166933	83.726853	2639.902179	3.000000
110.540000	-8.030000	-155.914993	21.159600	-1.792106	83.753633	2640.885595	1.000000
110.540000	-8.030000	-155.914993	21.409600	-1.805604	83.780606	2641.869011	1.000000
110.540000	-8.030000	-155.914993	21.659600	-1.819000	83.807628	2642.852427	1.000000
110.540000	-8.030000	-155.914993	21.909600	-1.832435	83.834840	2643.835843	0.000000
110.540000	-8.030000	-155.914993	22.159600	-1.845767	83.862101	2644.819259	0.000000
110.540000	-8.030000	-155.664993	15.159600	1.745550	83.207054	2627.230356	0.000000
110.540000	-8.030000	-155.664993	15.409600	1.726578	83.232010	2627.805488	1.000000
110.540000	-8.030000	-155.664993	15.659600	0.854091	83.257107	2628.380620	1.000000
110.540000	-8.030000	-155.664993	15.909600	-1.109928	83.282323	2629.152764	1.000000
110.540000	-8.030000	-155.664993	16.159600	-2.381783	83.307679	2630.253727	1.000000
110.540000	-8.030000	-155.664993	16.409600	-2.655458	83.333153	2631.354689	1.000000
110.540000	-8.030000	-155.664993	16.659600	-2.956802	83.358767	2632.515237	1.000000
110.540000	-8.030000	-155.664993	16.909600	-2.990581	83.384497	2633.680839	2.000000
110.540000	-8.030000	-155.664993	17.159600	-3.003854	83.410366	2634.846440	1.000000
110.540000	-8.030000	-155.664993	17.409600	-2.327905	83.436352	2636.012042	1.000000
110.540000	-8.030000	-155.664993	17.659600	-1.061726	83.462474	2637.007127	1.000000
110.540000	-8.030000	-155.664993	17.909600	-0.439194	83.488712	2637.846340	1.000000
110.540000	-8.030000	-155.664993	18.159600	-0.455798	83.515087	2638.685553	2.000000
110.540000	-8.030000	-155.664993	18.409600	-0.472384	83.541575	2639.524767	1.000000
110.540000	-8.030000	-155.664993	18.659600	-0.488975	83.568200	2640.363980	1.000000
110.540000	-8.030000	-155.664993	18.909600	-0.502282	83.594937	2641.203194	1.000000
110.540000	-8.030000	-155.664993	19.159600	-0.608559	83.621810	2642.035274	2.000000
110.540000	-8.030000	-155.664993	19.409600	-0.734949	83.648794	2642.906964	2.000000
110.540000	-8.030000	-155.664993	19.659600	-0.740421	83.675913	2643.778655	2.000000
110.540000	-8.030000	-155.664993	19.909600	0.640867	83.703143	2644.650346	2.000000
110.540000	-8.030000	-155.664993	20.159600	3.145693	83.730505	2645.167803	1.000000
110.540000	-8.030000	-155.664993	20.409600	4.367168	83.757978	2645.384428	1.000000
110.540000	-8.030000	-155.664993	20.659600	1.886310	83.785582	2645.601052	2.000000
110.540000	-8.030000	-155.664993	20.909600	-1.102806	83.813296	2646.396132	1.000000
110.540000	-8.030000	-155.664993	21.159600	-1.879613	83.841140	2647.379548	1.000000
110.540000	-8.030000	-155.664993	21.409600	-1.894092	83.869094	2648.362964	0.000000
110.540000	-8.030000	-155.664993	21.659600	-1.908548	83.897176	2649.346380	0.000000
110.540000	-8.030000	-155.664993	21.909600	-1.922961	83.925367	2650.329796	0.000000
110.540000	-8.030000	-155.414993	15.159600	1.683125	83.269479	2633.515497	0.000000
110.540000	-8.030000	-155.414993	15.409600	1.631809	83.295529	2634.090629	0.000000
110.540000	-8.030000	-155.414993	15.659600	-0.475497	83.321635	2634.672929	1.000000
110.540000	-8.030000	-155.414993	15.909600	-2.433243	83.347943	2635.773891	1.000000
110.540000	-8.030000	-155.414993	16.159600	-2.448409	83.374306	2636.874853	1.000000
110.540000	-8.030000	-155.414993	16.409600	-2.575700	83.400870	2637.975816	1.000000
110.540000	-8.030000	-155.414993	16.659600	-2.893421	83.427489	2639.104481	1.000000
110.540000	-8.030000	-155.414993	16.909600	-3.060390	83.454307	2640.270083	0.000000
110.540000	-8.030000	-155.414993	17.159600	-3.074667	83.481179	2641.435684	0.000000
110.540000	-8.030000	-155.414993	17.409600	-2.242623	83.508249	2642.601286	1.000000
110.540000	-8.030000	-155.414993	17.659600	-0.975705	83.535373	2643.557572	1.000000
110.540000	-8.030000	-155.414993	17.909600	-0.513176	83.562694	2644.396785	1.000000
110.540000	-8.030000	-155.414993	18.159600	-0.530778	83.590066	2645.235998	1.000000
110.540000	-8.030000	-155.414993	18.409600	-0.548445	83.617636	2646.075212	1.000000
110.540000	-8.030000	-155.414993	18.659600	-0.384892	83.645256	2646.914425	1.000000
110.540000	-8.030000	-155.414993	18.909600	-0.450406	83.673072	2647.703788	1.000000
110.540000	-8.030000	-155.414993	19.159600	-0.785081	83.700938	2648.544969	2.000000
110.540000	-8.030000	-155.414993	19.409600	-0.927128	83.728998	2649.416659	2.000000
110.540000	-8.030000	-155.414993	19.659600	-0.617647	83.757107	2650.288350	2.000000
110.540000	-8.030000	-155.414993	19.909600	1.634776	83.785410	2651.080044	2.000000
110.540000	-8.030000	-155.414993	20.159600	3.990439	83.813761	2651.370084	1.000000
110.540000	-8.030000	-155.414993	20.409600	3.836108	83.842304	2651.586708	1.000000
110.540000	-8.030000	-155.414993	20.659600	0.686319	83.870894	2651.906669	1.000000
110.540000	-8.030000	-155.414993	20.909600	-1.951470	83.899675	2652.890085	1.000000
110.540000	-8.030000	-155.414993	21.159600	-1.966975	83.928502	2653.873500	0.000000
110.540000	-8.030000	-155.414993	21.409600	-1.982518	83.957519	2654.856916	0.000000
110.540000	-8.030000	-155.414993	21.659600	-1.997954	83.986582	2655.840332	0.000000
110.540000	-8.030000	-155.164993	15.159600	1.620706	83.331898	2639.800639	0.000000
110.540000	-8.030000	-155.164993	15.409600	0.185235	83.358959	2640.375771	0.000000
110.540000	-8.030000	-155.164993	15.659600	-1.738945	83.386159	2641.294055	0.000000
110.540000	-8.030000	-155.164993	15.909600	-2.498776	83.413476	2642.395018	0.000000
110.540000	-8.030000	-155.164993	16.159600	-2.515035	83.440932	2643.495980	0.000000
110.540000	-8.030000	-155.164993	16.409600	-2.531239	83.468503	2644.596942	0.000000
110.540000	-8.030000	-155.164993	16.659600	-2.810799	83.496211	2645.697905	0.000000
110.540000	-8.030000	-155.164993	16.909600	-3.113215	83.524035	2646.859327	0.000000
110.540000	-8.030000	-155.164993	17.159600	-3.145483	83.551995	2648.024928	0.000000
110.540000	-8.030000	-155.164993	17.409600	-2.157130	83.580068	2649.190530	0.000000
110.540000	-8.030000	-155.164993	17.659600	-0.889576	83.608277	2650.108017	0.000000
110.540000	-8.030000	-155.164993	17.909600	-0.587081	83.636599	2650.947230	0.000000
110.540000	-8.030000	-155.164993	18.159600	-0.605766	83.665055	2651.786443	0.000000
110.540000	-8.030000	-155.164993	18.409600	-0.463511	83.693623	2652.625657	1.000000
110.540000	-8.030000	-155.164993	18.659600	-0.204901	83.722323	2653.420720	1.000000
110.540000	-8.030000	-155.164993	18.909600	-0.537789	83.751135	2654.183034	1.000000
110.540000	-8.030000	-155.164993	19.159600	-0.988841	83.780079	2655.054664	1.000000
110.540000	-8.030000	-155.164993	19.409600	-1.007263	83.809133	2655.926355	2.000000
110.540000	-8.030000	-155.164993	19.659600	0.208877	83.838317	2656.798045	2.000000
110.540000	-8.030000	-155.164993	19.909600	2.793200	83.867611	2657.347411	1.000000
110.540000	-8.030000	-155.164993	20.159600	4.189015	83.897034	2657.572364	1.000000
110.540000	-8.030000	-155.164993	20.409600	2.492606	83.926566	2657.788989	1.000000
110.540000	-8.030000	-155.164993	20.659600	-0.511485	83.956226	2658.400621	1.000000
110.540000	-8.030000	-155.164993	20.909600	-2.037788	83.985993	2659.384037	0.000000
110.540000	-8.030000	-155.164993	21.159600	-2.054359	84.015887	2660.367453	0.000000
110.540000	-8.030000	-155.164993	21.409600	-2.070885	84.045887	2661.350869	0.000000
110.540000	-8.030000	-155.164993	21.659600	-2.087385	84.076013	2662.334285	0.000000
110.540000	-8.030000	-154.914993	15.159600	0.889942	83.394140	2646.085780	0.000000
110.540000	-8.030000	-154.914993	15.409600	-1.113303	83.422298	2646.814220	0.000000
110.540000	-8.030000	-154.914993	15.659600	-2.546835	83.450509	2647.915182	0.000000
110.540000	-8.030000	-154.914993	15.909600	-2.564221	83.478921	2649.016144	0.000000
110.540000	-8.030000	-154.914993	16.159600	-2.581490	83.507386	2650.117107	0.000000
110.540000	-8.030000	-154.914993	16.409600	-2.598787	83.536050	2651.218069	0.000000
110.540000	-8.030000	-154.914993	16.659600	-2.731451	83.564766	2652.319031	0.000000
110.540000	-8.030000	-154.914993	16.909600	-3.051539	83.593680	2653.448570	0.000000
110.540000	-8.030000	-154.914993	17.159600	-3.216134	83.622646	2654.614172	0.000000
110.540000	-8.030000	-154.914993	17.409600	-2.071426	83.651807	2655.779774	0.000000
110.540000	-8.030000	-154.914993	17.659600	-0.803171	83.681019	2656.658462	0.000000
110.540000	-8.030000	-154.914993	17.909600	-0.660909	83.710427	2657.497675	0.000000
110.540000	-8.030000	-154.914993	18.159600	-0.539935	83.739884	2658.336888	0.000000
110.540000	-8.030000	-154.914993	18.409600	-0.282246	83.769535	2659.137652	0.000000
110.540000	-8.030000	-154.914993	18.659600	-0.285463	83.799235	2659.899966	1.000000
110.540000	-8.030000	-154.914993	18.909600	-0.725030	83.829128	2660.692668	1.000000
110.540000	-8.030000	-154.914993	19.159600	-1.068080	83.859068	2661.564359	1.000000
110.540000	-8.030000	-154.914993	19.409600	-0.352537	83.889200	2662.436050	2.000000
110.540000	-8.030000	-154.914993	19.659600	1.284162	83.919378	2663.122348	2.000000
110.540000	-8.030000	-154.914993	19.909600	3.221619	83.949748	2663.558020	1.000000
110.540000	-8.030000	-154.914993	20.159600	4.141960	83.980162	2663.774645	1.000000
110.540000	-8.030000	-154.914993	20.409600	1.233349	84.010766	2663.991270	1.000000
110.540000	-8.030000	-154.914993	20.659600	-1.781947	84.041414	2664.894574	1.000000
110.540000	-8.030000	-154.914993	20.909600	-2.124047	84.072251	2665.877990	0.000000
110.540000	-8.030000	-154.914993	21.159600	-2.141604	84.103131	2666.861406	0.000000
110.540000	-8.030000	-154.914993	21.409600	-2.159197	84.134198	2667.844822	0.000000
110.540000	-8.030000	-154.664993	15.159600	-0.466456	83.456380	2652.370922	1.000000
110.540000	-8.030000	-154.664993	15.409600	-2.444082	83.485552	2653.435346	1.000000
110.540000	-8.030000	-154.664993	15.659600	-2.611186	83.514861	2654.536309	0.000000
110.540000	-8.030000	-154.664993	15.909600	-2.629584	83.544284	2655.637271	0.000000
110.540000	-8.030000	-154.664993	16.159600	-2.647948	83.573844	2656.738233	0.000000
110.540000	-8.030000	-154.664993	16.409600	-2.666255	83.603518	2657.839196	0.000000
110.540000	-8.030000	-154.664993	16.659600	-2.684526	83.633327	2658.940158	0.000000
110.540000	-8.030000	-154.664993	16.909600	-2.969935	83.663249	2660.041120	1.000000
110.540000	-8.030000	-154.664993	17.159600	-3.273440	83.693305	2661.203416	1.000000
110.540000	-8.030000	-154.664993	17.409600	-2.009159	83.723472	2662.369018	1.000000
110.540000	-8.030000	-154.664993	17.659600	-0.716667	83.753773	2663.208907	1.000000
110.540000	-8.030000	-154.664993	17.909600	-0.614307	83.784184	2664.048120	1.000000
110.540000	-8.030000	-154.664993	18.159600	-0.357486	83.814727	2664.854584	0.000000
110.540000	-8.030000	-154.664993	18.409600	-0.215139	83.845379	2665.616898	0.000000
110.540000	-8.030000	-154.664993	18.659600	-0.488284	83.876162	2666.379213	0.000000
110.540000	-8.030000	-154.664993	18.909600	-0.927832	83.907054	2667.202364	0.000000
110.540000	-8.030000	-154.664993	19.159600	-0.948723	83.938075	2668.074054	0.000000
110.540000	-8.030000	-154.664993	19.409600	0.462730	83.969203	2668.897285	0.000000
110.540000	-8.030000	-154.664993	19.659600	2.289871	84.000460	2669.389716	0.000000
110.540000	-8.030000	-154.664993	19.909600	3.419687	84.031823	2669.760301	1.000000
110.540000	-8.030000	-154.664993	20.159600	3.143038	84.063313	2669.976926	1.000000
110.540000	-8.030000	-154.664993	20.409600	0.052992	84.094908	2670.405111	0.000000
110.540000	-8.030000	-154.664993	20.659600	-2.191595	84.126629	2671.388527	0.000000
110.540000	-8.030000	-154.664993	20.909600	-2.210250	84.158455	2672.371943	0.000000
110.540000	-8.030000	-154.664993	21.159600	-2.228877	84.190404	2673.355358	0.000000
110.540000	-8.030000	-154.414993	15.159600	-1.734693	83.518448	2658.955511	1.000000
110.540000	-8.030000	-154.414993	15.409600	-2.655899	83.548719	2660.056473	1.000000
110.540000	-8.030000	-154.414993	15.659600	-2.675368	83.579042	2661.157435	0.000000
110.540000	-8.030000	-154.414993	15.909600	-2.694863	83.609564	2662.258398	0.000000
110.540000	-8.030000	-154.414993	16.159600	-2.714239	83.640136	2663.359360	0.000000
110.540000	-8.030000	-154.414993	16.409600	-2.733642	83.670905	2664.460322	0.000000
110.540000	-8.030000	-154.414993	16.659600	-2.752923	83.701724	2665.561285	1.000000
110.540000	-8.030000	-154.414993	16.909600	-2.891098	83.732740	2666.662247	1.000000
110.540000	-8.030000	-154.414993	17.159600	-3.059258	83.763803	2667.792660	1.000000
110.540000	-8.030000	-154.414993	17.409600	-1.946359	83.795062	2668.920138	1.000000
110.540000	-8.030000	-154.414993	17.659600	-0.686470	83.826369	2669.759352	1.000000
110.540000	-8.030000	-154.414993	17.909600	-0.430591	83.857869	2670.571516	1.000000
110.540000	-8.030000	-154.414993	18.159600	-0.268289	83.889415	2671.333830	1.000000
110.540000	-8.030000	-154.414993	18.409600	-0.290914	83.921154	2672.096145	0.000000
110.540000	-8.030000	-154.414993	18.659600	-0.684529	83.952938	2672.858459	0.000000
110.540000	-8.030000	-154.414993	18.909600	-1.130533	83.984914	2673.712059	0.000000
110.540000	-8.030000	-154.414993	19.159600	-0.104617	84.016934	2674.583750	0.000000
110.540000	-8.030000	-154.414993	19.409600	1.333542	84.049144	2675.164653	0.000000
110.540000	-8.030000	-154.414993	19.659600	2.488014	84.081397	2675.657084	0.000000
110.540000	-8.030000	-154.414993	19.909600	3.619836	84.113839	2675.962582	0.000000
110.540000	-8.030000	-154.414993	20.159600	1.809050	84.146322	2676.179207	0.000000
110.540000	-8.030000	-154.414993	20.409600	-1.186090	84.178994	2676.899063	0.000000
110.540000	-8.030000	-154.414993	20.659600	-2.276671	84.211706	2677.882479	0.000000
110.540000	-8.030000	-154.414993	20.909600	-2.296399	84.244604	2678.865895	0.000000
110.540000	-8.030000	-154.164993	15.159600	-2.722217	83.580518	2665.576637	1.000000
110.540000	-8.030000	-154.164993	15.409600	-2.736437	83.611806	2666.677600	1.000000
110.540000	-8.030000	-154.164993	15.659600	-2.750643	83.643229	2667.778562	1.000000
110.540000	-8.030000	-154.164993	15.909600	-2.764816	83.674765	2668.879524	0.000000
110.540000	-8.030000	-154.164993	16.159600	-2.780538	83.706435	2669.980487	0.000000
110.540000	-8.030000	-154.164993	16.409600	-2.800953	83.738217	2671.081449	1.000000
110.540000	-8.030000	-154.164993	16.659600	-2.821331	83.770132	2672.182411	1.000000
110.540000	-8.030000	-154.164993	16.909600	-2.841649	83.802158	2673.283374	1.000000
110.540000	-8.030000	-154.164993	17.159600	-2.822246	83.834315	2674.384336	1.000000
110.540000	-8.030000	-154.164993	17.409600	-1.771556	83.866583	2675.470583	1.000000
110.540000	-8.030000	-154.164993	17.659600	-0.501577	83.898980	2676.288448	1.000000
110.540000	-8.030000	-154.164993	17.909600	-0.319354	83.931487	2677.050762	1.000000
110.540000	-8.030000	-154.164993	18.159600	-0.342996	83.964122	2677.813076	1.000000
110.540000	-8.030000	-154.164993	18.409600	-0.417827	83.996865	2678.575391	0.000000
110.540000	-8.030000	-154.164993	18.659600	-0.871067	84.029736	2679.350063	0.000000
110.540000	-8.030000	-154.164993	18.909600	-0.659689	84.062713	2680.221754	0.000000
110.540000	-8.030000	-154.164993	19.159600	0.729279	84.095817	2680.939590	0.000000
110.540000	-8.030000	-154.164993	19.409600	1.632806	84.129026	2681.432020	0.000000
110.540000	-8.030000	-154.164993	19.659600	2.675898	84.162360	2681.924451	0.000000
110.540000	-8.030000	-154.164993	19.909600	3.698217	84.195799	2682.164863	0.000000
110.540000	-8.030000	-154.164993	20.159600	0.593390	84.229361	2682.409600	0.000000
110.540000	-8.030000	-154.164993	20.409600	-2.341010	84.263026	2683.393016	0.000000
110.540000	-8.030000	-154.164993	20.659600	-2.361780	84.296814	2684.376432	0.000000
110.540000	-8.030000	-154.164993	20.909600	-2.382499	84.330704	2685.359848	0.000000
110.540000	-8.030000	-153.914993	15.159600	-3.030632	83.642419	2672.162647	1.000000
110.540000	-8.030000	-153.914993	15.409600	-3.045388	83.674810	2673.272969	1.000000
110.540000	-8.030000	-153.914993	15.659600	-3.060042	83.707250	2674.383291	1.000000
110.540000	-8.030000	-153.914993	15.909600	-3.065159	83.739887	2675.493612	0.000000
110.540000	-8.030000	-153.914993	16.159600	-3.041189	83.772572	2676.601613	0.000000
110.540000	-8.030000	-153.914993	16.409600	-3.026954	83.805452	2677.702576	1.000000
110.540000	-8.030000	-153.914993	16.659600	-3.041642	83.838380	2678.803538	1.000000
110.540000	-8.030000	-153.914993	16.909600	-3.056377	83.871503	2679.904500	1.000000
110.540000	-8.030000	-153.914993	17.159600	-2.686063	83.904671	2681.005463	1.000000
110.540000	-8.030000	-153.914993	17.409600	-1.367150	83.938033	2682.005380	1.000000
110.540000	-8.030000	-153.914993	17.659600	-0.368179	83.971439	2682.767694	1.000000
110.540000	-8.030000	-153.914993	17.909600	-0.392905	84.005038	2683.530008	2.000000
110.540000	-8.030000	-153.914993	18.159600	-0.417553	84.038679	2684.292323	2.000000
110.540000	-8.030000	-153.914993	18.409600	-0.619585	84.072512	2685.054637	1.000000
110.540000	-8.030000	-153.914993	18.659600	-0.993895	84.106387	2685.859759	1.000000
110.540000	-8.030000	-153.914993	18.909600	0.155722	84.140451	2686.714527	0.000000
110.540000	-8.030000	-153.914993	19.159600	1.580823	84.174557	2687.206957	0.000000
110.540000	-8.030000	-153.914993	19.409600	1.730101	84.208850	2687.699388	0.000000
110.540000	-8.030000	-153.914993	19.659600	2.860321	84.243184	2688.150519	0.000000
110.540000	-8.030000	-153.914993	19.909600	2.455520	84.277704	2688.367144	0.000000
110.540000	-8.030000	-153.914993	20.159600	-0.581041	84.312263	2688.903553	0.000000
110.540000	-8.030000	-153.914993	20.409600	-2.424991	84.347008	2689.886969	0.000000
110.540000	-8.030000	-153.914993	20.659600	-2.446755	84.381789	2690.870385	0.000000
110.540000	-8.030000	-153.664993	15.159600	-3.243157	83.704328	2678.540223	1.000000
110.540000	-8.030000	-153.664993	15.409600	-3.265408	83.737737	2679.650544	1.000000
110.540000	-8.030000	-153.664993	15.659600	-3.287613	83.771280	2680.760866	1.000000
110.540000	-8.030000	-153.664993	15.909600	-3.309751	83.804934	2681.871188	0.000000
110.540000	-8.030000	-153.664993	16.159600	-3.330147	83.838720	2682.981509	0.000000
110.540000	-8.030000	-153.664993	16.409600	-3.345349	83.872617	2684.091831	1.000000
110.540000	-8.030000	-153.664993	16.659600	-3.360529	83.906644	2685.202153	1.000000
110.540000	-8.030000	-153.664993	16.909600	-3.242175	83.940780	2686.312475	1.000000
110.540000	-8.030000	-153.664993	17.159600	-2.824883	83.975045	2687.379021	1.000000
110.540000	-8.030000	-153.664993	17.409600	-2.067159	84.009418	2688.366135	1.000000
110.540000	-8.030000	-153.664993	17.659600	-1.009684	84.043918	2689.246940	2.000000
110.540000	-8.030000	-153.664993	17.909600	-0.466394	84.078526	2690.009255	2.000000
110.540000	-8.030000	-153.664993	18.159600	-0.492134	84.113260	2690.771569	2.000000
110.540000	-8.030000	-153.664993	18.409600	-0.821220	84.148100	2691.533883	1.000000
110.540000	-8.030000	-153.664993	18.659600	-0.254945	84.183064	2692.369454	1.000000
110.540000	-8.030000	-153.664993	18.909600	1.015132	84.218133	2692.981894	1.000000
110.540000	-8.030000	-153.664993	19.159600	1.502054	84.253326	2693.474325	0.000000
110.540000	-8.030000	-153.664993	19.409600	1.929619	84.288622	2693.966756	0.000000
110.540000	-8.030000	-153.664993	19.659600	3.056371	84.324039	2694.352800	0.000000
110.540000	-8.030000	-153.664993	19.909600	1.161897	84.359559	2694.569424	0.000000
110.540000	-8.030000	-153.664993	20.159600	-1.854555	84.395200	2695.397505	0.000000
110.540000	-8.030000	-153.664993	20.409600	-2.508925	84.430941	2696.380921	0.000000
110.540000	-8.030000	-153.414993	15.159600	-3.304900	83.766071	2684.917798	1.000000
110.540000	-8.030000	-153.414993	15.409600	-3.328257	83.800586	2686.028120	1.000000
110.540000	-8.030000	-153.414993	15.659600	-3.351482	83.835149	2687.138442	0.000000
110.540000	-8.030000	-153.414993	15.909600	-3.374724	83.869907	2688.248763	0.000000
110.540000	-8.030000	-153.414993	16.159600	-3.397833	83.904711	2689.359085	0.000000
110.540000	-8.030000	-153.414993	16.409600	-3.420958	83.939709	2690.469407	0.000000
110.540000	-8.030000	-153.414993	16.659600	-3.222259	83.974752	2691.579728	1.000000
110.540000	-8.030000	-153.414993	16.909600	-2.809388	84.009988	2692.621160	1.000000
110.540000	-8.030000	-153.414993	17.159600	-2.655053	84.045267	2693.608274	1.000000
110.540000	-8.030000	-153.414993	17.409600	-2.679016	84.080737	2694.595388	2.000000
110.540000	-8.030000	-153.414993	17.659600	-2.286246	84.116250	2695.582502	2.000000
110.540000	-8.030000	-153.414993	17.909600	-1.227429	84.151953	2696.488501	2.000000
110.540000	-8.030000	-153.414993	18.159600	-0.566570	84.187696	2697.250815	2.000000
110.540000	-8.030000	-153.414993	18.409600	-0.504342	84.223628	2698.013129	1.000000
110.540000	-8.030000	-153.414993	18.659600	0.452917	84.259600	2698.756831	1.000000
110.540000	-8.030000	-153.414993	18.909600	1.453249	84.295759	2699.249262	1.000000
110.540000	-8.030000	-153.414993	19.159600	1.423423	84.331957	2699.741693	1.000000
110.540000	-8.030000	-153.414993	19.409600	2.129369	84.368340	2700.234124	0.000000
110.540000	-8.030000	-153.414993	19.659600	2.666462	84.404760	2700.555080	0.000000
110.540000	-8.030000	-153.414993	19.909600	-0.033667	84.441365	2700.908042	0.000000
110.540000	-8.030000	-153.414993	20.159600	-2.568855	84.478006	2701.891458	0.000000
110.540000	-8.030000	-153.414993	20.409600	-2.592813	84.514829	2702.874874	0.000000
110.540000	-8.030000	-153.164993	15.159600	-3.366655	83.827825	2691.295374	1.000000
110.540000	-8.030000	-153.164993	15.409600	-3.391034	83.863363	2692.405695	0.000000
110.540000	-8.030000	-153.164993	15.659600	-3.415365	83.899032	2693.516017	0.000000
110.540000	-8.030000	-153.164993	15.909600	-3.439627	83.934810	2694.626339	0.000000
110.540000	-8.030000	-153.164993	16.159600	-3.463840	83.970718	2695.736660	0.000000
110.540000	-8.030000	-153.164993	16.409600	-3.177670	84.006735	2696.846982	0.000000
110.540000	-8.030000	-153.164993	16.659600	-2.763482	84.042880	2697.863298	1.000000
110.540000	-8.030000	-153.164993	16.909600	-2.700264	84.079132	2698.850412	1.000000
110.540000	-8.030000	-153.164993	17.159600	-2.725297	84.115511	2699.837526	1.000000
110.540000	-8.030000	-153.164993	17.409600	-2.750275	84.151996	2700.824640	2.000000
110.540000	-8.030000	-153.164993	17.659600	-2.775216	84.188606	2701.811754	2.000000
110.540000	-8.030000	-153.164993	17.909600	-2.507508	84.225322	2702.798868	2.000000
110.540000	-8.030000	-153.164993	18.159600	-1.554682	84.262160	2703.730061	1.000000
110.540000	-8.030000	-153.164993	18.409600	0.215304	84.299103	2704.517153	1.000000
110.540000	-8.030000	-153.164993	18.659600	1.343614	84.336167	2705.024199	1.000000
110.540000	-8.030000	-153.164993	18.909600	1.375675	84.373334	2705.516630	1.000000
110.540000	-8.030000	-153.164993	19.159600	1.344758	84.410622	2706.009061	1.000000
110.540000	-8.030000	-153.164993	19.409600	2.322690	84.448011	2706.501491	0.000000
110.540000	-8.030000	-153.164993	19.659600	1.603663	84.485518	2706.757361	0.000000
110.540000	-8.030000	-153.164993	19.909600	-1.244946	84.523126	2707.401995	0.000000
110.540000	-8.030000	-153.164993	20.159600	-2.651701	84.560851	2708.385411	0.000000
110.540000	-8.030000	-152.914993	15.159600	-3.428248	83.889418	2697.672949	0.000000
110.540000	-8.030000	-152.914993	15.409600	-3.453736	83.926065	2698.783271	0.000000
110.540000	-8.030000	-152.914993	15.659600	-3.479090	83.962757	2699.893593	0.000000
110.540000	-8.030000	-152.914993	15.909600	-3.519868	83.999643	2701.003914	0.000000
110.540000	-8.030000	-152.914993	16.159600	-3.130151	84.036572	2702.114236	0.000000
110.540000	-8.030000	-152.914993	16.409600	-2.714703	84.073694	2703.105437	0.000000
110.540000	-8.030000	-152.914993	16.659600	-2.743172	84.110858	2704.092551	0.000000
110.540000	-8.030000	-152.914993	16.909600	-2.769344	84.148213	2705.079665	1.000000
110.540000	-8.030000	-152.914993	17.159600	-2.795395	84.185609	2706.066779	1.000000
110.540000	-8.030000	-152.914993	17.409600	-2.821474	84.223195	2707.053893	2.000000
110.540000	-8.030000	-152.914993	17.659600	-2.870420	84.260820	2708.041007	2.000000
110.540000	-8.030000	-152.914993	17.909600	-2.894656	84.298633	2709.028121	1.000000
110.540000	-8.030000	-152.914993	18.159600	-2.058509	84.336485	2710.009251	1.000000
110.540000	-8.030000	-152.914993	18.409600	0.087818	84.374523	2710.799136	1.000000
110.540000	-8.030000	-152.914993	18.659600	1.330120	84.412598	2711.291567	1.000000
110.540000	-8.030000	-152.914993	18.909600	1.298150	84.450859	2711.783997	1.000000
110.540000	-8.030000	-152.914993	19.159600	1.377209	84.489154	2712.276428	1.000000
110.540000	-8.030000	-152.914993	19.409600	2.508034	84.527634	2712.743017	0.000000
110.540000	-8.030000	-152.914993	19.659600	0.527957	84.566147	2712.959642	0.000000
110.540000	-8.030000	-152.914993	19.909600	-2.516792	84.604843	2713.895948	0.000000
110.540000	-8.030000	-152.664993	15.159600	-3.489856	83.951026	2704.050525	0.000000
110.540000	-8.030000	-152.664993	15.409600	-3.516369	83.988699	2705.160846	0.000000
110.540000	-8.030000	-152.664993	15.659600	-3.487957	84.026500	2706.271168	0.000000
110.540000	-8.030000	-152.664993	15.909600	-3.079849	84.064409	2707.360462	0.000000
110.540000	-8.030000	-152.664993	16.159600	-2.753843	84.102446	2708.347576	0.000000
110.540000	-8.030000	-152.664993	16.409600	-2.783924	84.140590	2709.334690	0.000000
110.540000	-8.030000	-152.664993	16.659600	-2.811173	84.178859	2710.321804	0.000000
110.540000	-8.030000	-152.664993	16.909600	-2.856405	84.217234	2711.308918	0.000000
110.540000	-8.030000	-152.664993	17.159600	-2.907628	84.255733	2712.296032	0.000000
110.540000	-8.030000	-152.664993	17.409600	-2.812840	84.294337	2713.283146	1.000000
110.540000	-8.030000	-152.664993	17.659600	-2.711591	84.333063	2714.236488	1.000000
110.540000	-8.030000	-152.664993	17.909600	-2.756476	84.371892	2715.188453	1.000000
110.540000	-8.030000	-152.664993	18.159600	-2.690836	84.410842	2716.140418	1.000000
110.540000	-8.030000	-152.664993	18.409600	-0.632561	84.449894	2717.066503	1.000000
110.540000	-8.030000	-152.664993	18.659600	1.253654	84.489065	2717.558934	1.000000
110.540000	-8.030000	-152.664993	18.909600	1.220672	84.528336	2718.051365	1.000000
110.540000	-8.030000	-152.664993	19.159600	1.578304	84.567726	2718.543796	1.000000
110.540000	-8.030000	-152.664993	19.409600	1.639929	84.607214	2718.945298	0.000000
110.540000	-8.030000	-152.664993	19.659600	-0.647961	84.646818	2719.406484	0.000000
110.540000	-8.030000	-152.414993	15.159600	-3.551307	84.012478	2710.428100	1.000000
110.540000	-8.030000	-152.414993	15.409600	-3.435979	84.051263	2711.538422	0.000000
110.540000	-8.030000	-152.414993	15.659600	-3.026607	84.090090	2712.602600	0.000000
110.540000	-8.030000	-152.414993	15.909600	-2.793996	84.129110	2713.589714	0.000000
110.540000	-8.030000	-152.414993	16.159600	-2.835415	84.168171	2714.576828	0.000000
110.540000	-8.030000	-152.414993	16.409600	-2.887949	84.207423	2715.563942	0.000000
110.540000	-8.030000	-152.414993	16.659600	-2.825872	84.246715	2716.551056	0.000000
110.540000	-8.030000	-152.414993	16.909600	-2.725497	84.286196	2717.511759	0.000000
110.540000	-8.030000	-152.414993	17.159600	-2.739587	84.325715	2718.463724	0.000000
110.540000	-8.030000	-152.414993	17.409600	-2.791779	84.365423	2719.415690	0.000000
110.540000	-8.030000	-152.414993	17.659600	-2.821012	84.405167	2720.367655	1.000000
110.540000	-8.030000	-152.414993	17.909600	-2.849340	84.445098	2721.319620	1.000000
110.540000	-8.030000	-152.414993	18.159600	-2.877545	84.485064	2722.271586	1.000000
110.540000	-8.030000	-152.414993	18.409600	-1.370587	84.525216	2723.223551	1.000000
110.540000	-8.030000	-152.414993	18.659600	0.702491	84.565400	2723.826302	1.000000
110.540000	-8.030000	-152.414993	18.909600	1.143240	84.605769	2724.318733	1.000000
110.540000	-8.030000	-152.414993	19.159600	1.779711	84.646169	2724.811164	0.000000
110.540000	-8.030000	-152.414993	19.409600	0.601828	84.686752	2725.147579	0.000000
110.540000	-8.030000	-152.414993	19.659600	-1.902653	84.727365	2725.900437	0.000000
110.540000	-8.030000	-152.164993	15.159600	-3.381153	84.073948	2716.805676	1.000000
110.540000	-8.030000	-152.164993	15.409600	-2.978709	84.113762	2717.844739	1.000000
110.540000	-8.030000	-152.164993	15.659600	-2.861358	84.153702	2718.831853	0.000000
110.540000	-8.030000	-152.164993	15.909600	-2.832272	84.193749	2719.818967	0.000000
110.540000	-8.030000	-152.164993	16.159600	-2.732733	84.233921	2720.787030	0.000000
110.540000	-8.030000	-152.164993	16.409600	-2.715897	84.274198	2721.738996	0.000000
110.540000	-8.030000	-152.164993	16.659600	-2.769328	84.314599	2722.690961	0.000000
110.540000	-8.030000	-152.164993	16.909600	-2.804803	84.355103	2723.642926	0.000000
110.540000	-8.030000	-152.164993	17.159600	-2.834303	84.395729	2724.594891	0.000000
110.540000	-8.030000	-152.164993	17.409600	-2.863746	84.436458	2725.546857	0.000000
110.540000	-8.030000	-152.164993	17.659600	-2.893151	84.477307	2726.498822	0.000000
110.540000	-8.030000	-152.164993	17.909600	-2.922499	84.518257	2727.450787	1.000000
110.540000	-8.030000	-152.164993	18.159600	-2.951806	84.559325	2728.402753	1.000000
110.540000	-8.030000	-152.164993	18.409600	-2.054625	84.600493	2729.354718	1.000000
110.540000	-8.030000	-152.164993	18.659600	0.040802	84.641777	2730.093670	1.000000
110.540000	-8.030000	-152.164993	18.909600	1.065849	84.683160	2730.586101	1.000000
110.540000	-8.030000	-152.164993	19.159600	1.715369	84.724658	2731.078531	0.000000
110.540000	-8.030000	-152.164993	19.409600	-0.322677	84.766252	2731.410974	0.000000
110.540000	-8.030000	-151.914993	15.159600	-2.912660	84.135265	2723.086878	1.000000
110.540000	-8.030000	-151.914993	15.409600	-2.733240	84.176195	2724.062301	1.000000
110.540000	-8.030000	-151.914993	15.659600	-2.685230	84.217165	2725.014267	1.000000
110.540000	-8.030000	-151.914993	15.909600	-2.739964	84.258326	2725.966232	0.000000
110.540000	-8.030000	-151.914993	16.159600	-2.781647	84.299525	2726.918197	0.000000
110.540000	-8.030000	-151.914993	16.409600	-2.812389	84.340915	2727.870163	0.000000
110.540000	-8.030000	-151.914993	16.659600	-2.843007	84.382341	2728.822128	0.000000
110.540000	-8.030000	-151.914993	16.909600	-2.873655	84.423955	2729.774093	0.000000
110.540000	-8.030000	-151.914993	17.159600	-2.904179	84.465605	2730.726058	0.000000
110.540000	-8.030000	-151.914993	17.409600	-2.934730	84.507442	2731.678024	0.000000
110.540000	-8.030000	-151.914993	17.659600	-2.965156	84.549312	2732.629989	0.000000
110.540000	-8.030000	-151.914993	17.909600	-2.995609	84.591367	2733.581954	0.000000
110.540000	-8.030000	-151.914993	18.159600	-3.025936	84.633455	2734.533920	0.000000
110.540000	-8.030000	-151.914993	18.409600	-2.722699	84.675726	2735.485885	0.000000
110.540000	-8.030000	-151.914993	18.659600	-0.647545	84.718027	2736.361037	1.000000
110.540000	-8.030000	-151.914993	18.909600	1.033155	84.760511	2736.853468	1.000000
110.540000	-8.030000	-151.914993	19.159600	0.639166	84.803023	2737.335516	1.000000
110.540000	-8.030000	-151.664993	16.409600	-2.879051	84.407578	2734.001330	0.000000
110.540000	-8.030000	-151.664993	16.659600	-2.910783	84.450116	2734.953295	0.000000
110.540000	-8.030000	-151.664993	16.909600	-2.942457	84.492757	2735.905260	0.000000
110.540000	-8.030000	-151.664993	17.159600	-2.974091	84.535518	2736.857226	0.000000
110.540000	-8.030000	-151.664993	17.409600	-3.005667	84.578379	2737.809191	0.000000
110.540000	-8.030000	-151.664993	17.659600	-3.037202	84.621357	2738.761156	0.000000
110.540000	-8.030000	-151.664993	17.909600	-3.068677	84.664435	2739.713121	0.000000
110.540000	-8.030000	-151.664993	18.159600	-3.100109	84.707628	2740.665087	0.000000
110.540000	-8.030000	-151.664993	18.409600	-3.131481	84.750919	2741.617052	1.000000
110.540000	-8.030000	-151.664993	18.659600	-1.380812	84.794324	2742.569017	1.000000
110.540000	-8.030000	-151.664993	18.909600	0.980353	84.837825	2743.120836	1.000000
110.540000	-8.030000	-151.664993	19.159600	-0.365729	84.881438	2743.537796	1.000000
110.540000	-8.030000	-151.414993	17.659600	-3.109117	84.693272	2744.892323	0.000000
110.540000	-8.030000	-151.414993	17.909600	-3.141701	84.737459	2745.844289	0.000000
110.540000	-8.030000	-151.414993	18.159600	-3.174156	84.781675	2746.796254	1.000000
110.540000	-8.030000	-151.414993	18.409600	-3.206635	84.826073	2747.748219	1.000000
110.540000	-8.030000	-151.414993	18.659600	-2.092057	84.870499	2748.700184	1.000000
110.540000	-8.030000	-151.414993	18.909600	-0.129702	84.915104	2749.388204	1.000000
