-155.772995	19.079000	1576.315000	151.360000	-5.990000
-155.710999	20.046000	1586.302000	151.360000	-5.990000
-159.401001	21.971001	1514.292000	151.360000	-5.990000
-157.270004	21.108999	1559.320000	151.360000	-5.990000
-159.664993	22.122999	1513.328000	151.360000	-5.990000
-156.755997	21.136000	1571.320000	151.360000	-5.990000
-162.025604	19.986300	1433.298000	151.360000	-5.990000
-161.095001	23.997200	1505.299000	151.360000	-5.990000
-158.185394	22.620199	1552.308000	151.360000	-5.990000
-155.636200	22.299900	1608.291000	151.360000	-5.990000
-154.251801	21.168699	1629.285000	151.360000	-5.990000
-150.914993	18.914200	1693.283000	151.360000	-5.990000
-153.967499	14.731300	1579.294000	151.360000	-5.990000
-156.206604	16.162001	1539.293000	151.360000	-5.990000
-157.700806	16.348400	1505.281000	151.360000	-5.990000
-158.760193	18.564699	1497.289000	151.360000	-5.990000
-158.179504	20.377800	1529.291000	151.360000	-5.990000
