-155.636200	22.299900	2955.926000	92.570000	6.310000
-150.914993	18.914200	3097.683000	92.570000	6.310000
-157.700806	16.348400	2933.646000	92.570000	6.310000
-155.772995	19.079000	2975.472000	92.570000	6.310000
-155.710999	20.046000	2973.458000	92.570000	6.310000
-157.270004	21.108999	2926.477000	92.570000	6.310000
-159.664993	22.122999	2858.473000	92.570000	6.310000
-162.025604	19.986300	2808.446000	92.570000	6.310000
-161.095001	23.997200	2808.445000	92.570000	6.310000
-158.185394	22.620199	2890.437000	92.570000	6.310000
-155.636200	22.299900	2955.451000	92.570000	6.310000
-152.981201	18.301800	3048.456000	92.570000	6.310000
-150.914993	18.914200	3097.458000	92.570000	6.310000
-149.000900	16.989000	3154.456000	92.570000	6.310000
-153.868195	17.315399	3028.440000	92.570000	6.310000
-156.206604	16.162001	2969.442000	92.570000	6.310000
-157.700806	16.348400	2933.446000	92.570000	6.310000
-158.179504	20.377800	2906.438000	92.570000	6.310000
