-155.772995	19.079000	1008.636000	-2.825483
-159.401001	21.971001	889.601000	3.056153
-159.664993	22.122999	888.619000	1.454097
-158.903000	21.298401	917.699000	1.823891
-162.025604	19.986300	920.619000	NaN
-161.314896	21.956301	877.399000	1.753892
-152.765793	25.592800	878.120000	NaN
-156.964600	24.312099	860.625000	NaN
-158.185394	22.620199	889.620000	0.715043
-155.636200	22.299900	924.616000	NaN
-150.914993	18.914200	1059.882000	NaN
-149.000900	16.989000	1125.730000	NaN
-153.868195	17.315399	1069.682000	NaN
-156.206604	16.162001	1075.605000	-1.409981
-157.700806	16.348400	1053.840000	NaN
-158.982498	15.574000	1060.613000	NaN
-158.179504	20.377800	946.554000	-3.013497
