-155.772995	19.079000	1589.846000	-1.272364
-155.996994	20.771000	1599.849000	0.627513
-155.710999	20.046000	1600.843000	0.460500
-157.270004	21.108999	1572.862000	0.421347
-159.664993	22.122999	1525.849000	0.090043
-156.755997	21.136000	1585.861000	0.318465
-162.025604	19.986300	1447.850000	NaN
-161.095001	23.997200	1514.826000	0.462922
-158.933105	24.573799	1570.932000	-0.758181
-152.765793	25.592800	1723.267000	NaN
-156.964600	24.312099	1612.867000	0.463329
-158.185394	22.620199	1565.826000	0.571319
-154.251801	21.168699	1646.838000	0.110656
-152.981201	18.301800	1648.892000	NaN
-153.967499	14.731300	1595.831000	NaN
-153.868195	17.315399	1618.906000	-1.104980
-156.206604	16.162001	1549.824000	-1.949831
-157.700806	16.348400	1516.089000	-0.366316
-158.982498	15.574000	1477.830000	-0.840071
-158.760193	18.564699	1510.853000	0.178162
-158.179504	20.377800	1543.757000	0.693545
-161.314896	21.956301	1487.586000	-0.786129
-155.765305	26.776699	1665.543000	NaN
