-155.772995	19.079000	1364.137000	167.630000	-15.760000
-155.996994	20.771000	1393.139000	167.630000	-15.760000
-155.710999	20.046000	1384.134000	167.630000	-15.760000
-156.658005	20.891001	1375.153000	167.630000	-15.760000
-157.270004	21.108999	1374.153000	167.630000	-15.760000
-158.903000	21.298401	1347.221000	167.630000	-15.760000
-155.765305	26.776699	1512.123000	167.630000	-15.760000
-154.251801	21.168699	1434.142000	167.630000	-15.760000
-150.914993	18.914200	1457.486000	167.630000	-15.760000
-151.686600	14.689100	1373.569000	167.630000	-15.760000
-153.967499	14.731300	1329.118000	167.630000	-15.760000
-156.387695	17.614901	1328.386000	167.630000	-15.760000
-156.206604	16.162001	1306.142000	167.630000	-15.760000
-157.859100	14.659600	1248.280000	167.630000	-15.760000
-157.700806	16.348400	1280.433000	167.630000	-15.760000
-158.982498	15.574000	1241.114000	167.630000	-15.760000
-158.760193	18.564699	1300.141000	167.630000	-15.760000
-158.179504	20.377800	1342.134000	167.630000	-15.760000
