167.630000	-15.760000	-158.482498	15.659600	2.453710	48.354930	1252.743217	1.000000
167.630000	-15.760000	-158.482498	15.909600	1.155534	48.174601	1257.064990	2.000000
167.630000	-15.760000	-158.482498	16.159600	0.203641	47.995900	1261.634341	2.000000
167.630000	-15.760000	-158.482498	16.409600	0.417167	47.818660	1266.203693	2.000000
167.630000	-15.760000	-158.482498	16.659600	0.629674	47.643022	1270.773045	1.000000
167.630000	-15.760000	-158.482498	16.909600	0.841322	47.468828	1275.342397	1.000000
167.630000	-15.760000	-158.482498	17.159600	1.051979	47.296212	1279.911748	0.000000
167.630000	-15.760000	-158.482498	17.409600	1.261798	47.125022	1284.481100	0.000000
167.630000	-15.760000	-158.482498	17.659600	1.329975	46.955385	1289.050452	1.000000
167.630000	-15.760000	-158.482498	17.909600	1.493800	46.787156	1293.619804	1.000000
167.630000	-15.760000	-158.482498	18.159600	1.713010	46.620456	1298.146339	1.000000
167.630000	-15.760000	-158.482498	18.409600	2.394903	46.455146	1302.654822	1.000000
167.630000	-15.760000	-158.482498	18.659600	2.371766	46.291341	1306.902526	1.000000
167.630000	-15.760000	-158.482498	18.909600	1.733748	46.128908	1311.215209	1.000000
167.630000	-15.760000	-158.482498	19.159600	1.294426	45.967957	1315.527892	1.000000
167.630000	-15.760000	-158.482498	19.409600	0.236984	45.808361	1319.840575	1.000000
167.630000	-15.760000	-158.482498	19.659600	-0.883094	45.650222	1324.336484	1.000000
167.630000	-15.760000	-158.482498	19.909600	-1.430420	45.493420	1328.850208	1.000000
167.630000	-15.760000	-158.482498	20.159600	-1.938634	45.338052	1333.363931	1.000000
167.630000	-15.760000	-158.482498	20.409600	-1.890214	45.184004	1337.877655	2.000000
167.630000	-15.760000	-158.482498	20.659600	-1.024190	45.031366	1342.391379	2.000000
167.630000	-15.760000	-158.482498	20.909600	-0.650627	44.880031	1347.239492	2.000000
167.630000	-15.760000	-158.482498	21.159600	0.532778	44.730084	1352.324780	2.000000
167.630000	-15.760000	-158.482498	21.409600	1.262332	44.581423	1357.254442	1.000000
167.630000	-15.760000	-158.232498	15.409600	2.141837	48.757938	1253.541033	2.000000
167.630000	-15.760000	-158.232498	15.659600	2.357143	48.576639	1257.824497	2.000000
167.630000	-15.760000	-158.232498	15.909600	1.973183	48.396838	1262.107961	2.000000
167.630000	-15.760000	-158.232498	16.159600	0.463942	48.218619	1266.542887	2.000000
167.630000	-15.760000	-158.232498	16.409600	0.193949	48.041877	1271.112239	1.000000
167.630000	-15.760000	-158.232498	16.659600	0.406000	47.866696	1275.681591	1.000000
167.630000	-15.760000	-158.232498	16.909600	0.617178	47.692973	1280.250942	1.000000
167.630000	-15.760000	-158.232498	17.159600	0.670346	47.520789	1284.820294	1.000000
167.630000	-15.760000	-158.232498	17.409600	0.852938	47.350042	1289.389646	0.000000
167.630000	-15.760000	-158.232498	17.659600	1.073511	47.180813	1293.910578	0.000000
167.630000	-15.760000	-158.232498	17.909600	1.140142	47.013002	1298.419060	1.000000
167.630000	-15.760000	-158.232498	18.159600	1.543940	46.846688	1302.927543	1.000000
167.630000	-15.760000	-158.232498	18.409600	2.221936	46.681771	1307.356940	1.000000
167.630000	-15.760000	-158.232498	18.659600	2.536456	46.518330	1311.515874	1.000000
167.630000	-15.760000	-158.232498	18.909600	2.154974	46.356266	1315.828557	1.000000
167.630000	-15.760000	-158.232498	19.159600	2.358380	46.195658	1320.141240	1.000000
167.630000	-15.760000	-158.232498	19.409600	2.561027	46.036407	1324.453922	2.000000
167.630000	-15.760000	-158.232498	19.659600	2.192167	45.878591	1328.766605	1.000000
167.630000	-15.760000	-158.232498	19.909600	1.752382	45.722113	1333.079288	1.000000
167.630000	-15.760000	-158.232498	20.159600	0.774674	45.567049	1337.391971	1.000000
167.630000	-15.760000	-158.232498	20.409600	-3.272403	45.413304	1341.863287	1.000000
167.630000	-15.760000	-158.232498	20.659600	-1.034948	45.260952	1346.867113	2.000000
167.630000	-15.760000	-158.232498	20.909600	-0.336852	45.109900	1351.952402	3.000000
167.630000	-15.760000	-158.232498	21.159600	0.383443	44.960220	1357.037691	2.000000
167.630000	-15.760000	-158.232498	21.409600	1.114713	44.811822	1361.939143	2.000000
167.630000	-15.760000	-158.232498	21.659600	1.486049	44.664776	1366.781219	1.000000
167.630000	-15.760000	-158.232498	21.909600	1.681747	44.518993	1371.623295	1.000000
167.630000	-15.760000	-157.982498	15.159600	1.491967	49.159795	1254.338849	1.000000
167.630000	-15.760000	-157.982498	15.409600	1.771077	48.977426	1258.622313	3.000000
167.630000	-15.760000	-157.982498	15.659600	2.048928	48.796681	1262.905777	2.000000
167.630000	-15.760000	-157.982498	15.909600	2.325696	48.617387	1267.189241	1.000000
167.630000	-15.760000	-157.982498	16.159600	1.285006	48.439693	1271.472705	1.000000
167.630000	-15.760000	-157.982498	16.409600	0.038720	48.263431	1276.020785	1.000000
167.630000	-15.760000	-157.982498	16.659600	0.010496	48.088747	1280.590137	1.000000
167.630000	-15.760000	-157.982498	16.909600	0.211884	47.915479	1285.159488	1.000000
167.630000	-15.760000	-157.982498	17.159600	0.433784	47.743764	1289.674817	1.000000
167.630000	-15.760000	-157.982498	17.409600	0.483909	47.573448	1294.183299	0.000000
167.630000	-15.760000	-157.982498	17.659600	0.654906	47.404663	1298.691782	0.000000
167.630000	-15.760000	-157.982498	17.909600	0.862174	47.237260	1303.200265	1.000000
167.630000	-15.760000	-157.982498	18.159600	1.744552	47.071363	1307.708748	1.000000
167.630000	-15.760000	-157.982498	18.409600	2.286276	46.906832	1311.997194	1.000000
167.630000	-15.760000	-157.982498	18.659600	2.483516	46.743784	1316.153597	1.000000
167.630000	-15.760000	-157.982498	18.909600	2.009607	46.582085	1320.441904	1.000000
167.630000	-15.760000	-157.982498	19.159600	2.132191	46.421847	1324.754587	1.000000
167.630000	-15.760000	-157.982498	19.409600	2.334494	46.262941	1329.067270	1.000000
167.630000	-15.760000	-157.982498	19.659600	2.535958	46.105472	1333.379953	1.000000
167.630000	-15.760000	-157.982498	19.909600	2.736710	45.949319	1337.692636	1.000000
167.630000	-15.760000	-157.982498	20.159600	4.090038	45.794581	1342.005319	1.000000
167.630000	-15.760000	-157.982498	20.409600	-2.985537	45.641142	1345.913168	2.000000
167.630000	-15.760000	-157.982498	20.659600	-4.445624	45.489095	1351.580024	2.000000
167.630000	-15.760000	-157.982498	20.909600	-0.565283	45.338331	1356.665313	3.000000
167.630000	-15.760000	-157.982498	21.159600	0.235753	45.188937	1361.750601	3.000000
167.630000	-15.760000	-157.982498	21.409600	0.968738	45.040810	1366.623845	2.000000
167.630000	-15.760000	-157.982498	21.659600	1.256794	44.894031	1371.465921	2.000000
167.630000	-15.760000	-157.982498	21.909600	1.452239	44.748502	1376.307997	0.000000
167.630000	-15.760000	-157.982498	22.159600	1.646986	44.604300	1381.150073	0.000000
167.630000	-15.760000	-157.982498	22.409600	1.841130	44.461331	1385.992149	0.000000
167.630000	-15.760000	-157.732498	15.159600	0.439472	49.377128	1259.342744	1.000000
167.630000	-15.760000	-157.732498	15.409600	0.720092	49.195341	1263.648949	2.000000
167.630000	-15.760000	-157.732498	15.659600	0.999508	49.015128	1267.955155	1.000000
167.630000	-15.760000	-157.732498	15.909600	1.322314	48.836385	1272.261361	1.000000
167.630000	-15.760000	-157.732498	16.159600	1.373680	48.659196	1276.553984	1.000000
167.630000	-15.760000	-157.732498	16.409600	0.317774	48.483458	1280.929331	1.000000
167.630000	-15.760000	-157.732498	16.659600	-0.206128	48.309254	1285.439056	1.000000
167.630000	-15.760000	-157.732498	16.909600	-0.172571	48.136481	1289.947538	1.000000
167.630000	-15.760000	-157.732498	17.159600	0.016391	47.965221	1294.456021	1.000000
167.630000	-15.760000	-157.732498	17.409600	0.224921	47.795374	1298.964504	0.000000
167.630000	-15.760000	-157.732498	17.659600	0.432548	47.627020	1303.472987	0.000000
167.630000	-15.760000	-157.732498	17.909600	0.667521	47.460060	1307.981469	0.000000
167.630000	-15.760000	-157.732498	18.159600	1.557932	47.294573	1312.481044	0.000000
167.630000	-15.760000	-157.732498	18.409600	2.508764	47.130460	1316.637448	1.000000
167.630000	-15.760000	-157.732498	18.659600	2.357634	46.967799	1320.793851	1.000000
167.630000	-15.760000	-157.732498	18.909600	1.874235	46.806495	1325.055252	0.000000
167.630000	-15.760000	-157.732498	19.159600	1.907415	46.646623	1329.367935	0.000000
167.630000	-15.760000	-157.732498	19.409600	2.109346	46.488088	1333.680618	0.000000
167.630000	-15.760000	-157.732498	19.659600	2.310465	46.330966	1337.993301	1.000000
167.630000	-15.760000	-157.732498	19.909600	2.734161	46.175162	1342.305984	1.000000
167.630000	-15.760000	-157.732498	20.159600	4.009641	46.020751	1346.551107	1.000000
167.630000	-15.760000	-157.732498	20.409600	-1.102945	45.867640	1350.131058	2.000000
167.630000	-15.760000	-157.732498	20.659600	-11.967269	45.715902	1355.626162	2.000000
167.630000	-15.760000	-157.732498	20.909600	-3.363131	45.565446	1361.378223	2.000000
167.630000	-15.760000	-157.732498	21.159600	0.012765	45.416343	1366.463512	2.000000
167.630000	-15.760000	-157.732498	21.409600	0.824289	45.268504	1371.308546	1.000000
167.630000	-15.760000	-157.732498	21.659600	1.028827	45.121999	1376.150622	1.000000
167.630000	-15.760000	-157.732498	21.909600	1.224001	44.976740	1380.992698	1.000000
167.630000	-15.760000	-157.732498	22.159600	1.418490	44.832795	1385.834774	0.000000
167.630000	-15.760000	-157.732498	22.409600	1.612382	44.690080	1390.676850	0.000000
167.630000	-15.760000	-157.732498	22.659600	1.805612	44.548659	1395.518926	0.000000
167.630000	-15.760000	-157.482498	15.159600	0.372540	49.592805	1264.181395	1.000000
167.630000	-15.760000	-157.482498	15.409600	-0.040068	49.411574	1268.487601	2.000000
167.630000	-15.760000	-157.482498	15.659600	0.173907	49.231939	1272.793807	1.000000
167.630000	-15.760000	-157.482498	15.909600	0.387036	49.053725	1277.100013	1.000000
167.630000	-15.760000	-157.482498	16.159600	0.492325	48.877084	1281.406218	1.000000
167.630000	-15.760000	-157.482498	16.409600	0.168979	48.701849	1285.757126	1.000000
167.630000	-15.760000	-157.482498	16.659600	-0.351741	48.528165	1290.220260	1.000000
167.630000	-15.760000	-157.482498	16.909600	-0.412353	48.355871	1294.728743	1.000000
167.630000	-15.760000	-157.482498	17.159600	-0.203493	48.185105	1299.237225	1.000000
167.630000	-15.760000	-157.482498	17.409600	0.004584	48.015712	1303.745708	0.000000
167.630000	-15.760000	-157.482498	17.659600	0.211743	47.847826	1308.254191	0.000000
167.630000	-15.760000	-157.482498	17.909600	0.894993	47.681296	1312.762674	0.000000
167.630000	-15.760000	-157.482498	18.159600	1.401252	47.516251	1317.121298	0.000000
167.630000	-15.760000	-157.482498	18.409600	2.286677	47.352547	1321.277702	0.000000
167.630000	-15.760000	-157.482498	18.659600	2.225779	47.190305	1325.434105	0.000000
167.630000	-15.760000	-157.482498	18.909600	1.740623	47.029388	1329.668600	0.000000
167.630000	-15.760000	-157.482498	19.159600	1.684127	46.869911	1333.981282	0.000000
167.630000	-15.760000	-157.482498	19.409600	1.885692	46.711743	1338.293965	0.000000
167.630000	-15.760000	-157.482498	19.659600	2.086437	46.554993	1342.606648	1.000000
167.630000	-15.760000	-157.482498	19.909600	3.460776	46.399537	1346.919331	1.000000
167.630000	-15.760000	-157.482498	20.159600	4.171597	46.245477	1350.768997	2.000000
167.630000	-15.760000	-157.482498	20.409600	2.841343	46.092694	1354.348949	2.000000
167.630000	-15.760000	-157.482498	20.659600	-14.718930	45.941287	1358.611501	2.000000
167.630000	-15.760000	-157.482498	20.909600	-13.325301	45.791141	1365.845625	3.000000
167.630000	-15.760000	-157.482498	21.159600	-1.613660	45.642349	1371.151172	1.000000
167.630000	-15.760000	-157.482498	21.409600	0.606734	45.494803	1375.993248	1.000000
167.630000	-15.760000	-157.482498	21.659600	0.802235	45.348590	1380.835324	1.000000
167.630000	-15.760000	-157.482498	21.909600	0.997133	45.203607	1385.677400	1.000000
167.630000	-15.760000	-157.482498	22.159600	1.191349	45.059937	1390.519476	0.000000
167.630000	-15.760000	-157.482498	22.409600	1.384981	44.917481	1395.361552	0.000000
167.630000	-15.760000	-157.482498	22.659600	1.577954	44.776317	1400.203628	0.000000
167.630000	-15.760000	-157.482498	22.909600	1.770363	44.636353	1405.045704	0.000000
167.630000	-15.760000	-157.482498	23.159600	1.962139	44.497660	1409.887780	0.000000
167.630000	-15.760000	-157.232498	15.159600	1.896414	49.806884	1269.106142	1.000000
167.630000	-15.760000	-157.232498	15.409600	0.198477	49.626259	1273.326252	1.000000
167.630000	-15.760000	-157.232498	15.659600	-0.041331	49.447177	1277.632458	1.000000
167.630000	-15.760000	-157.232498	15.909600	0.171222	49.269538	1281.938664	1.000000
167.630000	-15.760000	-157.232498	16.159600	0.184733	49.093425	1286.244870	2.000000
167.630000	-15.760000	-157.232498	16.409600	0.077675	48.918737	1290.611542	1.000000
167.630000	-15.760000	-157.232498	16.659600	-0.120051	48.745555	1295.044119	1.000000
167.630000	-15.760000	-157.232498	16.909600	-0.376421	48.573779	1299.509947	1.000000
167.630000	-15.760000	-157.232498	17.159600	-0.421878	48.403491	1304.018430	2.000000
167.630000	-15.760000	-157.232498	17.409600	-0.214295	48.234591	1308.526913	1.000000
167.630000	-15.760000	-157.232498	17.659600	-0.007589	48.067158	1313.035395	1.000000
167.630000	-15.760000	-157.232498	17.909600	0.892711	47.901096	1317.543878	1.000000
167.630000	-15.760000	-157.232498	18.159600	1.654178	47.736482	1321.761553	1.000000
167.630000	-15.760000	-157.232498	18.409600	2.066003	47.573221	1325.917956	0.000000
167.630000	-15.760000	-157.232498	18.659600	2.095593	47.411388	1330.074359	0.000000
167.630000	-15.760000	-157.232498	18.909600	1.608647	47.250890	1334.281947	0.000000
167.630000	-15.760000	-157.232498	19.159600	1.462236	47.091802	1338.594630	0.000000
167.630000	-15.760000	-157.232498	19.409600	1.663405	46.934030	1342.907313	0.000000
167.630000	-15.760000	-157.232498	19.659600	2.280694	46.777649	1347.219996	0.000000
167.630000	-15.760000	-157.232498	19.909600	3.385565	46.622566	1351.406937	0.000000
167.630000	-15.760000	-157.232498	20.159600	4.984844	46.468856	1354.986888	2.000000
167.630000	-15.760000	-157.232498	20.409600	5.182299	46.316426	1358.566839	3.000000
167.630000	-15.760000	-157.232498	20.659600	-7.252091	46.165349	1362.146790	3.000000
167.630000	-15.760000	-157.232498	20.909600	-20.622067	46.015537	1368.830964	2.000000
167.630000	-15.760000	-157.232498	21.159600	-14.202986	45.867057	1375.611426	2.000000
167.630000	-15.760000	-157.232498	21.409600	-6.860114	45.719825	1380.677949	2.000000
167.630000	-15.760000	-157.232498	21.659600	-3.758385	45.573908	1385.520025	2.000000
167.630000	-15.760000	-157.232498	21.909600	-1.448758	45.429220	1390.362101	1.000000
167.630000	-15.760000	-157.232498	22.159600	0.719836	45.285828	1395.204177	0.000000
167.630000	-15.760000	-157.232498	22.409600	1.158812	45.143650	1400.046253	0.000000
167.630000	-15.760000	-157.232498	22.659600	1.351522	45.002749	1404.888329	0.000000
167.630000	-15.760000	-157.232498	22.909600	1.543671	44.863045	1409.730405	0.000000
167.630000	-15.760000	-157.232498	23.159600	1.735198	44.724600	1414.572481	0.000000
167.630000	-15.760000	-157.232498	23.409600	1.926184	44.587335	1419.414557	0.000000
167.630000	-15.760000	-157.232498	23.659600	2.116570	44.451312	1424.256633	0.000000
167.630000	-15.760000	-156.982498	15.159600	2.977425	50.019341	1274.225601	1.000000
167.630000	-15.760000	-156.982498	15.409600	1.724240	49.839291	1278.222946	0.000000
167.630000	-15.760000	-156.982498	15.659600	0.023849	49.660810	1282.471109	2.000000
167.630000	-15.760000	-156.982498	15.909600	-0.042961	49.483721	1286.777315	2.000000
167.630000	-15.760000	-156.982498	16.159600	-0.081476	49.308180	1291.083521	2.000000
167.630000	-15.760000	-156.982498	16.409600	-0.188392	49.134016	1295.465958	2.000000
167.630000	-15.760000	-156.982498	16.659600	-0.139983	48.961378	1299.898535	2.000000
167.630000	-15.760000	-156.982498	16.909600	-0.143714	48.790102	1304.331112	2.000000
167.630000	-15.760000	-156.982498	17.159600	-0.401448	48.620330	1308.799634	1.000000
167.630000	-15.760000	-156.982498	17.409600	-0.431611	48.451906	1313.308117	1.000000
167.630000	-15.760000	-156.982498	17.659600	0.027307	48.284965	1317.816600	1.000000
167.630000	-15.760000	-156.982498	17.909600	0.711621	48.119355	1322.245403	1.000000
167.630000	-15.760000	-156.982498	18.159600	1.643249	47.955208	1326.401807	1.000000
167.630000	-15.760000	-156.982498	18.409600	1.846847	47.792377	1330.558210	1.000000
167.630000	-15.760000	-156.982498	18.659600	1.967138	47.630987	1334.714613	0.000000
167.630000	-15.760000	-156.982498	18.909600	1.486491	47.470898	1338.895295	0.000000
167.630000	-15.760000	-156.982498	19.159600	1.241809	47.312229	1343.207978	0.000000
167.630000	-15.760000	-156.982498	19.409600	1.442589	47.154846	1347.520661	0.000000
167.630000	-15.760000	-156.982498	19.659600	2.838030	46.998861	1351.833344	0.000000
167.630000	-15.760000	-156.982498	19.909600	3.749269	46.844148	1355.624827	0.000000
167.630000	-15.760000	-156.982498	20.159600	4.762887	46.690813	1359.204778	2.000000
167.630000	-15.760000	-156.982498	20.409600	4.959991	46.538734	1362.784729	2.000000
167.630000	-15.760000	-156.982498	20.659600	-1.438911	46.388012	1366.364680	2.000000
167.630000	-15.760000	-156.982498	20.909600	-17.384730	46.238531	1371.816303	2.000000
167.630000	-15.760000	-156.982498	21.159600	-22.591687	46.090387	1377.965139	2.000000
167.630000	-15.760000	-156.982498	21.409600	-19.298522	45.943469	1383.426062	2.000000
167.630000	-15.760000	-156.982498	21.659600	-16.393352	45.797868	1388.886984	2.000000
167.630000	-15.760000	-156.982498	21.909600	-13.622108	45.653478	1394.347907	1.000000
167.630000	-15.760000	-156.982498	22.159600	-9.620344	45.510384	1399.808829	0.000000
167.630000	-15.760000	-156.982498	22.409600	-5.358056	45.368488	1404.730955	0.000000
167.630000	-15.760000	-156.982498	22.659600	-2.702983	45.227867	1409.573031	0.000000
167.630000	-15.760000	-156.982498	22.909600	-0.428817	45.088429	1414.415107	0.000000
167.630000	-15.760000	-156.982498	23.159600	1.509550	44.950248	1419.257183	0.000000
167.630000	-15.760000	-156.982498	23.409600	1.700284	44.813235	1424.099259	0.000000
167.630000	-15.760000	-156.982498	23.659600	1.890423	44.677459	1428.941335	0.000000
167.630000	-15.760000	-156.982498	23.909600	2.080051	44.542837	1433.783411	0.000000
167.630000	-15.760000	-156.982498	24.159600	2.269107	44.409433	1438.625487	0.000000
167.630000	-15.760000	-156.732498	15.159600	2.766542	50.230224	1279.345059	0.000000
167.630000	-15.760000	-156.732498	15.409600	2.978797	50.050802	1283.342404	1.000000
167.630000	-15.760000	-156.732498	15.659600	1.551386	49.872894	1287.339749	1.000000
167.630000	-15.760000	-156.732498	15.909600	-0.151285	49.696404	1291.615967	1.000000
167.630000	-15.760000	-156.732498	16.159600	-0.346079	49.521409	1295.922172	2.000000
167.630000	-15.760000	-156.732498	16.409600	-0.452900	49.347815	1300.320374	2.000000
167.630000	-15.760000	-156.732498	16.659600	-0.354305	49.175700	1304.752951	2.000000
167.630000	-15.760000	-156.732498	16.909600	-0.146207	49.004966	1309.185528	2.000000
167.630000	-15.760000	-156.732498	17.159600	-0.167831	48.835693	1313.618105	1.000000
167.630000	-15.760000	-156.732498	17.409600	-0.426786	48.667785	1318.089321	1.000000
167.630000	-15.760000	-156.732498	17.659600	0.234655	48.501318	1322.597804	1.000000
167.630000	-15.760000	-156.732498	17.909600	0.777757	48.336200	1326.885657	1.000000
167.630000	-15.760000	-156.732498	18.159600	1.425952	48.172505	1331.042061	1.000000
167.630000	-15.760000	-156.732498	18.409600	1.629084	48.010140	1335.198464	1.000000
167.630000	-15.760000	-156.732498	18.659600	1.831398	47.849180	1339.354867	0.000000
167.630000	-15.760000	-156.732498	18.909600	1.440415	47.689534	1343.511270	1.000000
167.630000	-15.760000	-156.732498	19.159600	1.031426	47.531275	1347.821325	1.000000
167.630000	-15.760000	-156.732498	19.409600	1.834877	47.374312	1352.134008	1.000000
167.630000	-15.760000	-156.732498	19.659600	2.768081	47.218717	1356.262766	0.000000
167.630000	-15.760000	-156.732498	19.909600	4.344859	47.064402	1359.842717	1.000000
167.630000	-15.760000	-156.732498	20.159600	4.542262	46.911438	1363.422668	2.000000
167.630000	-15.760000	-156.732498	20.409600	4.738990	46.759735	1367.002619	2.000000
167.630000	-15.760000	-156.732498	20.659600	4.455930	46.609365	1370.582570	2.000000
167.630000	-15.760000	-156.732498	20.909600	-1.595102	46.460241	1374.801642	2.000000
167.630000	-15.760000	-156.732498	21.159600	-9.863964	46.312431	1380.318853	2.000000
167.630000	-15.760000	-156.732498	21.409600	-12.555185	46.165851	1385.779775	2.000000
167.630000	-15.760000	-156.732498	21.659600	-15.620274	46.020567	1391.240697	2.000000
167.630000	-15.760000	-156.732498	21.909600	-18.924046	45.876495	1396.701620	1.000000
167.630000	-15.760000	-156.732498	22.159600	-20.777138	45.733702	1402.162542	0.000000
167.630000	-15.760000	-156.732498	22.409600	-18.136632	45.592106	1407.623465	0.000000
167.630000	-15.760000	-156.732498	22.659600	-15.255698	45.451771	1413.084387	0.000000
167.630000	-15.760000	-156.732498	22.909600	-12.356353	45.312616	1418.545309	0.000000
167.630000	-15.760000	-156.732498	23.159600	-8.139219	45.174705	1423.941884	0.000000
167.630000	-15.760000	-156.732498	23.409600	-4.051803	45.037959	1428.783961	0.000000
167.630000	-15.760000	-156.732498	23.659600	-1.665315	44.902438	1433.626037	0.000000
167.630000	-15.760000	-156.732498	23.909600	0.573485	44.768067	1438.468113	0.000000
167.630000	-15.760000	-156.732498	24.159600	2.043635	44.634905	1443.310189	0.000000
167.630000	-15.760000	-156.732498	24.409600	2.231964	44.502875	1448.152265	0.000000
167.630000	-15.760000	-156.482498	15.159600	2.557251	50.439515	1284.464518	0.000000
167.630000	-15.760000	-156.482498	15.409600	2.768909	50.260689	1288.461863	1.000000
167.630000	-15.760000	-156.482498	15.659600	2.979580	50.083404	1292.459208	1.000000
167.630000	-15.760000	-156.482498	15.909600	1.378067	49.907483	1296.456553	1.000000
167.630000	-15.760000	-156.482498	16.159600	-0.602755	49.733083	1300.760824	1.000000
167.630000	-15.760000	-156.482498	16.409600	-0.681486	49.560033	1305.174790	1.000000
167.630000	-15.760000	-156.482498	16.659600	-0.318924	49.388484	1309.607367	2.000000
167.630000	-15.760000	-156.482498	16.909600	0.100642	49.218270	1314.039943	2.000000
167.630000	-15.760000	-156.482498	17.159600	0.517415	49.049537	1318.472520	1.000000
167.630000	-15.760000	-156.482498	17.409600	0.721008	48.882125	1322.905097	1.000000
167.630000	-15.760000	-156.482498	17.659600	0.591659	48.716173	1327.369508	1.000000
167.630000	-15.760000	-156.482498	17.909600	1.105668	48.551527	1331.525911	1.000000
167.630000	-15.760000	-156.482498	18.159600	1.210135	48.388321	1335.682315	1.000000
167.630000	-15.760000	-156.482498	18.409600	1.412815	48.226408	1339.838718	2.000000
167.630000	-15.760000	-156.482498	18.659600	1.614665	48.065914	1343.995121	1.000000
167.630000	-15.760000	-156.482498	18.909600	1.387689	47.906698	1348.151524	1.000000
167.630000	-15.760000	-156.482498	19.159600	0.902643	47.748881	1352.434673	1.000000
167.630000	-15.760000	-156.482498	19.409600	2.222032	47.592328	1356.747356	2.000000
167.630000	-15.760000	-156.482498	19.659600	3.334745	47.437154	1360.480656	2.000000
167.630000	-15.760000	-156.482498	19.909600	4.126033	47.283228	1364.060607	2.000000
167.630000	-15.760000	-156.482498	20.159600	6.383651	47.130663	1367.640558	3.000000
167.630000	-15.760000	-156.482498	20.409600	7.685908	46.979332	1371.220509	3.000000
167.630000	-15.760000	-156.482498	20.659600	6.901741	46.829340	1375.397360	3.000000
167.630000	-15.760000	-156.482498	20.909600	8.717291	46.680569	1380.868685	3.000000
167.630000	-15.760000	-156.482498	21.159600	9.416714	46.533117	1385.526599	2.000000
167.630000	-15.760000	-156.482498	21.409600	7.874995	46.386872	1390.184513	2.000000
167.630000	-15.760000	-156.482498	21.659600	6.175473	46.241928	1394.842426	2.000000
167.630000	-15.760000	-156.482498	21.909600	3.235026	46.098175	1399.500340	0.000000
167.630000	-15.760000	-156.482498	22.159600	-1.131053	45.955703	1404.516256	0.000000
167.630000	-15.760000	-156.482498	22.409600	-4.609698	45.814410	1409.977178	0.000000
167.630000	-15.760000	-156.482498	22.659600	-7.102278	45.674378	1415.438100	0.000000
167.630000	-15.760000	-156.482498	22.909600	-9.814231	45.535511	1420.899023	0.000000
167.630000	-15.760000	-156.482498	23.159600	-12.498568	45.397886	1426.359945	0.000000
167.630000	-15.760000	-156.482498	23.409600	-13.060585	45.261412	1431.820868	0.000000
167.630000	-15.760000	-156.482498	23.659600	-13.636923	45.126162	1437.281790	0.000000
167.630000	-15.760000	-156.482498	23.909600	-10.902341	44.992049	1442.742712	0.000000
167.630000	-15.760000	-156.482498	24.159600	-6.660926	44.859142	1447.994890	0.000000
167.630000	-15.760000	-156.482498	24.409600	-2.994835	44.727357	1452.836966	0.000000
167.630000	-15.760000	-156.482498	24.659600	-0.644491	44.596760	1457.679042	0.000000
167.630000	-15.760000	-156.482498	24.909600	1.559022	44.467273	1462.521118	0.000000
167.630000	-15.760000	-156.232498	15.159600	2.349508	50.647258	1289.583977	0.000000
167.630000	-15.760000	-156.232498	15.409600	2.560518	50.469080	1293.581322	1.000000
167.630000	-15.760000	-156.232498	15.659600	2.770596	50.292387	1297.578667	1.000000
167.630000	-15.760000	-156.232498	15.909600	2.890063	50.117086	1301.576011	1.000000
167.630000	-15.760000	-156.232498	16.159600	1.548894	49.943253	1305.599475	1.000000
167.630000	-15.760000	-156.232498	16.409600	0.453566	49.770795	1310.040930	1.000000
167.630000	-15.760000	-156.232498	16.659600	0.658418	49.599788	1314.547063	2.000000
167.630000	-15.760000	-156.232498	16.909600	1.063766	49.430139	1319.053195	2.000000
167.630000	-15.760000	-156.232498	17.159600	1.331832	49.261924	1323.559327	2.000000
167.630000	-15.760000	-156.232498	17.409600	1.829638	49.095050	1328.065460	1.000000
167.630000	-15.760000	-156.232498	17.659600	2.388731	48.929593	1332.150757	1.000000
167.630000	-15.760000	-156.232498	17.909600	2.144020	48.765461	1336.198686	1.000000
167.630000	-15.760000	-156.232498	18.159600	1.655737	48.602728	1340.322569	1.000000
167.630000	-15.760000	-156.232498	18.409600	1.422131	48.441303	1344.478972	2.000000
167.630000	-15.760000	-156.232498	18.659600	1.399318	48.281260	1348.635375	1.000000
167.630000	-15.760000	-156.232498	18.909600	1.262309	48.122510	1352.791779	1.000000
167.630000	-15.760000	-156.232498	19.159600	1.587933	47.965123	1357.048021	1.000000
167.630000	-15.760000	-156.232498	19.409600	2.157386	47.809013	1361.118595	2.000000
167.630000	-15.760000	-156.232498	19.659600	5.939711	47.654249	1364.698546	2.000000
167.630000	-15.760000	-156.232498	19.909600	7.031107	47.500745	1368.278497	2.000000
167.630000	-15.760000	-156.232498	20.159600	6.356552	47.348570	1372.510676	3.000000
167.630000	-15.760000	-156.232498	20.409600	6.763147	47.197639	1377.257011	3.000000
167.630000	-15.760000	-156.232498	20.659600	8.615074	47.048020	1382.886320	3.000000
167.630000	-15.760000	-156.232498	20.909600	10.781030	46.899629	1388.516749	3.000000
167.630000	-15.760000	-156.232498	21.159600	13.652195	46.752532	1393.174663	2.000000
167.630000	-15.760000	-156.232498	21.409600	13.839886	46.606647	1397.832576	2.000000
167.630000	-15.760000	-156.232498	21.659600	14.026802	46.462040	1402.490490	2.000000
167.630000	-15.760000	-156.232498	21.909600	14.213026	46.318629	1407.148404	0.000000
167.630000	-15.760000	-156.232498	22.159600	13.814319	46.176479	1411.806317	0.000000
167.630000	-15.760000	-156.232498	22.409600	12.611162	46.035508	1416.464231	0.000000
167.630000	-15.760000	-156.232498	22.659600	11.289703	45.895782	1421.122145	0.000000
167.630000	-15.760000	-156.232498	22.909600	9.836107	45.757221	1425.780059	0.000000
167.630000	-15.760000	-156.232498	23.159600	8.234590	45.619887	1430.437972	0.000000
167.630000	-15.760000	-156.232498	23.409600	6.467549	45.483702	1435.095886	0.000000
167.630000	-15.760000	-156.232498	23.659600	2.502175	45.348728	1439.753800	0.000000
167.630000	-15.760000	-156.232498	23.909600	-1.884282	45.214888	1445.096426	0.000000
167.630000	-15.760000	-156.232498	24.159600	-3.885701	45.082243	1450.557348	0.000000
167.630000	-15.760000	-156.232498	24.409600	-4.303466	44.950717	1456.018271	0.000000
167.630000	-15.760000	-156.232498	24.659600	-4.733287	44.820369	1461.479193	0.000000
167.630000	-15.760000	-156.232498	24.909600	-4.248216	44.691125	1466.940115	0.000000
167.630000	-15.760000	-156.232498	25.159600	-2.997380	44.563043	1472.047896	0.000000
167.630000	-15.760000	-156.232498	25.409600	-1.954062	44.436051	1476.889972	0.000000
167.630000	-15.760000	-155.982498	15.159600	2.143326	50.853440	1294.703435	0.000000
167.630000	-15.760000	-155.982498	15.409600	2.353722	50.675877	1298.700780	1.000000
167.630000	-15.760000	-155.982498	15.659600	2.563156	50.499827	1302.698125	1.000000
167.630000	-15.760000	-155.982498	15.909600	2.075620	50.325115	1306.695470	1.000000
167.630000	-15.760000	-155.982498	16.159600	1.894971	50.151897	1310.979352	1.000000
167.630000	-15.760000	-155.982498	16.409600	1.572961	49.980003	1315.485484	1.000000
167.630000	-15.760000	-155.982498	16.659600	1.779518	49.809583	1319.991617	1.000000
167.630000	-15.760000	-155.982498	16.909600	1.785535	49.640474	1324.497749	2.000000
167.630000	-15.760000	-155.982498	17.159600	2.239525	49.472820	1328.953514	1.000000
167.630000	-15.760000	-155.982498	17.409600	2.544227	49.306462	1333.001444	1.000000
167.630000	-15.760000	-155.982498	17.659600	2.641548	49.141541	1337.049374	1.000000
167.630000	-15.760000	-155.982498	17.909600	2.844158	48.977902	1341.097304	1.000000
167.630000	-15.760000	-155.982498	18.159600	2.829132	48.815680	1345.145233	2.000000
167.630000	-15.760000	-155.982498	18.409600	2.598126	48.654727	1349.193163	2.000000
167.630000	-15.760000	-155.982498	18.659600	2.108956	48.495171	1353.275629	1.000000
167.630000	-15.760000	-155.982498	18.909600	1.487859	48.336871	1357.432033	1.000000
167.630000	-15.760000	-155.982498	19.159600	3.471926	48.179949	1361.661368	2.000000
167.630000	-15.760000	-155.982498	19.409600	5.686564	48.024268	1365.336485	2.000000
167.630000	-15.760000	-155.982498	19.659600	5.656903	47.869947	1369.623992	2.000000
167.630000	-15.760000	-155.982498	19.909600	7.179738	47.716853	1374.370327	3.000000
167.630000	-15.760000	-155.982498	20.159600	7.000101	47.565100	1379.116661	2.000000
167.630000	-15.760000	-155.982498	20.409600	3.912075	47.414560	1384.585611	2.000000
167.630000	-15.760000	-155.982498	20.659600	3.290973	47.265342	1390.820708	2.000000
167.630000	-15.760000	-155.982498	20.909600	5.729865	47.117324	1396.060112	2.000000
167.630000	-15.760000	-155.982498	21.159600	7.800675	46.970608	1400.822726	1.000000
167.630000	-15.760000	-155.982498	21.409600	8.530123	46.825079	1405.480640	1.000000
167.630000	-15.760000	-155.982498	21.659600	8.954593	46.680834	1410.138554	1.000000
167.630000	-15.760000	-155.982498	21.909600	9.375393	46.537762	1414.796468	0.000000
167.630000	-15.760000	-155.982498	22.159600	9.792461	46.395955	1419.454381	0.000000
167.630000	-15.760000	-155.982498	22.409600	10.205933	46.255308	1424.112295	0.000000
167.630000	-15.760000	-155.982498	22.659600	10.615753	46.115908	1428.770209	0.000000
167.630000	-15.760000	-155.982498	22.909600	11.022051	45.977654	1433.428122	0.000000
167.630000	-15.760000	-155.982498	23.159600	11.424775	45.840629	1438.086036	0.000000
167.630000	-15.760000	-155.982498	23.409600	11.824050	45.704737	1442.743950	0.000000
167.630000	-15.760000	-155.982498	23.659600	12.219827	45.570055	1447.401864	0.000000
167.630000	-15.760000	-155.982498	23.909600	11.274088	45.436494	1452.059777	0.000000
167.630000	-15.760000	-155.982498	24.159600	10.000740	45.304125	1456.717691	0.000000
167.630000	-15.760000	-155.982498	24.409600	8.613468	45.172864	1461.375605	0.000000
167.630000	-15.760000	-155.982498	24.659600	7.100366	45.042778	1466.033518	0.000000
167.630000	-15.760000	-155.982498	24.909600	5.448464	44.913786	1470.691432	0.000000
167.630000	-15.760000	-155.982498	25.159600	4.051119	44.785951	1475.349346	0.000000
167.630000	-15.760000	-155.982498	25.409600	1.713790	44.659198	1480.215673	0.000000
167.630000	-15.760000	-155.982498	25.659600	0.079148	44.533586	1485.676596	0.000000
167.630000	-15.760000	-155.982498	25.909600	1.381183	44.409042	1491.137518	1.000000
167.630000	-15.760000	-155.732498	15.159600	1.938669	51.058097	1299.822894	0.000000
167.630000	-15.760000	-155.732498	15.409600	2.148396	50.881203	1303.820239	1.000000
167.630000	-15.760000	-155.732498	15.659600	2.004831	50.705764	1307.817584	1.000000
167.630000	-15.760000	-155.732498	15.909600	1.659598	50.531692	1311.917774	1.000000
167.630000	-15.760000	-155.732498	16.159600	1.158334	50.359060	1316.423906	1.000000
167.630000	-15.760000	-155.732498	16.409600	1.365186	50.187778	1320.930038	1.000000
167.630000	-15.760000	-155.732498	16.659600	1.417244	50.017919	1325.436171	1.000000
167.630000	-15.760000	-155.732498	16.909600	1.876143	49.849395	1329.804202	2.000000
167.630000	-15.760000	-155.732498	17.159600	2.024581	49.682279	1333.852132	1.000000
167.630000	-15.760000	-155.732498	17.409600	2.228208	49.516481	1337.900062	1.000000
167.630000	-15.760000	-155.732498	17.659600	2.431015	49.352074	1341.947991	1.000000
167.630000	-15.760000	-155.732498	17.909600	2.633090	49.188970	1345.995921	1.000000
167.630000	-15.760000	-155.732498	18.159600	2.834363	49.027240	1350.043851	2.000000
167.630000	-15.760000	-155.732498	18.409600	3.041059	48.866797	1354.091781	1.000000
167.630000	-15.760000	-155.732498	18.659600	3.193671	48.707713	1358.139710	1.000000
167.630000	-15.760000	-155.732498	18.909600	2.281669	48.549900	1362.187640	1.000000
167.630000	-15.760000	-155.732498	19.159600	0.110788	48.393428	1366.486078	2.000000
167.630000	-15.760000	-155.732498	19.409600	1.604466	48.238212	1371.346388	2.000000
167.630000	-15.760000	-155.732498	19.659600	3.440557	48.084321	1376.206697	2.000000
167.630000	-15.760000	-155.732498	19.909600	3.481857	47.931670	1380.976312	3.000000
167.630000	-15.760000	-155.732498	20.159600	3.371786	47.780327	1385.987013	2.000000
167.630000	-15.760000	-155.732498	20.409600	2.377061	47.630210	1390.961998	2.000000
167.630000	-15.760000	-155.732498	20.659600	-0.662443	47.481384	1395.936984	2.000000
167.630000	-15.760000	-155.732498	20.909600	-0.693504	47.333768	1400.847209	2.000000
167.630000	-15.760000	-155.732498	21.159600	-0.059945	47.187427	1405.615494	1.000000
167.630000	-15.760000	-155.732498	21.409600	0.460835	47.042280	1410.383778	1.000000
167.630000	-15.760000	-155.732498	21.659600	0.976853	46.898393	1415.152063	1.000000
167.630000	-15.760000	-155.732498	21.909600	1.488223	46.755684	1419.920347	0.000000
167.630000	-15.760000	-155.732498	22.159600	1.994916	46.614219	1424.688632	0.000000
167.630000	-15.760000	-155.732498	22.409600	2.497043	46.473917	1429.456917	0.000000
167.630000	-15.760000	-155.732498	22.659600	2.994577	46.334842	1434.225201	0.000000
167.630000	-15.760000	-155.732498	22.909600	3.487630	46.196916	1438.993486	0.000000
167.630000	-15.760000	-155.732498	23.159600	3.976174	46.060201	1443.761771	0.000000
167.630000	-15.760000	-155.732498	23.409600	4.460319	45.924621	1448.530055	0.000000
167.630000	-15.760000	-155.732498	23.659600	4.940040	45.790235	1453.298340	0.000000
167.630000	-15.760000	-155.732498	23.909600	5.415446	45.656969	1458.066625	0.000000
167.630000	-15.760000	-155.732498	24.159600	5.886511	45.524882	1462.834909	0.000000
167.630000	-15.760000	-155.732498	24.409600	6.353343	45.393901	1467.603194	0.000000
167.630000	-15.760000	-155.732498	24.659600	6.815918	45.264083	1472.371479	0.000000
167.630000	-15.760000	-155.732498	24.909600	7.274342	45.135356	1477.139763	0.000000
167.630000	-15.760000	-155.732498	25.159600	7.728592	45.007777	1481.908048	0.000000
167.630000	-15.760000	-155.732498	25.409600	7.672219	44.881275	1486.676332	0.000000
167.630000	-15.760000	-155.732498	25.659600	6.084693	44.755905	1491.444617	0.000000
167.630000	-15.760000	-155.732498	25.909600	4.478654	44.631599	1496.212902	1.000000
167.630000	-15.760000	-155.732498	26.159600	4.274371	44.508410	1500.981186	1.000000
167.630000	-15.760000	-155.482498	15.159600	1.735541	51.261225	1304.942353	0.000000
167.630000	-15.760000	-155.482498	15.409600	1.944635	51.084963	1308.939697	0.000000
167.630000	-15.760000	-155.482498	15.659600	1.363508	50.910187	1312.937042	1.000000
167.630000	-15.760000	-155.482498	15.909600	0.996983	50.736722	1317.362328	1.000000
167.630000	-15.760000	-155.482498	16.159600	0.952669	50.564725	1321.868460	1.000000
167.630000	-15.760000	-155.482498	16.409600	1.051712	50.394025	1326.374592	1.000000
167.630000	-15.760000	-155.482498	16.659600	1.515504	50.224774	1330.654890	1.000000
167.630000	-15.760000	-155.482498	16.909600	1.612791	50.056808	1334.702820	0.000000
167.630000	-15.760000	-155.482498	17.159600	1.816586	49.890274	1338.750749	1.000000
167.630000	-15.760000	-155.482498	17.409600	2.019679	49.725010	1342.798679	1.000000
167.630000	-15.760000	-155.482498	17.659600	2.221929	49.561160	1346.846609	1.000000
167.630000	-15.760000	-155.482498	17.909600	2.450412	49.398568	1350.894538	1.000000
167.630000	-15.760000	-155.482498	18.159600	2.694548	49.237371	1354.942468	1.000000
167.630000	-15.760000	-155.482498	18.409600	2.883792	49.077419	1358.992559	1.000000
167.630000	-15.760000	-155.482498	18.659600	3.079671	48.918843	1363.058424	1.000000
167.630000	-15.760000	-155.482498	18.909600	2.480284	48.761499	1367.124289	1.000000
167.630000	-15.760000	-155.482498	19.159600	0.556598	48.605513	1371.441477	2.000000
167.630000	-15.760000	-155.482498	19.409600	-1.105729	48.450747	1376.201952	2.000000
167.630000	-15.760000	-155.482498	19.659600	-1.495814	48.297320	1381.034922	2.000000
167.630000	-15.760000	-155.482498	19.909600	-1.302747	48.145099	1385.895231	2.000000
167.630000	-15.760000	-155.482498	20.159600	-1.803549	47.994199	1390.755541	2.000000
167.630000	-15.760000	-155.482498	20.409600	-2.284774	47.844492	1395.701992	2.000000
167.630000	-15.760000	-155.482498	20.659600	-2.127258	47.696089	1400.676977	2.000000
167.630000	-15.760000	-155.482498	20.909600	-1.135611	47.548865	1405.634306	1.000000
167.630000	-15.760000	-155.482498	21.159600	-0.292360	47.402927	1410.402590	1.000000
167.630000	-15.760000	-155.482498	21.409600	-0.099028	47.258156	1415.170875	1.000000
167.630000	-15.760000	-155.482498	21.659600	0.093659	47.114652	1419.939160	0.000000
167.630000	-15.760000	-155.482498	21.909600	0.285815	46.972302	1424.707444	0.000000
167.630000	-15.760000	-155.482498	22.159600	0.477346	46.831202	1429.475729	0.000000
167.630000	-15.760000	-155.482498	22.409600	0.668362	46.691243	1434.244014	0.000000
167.630000	-15.760000	-155.482498	22.659600	0.858775	46.552515	1439.012298	0.000000
167.630000	-15.760000	-155.482498	22.909600	1.048689	46.414917	1443.780583	0.000000
167.630000	-15.760000	-155.482498	23.159600	1.238022	46.278532	1448.548868	0.000000
167.630000	-15.760000	-155.482498	23.409600	1.426872	46.143264	1453.317152	0.000000
167.630000	-15.760000	-155.482498	23.659600	1.615162	46.009192	1458.085437	0.000000
167.630000	-15.760000	-155.482498	23.909600	1.802985	45.876224	1462.853722	0.000000
167.630000	-15.760000	-155.482498	24.159600	1.990269	45.744436	1467.622006	0.000000
167.630000	-15.760000	-155.482498	24.409600	2.177104	45.613738	1472.390291	0.000000
167.630000	-15.760000	-155.482498	24.659600	2.363420	45.484204	1477.158575	0.000000
167.630000	-15.760000	-155.482498	24.909600	2.626460	45.355748	1481.926860	0.000000
167.630000	-15.760000	-155.482498	25.159600	2.990975	45.228437	1486.695145	0.000000
167.630000	-15.760000	-155.482498	25.409600	3.353745	45.102194	1491.463429	0.000000
167.630000	-15.760000	-155.482498	25.659600	3.584451	44.977079	1496.231714	0.000000
167.630000	-15.760000	-155.482498	25.909600	3.764743	44.853019	1501.043810	1.000000
167.630000	-15.760000	-155.232498	15.159600	1.533914	51.462851	1310.061811	0.000000
167.630000	-15.760000	-155.232498	15.409600	1.074005	51.287277	1314.059156	0.000000
167.630000	-15.760000	-155.232498	15.659600	0.957080	51.113130	1318.300749	0.000000
167.630000	-15.760000	-155.232498	15.909600	0.542065	50.940325	1322.806882	1.000000
167.630000	-15.760000	-155.232498	16.159600	0.688818	50.768931	1327.313014	1.000000
167.630000	-15.760000	-155.232498	16.409600	1.157729	50.598863	1331.505577	1.000000
167.630000	-15.760000	-155.232498	16.659600	1.202717	50.430191	1335.553507	0.000000
167.630000	-15.760000	-155.232498	16.909600	1.406769	50.262831	1339.601437	0.000000
167.630000	-15.760000	-155.232498	17.159600	1.610008	50.096852	1343.649367	0.000000
167.630000	-15.760000	-155.232498	17.409600	1.860233	49.932169	1347.697296	0.000000
167.630000	-15.760000	-155.232498	17.659600	2.080184	49.768851	1351.745226	0.000000
167.630000	-15.760000	-155.232498	17.909600	2.270379	49.606814	1355.802636	0.000000
167.630000	-15.760000	-155.232498	18.159600	2.492253	49.446128	1359.868501	0.000000
167.630000	-15.760000	-155.232498	18.409600	2.736162	49.286707	1363.934366	1.000000
167.630000	-15.760000	-155.232498	18.659600	2.934896	49.128621	1368.000231	1.000000
167.630000	-15.760000	-155.232498	18.909600	2.206068	48.971785	1372.066096	1.000000
167.630000	-15.760000	-155.232498	19.159600	0.300828	48.816269	1376.406847	2.000000
167.630000	-15.760000	-155.232498	19.409600	-0.783368	48.661988	1381.167322	2.000000
167.630000	-15.760000	-155.232498	19.659600	-0.900368	48.509010	1385.927796	2.000000
167.630000	-15.760000	-155.232498	19.909600	-1.291163	48.357253	1390.723456	2.000000
167.630000	-15.760000	-155.232498	20.159600	-1.579958	48.206784	1395.583765	2.000000
167.630000	-15.760000	-155.232498	20.409600	-1.976782	48.057520	1400.444075	2.000000
167.630000	-15.760000	-155.232498	20.659600	-2.385554	47.909529	1405.416970	2.000000
167.630000	-15.760000	-155.232498	20.909600	-1.629337	47.762728	1410.391956	2.000000
167.630000	-15.760000	-155.232498	21.159600	-0.594710	47.617184	1415.189687	2.000000
167.630000	-15.760000	-155.232498	21.409600	-0.313688	47.472816	1419.957972	2.000000
167.630000	-15.760000	-155.232498	21.659600	-0.121378	47.329689	1424.726257	0.000000
167.630000	-15.760000	-155.232498	21.909600	0.070393	47.187724	1429.494541	0.000000
167.630000	-15.760000	-155.232498	22.159600	0.261563	47.046984	1434.262826	0.000000
167.630000	-15.760000	-155.232498	22.409600	0.452213	46.907392	1439.031111	0.000000
167.630000	-15.760000	-155.232498	22.659600	0.642281	46.769010	1443.799395	0.000000
167.630000	-15.760000	-155.232498	22.909600	0.831846	46.631760	1448.567680	0.000000
167.630000	-15.760000	-155.232498	23.159600	1.020849	46.495706	1453.335964	0.000000
167.630000	-15.760000	-155.232498	23.409600	1.209366	46.360770	1458.104249	0.000000
167.630000	-15.760000	-155.232498	23.659600	1.397341	46.227013	1462.872534	0.000000
167.630000	-15.760000	-155.232498	23.909600	1.608981	46.094361	1467.640818	0.000000
167.630000	-15.760000	-155.232498	24.159600	1.975624	45.962874	1472.409103	0.000000
167.630000	-15.760000	-155.232498	24.409600	2.340504	45.832477	1477.177388	0.000000
167.630000	-15.760000	-155.232498	24.659600	2.626232	45.703230	1481.945672	0.000000
167.630000	-15.760000	-155.232498	24.909600	2.808026	45.575060	1486.739915	0.000000
167.630000	-15.760000	-155.232498	25.159600	3.065710	45.448024	1491.568784	0.000000
167.630000	-15.760000	-155.232498	25.409600	3.423891	45.322052	1496.397653	0.000000
167.630000	-15.760000	-154.982498	15.159600	1.125763	51.662979	1315.181270	0.000000
167.630000	-15.760000	-154.982498	15.409600	0.661799	51.488055	1319.239171	0.000000
167.630000	-15.760000	-154.982498	15.659600	0.054149	51.314589	1323.745303	0.000000
167.630000	-15.760000	-154.982498	15.909600	0.328814	51.142407	1328.251436	0.000000
167.630000	-15.760000	-154.982498	16.159600	0.802837	50.971667	1332.356265	0.000000
167.630000	-15.760000	-154.982498	16.409600	0.794585	50.802199	1336.404195	0.000000
167.630000	-15.760000	-154.982498	16.659600	1.016337	50.634155	1340.452125	0.000000
167.630000	-15.760000	-154.982498	16.909600	1.270740	50.467370	1344.500054	0.000000
167.630000	-15.760000	-154.982498	17.159600	1.466443	50.301993	1348.547984	0.000000
167.630000	-15.760000	-154.982498	17.409600	1.657603	50.137862	1352.612712	0.000000
167.630000	-15.760000	-154.982498	17.659600	1.905427	49.975121	1356.678577	0.000000
167.630000	-15.760000	-154.982498	17.909600	2.129677	49.813615	1360.744442	0.000000
167.630000	-15.760000	-154.982498	18.159600	2.329313	49.653481	1364.810307	0.000000
167.630000	-15.760000	-154.982498	18.409600	2.528300	49.494569	1368.876172	0.000000
167.630000	-15.760000	-154.982498	18.659600	2.726505	49.337012	1372.942037	1.000000
167.630000	-15.760000	-154.982498	18.909600	1.918836	49.180665	1377.007902	1.000000
167.630000	-15.760000	-154.982498	19.159600	0.018117	49.025654	1381.372217	1.000000
167.630000	-15.760000	-154.982498	19.409600	-0.993222	48.871841	1386.132691	2.000000
167.630000	-15.760000	-154.982498	19.659600	-0.796606	48.719348	1390.893166	2.000000
167.630000	-15.760000	-154.982498	19.909600	-0.701723	48.568040	1395.653641	1.000000
167.630000	-15.760000	-154.982498	20.159600	-1.086911	48.418034	1400.414116	1.000000
167.630000	-15.760000	-154.982498	20.409600	-1.551314	48.269200	1405.272299	1.000000
167.630000	-15.760000	-154.982498	20.659600	-2.150232	48.121652	1410.156964	3.000000
167.630000	-15.760000	-154.982498	20.909600	-2.032802	47.975263	1415.131949	2.000000
167.630000	-15.760000	-154.982498	21.159600	-0.948059	47.830142	1419.976784	1.000000
167.630000	-15.760000	-154.982498	21.409600	-0.527041	47.686169	1424.745069	1.000000
167.630000	-15.760000	-154.982498	21.659600	-0.335135	47.543446	1429.513353	1.000000
167.630000	-15.760000	-154.982498	21.909600	-0.143742	47.401859	1434.281638	0.000000
167.630000	-15.760000	-154.982498	22.159600	0.047042	47.261505	1439.049923	0.000000
167.630000	-15.760000	-154.982498	22.409600	0.237330	47.122275	1443.818207	0.000000
167.630000	-15.760000	-154.982498	22.659600	0.427030	46.984261	1448.586492	0.000000
167.630000	-15.760000	-154.982498	22.909600	0.616249	46.847358	1453.354777	0.000000
167.630000	-15.760000	-154.982498	23.159600	0.955985	46.711654	1458.123061	0.000000
167.630000	-15.760000	-154.982498	23.409600	1.323038	46.577049	1462.891346	0.000000
167.630000	-15.760000	-154.982498	23.659600	1.664056	46.443627	1467.659631	0.000000
167.630000	-15.760000	-154.982498	23.909600	1.847439	46.311293	1472.436020	0.000000
167.630000	-15.760000	-154.982498	24.159600	2.054218	46.180124	1477.264888	0.000000
167.630000	-15.760000	-154.982498	24.409600	2.414484	46.050031	1482.093757	0.000000
167.630000	-15.760000	-154.982498	24.659600	2.772970	45.921087	1486.922626	0.000000
167.630000	-15.760000	-154.982498	24.909600	3.056348	45.793207	1491.751495	0.000000
167.630000	-15.760000	-154.732498	15.159600	0.372851	51.861630	1320.300728	1.000000
167.630000	-15.760000	-154.732498	15.409600	-0.097937	51.687411	1324.683725	0.000000
167.630000	-15.760000	-154.732498	15.659600	-0.028411	51.514591	1329.159023	0.000000
167.630000	-15.760000	-154.732498	15.909600	0.344654	51.343087	1333.206953	0.000000
167.630000	-15.760000	-154.732498	16.159600	0.426669	51.172967	1337.254883	0.000000
167.630000	-15.760000	-154.732498	16.409600	0.660677	51.004149	1341.302812	0.000000
167.630000	-15.760000	-154.732498	16.659600	0.853412	50.836702	1345.356923	0.000000
167.630000	-15.760000	-154.732498	16.909600	1.066645	50.670542	1349.422788	0.000000
167.630000	-15.760000	-154.732498	17.159600	1.319269	50.505737	1353.488653	0.000000
167.630000	-15.760000	-154.732498	17.409600	1.523795	50.342206	1357.554518	0.000000
167.630000	-15.760000	-154.732498	17.659600	1.724345	50.180016	1361.620383	0.000000
167.630000	-15.760000	-154.732498	17.909600	1.924207	50.019085	1365.686248	0.000000
167.630000	-15.760000	-154.732498	18.159600	2.123315	49.859479	1369.752113	0.000000
167.630000	-15.760000	-154.732498	18.409600	2.321750	49.701118	1373.817978	0.000000
167.630000	-15.760000	-154.732498	18.659600	2.519448	49.544069	1377.883843	0.000000
167.630000	-15.760000	-154.732498	18.909600	1.633071	49.388250	1381.949708	1.000000
167.630000	-15.760000	-154.732498	19.159600	-0.263117	49.233727	1386.337586	1.000000
167.630000	-15.760000	-154.732498	19.409600	-1.201800	49.080420	1391.098061	0.000000
167.630000	-15.760000	-154.732498	19.659600	-1.005652	48.928394	1395.858536	1.000000
167.630000	-15.760000	-154.732498	19.909600	-0.810100	48.777570	1400.619011	1.000000
167.630000	-15.760000	-154.732498	20.159600	-0.615209	48.628013	1405.379485	1.000000
167.630000	-15.760000	-154.732498	20.409600	-0.883056	48.479643	1410.139960	2.000000
167.630000	-15.760000	-154.732498	20.659600	-1.497820	48.332524	1414.960833	1.000000
167.630000	-15.760000	-154.732498	20.909600	-2.082357	48.186580	1419.871943	1.000000
167.630000	-15.760000	-154.732498	21.159600	-1.299537	48.041871	1424.763881	1.000000
167.630000	-15.760000	-154.732498	21.409600	-0.739194	47.898322	1429.532166	1.000000
167.630000	-15.760000	-154.732498	21.659600	-0.547684	47.755995	1434.300450	1.000000
167.630000	-15.760000	-154.732498	21.909600	-0.356696	47.614814	1439.068735	1.000000
167.630000	-15.760000	-154.732498	22.159600	-0.068107	47.474839	1443.837020	0.000000
167.630000	-15.760000	-154.732498	22.409600	0.301157	47.335996	1448.605304	0.000000
167.630000	-15.760000	-154.732498	22.659600	0.668573	47.198345	1453.373589	0.000000
167.630000	-15.760000	-154.732498	22.909600	0.882762	47.061812	1458.141874	0.000000
167.630000	-15.760000	-154.732498	23.159600	1.067297	46.926456	1462.960993	0.000000
167.630000	-15.760000	-154.732498	23.409600	1.400913	46.792205	1467.789862	0.000000
167.630000	-15.760000	-154.732498	23.659600	1.761520	46.659116	1472.618731	0.000000
167.630000	-15.760000	-154.732498	23.909600	2.097447	46.527119	1477.447600	0.000000
167.630000	-15.760000	-154.732498	24.159600	2.283588	46.396270	1482.276468	0.000000
167.630000	-15.760000	-154.732498	24.409600	2.469288	46.266498	1487.105337	0.000000
167.630000	-15.760000	-154.732498	24.659600	2.654491	46.137860	1491.934206	0.000000
167.630000	-15.760000	-154.482498	15.159600	-0.186409	52.058812	1325.622147	1.000000
167.630000	-15.760000	-154.482498	15.409600	-0.374745	51.885258	1330.009711	1.000000
167.630000	-15.760000	-154.482498	15.659600	-0.162091	51.713137	1334.057640	0.000000
167.630000	-15.760000	-154.482498	15.909600	0.047621	51.542273	1338.105570	0.000000
167.630000	-15.760000	-154.482498	16.159600	0.241237	51.372826	1342.166999	0.000000
167.630000	-15.760000	-154.482498	16.409600	0.480459	51.204624	1346.232864	0.000000
167.630000	-15.760000	-154.482498	16.659600	0.716511	51.037823	1350.298729	0.000000
167.630000	-15.760000	-154.482498	16.909600	0.918733	50.872255	1354.364594	0.000000
167.630000	-15.760000	-154.482498	17.159600	1.120139	50.708071	1358.430459	0.000000
167.630000	-15.760000	-154.482498	17.409600	1.320891	50.545110	1362.496324	0.000000
167.630000	-15.760000	-154.482498	17.659600	1.520846	50.383515	1366.562189	0.000000
167.630000	-15.760000	-154.482498	17.909600	1.720160	50.223132	1370.628054	0.000000
167.630000	-15.760000	-154.482498	18.159600	1.918696	50.064098	1374.693919	0.000000
167.630000	-15.760000	-154.482498	18.409600	2.116605	49.906264	1378.759784	0.000000
167.630000	-15.760000	-154.482498	18.659600	2.313755	49.749763	1382.825649	0.000000
167.630000	-15.760000	-154.482498	18.909600	1.348863	49.594449	1386.891514	0.000000
167.630000	-15.760000	-154.482498	19.159600	-0.542843	49.440452	1391.302956	0.000000
167.630000	-15.760000	-154.482498	19.409600	-1.409012	49.287631	1396.063431	0.000000
167.630000	-15.760000	-154.482498	19.659600	-1.213368	49.136110	1400.823906	0.000000
167.630000	-15.760000	-154.482498	19.909600	-1.018283	48.985753	1405.584380	0.000000
167.630000	-15.760000	-154.482498	20.159600	-0.823875	48.836679	1410.344855	0.000000
167.630000	-15.760000	-154.482498	20.409600	-0.630012	48.688757	1415.105330	1.000000
167.630000	-15.760000	-154.482498	20.659600	-0.679634	48.542101	1419.865805	1.000000
167.630000	-15.760000	-154.482498	20.909600	-1.344771	48.396587	1424.649367	1.000000
167.630000	-15.760000	-154.482498	21.159600	-1.493458	48.252322	1429.550978	1.000000
167.630000	-15.760000	-154.482498	21.409600	-0.725113	48.109186	1434.319263	1.000000
167.630000	-15.760000	-154.482498	21.659600	-0.355458	47.967283	1439.087547	1.000000
167.630000	-15.760000	-154.482498	21.909600	-0.086003	47.826497	1443.855832	1.000000
167.630000	-15.760000	-154.482498	22.159600	0.100221	47.686929	1448.657098	0.000000
167.630000	-15.760000	-154.482498	22.409600	0.383183	47.548466	1453.485967	0.000000
167.630000	-15.760000	-154.482498	22.659600	0.745948	47.411203	1458.314835	0.000000
167.630000	-15.760000	-154.482498	22.909600	1.107003	47.275035	1463.143704	0.000000
167.630000	-15.760000	-154.482498	23.159600	1.322437	47.140051	1467.972573	0.000000
167.630000	-15.760000	-154.482498	23.409600	1.509734	47.006149	1472.801442	0.000000
167.630000	-15.760000	-154.482498	23.659600	1.696493	46.873416	1477.630311	0.000000
167.630000	-15.760000	-154.482498	23.909600	1.882813	46.741753	1482.459179	0.000000
167.630000	-15.760000	-154.482498	24.159600	2.068615	46.611243	1487.288048	0.000000
167.630000	-15.760000	-154.232498	15.159600	-0.666189	52.254540	1330.860398	1.000000
167.630000	-15.760000	-154.232498	15.409600	-0.564488	52.081709	1334.911210	1.000000
167.630000	-15.760000	-154.232498	15.659600	-0.360086	51.910249	1338.977075	1.000000
167.630000	-15.760000	-154.232498	15.909600	-0.104830	51.740080	1343.042940	0.000000
167.630000	-15.760000	-154.232498	16.159600	0.111455	51.571269	1347.108805	0.000000
167.630000	-15.760000	-154.232498	16.409600	0.314510	51.403736	1351.174670	0.000000
167.630000	-15.760000	-154.232498	16.659600	0.516786	51.237547	1355.240535	0.000000
167.630000	-15.760000	-154.232498	16.909600	0.718365	51.072623	1359.306400	0.000000
167.630000	-15.760000	-154.232498	17.159600	0.919182	50.909029	1363.372265	0.000000
167.630000	-15.760000	-154.232498	17.409600	1.119316	50.746685	1367.438130	0.000000
167.630000	-15.760000	-154.232498	17.659600	1.318703	50.585658	1371.503995	0.000000
167.630000	-15.760000	-154.232498	17.909600	1.517424	50.425868	1375.569860	0.000000
167.630000	-15.760000	-154.232498	18.159600	1.715414	50.267380	1379.635725	0.000000
167.630000	-15.760000	-154.232498	18.409600	1.912753	50.110116	1383.701590	0.000000
167.630000	-15.760000	-154.232498	18.659600	2.109377	49.954140	1387.767456	0.000000
167.630000	-15.760000	-154.232498	18.909600	1.066102	49.799374	1391.833321	0.000000
167.630000	-15.760000	-154.232498	19.159600	-0.821111	49.645882	1396.268326	0.000000
167.630000	-15.760000	-154.232498	19.409600	-1.614966	49.493586	1401.028801	0.000000
167.630000	-15.760000	-154.232498	19.659600	-1.419807	49.342550	1405.789275	0.000000
167.630000	-15.760000	-154.232498	19.909600	-1.225227	49.192696	1410.549750	0.000000
167.630000	-15.760000	-154.232498	20.159600	-1.031285	49.044089	1415.310225	0.000000
167.630000	-15.760000	-154.232498	20.409600	-0.837905	48.896650	1420.070700	1.000000
167.630000	-15.760000	-154.232498	20.659600	-0.645147	48.750443	1424.831174	1.000000
167.630000	-15.760000	-154.232498	20.909600	-0.522445	48.605391	1429.591649	1.000000
167.630000	-15.760000	-154.232498	21.159600	-0.806071	48.461557	1434.353203	1.000000
167.630000	-15.760000	-154.232498	21.409600	-0.638856	48.318865	1439.182071	1.000000
167.630000	-15.760000	-154.232498	21.659600	-0.273875	48.177376	1444.010940	1.000000
167.630000	-15.760000	-154.232498	21.909600	0.089369	48.037015	1448.839809	1.000000
167.630000	-15.760000	-154.232498	22.159600	0.357330	47.897844	1453.668678	1.000000
167.630000	-15.760000	-154.232498	22.409600	0.546278	47.759788	1458.497547	0.000000
167.630000	-15.760000	-154.232498	22.659600	0.734674	47.622907	1463.326415	0.000000
167.630000	-15.760000	-154.232498	22.909600	0.922592	47.487129	1468.155284	0.000000
167.630000	-15.760000	-154.232498	23.159600	1.109977	47.352511	1472.984153	0.000000
167.630000	-15.760000	-154.232498	23.409600	1.296901	47.218982	1477.813022	0.000000
167.630000	-15.760000	-154.232498	23.659600	1.483308	47.086600	1482.641891	0.000000
167.630000	-15.760000	-153.982498	15.159600	-0.945089	52.448828	1335.787151	1.000000
167.630000	-15.760000	-153.982498	15.409600	-0.697134	52.276678	1339.853016	1.000000
167.630000	-15.760000	-153.982498	15.659600	-0.492560	52.105934	1343.918881	1.000000
167.630000	-15.760000	-153.982498	15.909600	-0.288654	51.936421	1347.984746	0.000000
167.630000	-15.760000	-153.982498	16.159600	-0.085576	51.768300	1352.050611	0.000000
167.630000	-15.760000	-153.982498	16.409600	0.116847	51.601399	1356.116477	0.000000
167.630000	-15.760000	-153.982498	16.659600	0.318460	51.435873	1360.182342	0.000000
167.630000	-15.760000	-153.982498	16.909600	0.519431	51.271558	1364.248207	0.000000
167.630000	-15.760000	-153.982498	17.159600	0.719609	51.108601	1368.314072	0.000000
167.630000	-15.760000	-153.982498	17.409600	0.919157	50.946844	1372.379937	0.000000
167.630000	-15.760000	-153.982498	17.659600	1.117930	50.786431	1376.445802	0.000000
167.630000	-15.760000	-153.982498	17.909600	1.316087	50.627205	1380.511667	0.000000
167.630000	-15.760000	-153.982498	18.159600	1.513487	50.469307	1384.577532	0.000000
167.630000	-15.760000	-153.982498	18.409600	1.710282	50.312587	1388.643397	0.000000
167.630000	-15.760000	-153.982498	18.659600	1.906339	50.157178	1392.709262	0.000000
167.630000	-15.760000	-153.982498	18.909600	0.784877	50.002934	1396.775127	0.000000
167.630000	-15.760000	-153.982498	19.159600	-1.097893	49.849987	1401.233696	0.000000
167.630000	-15.760000	-153.982498	19.409600	-1.819575	49.698194	1405.994170	0.000000
167.630000	-15.760000	-153.982498	19.659600	-1.624940	49.547682	1410.754645	0.000000
167.630000	-15.760000	-153.982498	19.909600	-1.430843	49.398312	1415.515120	0.000000
167.630000	-15.760000	-153.982498	20.159600	-1.237404	49.250207	1420.275595	0.000000
167.630000	-15.760000	-153.982498	20.409600	-1.044489	49.103234	1425.036069	1.000000
167.630000	-15.760000	-153.982498	20.659600	-0.852213	48.957509	1429.796544	1.000000
167.630000	-15.760000	-153.982498	20.909600	-0.729642	48.812905	1434.557019	1.000000
167.630000	-15.760000	-153.982498	21.159600	-0.549417	48.669534	1439.364782	1.000000
167.630000	-15.760000	-153.982498	21.409600	-0.421049	48.527272	1444.193651	1.000000
167.630000	-15.760000	-153.982498	21.659600	-0.230972	48.386227	1449.022520	1.000000
167.630000	-15.760000	-153.982498	21.909600	-0.041376	48.246280	1453.851389	1.000000
167.630000	-15.760000	-153.982498	22.159600	0.147640	48.107535	1458.680258	0.000000
167.630000	-15.760000	-153.982498	22.409600	0.336190	47.969876	1463.509126	0.000000
167.630000	-15.760000	-153.982498	22.659600	0.524178	47.833403	1468.337995	0.000000
167.630000	-15.760000	-153.982498	22.909600	0.711714	47.698007	1473.166864	0.000000
167.630000	-15.760000	-153.982498	23.159600	0.898707	47.563780	1477.995733	0.000000
167.630000	-15.760000	-153.982498	23.409600	1.085264	47.430619	1482.824602	0.000000
167.630000	-15.760000	-153.732498	15.159600	-1.076997	52.641686	1340.728958	1.000000
167.630000	-15.760000	-153.732498	15.409600	-0.890731	52.470275	1344.794823	1.000000
167.630000	-15.760000	-153.732498	15.659600	-0.686833	52.300207	1348.860688	1.000000
167.630000	-15.760000	-153.732498	15.909600	-0.483639	52.131406	1352.926553	0.000000
167.630000	-15.760000	-153.732498	16.159600	-0.281212	51.963936	1356.992418	0.000000
167.630000	-15.760000	-153.732498	16.409600	-0.079475	51.797721	1361.058283	0.000000
167.630000	-15.760000	-153.732498	16.659600	0.121510	51.632824	1365.124148	0.000000
167.630000	-15.760000	-153.732498	16.909600	0.321820	51.469168	1369.190013	0.000000
167.630000	-15.760000	-153.732498	17.159600	0.521392	51.306818	1373.255878	0.000000
167.630000	-15.760000	-153.732498	17.409600	0.720305	51.145696	1377.321743	0.000000
167.630000	-15.760000	-153.732498	17.659600	0.918495	50.985866	1381.387608	0.000000
167.630000	-15.760000	-153.732498	17.909600	1.116040	50.827252	1385.453473	0.000000
167.630000	-15.760000	-153.732498	18.159600	1.312877	50.669917	1389.519338	0.000000
167.630000	-15.760000	-153.732498	18.409600	1.509085	50.513784	1393.585203	0.000000
167.630000	-15.760000	-153.732498	18.659600	1.704600	50.358917	1397.651068	0.000000
167.630000	-15.760000	-153.732498	18.909600	0.505079	50.205239	1401.716933	0.000000
167.630000	-15.760000	-153.732498	19.159600	-1.373234	50.052813	1406.199065	0.000000
167.630000	-15.760000	-153.732498	19.409600	-2.022945	49.901564	1410.959540	0.000000
167.630000	-15.760000	-153.732498	19.659600	-1.828812	49.751554	1415.720015	0.000000
167.630000	-15.760000	-153.732498	19.909600	-1.635237	49.602707	1420.480490	0.000000
167.630000	-15.760000	-153.732498	20.159600	-1.442282	49.455085	1425.240964	0.000000
167.630000	-15.760000	-153.732498	20.409600	-1.249869	49.308614	1430.001439	1.000000
167.630000	-15.760000	-153.732498	20.659600	-1.124688	49.163355	1434.761914	1.000000
167.630000	-15.760000	-153.732498	20.909600	-0.941300	49.019233	1439.547494	1.000000
167.630000	-15.760000	-153.732498	21.159600	-0.818502	48.876309	1444.376362	1.000000
167.630000	-15.760000	-153.732498	21.409600	-0.628288	48.734511	1449.205231	1.000000
167.630000	-15.760000	-153.732498	21.659600	-0.438642	48.593896	1454.034100	1.000000
167.630000	-15.760000	-153.732498	21.909600	-0.249490	48.454394	1458.862969	1.000000
167.630000	-15.760000	-153.732498	22.159600	-0.060889	48.316063	1463.691838	0.000000
167.630000	-15.760000	-153.732498	22.409600	0.127235	48.178832	1468.520706	0.000000
167.630000	-15.760000	-153.732498	22.659600	0.314824	48.042757	1473.349575	0.000000
167.630000	-15.760000	-153.732498	22.909600	0.501951	47.907770	1478.178444	0.000000
167.630000	-15.760000	-153.482498	15.159600	-1.234448	52.833135	1345.674514	1.000000
167.630000	-15.760000	-153.482498	15.409600	-1.055280	52.662418	1349.736629	1.000000
167.630000	-15.760000	-153.482498	15.659600	-0.876175	52.493082	1353.802494	0.000000
167.630000	-15.760000	-153.482498	15.909600	-0.677185	52.324952	1357.868359	0.000000
167.630000	-15.760000	-153.482498	16.159600	-0.475463	52.158188	1361.934224	0.000000
167.630000	-15.760000	-153.482498	16.409600	-0.274373	51.992620	1366.000089	0.000000
167.630000	-15.760000	-153.482498	16.659600	-0.074068	51.828402	1370.065954	0.000000
167.630000	-15.760000	-153.482498	16.909600	0.125617	51.665371	1374.131819	0.000000
167.630000	-15.760000	-153.482498	17.159600	0.324535	51.503676	1378.197684	0.000000
167.630000	-15.760000	-153.482498	17.409600	0.522845	51.343156	1382.263549	0.000000
167.630000	-15.760000	-153.482498	17.659600	0.720404	51.183957	1386.329414	0.000000
167.630000	-15.760000	-153.482498	17.909600	0.917369	51.025923	1390.395279	0.000000
167.630000	-15.760000	-153.482498	18.159600	1.113599	50.869195	1394.461144	0.000000
167.630000	-15.760000	-153.482498	18.409600	1.309247	50.713622	1398.527009	0.000000
167.630000	-15.760000	-153.482498	18.659600	1.504177	50.559340	1402.592874	0.000000
167.630000	-15.760000	-153.482498	18.909600	0.226795	50.406202	1406.658739	0.000000
167.630000	-15.760000	-153.482498	19.159600	-1.647114	50.254339	1411.164435	0.000000
167.630000	-15.760000	-153.482498	19.409600	-2.224990	50.103609	1415.924910	0.000000
167.630000	-15.760000	-153.482498	19.659600	-2.031398	49.954140	1420.685385	0.000000
167.630000	-15.760000	-153.482498	19.909600	-1.838325	49.805794	1425.445859	0.000000
167.630000	-15.760000	-153.482498	20.159600	-1.645890	49.658693	1430.206334	0.000000
167.630000	-15.760000	-153.482498	20.409600	-1.462697	49.512705	1434.966809	0.000000
167.630000	-15.760000	-153.482498	20.659600	-1.334635	49.367946	1439.730205	1.000000
167.630000	-15.760000	-153.482498	20.909600	-1.214282	49.224289	1444.559073	1.000000
167.630000	-15.760000	-153.482498	21.159600	-1.024039	49.081846	1449.387942	1.000000
167.630000	-15.760000	-153.482498	21.409600	-0.834273	48.940495	1454.216811	1.000000
167.630000	-15.760000	-153.482498	21.659600	-0.645089	48.800343	1459.045680	1.000000
167.630000	-15.760000	-153.482498	21.909600	-0.456368	48.661272	1463.874549	0.000000
167.630000	-15.760000	-153.482498	22.159600	-0.268211	48.523386	1468.703417	0.000000
167.630000	-15.760000	-153.482498	22.409600	-0.080503	48.386569	1473.532286	0.000000
167.630000	-15.760000	-153.482498	22.659600	0.106660	48.250921	1478.361155	0.000000
167.630000	-15.760000	-153.232498	15.159600	-1.418987	53.023175	1350.621757	1.000000
167.630000	-15.760000	-153.232498	15.409600	-1.216386	52.853213	1354.683655	1.000000
167.630000	-15.760000	-153.232498	15.659600	-1.034424	52.684567	1358.745552	0.000000
167.630000	-15.760000	-153.232498	15.909600	-0.857430	52.517164	1362.810165	0.000000
167.630000	-15.760000	-153.232498	16.159600	-0.668342	52.351066	1366.876030	0.000000
167.630000	-15.760000	-153.232498	16.409600	-0.467954	52.186200	1370.941895	0.000000
167.630000	-15.760000	-153.232498	16.659600	-0.268292	52.022626	1375.007760	0.000000
167.630000	-15.760000	-153.232498	16.909600	-0.069283	51.860271	1379.073625	0.000000
167.630000	-15.760000	-153.232498	17.159600	0.129014	51.699197	1383.139490	0.000000
167.630000	-15.760000	-153.232498	17.409600	0.326672	51.539329	1387.205355	0.000000
167.630000	-15.760000	-153.232498	17.659600	0.523632	51.380729	1391.271220	0.000000
167.630000	-15.760000	-153.232498	17.909600	0.719968	51.223324	1395.337085	0.000000
167.630000	-15.760000	-153.232498	18.159600	0.915620	51.067174	1399.402950	0.000000
167.630000	-15.760000	-153.232498	18.409600	1.110662	50.912207	1403.468815	0.000000
167.630000	-15.760000	-153.232498	18.659600	1.305035	50.758482	1407.534680	0.000000
167.630000	-15.760000	-153.232498	18.909600	-0.050082	50.605927	1411.600545	0.000000
167.630000	-15.760000	-153.232498	19.159600	-1.919570	50.454601	1416.129805	0.000000
167.630000	-15.760000	-153.232498	19.409600	-2.425814	50.304434	1420.890280	0.000000
167.630000	-15.760000	-153.232498	19.659600	-2.232741	50.155483	1425.650754	0.000000
167.630000	-15.760000	-153.232498	19.909600	-2.040208	50.007678	1430.411229	0.000000
167.630000	-15.760000	-153.232498	20.159600	-1.848273	49.861076	1435.171704	0.000000
167.630000	-15.760000	-153.232498	20.409600	-1.726295	49.715608	1439.932179	0.000000
167.630000	-15.760000	-153.232498	20.659600	-1.551626	49.571331	1444.741785	0.000000
167.630000	-15.760000	-153.232498	20.909600	-1.418168	49.428175	1449.570653	1.000000
167.630000	-15.760000	-153.232498	21.159600	-1.228389	49.286197	1454.399522	1.000000
167.630000	-15.760000	-153.232498	21.409600	-1.039104	49.145327	1459.228391	1.000000
167.630000	-15.760000	-153.232498	21.659600	-0.850368	49.005623	1464.057260	0.000000
167.630000	-15.760000	-153.232498	21.909600	-0.662110	48.867014	1468.886129	0.000000
167.630000	-15.760000	-153.232498	22.159600	-0.474384	48.729559	1473.714997	0.000000
167.630000	-15.760000	-152.982498	15.159600	-1.607646	53.211834	1355.569001	0.000000
167.630000	-15.760000	-152.982498	15.409600	-1.405141	53.042581	1359.630898	0.000000
167.630000	-15.760000	-152.982498	15.659600	-1.203428	52.874681	1363.692795	0.000000
167.630000	-15.760000	-152.982498	15.909600	-1.014259	52.707964	1367.754693	0.000000
167.630000	-15.760000	-152.982498	16.159600	-0.838721	52.542587	1371.817836	0.000000
167.630000	-15.760000	-152.982498	16.409600	-0.659508	52.378382	1375.883701	0.000000
167.630000	-15.760000	-152.982498	16.659600	-0.461170	52.215504	1379.949566	0.000000
167.630000	-15.760000	-152.982498	16.909600	-0.262800	52.053788	1384.015431	0.000000
167.630000	-15.760000	-152.982498	17.159600	-0.065175	51.893385	1388.081297	0.000000
167.630000	-15.760000	-152.982498	17.409600	0.131867	51.734134	1392.147162	0.000000
167.630000	-15.760000	-152.982498	17.659600	0.328179	51.576182	1396.213027	0.000000
167.630000	-15.760000	-152.982498	17.909600	0.523920	51.419372	1400.278892	0.000000
167.630000	-15.760000	-152.982498	18.159600	0.718947	51.263847	1404.344757	0.000000
167.630000	-15.760000	-152.982498	18.409600	0.913415	51.109454	1408.410622	0.000000
167.630000	-15.760000	-152.982498	18.659600	1.107186	50.956331	1412.476487	0.000000
167.630000	-15.760000	-152.982498	18.909600	-0.325467	50.804331	1416.542352	0.000000
167.630000	-15.760000	-152.982498	19.159600	-2.190587	50.653586	1421.095175	0.000000
167.630000	-15.760000	-152.982498	19.409600	-2.625334	50.503954	1425.855650	0.000000
167.630000	-15.760000	-152.982498	19.659600	-2.432820	50.355562	1430.616124	0.000000
167.630000	-15.760000	-152.982498	19.909600	-2.240803	50.208273	1435.376599	0.000000
167.630000	-15.760000	-152.982498	20.159600	-2.116274	50.062211	1440.137074	0.000000
167.630000	-15.760000	-152.982498	20.409600	-1.933258	49.917241	1444.924496	0.000000
167.630000	-15.760000	-152.982498	20.659600	-1.810662	49.773482	1449.753364	0.000000
167.630000	-15.760000	-152.982498	20.909600	-1.620800	49.630806	1454.582233	0.000000
167.630000	-15.760000	-152.982498	21.159600	-1.431521	49.489328	1459.411102	0.000000
167.630000	-15.760000	-152.982498	21.409600	-1.242699	49.348922	1464.239971	0.000000
167.630000	-15.760000	-152.982498	21.659600	-1.054444	49.209698	1469.068840	0.000000
167.630000	-15.760000	-152.732498	15.159600	-1.794921	53.399109	1360.516244	0.000000
167.630000	-15.760000	-152.732498	15.409600	-1.593184	53.230624	1364.578141	0.000000
167.630000	-15.760000	-152.732498	15.659600	-1.392174	53.063428	1368.640038	0.000000
167.630000	-15.760000	-152.732498	15.909600	-1.191823	52.897453	1372.701936	0.000000
167.630000	-15.760000	-152.732498	16.159600	-0.995695	52.732756	1376.763833	0.000000
167.630000	-15.760000	-152.732498	16.409600	-0.820712	52.569268	1380.825731	0.000000
167.630000	-15.760000	-152.732498	16.659600	-0.647182	52.407047	1384.891373	0.000000
167.630000	-15.760000	-152.732498	16.909600	-0.455036	52.246024	1388.957238	0.000000
167.630000	-15.760000	-152.732498	17.159600	-0.258046	52.086256	1393.023103	0.000000
167.630000	-15.760000	-152.732498	17.409600	-0.061673	51.927674	1397.088968	0.000000
167.630000	-15.760000	-152.732498	17.659600	0.134026	51.770335	1401.154833	0.000000
167.630000	-15.760000	-152.732498	17.909600	0.329121	51.614170	1405.220698	0.000000
167.630000	-15.760000	-152.732498	18.159600	0.523556	51.459238	1409.286563	0.000000
167.630000	-15.760000	-152.732498	18.409600	0.717402	51.305467	1413.352428	0.000000
167.630000	-15.760000	-152.732498	18.659600	0.910600	51.152917	1417.418293	0.000000
167.630000	-15.760000	-152.732498	18.909600	-0.599463	51.001517	1421.484158	0.000000
167.630000	-15.760000	-152.732498	19.159600	-2.460199	50.851325	1426.060545	0.000000
167.630000	-15.760000	-152.732498	19.409600	-2.823652	50.702271	1430.821019	0.000000
167.630000	-15.760000	-152.732498	19.659600	-2.631671	50.554413	1435.581494	0.000000
167.630000	-15.760000	-152.732498	19.909600	-2.454465	50.407682	1440.341969	0.000000
167.630000	-15.760000	-152.732498	20.159600	-2.321554	50.262135	1445.107207	0.000000
167.630000	-15.760000	-152.732498	20.409600	-2.201459	50.117703	1449.936076	0.000000
167.630000	-15.760000	-152.732498	20.659600	-2.011623	49.974442	1454.764944	0.000000
167.630000	-15.760000	-152.732498	20.909600	-1.822278	49.832285	1459.593813	0.000000
167.630000	-15.760000	-152.732498	21.159600	-1.633479	49.691286	1464.422682	0.000000
167.630000	-15.760000	-152.732498	21.409600	-1.445157	49.551380	1469.251551	0.000000
167.630000	-15.760000	-152.482498	15.159600	-1.980842	53.585030	1365.463487	1.000000
167.630000	-15.760000	-152.482498	15.409600	-1.779827	53.417266	1369.525384	0.000000
167.630000	-15.760000	-152.482498	15.659600	-1.579578	53.250832	1373.587282	0.000000
167.630000	-15.760000	-152.482498	15.909600	-1.379925	53.085555	1377.649179	0.000000
167.630000	-15.760000	-152.482498	16.159600	-1.181023	52.921594	1381.711076	0.000000
167.630000	-15.760000	-152.482498	16.409600	-0.982706	52.758781	1385.772974	0.000000
167.630000	-15.760000	-152.482498	16.659600	-0.803464	52.597271	1389.834871	0.000000
167.630000	-15.760000	-152.482498	16.909600	-0.631212	52.436900	1393.899044	0.000000
167.630000	-15.760000	-152.482498	17.159600	-0.449609	52.277819	1397.964909	0.000000
167.630000	-15.760000	-152.482498	17.409600	-0.253867	52.119868	1402.030774	0.000000
167.630000	-15.760000	-152.482498	17.659600	-0.058832	51.963193	1406.096639	0.000000
167.630000	-15.760000	-152.482498	17.909600	0.135654	51.807638	1410.162504	0.000000
167.630000	-15.760000	-152.482498	18.159600	0.329448	51.653346	1414.228369	0.000000
167.630000	-15.760000	-152.482498	18.409600	0.522704	51.500165	1418.294234	0.000000
167.630000	-15.760000	-152.482498	18.659600	0.715284	51.348233	1422.360099	0.000000
167.630000	-15.760000	-152.482498	18.909600	-0.871989	51.197403	1426.425964	0.000000
167.630000	-15.760000	-152.482498	19.159600	-2.728395	51.047807	1431.025914	0.000000
167.630000	-15.760000	-152.482498	19.409600	-3.020685	50.899304	1435.786389	0.000000
167.630000	-15.760000	-152.482498	19.659600	-2.829280	50.752023	1440.546864	0.000000
167.630000	-15.760000	-152.482498	19.909600	-2.708023	50.605824	1445.307339	0.000000
167.630000	-15.760000	-152.482498	20.159600	-2.539095	50.460832	1450.118787	0.000000
167.630000	-15.760000	-152.482498	20.409600	-2.400669	50.316914	1454.947655	0.000000
167.630000	-15.760000	-152.482498	20.659600	-2.211369	50.174189	1459.776524	0.000000
167.630000	-15.760000	-152.482498	20.909600	-2.022521	50.032527	1464.605393	0.000000
167.630000	-15.760000	-152.232498	15.159600	-2.165401	53.769589	1370.410730	1.000000
167.630000	-15.760000	-152.232498	15.409600	-1.965168	53.602608	1374.472628	1.000000
167.630000	-15.760000	-152.232498	15.659600	-1.765636	53.436889	1378.534525	0.000000
167.630000	-15.760000	-152.232498	15.909600	-1.566739	53.272369	1382.596422	0.000000
167.630000	-15.760000	-152.232498	16.159600	-1.368531	53.109101	1386.658320	0.000000
167.630000	-15.760000	-152.232498	16.409600	-1.170945	52.947020	1390.720217	0.000000
167.630000	-15.760000	-152.232498	16.659600	-0.974036	52.786181	1394.782114	0.000000
167.630000	-15.760000	-152.232498	16.909600	-0.786900	52.626517	1398.844012	0.000000
167.630000	-15.760000	-152.232498	17.159600	-0.616012	52.468085	1402.906715	0.000000
167.630000	-15.760000	-152.232498	17.409600	-0.442950	52.310817	1406.972580	0.000000
167.630000	-15.760000	-152.232498	17.659600	-0.250409	52.154770	1411.038445	0.000000
167.630000	-15.760000	-152.232498	17.909600	-0.056584	51.999876	1415.104310	0.000000
167.630000	-15.760000	-152.232498	18.159600	0.136603	51.846191	1419.170175	0.000000
167.630000	-15.760000	-152.232498	18.409600	0.329221	51.693648	1423.236040	0.000000
167.630000	-15.760000	-152.232498	18.659600	0.521214	51.542303	1427.301905	0.000000
167.630000	-15.760000	-152.232498	18.909600	-1.143146	51.392089	1431.367770	0.000000
167.630000	-15.760000	-152.232498	19.159600	-2.995203	51.243061	1435.991284	0.000000
167.630000	-15.760000	-152.232498	19.409600	-3.216534	51.095153	1440.751759	0.000000
167.630000	-15.760000	-152.232498	19.659600	-3.092781	50.948420	1445.512234	0.000000
167.630000	-15.760000	-152.232498	19.909600	-2.910325	50.802796	1450.301498	0.000000
167.630000	-15.760000	-152.232498	20.159600	-2.788056	50.658335	1455.130367	0.000000
167.630000	-15.760000	-152.232498	20.409600	-2.598727	50.514971	1459.959235	0.000000
167.630000	-15.760000	-151.982498	15.159600	-2.348635	53.952822	1375.357973	1.000000
167.630000	-15.760000	-151.982498	15.409600	-2.149135	53.786575	1379.419871	1.000000
167.630000	-15.760000	-151.982498	15.659600	-1.950378	53.621632	1383.481768	0.000000
167.630000	-15.760000	-151.982498	15.909600	-1.752191	53.457821	1387.543665	0.000000
167.630000	-15.760000	-151.982498	16.159600	-1.554733	53.295303	1391.605563	0.000000
167.630000	-15.760000	-151.982498	16.409600	-1.357835	53.133910	1395.667460	0.000000
167.630000	-15.760000	-151.982498	16.659600	-1.161651	52.973796	1399.729357	0.000000
167.630000	-15.760000	-151.982498	16.909600	-0.966017	52.814799	1403.791255	0.000000
167.630000	-15.760000	-151.982498	17.159600	-0.773350	52.657068	1407.853152	0.000000
167.630000	-15.760000	-151.982498	17.409600	-0.601426	52.500445	1411.915050	0.000000
167.630000	-15.760000	-151.982498	17.659600	-0.432445	52.345076	1415.980251	0.000000
167.630000	-15.760000	-151.982498	17.909600	-0.247514	52.190806	1420.046117	0.000000
167.630000	-15.760000	-151.982498	18.159600	-0.054982	52.037777	1424.111982	0.000000
167.630000	-15.760000	-151.982498	18.409600	0.137031	51.885837	1428.177847	0.000000
167.630000	-15.760000	-151.982498	18.659600	0.328391	51.735126	1432.243712	0.000000
167.630000	-15.760000	-151.982498	18.909600	-1.412855	51.585496	1436.309577	0.000000
167.630000	-15.760000	-151.982498	19.159600	-3.260617	51.437081	1440.956654	0.000000
167.630000	-15.760000	-151.982498	19.409600	-3.430888	51.289739	1445.717129	0.000000
167.630000	-15.760000	-151.982498	19.659600	-3.293313	51.143598	1450.484209	0.000000
167.630000	-15.760000	-151.982498	19.909600	-3.173598	50.998520	1455.313078	0.000000
167.630000	-15.760000	-151.982498	20.159600	-2.984352	50.854630	1460.141946	0.000000
167.630000	-15.760000	-151.732498	15.909600	-1.936379	53.642009	1392.490909	0.000000
167.630000	-15.760000	-151.732498	16.159600	-1.739626	53.480196	1396.552806	0.000000
167.630000	-15.760000	-151.732498	16.409600	-1.543473	53.319548	1400.614703	0.000000
167.630000	-15.760000	-151.732498	16.659600	-1.347973	53.160118	1404.676601	0.000000
167.630000	-15.760000	-151.732498	16.909600	-1.153060	53.001842	1408.738498	0.000000
167.630000	-15.760000	-151.732498	17.159600	-0.958788	52.844773	1412.800395	0.000000
167.630000	-15.760000	-151.732498	17.409600	-0.765091	52.688848	1416.862293	0.000000
167.630000	-15.760000	-151.732498	17.659600	-0.587592	52.534120	1420.924190	0.000000
167.630000	-15.760000	-151.732498	17.909600	-0.419808	52.380525	1424.987923	0.000000
167.630000	-15.760000	-151.732498	18.159600	-0.245323	52.228117	1429.053788	0.000000
167.630000	-15.760000	-151.732498	18.409600	-0.053962	52.076831	1433.119653	1.000000
167.630000	-15.760000	-151.732498	18.659600	0.136796	51.926721	1437.185518	1.000000
167.630000	-15.760000	-151.732498	18.909600	-1.681213	51.777722	1441.251383	1.000000
167.630000	-15.760000	-151.732498	19.159600	-3.524661	51.629889	1445.922024	1.000000
167.630000	-15.760000	-151.732498	19.409600	-3.674442	51.483157	1450.682498	1.000000
167.630000	-15.760000	-151.732498	19.659600	-3.511381	51.337579	1455.495789	0.000000
167.630000	-15.760000	-151.482498	17.409600	-0.952195	52.875952	1421.809536	0.000000
167.630000	-15.760000	-151.482498	17.659600	-0.759818	52.721917	1425.871433	0.000000
167.630000	-15.760000	-151.482498	17.909600	-0.574358	52.568959	1429.933331	0.000000
167.630000	-15.760000	-151.482498	18.159600	-0.407854	52.417221	1433.995594	1.000000
167.630000	-15.760000	-151.482498	18.409600	-0.240581	52.266552	1438.061459	1.000000
167.630000	-15.760000	-151.482498	18.659600	-0.053574	52.117091	1442.127324	1.000000
167.630000	-15.760000	-151.482498	18.909600	-1.948145	51.968691	1446.193189	1.000000
167.630000	-15.760000	-151.482498	19.159600	-3.855265	51.821485	1450.887393	1.000000
167.630000	-15.760000	-151.482498	19.409600	-3.871946	51.675332	1455.678500	1.000000
167.630000	-15.760000	-151.232498	18.659600	-0.231733	52.306250	1447.069130	1.000000
167.630000	-15.760000	-151.232498	18.909600	-2.240877	52.158496	1451.134995	1.000000
