-155.772995	19.079000	1364.137000	0.599871
-155.996994	20.771000	1393.139000	0.267031
-155.710999	20.046000	1384.134000	2.758204
-156.658005	20.891001	1375.153000	5.009638
-157.270004	21.108999	1374.153000	0.717653
-158.903000	21.298401	1347.221000	0.994737
-155.765305	26.776699	1512.123000	NaN
-154.251801	21.168699	1434.142000	1.530955
-150.914993	18.914200	1457.486000	NaN
-151.686600	14.689100	1373.569000	NaN
-153.967499	14.731300	1329.118000	NaN
-156.387695	17.614901	1328.386000	0.871301
-156.206604	16.162001	1306.142000	1.113535
-157.859100	14.659600	1248.280000	1.604389
-157.700806	16.348400	1280.433000	0.558891
-158.982498	15.574000	1241.114000	1.057758
-158.760193	18.564699	1300.141000	0.363533
-158.179504	20.377800	1342.134000	2.256731
