-67.150000	-31.900000	-160.814896	21.481300	1.284762	299.115121	2877.016151	1.000000
-67.150000	-31.900000	-160.814896	21.731300	1.133637	299.059893	2880.616190	1.000000
-67.150000	-31.900000	-160.814896	21.981300	-0.638234	299.004164	2884.216230	1.000000
-67.150000	-31.900000	-160.564896	20.731300	1.929430	299.338296	2860.397110	0.000000
-67.150000	-31.900000	-160.564896	20.981300	1.496355	299.285542	2864.068692	0.000000
-67.150000	-31.900000	-160.564896	21.231300	1.088453	299.232180	2867.668731	0.000000
-67.150000	-31.900000	-160.564896	21.481300	1.058206	299.178384	2871.268771	1.000000
-67.150000	-31.900000	-160.564896	21.731300	1.069551	299.123980	2874.868810	2.000000
-67.150000	-31.900000	-160.564896	21.981300	-0.499364	299.069141	2878.468850	2.000000
-67.150000	-31.900000	-160.564896	22.231300	-2.307700	299.013693	2881.618775	2.000000
-67.150000	-31.900000	-160.564896	22.481300	-2.720867	298.957809	2884.653976	2.000000
-67.150000	-31.900000	-160.314896	19.981300	1.933779	299.552127	2843.719168	0.000000
-67.150000	-31.900000	-160.314896	20.231300	1.943433	299.501727	2847.397205	0.000000
-67.150000	-31.900000	-160.314896	20.481300	1.712862	299.450827	2851.075242	0.000000
-67.150000	-31.900000	-160.314896	20.731300	1.279399	299.399390	2854.721272	0.000000
-67.150000	-31.900000	-160.314896	20.981300	0.973719	299.347453	2858.321312	0.000000
-67.150000	-31.900000	-160.314896	21.231300	0.984160	299.294977	2861.921351	0.000000
-67.150000	-31.900000	-160.314896	21.481300	0.994589	299.242001	2865.521391	1.000000
-67.150000	-31.900000	-160.314896	21.731300	1.005047	299.188484	2869.121430	2.000000
-67.150000	-31.900000	-160.314896	21.981300	-0.361631	299.134467	2872.721470	2.000000
-67.150000	-31.900000	-160.314896	22.231300	-2.162072	299.079908	2875.928463	2.000000
-67.150000	-31.900000	-160.314896	22.481300	-2.787906	299.024848	2878.963664	1.000000
-67.150000	-31.900000	-160.314896	22.731300	-2.773558	298.969245	2881.998865	1.000000
-67.150000	-31.900000	-160.064896	19.231300	1.848481	299.756542	2827.041226	0.000000
-67.150000	-31.900000	-160.064896	19.481300	1.857249	299.708588	2830.719263	0.000000
-67.150000	-31.900000	-160.064896	19.731300	1.866099	299.660033	2834.397300	0.000000
-67.150000	-31.900000	-160.064896	19.981300	1.863305	299.611046	2838.075337	0.000000
-67.150000	-31.900000	-160.064896	20.231300	1.497664	299.561458	2841.753374	0.000000
-67.150000	-31.900000	-160.064896	20.481300	1.063713	299.511438	2845.373853	0.000000
-67.150000	-31.900000	-160.064896	20.731300	0.901882	299.460815	2848.973892	0.000000
-67.150000	-31.900000	-160.064896	20.981300	0.911413	299.409759	2852.573932	0.000000
-67.150000	-31.900000	-160.064896	21.231300	0.921038	299.358099	2856.173971	1.000000
-67.150000	-31.900000	-160.064896	21.481300	0.930584	299.306006	2859.774011	1.000000
-67.150000	-31.900000	-160.064896	21.731300	0.940223	299.253307	2863.374050	1.000000
-67.150000	-31.900000	-160.064896	21.981300	-0.225067	299.200176	2866.974090	1.000000
-67.150000	-31.900000	-160.064896	22.231300	-2.017550	299.146437	2870.238152	1.000000
-67.150000	-31.900000	-160.064896	22.481300	-2.855322	299.092264	2873.273353	1.000000
-67.150000	-31.900000	-160.064896	22.731300	-2.841796	299.037483	2876.308554	1.000000
-67.150000	-31.900000	-160.064896	22.981300	-2.828299	298.982268	2879.343755	1.000000
-67.150000	-31.900000	-159.814896	18.731300	1.775727	299.906109	2814.041321	0.000000
-67.150000	-31.900000	-159.814896	18.981300	1.783698	299.859991	2817.719358	0.000000
-67.150000	-31.900000	-159.814896	19.231300	1.791683	299.813339	2821.397395	0.000000
-67.150000	-31.900000	-159.814896	19.481300	1.799645	299.766192	2825.075432	0.000000
-67.150000	-31.900000	-159.814896	19.731300	1.720653	299.718512	2828.753469	0.000000
-67.150000	-31.900000	-159.814896	19.981300	1.283693	299.670334	2832.426394	0.000000
-67.150000	-31.900000	-159.814896	20.231300	0.867156	299.621622	2836.026433	0.000000
-67.150000	-31.900000	-159.814896	20.481300	0.831298	299.572413	2839.626473	0.000000
-67.150000	-31.900000	-159.814896	20.731300	0.840030	299.522667	2843.226512	0.000000
-67.150000	-31.900000	-159.814896	20.981300	0.848748	299.472425	2846.826552	0.000000
-67.150000	-31.900000	-159.814896	21.231300	0.857493	299.421644	2850.426591	1.000000
-67.150000	-31.900000	-159.814896	21.481300	0.866224	299.370366	2854.026631	1.000000
-67.150000	-31.900000	-159.814896	21.731300	0.875328	299.318549	2857.626670	1.000000
-67.150000	-31.900000	-159.814896	21.981300	-0.045874	299.266234	2861.226710	1.000000
-67.150000	-31.900000	-159.814896	22.231300	-1.704312	299.213378	2864.547840	1.000000
-67.150000	-31.900000	-159.814896	22.481300	-2.923082	299.160024	2867.583041	1.000000
-67.150000	-31.900000	-159.814896	22.731300	-2.910442	299.106129	2870.618242	1.000000
-67.150000	-31.900000	-159.814896	22.981300	-2.897765	299.051734	2873.653443	1.000000
-67.150000	-31.900000	-159.814896	23.231300	-2.885007	298.996797	2876.688644	0.000000
-67.150000	-31.900000	-159.564896	17.981300	1.698742	300.094426	2797.363378	1.000000
-67.150000	-31.900000	-159.564896	18.231300	1.705945	300.050630	2801.041415	1.000000
-67.150000	-31.900000	-159.564896	18.481300	1.713060	300.006404	2804.719453	1.000000
-67.150000	-31.900000	-159.564896	18.731300	1.720252	299.961583	2808.397490	1.000000
-67.150000	-31.900000	-159.564896	18.981300	1.727355	299.916333	2812.075527	1.000000
-67.150000	-31.900000	-159.564896	19.231300	1.734536	299.870486	2815.753564	0.000000
-67.150000	-31.900000	-159.564896	19.481300	1.508408	299.824209	2819.431601	0.000000
-67.150000	-31.900000	-159.564896	19.731300	1.071076	299.777334	2823.078974	0.000000
-67.150000	-31.900000	-159.564896	19.981300	0.754181	299.730029	2826.679014	0.000000
-67.150000	-31.900000	-159.564896	20.231300	0.762091	299.682124	2830.279053	0.000000
-67.150000	-31.900000	-159.564896	20.481300	0.769923	299.633789	2833.879093	0.000000
-67.150000	-31.900000	-159.564896	20.731300	0.777845	299.584853	2837.479132	0.000000
-67.150000	-31.900000	-159.564896	20.981300	0.827499	299.535485	2841.079172	0.000000
-67.150000	-31.900000	-159.564896	21.231300	0.879934	299.485516	2844.679211	1.000000
-67.150000	-31.900000	-159.564896	21.481300	0.932885	299.435116	2848.279251	1.000000
-67.150000	-31.900000	-159.564896	21.731300	1.056318	299.384112	2851.879450	1.000000
-67.150000	-31.900000	-159.564896	21.981300	0.550965	299.332676	2855.499931	1.000000
-67.150000	-31.900000	-159.564896	22.231300	-1.051450	299.280635	2858.939790	1.000000
-67.150000	-31.900000	-159.564896	22.481300	-2.703114	299.228162	2861.892730	1.000000
-67.150000	-31.900000	-159.564896	22.731300	-2.565609	299.175083	2864.927931	1.000000
-67.150000	-31.900000	-159.564896	22.981300	-2.738963	299.121572	2867.963132	1.000000
-67.150000	-31.900000	-159.564896	23.231300	-2.909394	299.067453	2870.998333	0.000000
-67.150000	-31.900000	-159.564896	23.481300	-2.943752	299.012901	2874.033534	0.000000
-67.150000	-31.900000	-159.314896	17.231300	1.626328	300.273519	2780.685436	0.000000
-67.150000	-31.900000	-159.314896	17.481300	1.632670	300.232134	2784.363473	0.000000
-67.150000	-31.900000	-159.314896	17.731300	1.639022	300.190223	2788.041510	1.000000
-67.150000	-31.900000	-159.314896	17.981300	1.645350	300.147818	2791.719547	1.000000
-67.150000	-31.900000	-159.314896	18.231300	1.651690	300.104885	2795.397584	1.000000
-67.150000	-31.900000	-159.314896	18.481300	1.658005	300.061459	2799.075622	1.000000
-67.150000	-31.900000	-159.314896	18.731300	1.664332	300.017503	2802.753659	1.000000
-67.150000	-31.900000	-159.314896	18.981300	1.662092	299.973054	2806.431696	1.000000
-67.150000	-31.900000	-159.314896	19.231300	1.297476	299.928074	2810.109733	1.000000
-67.150000	-31.900000	-159.314896	19.481300	0.859674	299.882600	2813.731555	0.000000
-67.150000	-31.900000	-159.314896	19.731300	0.687101	299.836593	2817.331594	0.000000
-67.150000	-31.900000	-159.314896	19.981300	0.733057	299.790092	2820.931634	0.000000
-67.150000	-31.900000	-159.314896	20.231300	0.784737	299.743058	2824.531673	0.000000
-67.150000	-31.900000	-159.314896	20.481300	0.836451	299.695529	2828.131713	0.000000
-67.150000	-31.900000	-159.314896	20.731300	0.955137	299.647466	2831.731752	0.000000
-67.150000	-31.900000	-159.314896	20.981300	1.077994	299.598906	2835.351017	0.000000
-67.150000	-31.900000	-159.314896	21.231300	1.134109	299.549811	2838.971497	1.000000
-67.150000	-31.900000	-159.314896	21.481300	1.186028	299.500220	2842.591978	1.000000
-67.150000	-31.900000	-159.314896	21.731300	1.239377	299.450092	2846.212459	1.000000
-67.150000	-31.900000	-159.314896	21.981300	1.558465	299.399468	2849.833435	1.000000
-67.150000	-31.900000	-159.314896	22.231300	-0.181169	299.348305	2853.525078	1.000000
-67.150000	-31.900000	-159.314896	22.481300	-2.407741	299.296646	2856.497562	1.000000
-67.150000	-31.900000	-159.314896	22.731300	-2.698816	299.244447	2859.442120	1.000000
-67.150000	-31.900000	-159.314896	22.981300	-2.877717	299.191750	2862.386679	1.000000
-67.150000	-31.900000	-159.314896	23.231300	-2.795130	299.138513	2865.331238	0.000000
-67.150000	-31.900000	-159.314896	23.481300	-2.626116	299.084778	2868.343222	0.000000
-67.150000	-31.900000	-159.314896	23.731300	-2.712711	299.030501	2871.378423	1.000000
-67.150000	-31.900000	-159.064896	16.731300	1.863242	300.404436	2767.685531	0.000000
-67.150000	-31.900000	-159.064896	16.981300	1.799991	300.364926	2771.363568	0.000000
-67.150000	-31.900000	-159.064896	17.231300	1.737150	300.324826	2775.041605	0.000000
-67.150000	-31.900000	-159.064896	17.481300	1.674558	300.284300	2778.719642	0.000000
-67.150000	-31.900000	-159.064896	17.731300	1.612380	300.243182	2782.397679	1.000000
-67.150000	-31.900000	-159.064896	17.981300	1.591531	300.201638	2786.075716	1.000000
-67.150000	-31.900000	-159.064896	18.231300	1.597074	300.159501	2789.753753	1.000000
-67.150000	-31.900000	-159.064896	18.481300	1.602528	300.116936	2793.431791	1.000000
-67.150000	-31.900000	-159.064896	18.731300	1.528559	300.073778	2797.109828	1.000000
-67.150000	-31.900000	-159.064896	18.981300	1.124460	300.030192	2800.784096	1.000000
-67.150000	-31.900000	-159.064896	19.231300	0.743807	299.986012	2804.384135	1.000000
-67.150000	-31.900000	-159.064896	19.481300	0.746905	299.941402	2807.984175	1.000000
-67.150000	-31.900000	-159.064896	19.731300	0.860314	299.896197	2811.584214	0.000000
-67.150000	-31.900000	-159.064896	19.981300	0.982657	299.850563	2815.202103	0.000000
-67.150000	-31.900000	-159.064896	20.231300	1.042909	299.804332	2818.822584	0.000000
-67.150000	-31.900000	-159.064896	20.481300	1.094099	299.757671	2822.443064	0.000000
-67.150000	-31.900000	-159.064896	20.731300	1.145421	299.710412	2826.063545	0.000000
-67.150000	-31.900000	-159.064896	20.981300	1.153896	299.662723	2829.684025	0.000000
-67.150000	-31.900000	-159.064896	21.231300	1.159745	299.614435	2833.304506	0.000000
-67.150000	-31.900000	-159.064896	21.481300	1.165508	299.565716	2836.924987	1.000000
-67.150000	-31.900000	-159.064896	21.731300	1.274218	299.516396	2840.545467	1.000000
-67.150000	-31.900000	-159.064896	21.981300	1.656277	299.466645	2844.195599	1.000000
-67.150000	-31.900000	-159.064896	22.231300	0.167020	299.416292	2847.887243	2.000000
-67.150000	-31.900000	-159.064896	22.481300	-1.486161	299.365508	2851.110775	2.000000
-67.150000	-31.900000	-159.064896	22.731300	-2.558334	299.314121	2854.055333	2.000000
-67.150000	-31.900000	-159.064896	22.981300	-2.548853	299.262302	2856.999892	1.000000
-67.150000	-31.900000	-159.064896	23.231300	-2.539237	299.209878	2859.944451	0.000000
-67.150000	-31.900000	-159.064896	23.481300	-2.672610	299.157022	2862.889010	0.000000
-67.150000	-31.900000	-159.064896	23.731300	-2.852457	299.103560	2865.833569	1.000000
-67.150000	-31.900000	-159.064896	23.981300	-2.892128	299.049665	2868.778128	1.000000
-67.150000	-31.900000	-158.814896	15.981300	2.755439	300.567707	2751.226741	1.000000
-67.150000	-31.900000	-158.814896	16.231300	2.686602	300.530491	2754.875122	1.000000
-67.150000	-31.900000	-158.814896	16.481300	2.618086	300.492784	2758.523504	1.000000
-67.150000	-31.900000	-158.814896	16.731300	2.549924	300.454555	2762.171885	0.000000
-67.150000	-31.900000	-158.814896	16.981300	2.482085	300.415835	2765.820266	0.000000
-67.150000	-31.900000	-158.814896	17.231300	2.414601	300.376591	2769.468648	0.000000
-67.150000	-31.900000	-158.814896	17.481300	2.347441	300.336856	2773.117029	0.000000
-67.150000	-31.900000	-158.814896	17.731300	2.345054	300.296596	2776.765411	1.000000
-67.150000	-31.900000	-158.814896	17.981300	2.383662	300.255845	2780.431885	1.000000
-67.150000	-31.900000	-158.814896	18.231300	2.398213	300.214567	2784.109922	1.000000
-67.150000	-31.900000	-158.814896	18.481300	1.905565	300.172797	2787.787959	1.000000
-67.150000	-31.900000	-158.814896	18.731300	1.094570	300.130500	2791.436676	1.000000
-67.150000	-31.900000	-158.814896	18.981300	0.893568	300.087710	2795.053189	1.000000
-67.150000	-31.900000	-158.814896	19.231300	0.957921	300.044391	2798.673670	1.000000
-67.150000	-31.900000	-158.814896	19.481300	1.008446	300.000580	2802.294150	1.000000
-67.150000	-31.900000	-158.814896	19.731300	1.059042	299.956239	2805.914631	0.000000
-67.150000	-31.900000	-158.814896	19.981300	1.069805	299.911404	2809.535112	0.000000
-67.150000	-31.900000	-158.814896	20.231300	1.074797	299.866039	2813.155592	0.000000
-67.150000	-31.900000	-158.814896	20.481300	1.079767	299.820179	2816.776073	0.000000
-67.150000	-31.900000	-158.814896	20.731300	1.084753	299.773788	2820.396553	0.000000
-67.150000	-31.900000	-158.814896	20.981300	1.089717	299.726902	2824.017034	0.000000
-67.150000	-31.900000	-158.814896	21.231300	1.094698	299.679482	2827.637515	0.000000
-67.150000	-31.900000	-158.814896	21.481300	1.099656	299.631568	2831.257995	0.000000
-67.150000	-31.900000	-158.814896	21.731300	1.345889	299.583118	2834.878476	1.000000
-67.150000	-31.900000	-158.814896	21.981300	1.689322	299.534174	2838.557764	2.000000
-67.150000	-31.900000	-158.814896	22.231300	0.983751	299.484693	2842.249408	2.000000
-67.150000	-31.900000	-158.814896	22.481300	-0.676231	299.434717	2845.723988	2.000000
-67.150000	-31.900000	-158.814896	22.731300	-2.628417	299.384204	2848.668546	2.000000
-67.150000	-31.900000	-158.814896	22.981300	-2.619746	299.333195	2851.613105	1.000000
-67.150000	-31.900000	-158.814896	23.231300	-2.611006	299.281646	2854.557664	1.000000
-67.150000	-31.900000	-158.814896	23.481300	-2.602239	299.229602	2857.502223	0.000000
-67.150000	-31.900000	-158.814896	23.731300	-2.728641	299.177017	2860.446782	1.000000
-67.150000	-31.900000	-158.814896	23.981300	-2.998016	299.123936	2863.391341	1.000000
-67.150000	-31.900000	-158.814896	24.231300	-3.774855	299.070313	2866.335899	1.000000
-67.150000	-31.900000	-158.564896	15.981300	2.946847	300.615778	2745.981872	2.000000
-67.150000	-31.900000	-158.564896	16.231300	3.158957	300.579347	2749.630253	2.000000
-67.150000	-31.900000	-158.564896	16.481300	3.161934	300.542492	2753.278635	2.000000
-67.150000	-31.900000	-158.564896	16.731300	3.164966	300.505050	2756.927016	1.000000
-67.150000	-31.900000	-158.564896	16.981300	3.167892	300.467182	2760.575398	0.000000
-67.150000	-31.900000	-158.564896	17.231300	3.170874	300.428727	2764.223779	0.000000
-67.150000	-31.900000	-158.564896	17.481300	3.173750	300.389846	2767.872160	0.000000
-67.150000	-31.900000	-158.564896	17.731300	3.232103	300.350376	2771.520542	1.000000
-67.150000	-31.900000	-158.564896	17.981300	3.391739	300.310480	2775.168923	1.000000
-67.150000	-31.900000	-158.564896	18.231300	2.548881	300.269994	2778.834152	1.000000
-67.150000	-31.900000	-158.564896	18.481300	0.559314	300.229081	2782.345008	1.000000
-67.150000	-31.900000	-158.564896	18.731300	0.192266	300.187577	2785.760103	1.000000
-67.150000	-31.900000	-158.564896	18.981300	0.992250	300.145646	2789.386198	1.000000
-67.150000	-31.900000	-158.564896	19.231300	0.996119	300.103122	2793.006678	1.000000
-67.150000	-31.900000	-158.564896	19.481300	1.000241	300.060171	2796.627159	1.000000
-67.150000	-31.900000	-158.564896	19.731300	1.004441	300.016626	2800.247640	0.000000
-67.150000	-31.900000	-158.564896	19.981300	1.008556	299.972654	2803.868120	0.000000
-67.150000	-31.900000	-158.564896	20.231300	1.012749	299.928086	2807.488601	0.000000
-67.150000	-31.900000	-158.564896	20.481300	1.016856	299.883090	2811.109081	0.000000
-67.150000	-31.900000	-158.564896	20.731300	1.021043	299.837498	2814.729562	0.000000
-67.150000	-31.900000	-158.564896	20.981300	1.025142	299.791477	2818.350043	0.000000
-67.150000	-31.900000	-158.564896	21.231300	1.029322	299.744859	2821.970523	0.000000
-67.150000	-31.900000	-158.564896	21.481300	1.091773	299.697811	2825.591004	0.000000
-67.150000	-31.900000	-158.564896	21.731300	1.444959	299.650165	2829.228286	1.000000
-67.150000	-31.900000	-158.564896	21.981300	1.663961	299.602089	2832.919929	1.000000
-67.150000	-31.900000	-158.564896	22.231300	1.667606	299.553413	2836.611573	1.000000
-67.150000	-31.900000	-158.564896	22.481300	-0.372116	299.504307	2840.303216	1.000000
-67.150000	-31.900000	-158.564896	22.731300	-2.566056	299.454599	2843.281759	1.000000
-67.150000	-31.900000	-158.564896	22.981300	-2.716925	299.404461	2846.226318	1.000000
-67.150000	-31.900000	-158.564896	23.231300	-2.990463	299.353721	2849.170877	1.000000
-67.150000	-31.900000	-158.564896	23.481300	-3.503474	299.302550	2852.115436	1.000000
-67.150000	-31.900000	-158.564896	23.731300	-4.274976	299.250775	2854.996151	1.000000
-67.150000	-31.900000	-158.564896	23.981300	-4.790535	299.198569	2857.807199	1.000000
-67.150000	-31.900000	-158.564896	24.231300	-5.031295	299.145757	2860.618247	1.000000
-67.150000	-31.900000	-158.314896	15.731300	4.393607	300.699314	2737.237453	2.000000
-67.150000	-31.900000	-158.314896	15.981300	2.788090	300.664252	2740.737003	2.000000
-67.150000	-31.900000	-158.314896	16.231300	3.109635	300.628670	2744.385384	2.000000
-67.150000	-31.900000	-158.314896	16.481300	3.111827	300.592599	2748.033766	1.000000
-67.150000	-31.900000	-158.314896	16.731300	3.114009	300.556006	2751.682147	1.000000
-67.150000	-31.900000	-158.314896	16.981300	3.116149	300.518925	2755.330529	1.000000
-67.150000	-31.900000	-158.314896	17.231300	3.186790	300.481321	2758.978910	0.000000
-67.150000	-31.900000	-158.314896	17.481300	3.410632	300.443227	2762.627291	0.000000
-67.150000	-31.900000	-158.314896	17.731300	3.758467	300.404610	2766.297678	1.000000
-67.150000	-31.900000	-158.314896	17.981300	3.080157	300.365503	2770.002088	1.000000
-67.150000	-31.900000	-158.314896	18.231300	0.240093	300.325871	2773.541434	1.000000
-67.150000	-31.900000	-158.314896	18.481300	-1.299546	300.285749	2776.763685	1.000000
-67.150000	-31.900000	-158.314896	18.731300	-0.158711	300.245100	2780.061747	1.000000
-67.150000	-31.900000	-158.314896	18.981300	0.973445	300.203961	2783.710571	1.000000
-67.150000	-31.900000	-158.314896	19.231300	0.941099	300.162295	2787.339687	1.000000
-67.150000	-31.900000	-158.314896	19.481300	0.940274	300.120137	2790.960168	0.000000
-67.150000	-31.900000	-158.314896	19.731300	0.943616	300.077452	2794.580648	0.000000
-67.150000	-31.900000	-158.314896	19.981300	0.946935	300.034274	2798.201129	0.000000
-67.150000	-31.900000	-158.314896	20.231300	0.950269	299.990567	2801.821609	0.000000
-67.150000	-31.900000	-158.314896	20.481300	0.953579	299.946367	2805.442090	0.000000
-67.150000	-31.900000	-158.314896	20.731300	0.956904	299.901637	2809.062571	0.000000
-67.150000	-31.900000	-158.314896	20.981300	0.960205	299.856414	2812.683051	0.000000
-67.150000	-31.900000	-158.314896	21.231300	0.963521	299.810660	2816.303532	0.000000
-67.150000	-31.900000	-158.314896	21.481300	1.135083	299.764412	2819.924013	0.000000
-67.150000	-31.900000	-158.314896	21.731300	1.505999	299.717631	2823.590451	1.000000
-67.150000	-31.900000	-158.314896	21.981300	1.595694	299.670356	2827.282094	1.000000
-67.150000	-31.900000	-158.314896	22.231300	1.598472	299.622547	2830.973738	1.000000
-67.150000	-31.900000	-158.314896	22.481300	-0.013524	299.574244	2834.665381	1.000000
-67.150000	-31.900000	-158.314896	22.731300	-2.372120	299.525405	2837.894972	1.000000
-67.150000	-31.900000	-158.314896	22.981300	-4.073796	299.476071	2840.827386	1.000000
-67.150000	-31.900000	-158.314896	23.231300	-4.795381	299.426201	2843.638434	1.000000
-67.150000	-31.900000	-158.314896	23.481300	-5.040272	299.375836	2846.449482	1.000000
-67.150000	-31.900000	-158.314896	23.731300	-5.160984	299.324933	2849.260530	0.000000
-67.150000	-31.900000	-158.314896	23.981300	-5.150849	299.273534	2852.071578	1.000000
-67.150000	-31.900000	-158.314896	24.231300	-5.140609	299.221596	2854.882625	1.000000
-67.150000	-31.900000	-158.064896	15.731300	4.464581	300.747391	2731.989579	2.000000
-67.150000	-31.900000	-158.064896	15.981300	2.983184	300.713173	2735.581116	2.000000
-67.150000	-31.900000	-158.064896	16.231300	2.809298	300.678373	2739.140515	1.000000
-67.150000	-31.900000	-158.064896	16.481300	3.061277	300.643149	2742.788897	1.000000
-67.150000	-31.900000	-158.064896	16.731300	3.144306	300.607340	2746.437278	1.000000
-67.150000	-31.900000	-158.064896	16.981300	3.386388	300.571106	2750.085660	1.000000
-67.150000	-31.900000	-158.064896	17.231300	3.733918	300.534287	2753.761204	1.000000
-67.150000	-31.900000	-158.064896	17.481300	3.983972	300.497042	2757.465614	0.000000
-67.150000	-31.900000	-158.064896	17.731300	3.299135	300.459211	2761.170023	0.000000
-67.150000	-31.900000	-158.064896	17.981300	0.352520	300.420955	2764.737861	1.000000
-67.150000	-31.900000	-158.064896	18.231300	-1.644109	300.382111	2767.960111	1.000000
-67.150000	-31.900000	-158.064896	18.481300	-1.639797	300.342841	2771.182362	1.000000
-67.150000	-31.900000	-158.064896	18.731300	-0.381109	300.302981	2774.404613	1.000000
-67.150000	-31.900000	-158.064896	18.981300	0.789063	300.262696	2778.012215	1.000000
-67.150000	-31.900000	-158.064896	19.231300	0.921033	300.221820	2781.661038	1.000000
-67.150000	-31.900000	-158.064896	19.481300	0.887854	300.180518	2785.293176	0.000000
-67.150000	-31.900000	-158.064896	19.731300	0.882444	300.138624	2788.913657	0.000000
-67.150000	-31.900000	-158.064896	19.981300	0.884906	300.096303	2792.534137	0.000000
-67.150000	-31.900000	-158.064896	20.231300	0.887446	300.053389	2796.154618	0.000000
-67.150000	-31.900000	-158.064896	20.481300	0.889898	300.010048	2799.775099	0.000000
-67.150000	-31.900000	-158.064896	20.731300	0.892428	299.966113	2803.395579	0.000000
-67.150000	-31.900000	-158.064896	20.981300	0.894869	299.921750	2807.016060	0.000000
-67.150000	-31.900000	-158.064896	21.231300	0.911130	299.876792	2810.636540	0.000000
-67.150000	-31.900000	-158.064896	21.481300	1.234218	299.831405	2814.260972	0.000000
-67.150000	-31.900000	-158.064896	21.731300	1.525133	299.785422	2817.952615	1.000000
-67.150000	-31.900000	-158.064896	21.981300	1.527040	299.739010	2821.644259	1.000000
-67.150000	-31.900000	-158.064896	22.231300	1.385512	299.692000	2825.335903	1.000000
-67.150000	-31.900000	-158.064896	22.481300	-1.511004	299.644562	2829.027546	1.000000
-67.150000	-31.900000	-158.064896	22.731300	-4.467769	299.596524	2832.200876	1.000000
-67.150000	-31.900000	-158.064896	22.981300	-5.363577	299.548056	2835.091765	1.000000
-67.150000	-31.900000	-158.064896	23.231300	-5.253813	299.498989	2837.902813	1.000000
-67.150000	-31.900000	-158.064896	23.481300	-5.244712	299.449491	2840.713861	1.000000
-67.150000	-31.900000	-158.064896	23.731300	-5.235443	299.399392	2843.524909	0.000000
-67.150000	-31.900000	-158.064896	23.981300	-5.226178	299.348862	2846.335957	1.000000
-67.150000	-31.900000	-158.064896	24.231300	-4.889635	299.297730	2849.147004	1.000000
-67.150000	-31.900000	-157.814896	15.731300	4.780403	300.795936	2726.701266	1.000000
-67.150000	-31.900000	-157.814896	15.981300	3.207566	300.762499	2730.427609	1.000000
-67.150000	-31.900000	-157.814896	16.231300	2.654164	300.728543	2733.924780	1.000000
-67.150000	-31.900000	-157.814896	16.481300	3.259158	300.694099	2737.544028	1.000000
-67.150000	-31.900000	-157.814896	16.731300	3.712115	300.659135	2741.224730	1.000000
-67.150000	-31.900000	-157.814896	16.981300	3.943156	300.623684	2744.929140	1.000000
-67.150000	-31.900000	-157.814896	17.231300	4.018432	300.587711	2748.633550	1.000000
-67.150000	-31.900000	-157.814896	17.481300	3.420448	300.551250	2752.337959	0.000000
-67.150000	-31.900000	-157.814896	17.731300	0.466733	300.514268	2755.934287	0.000000
-67.150000	-31.900000	-157.814896	17.981300	-1.704320	300.476796	2759.156538	0.000000
-67.150000	-31.900000	-157.814896	18.231300	-1.700800	300.438801	2762.378789	1.000000
-67.150000	-31.900000	-157.814896	18.481300	-1.697274	300.400317	2765.601040	1.000000
-67.150000	-31.900000	-157.814896	18.731300	-0.699224	300.361309	2768.823291	1.000000
-67.150000	-31.900000	-157.814896	18.981300	0.319845	300.321811	2772.313858	1.000000
-67.150000	-31.900000	-157.814896	19.231300	0.875228	300.281788	2775.962682	0.000000
-67.150000	-31.900000	-157.814896	19.481300	0.866503	300.241275	2779.611506	0.000000
-67.150000	-31.900000	-157.814896	19.731300	0.832592	300.200235	2783.246665	0.000000
-67.150000	-31.900000	-157.814896	19.981300	0.822505	300.158704	2786.867146	0.000000
-67.150000	-31.900000	-157.814896	20.231300	0.824190	300.116646	2790.487627	0.000000
-67.150000	-31.900000	-157.814896	20.481300	0.825850	300.074097	2794.108107	0.000000
-67.150000	-31.900000	-157.814896	20.731300	0.827523	300.031018	2797.728588	0.000000
-67.150000	-31.900000	-157.814896	20.981300	0.829170	299.987449	2801.349068	0.000000
-67.150000	-31.900000	-157.814896	21.231300	0.945857	299.943349	2804.969549	0.000000
-67.150000	-31.900000	-157.814896	21.481300	1.324369	299.898757	2808.623137	0.000000
-67.150000	-31.900000	-157.814896	21.731300	1.456921	299.853634	2812.314780	1.000000
-67.150000	-31.900000	-157.814896	21.981300	0.940905	299.808018	2816.006424	1.000000
-67.150000	-31.900000	-157.814896	22.231300	-1.964005	299.761870	2819.634091	1.000000
-67.150000	-31.900000	-157.814896	22.481300	-4.539802	299.715229	2822.802228	1.000000
-67.150000	-31.900000	-157.814896	22.731300	-4.541862	299.668054	2825.970365	1.000000
-67.150000	-31.900000	-157.814896	22.981300	-4.529248	299.620386	2829.138502	1.000000
-67.150000	-31.900000	-157.814896	23.231300	-5.166439	299.572182	2832.167192	1.000000
-67.150000	-31.900000	-157.814896	23.481300	-5.318706	299.523486	2834.978240	1.000000
-67.150000	-31.900000	-157.814896	23.731300	-5.310303	299.474252	2837.789288	1.000000
-67.150000	-31.900000	-157.814896	23.981300	-5.301841	299.424525	2840.600335	1.000000
-67.150000	-31.900000	-157.814896	24.231300	-4.494906	299.374260	2843.411383	1.000000
-67.150000	-31.900000	-157.814896	24.481300	-0.531427	299.323500	2846.434060	1.000000
-67.150000	-31.900000	-157.564896	15.731300	5.193775	300.844868	2721.412953	1.000000
-67.150000	-31.900000	-157.564896	15.981300	3.650401	300.812272	2725.274102	1.000000
-67.150000	-31.900000	-157.564896	16.231300	2.770210	300.779094	2728.771273	1.000000
-67.150000	-31.900000	-157.564896	16.481300	3.603678	300.745492	2732.392666	1.000000
-67.150000	-31.900000	-157.564896	16.731300	3.966243	300.711308	2736.097076	1.000000
-67.150000	-31.900000	-157.564896	16.981300	3.965417	300.676700	2739.801485	1.000000
-67.150000	-31.900000	-157.564896	17.231300	3.543426	300.641509	2743.505895	1.000000
-67.150000	-31.900000	-157.564896	17.481300	0.582637	300.605893	2747.130713	0.000000
-67.150000	-31.900000	-157.564896	17.731300	-1.763224	300.569692	2750.352964	0.000000
-67.150000	-31.900000	-157.564896	17.981300	-1.760591	300.533067	2753.575215	0.000000
-67.150000	-31.900000	-157.564896	18.231300	-1.757854	300.495855	2756.797466	0.000000
-67.150000	-31.900000	-157.564896	18.481300	-1.755175	300.458219	2760.019717	0.000000
-67.150000	-31.900000	-157.564896	18.731300	-1.189310	300.419996	2763.241968	0.000000
-67.150000	-31.900000	-157.564896	18.981300	-0.153299	300.381347	2766.615502	0.000000
-67.150000	-31.900000	-157.564896	19.231300	0.814906	300.342110	2770.264326	0.000000
-67.150000	-31.900000	-157.564896	19.481300	0.815699	300.302446	2773.913150	0.000000
-67.150000	-31.900000	-157.564896	19.731300	0.809986	300.262194	2777.561974	0.000000
-67.150000	-31.900000	-157.564896	19.981300	0.775243	300.221515	2781.200155	0.000000
-67.150000	-31.900000	-157.564896	20.231300	0.760590	300.180246	2784.820635	0.000000
-67.150000	-31.900000	-157.564896	20.481300	0.761397	300.138550	2788.441116	1.000000
-67.150000	-31.900000	-157.564896	20.731300	0.762279	300.096262	2792.061596	1.000000
-67.150000	-31.900000	-157.564896	20.981300	0.763073	300.053546	2795.682077	1.000000
-67.150000	-31.900000	-157.564896	21.231300	1.025298	300.010238	2799.302558	1.000000
-67.150000	-31.900000	-157.564896	21.481300	1.357334	299.966502	2802.985302	0.000000
-67.150000	-31.900000	-157.564896	21.731300	0.480738	299.922172	2806.676945	0.000000
-67.150000	-31.900000	-157.564896	21.981300	-2.414732	299.877414	2810.235443	1.000000
-67.150000	-31.900000	-157.564896	22.231300	-4.626231	299.832060	2813.403580	1.000000
-67.150000	-31.900000	-157.564896	22.481300	-4.620045	299.786278	2816.571717	1.000000
-67.150000	-31.900000	-157.564896	22.731300	-4.613708	299.739899	2819.739854	1.000000
-67.150000	-31.900000	-157.564896	22.981300	-4.607388	299.693092	2822.907991	1.000000
-67.150000	-31.900000	-157.564896	23.231300	-4.358480	299.645686	2826.076127	1.000000
-67.150000	-31.900000	-157.564896	23.481300	-4.978968	299.597851	2829.242619	1.000000
-67.150000	-31.900000	-157.564896	23.731300	-5.636971	299.549416	2832.053667	1.000000
-67.150000	-31.900000	-157.564896	23.981300	-5.377868	299.500552	2834.864714	1.000000
-67.150000	-31.900000	-157.564896	24.231300	-4.104041	299.451087	2837.675762	1.000000
-67.150000	-31.900000	-157.564896	24.481300	-0.164020	299.401192	2840.823683	1.000000
-67.150000	-31.900000	-157.314896	15.731300	5.601311	300.894270	2716.124639	1.000000
-67.150000	-31.900000	-157.314896	15.981300	4.087086	300.862449	2720.120594	1.000000
-67.150000	-31.900000	-157.314896	16.231300	2.814927	300.830111	2723.617765	1.000000
-67.150000	-31.900000	-157.314896	16.481300	3.707703	300.797287	2727.265011	1.000000
-67.150000	-31.900000	-157.314896	16.731300	3.913607	300.763944	2730.969421	1.000000
-67.150000	-31.900000	-157.314896	16.981300	3.667931	300.730114	2734.673831	1.000000
-67.150000	-31.900000	-157.314896	17.231300	0.700287	300.695765	2738.327140	1.000000
-67.150000	-31.900000	-157.314896	17.481300	-1.820951	300.660929	2741.549391	0.000000
-67.150000	-31.900000	-157.314896	17.731300	-1.819104	300.625572	2744.771642	0.000000
-67.150000	-31.900000	-157.314896	17.981300	-1.817251	300.589727	2747.993892	0.000000
-67.150000	-31.900000	-157.314896	18.231300	-1.815360	300.553361	2751.216143	0.000000
-67.150000	-31.900000	-157.314896	18.481300	-1.813463	300.516507	2754.438394	0.000000
-67.150000	-31.900000	-157.314896	18.731300	-1.683511	300.479130	2757.660645	0.000000
-67.150000	-31.900000	-157.314896	18.981300	-0.449825	300.441264	2760.917146	0.000000
-67.150000	-31.900000	-157.314896	19.231300	0.754142	300.402874	2764.565970	0.000000
-67.150000	-31.900000	-157.314896	19.481300	0.754149	300.363996	2768.214794	0.000000
-67.150000	-31.900000	-157.314896	19.731300	0.754167	300.324592	2771.863617	0.000000
-67.150000	-31.900000	-157.314896	19.981300	0.751360	300.284700	2775.512441	0.000000
-67.150000	-31.900000	-157.314896	20.231300	0.715887	300.244280	2779.153644	1.000000
-67.150000	-31.900000	-157.314896	20.481300	0.696575	300.203372	2782.774124	1.000000
-67.150000	-31.900000	-157.314896	20.731300	0.696606	300.161935	2786.394605	1.000000
-67.150000	-31.900000	-157.314896	20.981300	0.767078	300.120009	2790.015086	1.000000
-67.150000	-31.900000	-157.314896	21.231300	1.124398	300.077554	2793.655823	1.000000
-67.150000	-31.900000	-157.314896	21.481300	0.022703	300.034608	2797.347467	1.000000
-67.150000	-31.900000	-157.314896	21.731300	-2.863102	299.991132	2800.836796	0.000000
-67.150000	-31.900000	-157.314896	21.981300	-4.702186	299.947165	2804.004932	0.000000
-67.150000	-31.900000	-157.314896	22.231300	-4.696838	299.902668	2807.173069	1.000000
-67.150000	-31.900000	-157.314896	22.481300	-4.691445	299.857678	2810.341206	1.000000
-67.150000	-31.900000	-157.314896	22.731300	-4.685965	299.812157	2813.509343	1.000000
-67.150000	-31.900000	-157.314896	22.981300	-4.680439	299.766143	2816.677479	1.000000
-67.150000	-31.900000	-157.314896	23.231300	-4.674826	299.719596	2819.845616	0.000000
-67.150000	-31.900000	-157.314896	23.481300	-4.666268	299.672556	2823.013753	1.000000
-67.150000	-31.900000	-157.314896	23.731300	-4.800788	299.624982	2826.181890	1.000000
-67.150000	-31.900000	-157.314896	23.981300	-5.447220	299.576915	2829.129093	1.000000
-67.150000	-31.900000	-157.314896	24.231300	-3.717163	299.528312	2831.940141	1.000000
-67.150000	-31.900000	-157.314896	24.481300	0.199218	299.479215	2835.213306	1.000000
-67.150000	-31.900000	-157.064896	15.731300	6.003132	300.944059	2710.836326	2.000000
-67.150000	-31.900000	-157.064896	15.981300	4.173949	300.913075	2714.967087	2.000000
-67.150000	-31.900000	-157.064896	16.231300	2.859048	300.881512	2718.464258	2.000000
-67.150000	-31.900000	-157.064896	16.481300	3.749416	300.849525	2722.137357	2.000000
-67.150000	-31.900000	-157.064896	16.731300	3.778700	300.816958	2725.841766	1.000000
-67.150000	-31.900000	-157.064896	16.981300	0.819589	300.783968	2729.523566	1.000000
-67.150000	-31.900000	-157.064896	17.231300	-1.877391	300.750396	2732.745817	0.000000
-67.150000	-31.900000	-157.064896	17.481300	-1.876422	300.716400	2735.968068	0.000000
-67.150000	-31.900000	-157.064896	17.731300	-1.875353	300.681821	2739.190319	0.000000
-67.150000	-31.900000	-157.064896	17.981300	-1.874342	300.646818	2742.412570	0.000000
-67.150000	-31.900000	-157.064896	18.231300	-1.873230	300.611231	2745.634821	0.000000
-67.150000	-31.900000	-157.064896	18.481300	-1.872176	300.575220	2748.857072	0.000000
-67.150000	-31.900000	-157.064896	18.731300	-1.871020	300.538623	2752.079322	0.000000
-67.150000	-31.900000	-157.064896	18.981300	-0.675969	300.501602	2755.301573	0.000000
-67.150000	-31.900000	-157.064896	19.231300	0.404378	300.463994	2758.867614	0.000000
-67.150000	-31.900000	-157.064896	19.481300	0.692184	300.425961	2762.516437	0.000000
-67.150000	-31.900000	-157.064896	19.731300	0.691419	300.387341	2766.165261	0.000000
-67.150000	-31.900000	-157.064896	19.981300	0.690564	300.348295	2769.814085	1.000000
-67.150000	-31.900000	-157.064896	20.231300	0.690755	300.308660	2773.462909	1.000000
-67.150000	-31.900000	-157.064896	20.481300	0.654453	300.268599	2777.107133	1.000000
-67.150000	-31.900000	-157.064896	20.731300	0.630592	300.227948	2780.727614	1.000000
-67.150000	-31.900000	-157.064896	20.981300	0.817995	300.186871	2784.348094	1.000000
-67.150000	-31.900000	-157.064896	21.231300	-0.508547	300.145203	2788.017988	1.000000
-67.150000	-31.900000	-157.064896	21.481300	-3.309181	300.103108	2791.438148	1.000000
-67.150000	-31.900000	-157.064896	21.731300	-4.776737	300.060421	2794.606284	1.000000
-67.150000	-31.900000	-157.064896	21.981300	-4.772326	300.017306	2797.774421	0.000000
-67.150000	-31.900000	-157.064896	22.231300	-4.767769	299.973598	2800.942558	0.000000
-67.150000	-31.900000	-157.064896	22.481300	-4.763229	299.929462	2804.110695	0.000000
-67.150000	-31.900000	-157.064896	22.731300	-4.726773	299.884731	2807.278832	0.000000
-67.150000	-31.900000	-157.064896	22.981300	-4.633262	299.839572	2810.446968	0.000000
-67.150000	-31.900000	-157.064896	23.231300	-4.539224	299.793818	2813.615105	0.000000
-67.150000	-31.900000	-157.064896	23.481300	-4.444824	299.747634	2816.783242	1.000000
-67.150000	-31.900000	-157.064896	23.731300	-4.349896	299.700853	2819.951379	1.000000
-67.150000	-31.900000	-157.064896	23.981300	-4.141664	299.653644	2823.119515	1.000000
-67.150000	-31.900000	-157.064896	24.231300	-2.413743	299.605836	2826.204520	1.000000
-67.150000	-31.900000	-157.064896	24.481300	0.558258	299.557598	2829.602929	1.000000
-67.150000	-31.900000	-156.814896	15.481300	5.966074	301.024044	2701.414437	1.000000
-67.150000	-31.900000	-156.814896	15.731300	5.962247	300.994318	2705.548013	1.000000
-67.150000	-31.900000	-156.814896	15.981300	4.249340	300.964107	2709.681589	2.000000
-67.150000	-31.900000	-156.814896	16.231300	3.438653	300.933379	2713.310751	2.000000
-67.150000	-31.900000	-156.814896	16.481300	3.790514	300.902166	2717.009702	2.000000
-67.150000	-31.900000	-156.814896	16.731300	0.940597	300.870436	2720.714112	2.000000
-67.150000	-31.900000	-156.814896	16.981300	-1.910551	300.838220	2723.942244	0.000000
-67.150000	-31.900000	-156.814896	17.231300	-1.932481	300.805486	2727.164494	0.000000
-67.150000	-31.900000	-156.814896	17.481300	-1.932288	300.772266	2730.386745	0.000000
-67.150000	-31.900000	-156.814896	17.731300	-1.932058	300.738526	2733.608996	0.000000
-67.150000	-31.900000	-156.814896	17.981300	-1.931824	300.704300	2736.831247	0.000000
-67.150000	-31.900000	-156.814896	18.231300	-1.931552	300.669553	2740.053498	0.000000
-67.150000	-31.900000	-156.814896	18.481300	-1.931276	300.634320	2743.275749	0.000000
-67.150000	-31.900000	-156.814896	18.731300	-1.930962	300.598565	2746.498000	0.000000
-67.150000	-31.900000	-156.814896	18.981300	-1.089603	300.562323	2749.720251	0.000000
-67.150000	-31.900000	-156.814896	19.231300	-0.068235	300.525558	2753.169257	0.000000
-67.150000	-31.900000	-156.814896	19.481300	0.629840	300.488305	2756.818081	0.000000
-67.150000	-31.900000	-156.814896	19.731300	0.628230	300.450529	2760.466905	0.000000
-67.150000	-31.900000	-156.814896	19.981300	0.626594	300.412264	2764.115729	1.000000
-67.150000	-31.900000	-156.814896	20.231300	0.624966	300.373475	2767.764552	1.000000
-67.150000	-31.900000	-156.814896	20.481300	0.628049	300.334197	2771.413376	1.000000
-67.150000	-31.900000	-156.814896	20.731300	0.616735	300.294393	2775.060622	1.000000
-67.150000	-31.900000	-156.814896	20.981300	-0.676889	300.254099	2778.688509	1.000000
-67.150000	-31.900000	-156.814896	21.231300	-3.226395	300.213279	2782.039500	1.000000
-67.150000	-31.900000	-156.814896	21.481300	-4.257496	300.171969	2785.207636	1.000000
-67.150000	-31.900000	-156.814896	21.731300	-4.161444	300.130131	2788.375773	1.000000
-67.150000	-31.900000	-156.814896	21.981300	-4.064933	300.087803	2791.543910	0.000000
-67.150000	-31.900000	-156.814896	22.231300	-3.967922	300.044945	2794.712047	0.000000
-67.150000	-31.900000	-156.814896	22.481300	-3.806303	300.001597	2797.880184	0.000000
-67.150000	-31.900000	-156.814896	22.731300	-3.529474	299.957718	2801.066271	0.000000
-67.150000	-31.900000	-156.814896	22.981300	-3.316154	299.913349	2804.284463	0.000000
-67.150000	-31.900000	-156.814896	23.231300	-3.216694	299.868447	2807.502654	0.000000
-67.150000	-31.900000	-156.814896	23.481300	-3.116768	299.823054	2810.720846	1.000000
-67.150000	-31.900000	-156.814896	23.731300	-3.016334	299.777128	2813.939038	1.000000
-67.150000	-31.900000	-156.814896	23.981300	-2.548886	299.730710	2817.157230	1.000000
-67.150000	-31.900000	-156.814896	24.231300	-0.729955	299.683757	2820.432341	1.000000
-67.150000	-31.900000	-156.814896	24.481300	1.038962	299.636313	2823.992551	1.000000
-67.150000	-31.900000	-156.564896	15.481300	5.916197	301.073922	2696.126124	1.000000
-67.150000	-31.900000	-156.564896	15.731300	5.911600	301.044966	2700.259700	1.000000
-67.150000	-31.900000	-156.564896	15.981300	4.726709	301.015587	2704.393276	1.000000
-67.150000	-31.900000	-156.564896	16.231300	4.035389	300.985631	2708.177638	1.000000
-67.150000	-31.900000	-156.564896	16.481300	1.063218	300.955252	2711.882048	1.000000
-67.150000	-31.900000	-156.564896	16.731300	-1.844620	300.924293	2715.138670	1.000000
-67.150000	-31.900000	-156.564896	16.981300	-1.987362	300.892913	2718.360921	1.000000
-67.150000	-31.900000	-156.564896	17.231300	-1.987946	300.860952	2721.583172	0.000000
-67.150000	-31.900000	-156.564896	17.481300	-1.988590	300.828567	2724.805423	0.000000
-67.150000	-31.900000	-156.564896	17.731300	-1.989134	300.795602	2728.027673	0.000000
-67.150000	-31.900000	-156.564896	17.981300	-1.989737	300.762213	2731.249924	0.000000
-67.150000	-31.900000	-156.564896	18.231300	-1.990240	300.728242	2734.472175	0.000000
-67.150000	-31.900000	-156.564896	18.481300	-1.990803	300.693847	2737.694426	0.000000
-67.150000	-31.900000	-156.564896	18.731300	-1.991265	300.658868	2740.916677	0.000000
-67.150000	-31.900000	-156.564896	18.981300	-1.583112	300.623465	2744.138928	0.000000
-67.150000	-31.900000	-156.564896	19.231300	-0.528765	300.587478	2747.470901	0.000000
-67.150000	-31.900000	-156.564896	19.481300	0.567079	300.551066	2751.119725	0.000000
-67.150000	-31.900000	-156.564896	19.731300	0.564691	300.514068	2754.768549	0.000000
-67.150000	-31.900000	-156.564896	19.981300	0.562213	300.476646	2758.417373	1.000000
-67.150000	-31.900000	-156.564896	20.231300	0.559805	300.438636	2762.066196	1.000000
-67.150000	-31.900000	-156.564896	20.481300	0.557307	300.400201	2765.715020	1.000000
-67.150000	-31.900000	-156.564896	20.731300	0.027239	300.361178	2769.363844	1.000000
-67.150000	-31.900000	-156.564896	20.981300	-1.686474	300.321729	2772.866949	1.000000
-67.150000	-31.900000	-156.564896	21.231300	-2.986665	300.281691	2776.085141	1.000000
-67.150000	-31.900000	-156.564896	21.481300	-2.885249	300.241227	2779.303333	1.000000
-67.150000	-31.900000	-156.564896	21.731300	-2.783229	300.200172	2782.521525	1.000000
-67.150000	-31.900000	-156.564896	21.981300	-2.680765	300.158691	2785.739717	0.000000
-67.150000	-31.900000	-156.564896	22.231300	-2.577692	300.116618	2788.957909	0.000000
-67.150000	-31.900000	-156.564896	22.481300	-2.474172	300.074118	2792.176101	0.000000
-67.150000	-31.900000	-156.564896	22.731300	-2.407329	300.031025	2795.394293	0.000000
-67.150000	-31.900000	-156.564896	22.981300	-2.407077	299.987504	2798.612485	0.000000
-67.150000	-31.900000	-156.564896	23.231300	-2.406713	299.943390	2801.830677	0.000000
-67.150000	-31.900000	-156.564896	23.481300	-2.406404	299.898847	2805.048869	1.000000
-67.150000	-31.900000	-156.564896	23.731300	-1.889273	299.853710	2808.267061	1.000000
-67.150000	-31.900000	-156.564896	23.981300	-1.002293	299.808143	2811.566545	1.000000
-67.150000	-31.900000	-156.564896	24.231300	-0.268382	299.761981	2814.938292	1.000000
-67.150000	-31.900000	-156.564896	24.481300	0.656874	299.715389	2818.382174	1.000000
-67.150000	-31.900000	-156.314896	15.481300	5.865909	301.124210	2690.837810	1.000000
-67.150000	-31.900000	-156.314896	15.731300	5.860481	301.096084	2694.971387	1.000000
-67.150000	-31.900000	-156.314896	15.981300	5.222206	301.067474	2699.104963	1.000000
-67.150000	-31.900000	-156.314896	16.231300	1.686800	301.038350	2703.049983	1.000000
-67.150000	-31.900000	-156.314896	16.481300	-1.810471	301.008740	2706.335096	1.000000
-67.150000	-31.900000	-156.314896	16.731300	-2.041001	300.978615	2709.557347	1.000000
-67.150000	-31.900000	-156.314896	16.981300	-2.042454	300.948005	2712.779598	1.000000
-67.150000	-31.900000	-156.314896	17.231300	-2.043872	300.916878	2716.001849	0.000000
-67.150000	-31.900000	-156.314896	17.481300	-2.045287	300.885265	2719.224100	0.000000
-67.150000	-31.900000	-156.314896	17.731300	-2.046666	300.853135	2722.446351	0.000000
-67.150000	-31.900000	-156.314896	17.981300	-2.048042	300.820518	2725.668602	0.000000
-67.150000	-31.900000	-156.314896	18.231300	-2.049382	300.787383	2728.890853	0.000000
-67.150000	-31.900000	-156.314896	18.481300	-2.050718	300.753762	2732.113103	0.000000
-67.150000	-31.900000	-156.314896	18.731300	-2.052017	300.719620	2735.335354	0.000000
-67.150000	-31.900000	-156.314896	18.981300	-2.053314	300.684992	2738.557605	0.000000
-67.150000	-31.900000	-156.314896	19.231300	-0.754262	300.649843	2741.779856	0.000000
-67.150000	-31.900000	-156.314896	19.481300	0.478535	300.614207	2745.421369	0.000000
-67.150000	-31.900000	-156.314896	19.731300	0.500711	300.578049	2749.070193	0.000000
-67.150000	-31.900000	-156.314896	19.981300	0.497455	300.541403	2752.719016	1.000000
-67.150000	-31.900000	-156.314896	20.231300	0.494208	300.504234	2756.367840	1.000000
-67.150000	-31.900000	-156.314896	20.481300	0.441789	300.466577	2760.016664	1.000000
-67.150000	-31.900000	-156.314896	20.731300	0.004217	300.428396	2763.654475	1.000000
-67.150000	-31.900000	-156.314896	20.981300	-1.302821	300.389726	2767.194972	1.000000
-67.150000	-31.900000	-156.314896	21.231300	-2.477338	300.350531	2770.413164	1.000000
-67.150000	-31.900000	-156.314896	21.481300	-2.478034	300.310847	2773.631356	1.000000
-67.150000	-31.900000	-156.314896	21.731300	-2.478684	300.270636	2776.849547	1.000000
-67.150000	-31.900000	-156.314896	21.981300	-2.479327	300.229936	2780.067739	0.000000
-67.150000	-31.900000	-156.314896	22.231300	-2.479922	300.188709	2783.285931	0.000000
-67.150000	-31.900000	-156.314896	22.481300	-2.480510	300.146991	2786.504123	0.000000
-67.150000	-31.900000	-156.314896	22.731300	-2.481050	300.104745	2789.722315	0.000000
-67.150000	-31.900000	-156.314896	22.981300	-2.481582	300.062009	2792.940507	0.000000
-67.150000	-31.900000	-156.314896	23.231300	-2.482065	300.018742	2796.158699	0.000000
-67.150000	-31.900000	-156.314896	23.481300	-1.824793	299.974984	2799.376891	0.000000
-67.150000	-31.900000	-156.314896	23.731300	-0.936300	299.930696	2802.700749	1.000000
-67.150000	-31.900000	-156.314896	23.981300	-0.605149	299.885916	2806.072496	1.000000
-67.150000	-31.900000	-156.314896	24.231300	-0.607533	299.840603	2809.444243	1.000000
-67.150000	-31.900000	-156.314896	24.481300	0.431891	299.794800	2812.815990	1.000000
-67.150000	-31.900000	-156.314896	24.731300	1.384687	299.748461	2816.524930	1.000000
-67.150000	-31.900000	-156.064896	15.481300	5.815168	301.174951	2685.549497	1.000000
-67.150000	-31.900000	-156.064896	15.731300	5.808973	301.147592	2689.683073	1.000000
-67.150000	-31.900000	-156.064896	15.981300	3.211896	301.119811	2693.816650	1.000000
-67.150000	-31.900000	-156.064896	16.231300	-1.230358	301.091454	2697.374875	1.000000
-67.150000	-31.900000	-156.064896	16.481300	-2.307453	301.062674	2700.716105	1.000000
-67.150000	-31.900000	-156.064896	16.731300	-2.497436	301.033317	2703.976025	1.000000
-67.150000	-31.900000	-156.064896	16.981300	-2.387047	301.003538	2707.198275	1.000000
-67.150000	-31.900000	-156.064896	17.231300	-2.132870	300.973180	2710.420526	0.000000
-67.150000	-31.900000	-156.064896	17.481300	-2.102422	300.942399	2713.642777	0.000000
-67.150000	-31.900000	-156.064896	17.731300	-2.104571	300.911039	2716.865028	0.000000
-67.150000	-31.900000	-156.064896	17.981300	-2.106780	300.879256	2720.087279	0.000000
-67.150000	-31.900000	-156.064896	18.231300	-2.108890	300.846892	2723.309530	0.000000
-67.150000	-31.900000	-156.064896	18.481300	-2.111060	300.814104	2726.531781	0.000000
-67.150000	-31.900000	-156.064896	18.731300	-2.113132	300.780735	2729.754032	0.000000
-67.150000	-31.900000	-156.064896	18.981300	-2.115263	300.746942	2732.976283	0.000000
-67.150000	-31.900000	-156.064896	19.231300	-1.000256	300.712566	2736.198533	0.000000
-67.150000	-31.900000	-156.064896	19.481300	0.006477	300.677766	2739.723013	0.000000
-67.150000	-31.900000	-156.064896	19.731300	0.436378	300.642382	2743.371836	0.000000
-67.150000	-31.900000	-156.064896	19.981300	0.432285	300.606573	2747.020660	0.000000
-67.150000	-31.900000	-156.064896	20.231300	0.411070	300.570179	2750.669484	1.000000
-67.150000	-31.900000	-156.064896	20.481300	0.259871	300.533361	2754.313348	1.000000
-67.150000	-31.900000	-156.064896	20.731300	0.025451	300.495956	2757.935838	1.000000
-67.150000	-31.900000	-156.064896	20.981300	-1.227826	300.458125	2761.522994	1.000000
-67.150000	-31.900000	-156.064896	21.231300	-2.546515	300.419708	2764.741186	1.000000
-67.150000	-31.900000	-156.064896	21.481300	-2.548052	300.380864	2767.959378	1.000000
-67.150000	-31.900000	-156.064896	21.731300	-2.549481	300.341432	2771.177570	0.000000
-67.150000	-31.900000	-156.064896	21.981300	-2.550964	300.301574	2774.395762	0.000000
-67.150000	-31.900000	-156.064896	22.231300	-2.552340	300.261126	2777.613954	0.000000
-67.150000	-31.900000	-156.064896	22.481300	-2.553770	300.220252	2780.832146	0.000000
-67.150000	-31.900000	-156.064896	22.731300	-2.555091	300.178786	2784.050337	0.000000
-67.150000	-31.900000	-156.064896	22.981300	-2.554688	300.136893	2787.268529	0.000000
-67.150000	-31.900000	-156.064896	23.231300	-1.758417	300.094409	2790.486721	0.000000
-67.150000	-31.900000	-156.064896	23.481300	-0.868535	300.051497	2793.834953	0.000000
-67.150000	-31.900000	-156.064896	23.731300	-0.680036	300.007991	2797.206700	0.000000
-67.150000	-31.900000	-156.064896	23.981300	-0.683290	299.964057	2800.578447	1.000000
-67.150000	-31.900000	-156.064896	24.231300	-0.686459	299.919529	2803.950194	1.000000
-67.150000	-31.900000	-156.064896	24.481300	0.102965	299.874573	2807.321942	1.000000
-67.150000	-31.900000	-156.064896	24.731300	0.907185	299.829021	2810.914553	1.000000
-67.150000	-31.900000	-155.814896	15.481300	5.764015	301.226104	2680.261184	1.000000
-67.150000	-31.900000	-155.814896	15.731300	4.913871	301.199572	2684.394760	1.000000
-67.150000	-31.900000	-155.814896	15.981300	-0.206831	301.172556	2688.277869	1.000000
-67.150000	-31.900000	-155.814896	16.231300	-3.043380	301.145026	2691.511587	1.000000
-67.150000	-31.900000	-155.814896	16.481300	-2.870286	301.117013	2694.799661	1.000000
-67.150000	-31.900000	-155.814896	16.731300	-2.514701	301.088485	2698.141149	1.000000
-67.150000	-31.900000	-155.814896	16.981300	-2.271553	301.059472	2701.482636	1.000000
-67.150000	-31.900000	-155.814896	17.231300	-2.404893	301.029944	2704.824124	0.000000
-67.150000	-31.900000	-155.814896	17.481300	-2.597034	300.999931	2708.061455	0.000000
-67.150000	-31.900000	-155.814896	17.731300	-2.403221	300.969401	2711.283705	0.000000
-67.150000	-31.900000	-155.814896	17.981300	-2.165910	300.938386	2714.505956	0.000000
-67.150000	-31.900000	-155.814896	18.231300	-2.168853	300.906854	2717.728207	0.000000
-67.150000	-31.900000	-155.814896	18.481300	-2.171792	300.874836	2720.950458	0.000000
-67.150000	-31.900000	-155.814896	18.731300	-2.174697	300.842299	2724.172709	0.000000
-67.150000	-31.900000	-155.814896	18.981300	-2.177598	300.809277	2727.394960	0.000000
-67.150000	-31.900000	-155.814896	19.231300	-1.493099	300.775734	2730.617211	1.000000
-67.150000	-31.900000	-155.814896	19.481300	-0.469448	300.741706	2734.024656	1.000000
-67.150000	-31.900000	-155.814896	19.731300	0.371603	300.707156	2737.673480	1.000000
-67.150000	-31.900000	-155.814896	19.981300	0.366738	300.672120	2741.322304	1.000000
-67.150000	-31.900000	-155.814896	20.231300	0.231851	300.636562	2744.971128	0.000000
-67.150000	-31.900000	-155.814896	20.481300	0.088615	300.600517	2748.594711	1.000000
-67.150000	-31.900000	-155.814896	20.731300	0.080150	300.563949	2752.217201	1.000000
-67.150000	-31.900000	-155.814896	20.981300	-1.229835	300.526893	2755.839690	1.000000
-67.150000	-31.900000	-155.814896	21.231300	-2.574469	300.489314	2759.069208	1.000000
-67.150000	-31.900000	-155.814896	21.481300	-2.618433	300.451246	2762.287400	1.000000
-67.150000	-31.900000	-155.814896	21.731300	-2.620701	300.412653	2765.505592	0.000000
-67.150000	-31.900000	-155.814896	21.981300	-2.622962	300.373571	2768.723784	0.000000
-67.150000	-31.900000	-155.814896	22.231300	-2.625177	300.333963	2771.941976	0.000000
-67.150000	-31.900000	-155.814896	22.481300	-2.627385	300.293867	2775.160168	0.000000
-67.150000	-31.900000	-155.814896	22.731300	-2.573960	300.253242	2778.378360	0.000000
-67.150000	-31.900000	-155.814896	22.981300	-1.690299	300.212129	2781.597410	0.000000
-67.150000	-31.900000	-155.814896	23.231300	-0.802064	300.170486	2784.969157	0.000000
-67.150000	-31.900000	-155.814896	23.481300	-0.753721	300.128354	2788.340904	0.000000
-67.150000	-31.900000	-155.814896	23.731300	-0.757737	300.085692	2791.712651	0.000000
-67.150000	-31.900000	-155.814896	23.981300	-0.761772	300.042540	2795.084399	0.000000
-67.150000	-31.900000	-155.814896	24.231300	-0.765785	299.998856	2798.456146	0.000000
-67.150000	-31.900000	-155.814896	24.481300	-0.393092	299.954682	2801.827893	0.000000
-67.150000	-31.900000	-155.814896	24.731300	0.452261	299.909975	2805.304176	0.000000
-67.150000	-31.900000	-155.564896	15.481300	5.712408	301.277711	2674.972871	1.000000
-67.150000	-31.900000	-155.564896	15.731300	1.636464	301.251942	2679.106447	1.000000
-67.150000	-31.900000	-155.564896	15.981300	-3.020869	301.225751	2682.414582	1.000000
-67.150000	-31.900000	-155.564896	16.231300	-3.291729	301.198985	2685.648300	1.000000
-67.150000	-31.900000	-155.564896	16.481300	-3.012168	301.171798	2688.883218	1.000000
-67.150000	-31.900000	-155.564896	16.731300	-2.736408	301.144034	2692.224705	1.000000
-67.150000	-31.900000	-155.564896	16.981300	-2.739908	301.115848	2695.566193	0.000000
-67.150000	-31.900000	-155.564896	17.231300	-2.743306	301.087085	2698.907680	0.000000
-67.150000	-31.900000	-155.564896	17.481300	-2.534736	301.057900	2702.249168	0.000000
-67.150000	-31.900000	-155.564896	17.731300	-2.319262	301.028137	2705.590655	0.000000
-67.150000	-31.900000	-155.564896	17.981300	-2.508331	300.997950	2708.924634	0.000000
-67.150000	-31.900000	-155.564896	18.231300	-2.673700	300.967185	2712.146885	0.000000
-67.150000	-31.900000	-155.564896	18.481300	-2.424513	300.935997	2715.369135	0.000000
-67.150000	-31.900000	-155.564896	18.731300	-2.236625	300.904228	2718.591386	0.000000
-67.150000	-31.900000	-155.564896	18.981300	-2.240357	300.872036	2721.813637	1.000000
-67.150000	-31.900000	-155.564896	19.231300	-1.989946	300.839262	2725.035888	1.000000
-67.150000	-31.900000	-155.564896	19.481300	-0.842853	300.806065	2728.326300	1.000000
-67.150000	-31.900000	-155.564896	19.731300	0.306474	300.772286	2731.975124	1.000000
-67.150000	-31.900000	-155.564896	19.981300	0.205063	300.738082	2735.623948	1.000000
-67.150000	-31.900000	-155.564896	20.231300	0.049990	300.703295	2739.253584	1.000000
-67.150000	-31.900000	-155.564896	20.481300	0.017253	300.668083	2742.876074	0.000000
-67.150000	-31.900000	-155.564896	20.731300	0.011812	300.632287	2746.498563	0.000000
-67.150000	-31.900000	-155.564896	20.981300	-1.208637	300.596065	2750.121053	0.000000
-67.150000	-31.900000	-155.564896	21.231300	-2.473160	300.559258	2753.397230	0.000000
-67.150000	-31.900000	-155.564896	21.481300	-2.689213	300.522026	2756.615422	0.000000
-67.150000	-31.900000	-155.564896	21.731300	-2.692255	300.484207	2759.833614	0.000000
-67.150000	-31.900000	-155.564896	21.981300	-2.695352	300.445962	2763.051806	0.000000
-67.150000	-31.900000	-155.564896	22.231300	-2.698342	300.407129	2766.269998	0.000000
-67.150000	-31.900000	-155.564896	22.481300	-2.505481	300.367870	2769.488190	0.000000
-67.150000	-31.900000	-155.564896	22.731300	-1.620327	300.328021	2772.731614	0.000000
-67.150000	-31.900000	-155.564896	22.981300	-0.821282	300.287746	2776.103361	0.000000
-67.150000	-31.900000	-155.564896	23.231300	-0.826078	300.246881	2779.475108	0.000000
-67.150000	-31.900000	-155.564896	23.481300	-0.830955	300.205588	2782.846855	0.000000
-67.150000	-31.900000	-155.564896	23.731300	-0.835750	300.163704	2786.218603	0.000000
-67.150000	-31.900000	-155.564896	23.981300	-0.840625	300.121392	2789.590350	0.000000
-67.150000	-31.900000	-155.564896	24.231300	-0.845418	300.078488	2792.962097	0.000000
-67.150000	-31.900000	-155.564896	24.481300	-0.850292	300.035156	2796.333844	0.000000
-67.150000	-31.900000	-155.564896	24.731300	0.226539	299.991229	2799.705592	0.000000
-67.150000	-31.900000	-155.314896	15.231300	5.668955	301.354165	2665.550982	0.000000
-67.150000	-31.900000	-155.314896	15.481300	3.512505	301.329731	2669.684558	0.000000
-67.150000	-31.900000	-155.314896	15.731300	-1.741276	301.304785	2673.317576	1.000000
-67.150000	-31.900000	-155.314896	15.981300	-3.346628	301.279356	2676.551294	1.000000
-67.150000	-31.900000	-155.314896	16.231300	-3.350552	301.253414	2679.785013	1.000000
-67.150000	-31.900000	-155.314896	16.481300	-3.152937	301.226988	2683.018731	1.000000
-67.150000	-31.900000	-155.314896	16.731300	-2.979150	301.200049	2686.308262	0.000000
-67.150000	-31.900000	-155.314896	16.981300	-2.796686	301.172627	2689.649749	0.000000
-67.150000	-31.900000	-155.314896	17.231300	-2.800910	301.144689	2692.991237	0.000000
-67.150000	-31.900000	-155.314896	17.481300	-2.805125	301.116268	2696.332724	0.000000
-67.150000	-31.900000	-155.314896	17.731300	-2.809300	301.087331	2699.674212	0.000000
-67.150000	-31.900000	-155.314896	17.981300	-2.798301	301.057909	2703.015699	0.000000
-67.150000	-31.900000	-155.314896	18.231300	-2.559801	301.027971	2706.357187	0.000000
-67.150000	-31.900000	-155.314896	18.481300	-2.426588	300.997548	2709.698674	0.000000
-67.150000	-31.900000	-155.314896	18.731300	-2.616731	300.966607	2713.010064	1.000000
-67.150000	-31.900000	-155.314896	18.981300	-2.699489	300.935182	2716.232315	1.000000
-67.150000	-31.900000	-155.314896	19.231300	-2.450858	300.903237	2719.454565	1.000000
-67.150000	-31.900000	-155.314896	19.481300	-1.071997	300.870807	2722.676816	1.000000
-67.150000	-31.900000	-155.314896	19.731300	0.009507	300.837858	2726.276768	1.000000
-67.150000	-31.900000	-155.314896	19.981300	0.023467	300.804422	2729.912457	1.000000
-67.150000	-31.900000	-155.314896	20.231300	-0.044405	300.770466	2733.534947	1.000000
-67.150000	-31.900000	-155.314896	20.481300	-0.050687	300.736023	2737.157436	1.000000
-67.150000	-31.900000	-155.314896	20.731300	-0.056960	300.701059	2740.779926	0.000000
-67.150000	-31.900000	-155.314896	20.981300	-1.112756	300.665607	2744.402415	0.000000
-67.150000	-31.900000	-155.314896	21.231300	-2.372826	300.629633	2747.725253	1.000000
-67.150000	-31.900000	-155.314896	21.481300	-2.760359	300.593172	2750.943445	0.000000
-67.150000	-31.900000	-155.314896	21.731300	-2.764235	300.556186	2754.161637	0.000000
-67.150000	-31.900000	-155.314896	21.981300	-2.768104	300.518714	2757.379829	0.000000
-67.150000	-31.900000	-155.314896	22.231300	-2.435177	300.480715	2760.598020	0.000000
-67.150000	-31.900000	-155.314896	22.481300	-1.548652	300.442229	2763.865818	0.000000
-67.150000	-31.900000	-155.314896	22.731300	-0.891599	300.403216	2767.237565	0.000000
-67.150000	-31.900000	-155.314896	22.981300	-0.897251	300.363715	2770.609312	0.000000
-67.150000	-31.900000	-155.314896	23.231300	-0.902884	300.323687	2773.981060	0.000000
-67.150000	-31.900000	-155.314896	23.481300	-0.908536	300.283169	2777.352807	0.000000
-67.150000	-31.900000	-155.314896	23.731300	-0.914168	300.242123	2780.724554	0.000000
-67.150000	-31.900000	-155.314896	23.981300	-0.919820	300.200588	2784.096301	0.000000
-67.150000	-31.900000	-155.314896	24.231300	-0.925451	300.158522	2787.468048	0.000000
-67.150000	-31.900000	-155.314896	24.481300	-0.931103	300.115967	2790.839796	0.000000
-67.150000	-31.900000	-155.314896	24.731300	-0.029752	300.072880	2794.211543	0.000000
-67.150000	-31.900000	-155.064896	15.231300	5.027467	301.405819	2660.262668	0.000000
-67.150000	-31.900000	-155.064896	15.481300	0.078536	301.382206	2664.220571	0.000000
-67.150000	-31.900000	-155.064896	15.731300	-3.395894	301.358019	2667.454289	0.000000
-67.150000	-31.900000	-155.064896	15.981300	-3.400684	301.333411	2670.688007	0.000000
-67.150000	-31.900000	-155.064896	16.231300	-3.405368	301.308230	2673.921725	0.000000
-67.150000	-31.900000	-155.064896	16.481300	-3.400373	301.282626	2677.155443	0.000000
-67.150000	-31.900000	-155.064896	16.731300	-3.125497	301.256448	2680.391818	0.000000
-67.150000	-31.900000	-155.064896	16.981300	-2.853908	301.229848	2683.733305	0.000000
-67.150000	-31.900000	-155.064896	17.231300	-2.858893	301.202672	2687.074793	0.000000
-67.150000	-31.900000	-155.064896	17.481300	-2.863931	301.175074	2690.416281	0.000000
-67.150000	-31.900000	-155.064896	17.731300	-2.868869	301.146899	2693.757768	0.000000
-67.150000	-31.900000	-155.064896	17.981300	-2.873860	301.118302	2697.099256	0.000000
-67.150000	-31.900000	-155.064896	18.231300	-2.878749	301.089127	2700.440743	0.000000
-67.150000	-31.900000	-155.064896	18.481300	-2.883692	301.059529	2703.782231	0.000000
-67.150000	-31.900000	-155.064896	18.731300	-2.827802	301.029352	2707.123718	1.000000
-67.150000	-31.900000	-155.064896	18.981300	-2.589974	300.998753	2710.465206	1.000000
-67.150000	-31.900000	-155.064896	19.231300	-2.538855	300.967573	2713.806693	1.000000
-67.150000	-31.900000	-155.064896	19.481300	-1.327193	300.935970	2717.095494	1.000000
-67.150000	-31.900000	-155.064896	19.731300	-0.341247	300.903786	2720.571330	1.000000
-67.150000	-31.900000	-155.064896	19.981300	-0.104906	300.871178	2724.193820	1.000000
-67.150000	-31.900000	-155.064896	20.231300	-0.111928	300.837988	2727.816309	1.000000
-67.150000	-31.900000	-155.064896	20.481300	-0.119037	300.804374	2731.438799	1.000000
-67.150000	-31.900000	-155.064896	20.731300	-0.126078	300.770177	2735.061288	1.000000
-67.150000	-31.900000	-155.064896	20.981300	-1.017820	300.735555	2738.683778	1.000000
-67.150000	-31.900000	-155.064896	21.231300	-2.273378	300.700349	2742.053275	1.000000
-67.150000	-31.900000	-155.064896	21.481300	-2.831905	300.664718	2745.271467	1.000000
-67.150000	-31.900000	-155.064896	21.731300	-2.836550	300.628502	2748.489659	1.000000
-67.150000	-31.900000	-155.064896	21.981300	-2.363138	300.591860	2751.707851	0.000000
-67.150000	-31.900000	-155.064896	22.231300	-1.475162	300.554632	2755.000022	0.000000
-67.150000	-31.900000	-155.064896	22.481300	-0.960714	300.516978	2758.371769	0.000000
-67.150000	-31.900000	-155.064896	22.731300	-0.967119	300.478736	2761.743516	0.000000
-67.150000	-31.900000	-155.064896	22.981300	-0.973604	300.440068	2765.115264	0.000000
-67.150000	-31.900000	-155.064896	23.231300	-0.980009	300.400812	2768.487011	0.000000
-67.150000	-31.900000	-155.064896	23.481300	-0.986496	300.361129	2771.858758	0.000000
-67.150000	-31.900000	-155.064896	23.731300	-0.992901	300.320856	2775.230505	0.000000
-67.150000	-31.900000	-155.064896	23.981300	-0.999388	300.280155	2778.602253	0.000000
-67.150000	-31.900000	-155.064896	24.231300	-1.005793	300.238864	2781.974000	0.000000
-67.150000	-31.900000	-155.064896	24.481300	-1.012281	300.197145	2785.345747	0.000000
-67.150000	-31.900000	-155.064896	24.731300	-0.526272	300.154833	2788.717494	0.000000
-67.150000	-31.900000	-154.814896	15.231300	1.933820	301.457951	2654.974355	1.000000
-67.150000	-31.900000	-154.814896	15.481300	-2.899002	301.435095	2658.357283	0.000000
-67.150000	-31.900000	-154.814896	15.731300	-3.449602	301.411727	2661.591001	0.000000
-67.150000	-31.900000	-154.814896	15.981300	-3.455151	301.387878	2664.824720	0.000000
-67.150000	-31.900000	-154.814896	16.231300	-3.460654	301.363516	2668.058438	0.000000
-67.150000	-31.900000	-154.814896	16.481300	-3.466143	301.338671	2671.292156	0.000000
-67.150000	-31.900000	-154.814896	16.731300	-3.267855	301.313314	2674.525874	0.000000
-67.150000	-31.900000	-154.814896	16.981300	-3.092882	301.287473	2677.816862	1.000000
-67.150000	-31.900000	-154.814896	17.231300	-2.917339	301.261119	2681.158349	1.000000
-67.150000	-31.900000	-154.814896	17.481300	-2.923138	301.234281	2684.499837	1.000000
-67.150000	-31.900000	-154.814896	17.731300	-2.928897	301.206928	2687.841324	1.000000
-67.150000	-31.900000	-154.814896	17.981300	-2.934649	301.179091	2691.182812	0.000000
-67.150000	-31.900000	-154.814896	18.231300	-2.940361	301.150739	2694.524299	0.000000
-67.150000	-31.900000	-154.814896	18.481300	-2.946065	301.121903	2697.865787	0.000000
-67.150000	-31.900000	-154.814896	18.731300	-2.951730	301.092549	2701.207275	1.000000
-67.150000	-31.900000	-154.814896	18.981300	-2.476445	301.062712	2704.548762	1.000000
-67.150000	-31.900000	-154.814896	19.231300	-1.154959	301.032357	2707.890250	1.000000
-67.150000	-31.900000	-154.814896	19.481300	-0.014552	301.001517	2711.454629	1.000000
-67.150000	-31.900000	-154.814896	19.731300	-0.142336	300.970158	2714.961995	1.000000
-67.150000	-31.900000	-154.814896	19.981300	-0.008964	300.938314	2718.475182	1.000000
-67.150000	-31.900000	-154.814896	20.231300	0.100515	300.905950	2722.097672	1.000000
-67.150000	-31.900000	-154.814896	20.481300	-0.170921	300.873100	2725.720161	2.000000
-67.150000	-31.900000	-154.814896	20.731300	-0.195631	300.839730	2729.342651	1.000000
-67.150000	-31.900000	-154.814896	20.981300	-0.923795	300.805874	2732.965141	1.000000
-67.150000	-31.900000	-154.814896	21.231300	-2.174906	300.771496	2736.381297	1.000000
-67.150000	-31.900000	-154.814896	21.481300	-2.903819	300.736631	2739.599489	1.000000
-67.150000	-31.900000	-154.814896	21.731300	-2.289312	300.701244	2742.817681	1.000000
-67.150000	-31.900000	-154.814896	21.981300	-1.400006	300.665369	2746.134226	1.000000
-67.150000	-31.900000	-154.814896	22.231300	-1.028568	300.628971	2749.505973	0.000000
-67.150000	-31.900000	-154.814896	22.481300	-1.035821	300.592085	2752.877721	0.000000
-67.150000	-31.900000	-154.814896	22.731300	-1.043056	300.554674	2756.249468	0.000000
-67.150000	-31.900000	-154.814896	22.981300	-1.050311	300.516775	2759.621215	0.000000
-67.150000	-31.900000	-154.814896	23.231300	-1.057547	300.478350	2762.992962	0.000000
-67.150000	-31.900000	-154.814896	23.481300	-1.064804	300.439437	2766.364709	0.000000
-67.150000	-31.900000	-154.814896	23.731300	-1.072041	300.399996	2769.736457	0.000000
-67.150000	-31.900000	-154.814896	23.981300	-1.079300	300.360067	2773.108204	0.000000
-67.150000	-31.900000	-154.814896	24.231300	-1.086538	300.319609	2776.479951	0.000000
-67.150000	-31.900000	-154.814896	24.481300	-1.093798	300.278662	2779.851698	0.000000
-67.150000	-31.900000	-154.814896	24.731300	-1.026630	300.237184	2783.223446	0.000000
-67.150000	-31.900000	-154.814896	24.981300	0.012751	300.195218	2786.615800	0.000000
-67.150000	-31.900000	-154.564896	15.231300	-1.460393	301.510479	2649.260278	1.000000
-67.150000	-31.900000	-154.564896	15.481300	-3.497385	301.488440	2652.493996	1.000000
-67.150000	-31.900000	-154.564896	15.731300	-3.503704	301.465829	2655.727714	0.000000
-67.150000	-31.900000	-154.564896	15.981300	-3.510069	301.442797	2658.961432	0.000000
-67.150000	-31.900000	-154.564896	16.231300	-3.516330	301.419191	2662.195150	0.000000
-67.150000	-31.900000	-154.564896	16.481300	-3.522637	301.395165	2665.428868	0.000000
-67.150000	-31.900000	-154.564896	16.731300	-3.513791	301.370564	2668.662587	1.000000
-67.150000	-31.900000	-154.564896	16.981300	-3.243746	301.345542	2671.900418	1.000000
-67.150000	-31.900000	-154.564896	17.231300	-2.976166	301.319946	2675.241906	1.000000
-67.150000	-31.900000	-154.564896	17.481300	-2.982784	301.293927	2678.583393	1.000000
-67.150000	-31.900000	-154.564896	17.731300	-2.989302	301.267333	2681.924881	1.000000
-67.150000	-31.900000	-154.564896	17.981300	-2.995873	301.240316	2685.266368	1.000000
-67.150000	-31.900000	-154.564896	18.231300	-3.002215	301.212723	2688.607856	0.000000
-67.150000	-31.900000	-154.564896	18.481300	-2.501263	301.184707	2691.949343	0.000000
-67.150000	-31.900000	-154.564896	18.731300	-1.132532	301.156114	2695.290831	1.000000
-67.150000	-31.900000	-154.564896	18.981300	0.299916	301.127098	2698.867650	1.000000
-67.150000	-31.900000	-154.564896	19.231300	0.675832	301.097503	2702.456845	1.000000
-67.150000	-31.900000	-154.564896	19.481300	0.216502	301.067485	2705.994203	1.000000
-67.150000	-31.900000	-154.564896	19.731300	0.077737	301.036888	2709.497948	1.000000
-67.150000	-31.900000	-154.564896	19.981300	0.046959	301.005866	2713.001692	1.000000
-67.150000	-31.900000	-154.564896	20.231300	-0.234370	300.974265	2716.505437	2.000000
-67.150000	-31.900000	-154.564896	20.481300	-0.116020	300.942239	2720.009182	2.000000
-67.150000	-31.900000	-154.564896	20.731300	0.025944	300.909632	2723.624014	1.000000
-67.150000	-31.900000	-154.564896	20.981300	-0.776877	300.876600	2727.246503	1.000000
-67.150000	-31.900000	-154.564896	21.231300	-2.077322	300.842985	2730.709320	1.000000
-67.150000	-31.900000	-154.564896	21.481300	-2.213789	300.808946	2733.927512	1.000000
-67.150000	-31.900000	-154.564896	21.731300	-1.323076	300.774323	2737.268430	1.000000
-67.150000	-31.900000	-154.564896	21.981300	-1.095239	300.739275	2740.640177	1.000000
-67.150000	-31.900000	-154.564896	22.231300	-1.103239	300.703642	2744.011925	0.000000
-67.150000	-31.900000	-154.564896	22.481300	-1.111319	300.667583	2747.383672	0.000000
-67.150000	-31.900000	-154.564896	22.731300	-1.119321	300.630938	2750.755419	0.000000
-67.150000	-31.900000	-154.564896	22.981300	-1.127403	300.593867	2754.127166	0.000000
-67.150000	-31.900000	-154.564896	23.231300	-1.135407	300.556210	2757.498914	0.000000
-67.150000	-31.900000	-154.564896	23.481300	-1.143492	300.518125	2760.870661	0.000000
-67.150000	-31.900000	-154.564896	23.731300	-1.151498	300.479452	2764.242408	0.000000
-67.150000	-31.900000	-154.564896	23.981300	-1.159585	300.440353	2767.614155	0.000000
-67.150000	-31.900000	-154.564896	24.231300	-1.167593	300.400664	2770.985902	0.000000
-67.150000	-31.900000	-154.564896	24.481300	-1.175683	300.360547	2774.357650	0.000000
-67.150000	-31.900000	-154.564896	24.731300	-1.183693	300.319840	2777.729397	0.000000
-67.150000	-31.900000	-154.564896	24.981300	-0.217569	300.278705	2781.101144	0.000000
-67.150000	-31.900000	-154.314896	15.231300	-3.543967	301.563486	2643.396990	1.000000
-67.150000	-31.900000	-154.314896	15.481300	-3.551145	301.542201	2646.630708	1.000000
-67.150000	-31.900000	-154.314896	15.731300	-3.558280	301.520405	2649.864427	0.000000
-67.150000	-31.900000	-154.314896	15.981300	-3.565400	301.498127	2653.098145	0.000000
-67.150000	-31.900000	-154.314896	16.231300	-3.572476	301.475338	2656.331863	0.000000
-67.150000	-31.900000	-154.314896	16.481300	-3.579538	301.452067	2659.565581	1.000000
-67.150000	-31.900000	-154.314896	16.731300	-3.586556	301.428283	2662.799299	1.000000
-67.150000	-31.900000	-154.314896	16.981300	-3.387625	301.404016	2666.033017	1.000000
-67.150000	-31.900000	-154.314896	17.231300	-3.211436	301.379237	2669.325462	1.000000
-67.150000	-31.900000	-154.314896	17.481300	-3.042831	301.353974	2672.666950	1.000000
-67.150000	-31.900000	-154.314896	17.731300	-3.024885	301.328198	2676.008437	1.000000
-67.150000	-31.900000	-154.314896	17.981300	-2.522891	301.301938	2679.349925	1.000000
-67.150000	-31.900000	-154.314896	18.231300	-1.107131	301.275164	2682.691477	0.000000
-67.150000	-31.900000	-154.314896	18.481300	0.327339	301.247905	2686.280672	0.000000
-67.150000	-31.900000	-154.314896	18.731300	0.898169	301.220131	2689.869867	0.000000
-67.150000	-31.900000	-154.314896	18.981300	0.838911	301.191873	2693.459062	1.000000
-67.150000	-31.900000	-154.314896	19.231300	0.338266	301.163098	2697.026412	1.000000
-67.150000	-31.900000	-154.314896	19.481300	0.020197	301.133839	2700.530156	1.000000
-67.150000	-31.900000	-154.314896	19.731300	0.010563	301.104062	2704.033901	1.000000
-67.150000	-31.900000	-154.314896	19.981300	0.000897	301.073801	2707.537645	1.000000
-67.150000	-31.900000	-154.314896	20.231300	-0.008767	301.043020	2711.041390	2.000000
-67.150000	-31.900000	-154.314896	20.481300	-0.018462	301.011755	2714.545134	1.000000
-67.150000	-31.900000	-154.314896	20.731300	-0.283143	300.979970	2718.048879	1.000000
-67.150000	-31.900000	-154.314896	20.981300	-0.797437	300.947699	2721.552623	1.000000
-67.150000	-31.900000	-154.314896	21.231300	-1.388761	300.914907	2725.037342	1.000000
-67.150000	-31.900000	-154.314896	21.481300	-1.355695	300.881630	2728.402634	1.000000
-67.150000	-31.900000	-154.314896	21.731300	-1.160669	300.847831	2731.774381	1.000000
-67.150000	-31.900000	-154.314896	21.981300	-1.169510	300.813545	2735.146129	1.000000
-67.150000	-31.900000	-154.314896	22.231300	-1.178333	300.778736	2738.517876	0.000000
-67.150000	-31.900000	-154.314896	22.481300	-1.187177	300.743441	2741.889623	0.000000
-67.150000	-31.900000	-154.314896	22.731300	-1.196004	300.707622	2745.261370	0.000000
-67.150000	-31.900000	-154.314896	22.981300	-1.204851	300.671315	2748.633118	0.000000
-67.150000	-31.900000	-154.314896	23.231300	-1.213681	300.634483	2752.004865	0.000000
-67.150000	-31.900000	-154.314896	23.481300	-1.222531	300.597164	2755.376612	0.000000
-67.150000	-31.900000	-154.314896	23.731300	-1.231363	300.559318	2758.748359	0.000000
-67.150000	-31.900000	-154.314896	23.981300	-1.240217	300.520985	2762.120107	0.000000
-67.150000	-31.900000	-154.314896	24.231300	-1.249052	300.482123	2765.491854	0.000000
-67.150000	-31.900000	-154.314896	24.481300	-1.257910	300.442773	2768.863601	0.000000
-67.150000	-31.900000	-154.314896	24.731300	-1.266748	300.402895	2772.235348	0.000000
-67.150000	-31.900000	-154.314896	24.981300	-0.668017	300.362528	2775.607095	0.000000
-67.150000	-31.900000	-154.064896	15.481300	-2.688379	301.596419	2640.767421	1.000000
-67.150000	-31.900000	-154.064896	15.731300	-2.769962	301.575376	2644.001139	0.000000
-67.150000	-31.900000	-154.064896	15.981300	-2.851167	301.553912	2647.234857	0.000000
-67.150000	-31.900000	-154.064896	16.231300	-2.931845	301.531875	2650.468575	0.000000
-67.150000	-31.900000	-154.064896	16.481300	-3.012145	301.509418	2653.702294	1.000000
-67.150000	-31.900000	-154.064896	16.731300	-3.091915	301.486388	2656.936012	1.000000
-67.150000	-31.900000	-154.064896	16.981300	-3.150717	301.462936	2660.169730	1.000000
-67.150000	-31.900000	-154.064896	17.231300	-2.955981	301.438911	2663.409018	1.000000
-67.150000	-31.900000	-154.064896	17.481300	-2.496777	301.414463	2666.750506	1.000000
-67.150000	-31.900000	-154.064896	17.731300	-1.078699	301.389442	2670.104498	1.000000
-67.150000	-31.900000	-154.064896	17.981300	0.313530	301.363998	2673.693693	1.000000
-67.150000	-31.900000	-154.064896	18.231300	0.885167	301.337978	2677.282888	1.000000
-67.150000	-31.900000	-154.064896	18.481300	0.874202	301.311536	2680.872083	0.000000
-67.150000	-31.900000	-154.064896	18.731300	0.863290	301.284518	2684.461278	0.000000
-67.150000	-31.900000	-154.064896	18.981300	0.461694	301.257077	2688.050473	0.000000
-67.150000	-31.900000	-154.064896	19.231300	-0.006623	301.229059	2691.562365	1.000000
-67.150000	-31.900000	-154.064896	19.481300	-0.046580	301.200617	2695.066109	1.000000
-67.150000	-31.900000	-154.064896	19.731300	-0.056972	301.171597	2698.569854	1.000000
-67.150000	-31.900000	-154.064896	19.981300	-0.067456	301.142154	2702.073598	1.000000
-67.150000	-31.900000	-154.064896	20.231300	-0.114083	301.112131	2705.577343	1.000000
-67.150000	-31.900000	-154.064896	20.481300	-0.310217	301.081685	2709.081087	1.000000
-67.150000	-31.900000	-154.064896	20.731300	-0.775863	301.050658	2712.584832	1.000000
-67.150000	-31.900000	-154.064896	20.981300	-1.256713	301.019207	2716.012823	1.000000
-67.150000	-31.900000	-154.064896	21.231300	-1.420163	300.987174	2719.435746	1.000000
-67.150000	-31.900000	-154.064896	21.481300	-1.307802	300.954717	2722.858669	1.000000
-67.150000	-31.900000	-154.064896	21.731300	-1.389147	300.921678	2726.280333	1.000000
-67.150000	-31.900000	-154.064896	21.981300	-1.466629	300.888213	2729.652080	1.000000
-67.150000	-31.900000	-154.064896	22.231300	-1.362567	300.854165	2733.023827	0.000000
-67.150000	-31.900000	-154.064896	22.481300	-1.263428	300.819692	2736.395574	0.000000
-67.150000	-31.900000	-154.064896	22.731300	-1.273016	300.784634	2739.767322	0.000000
-67.150000	-31.900000	-154.064896	22.981300	-1.282686	300.749150	2743.139069	0.000000
-67.150000	-31.900000	-154.064896	23.231300	-1.292278	300.713080	2746.510816	0.000000
-67.150000	-31.900000	-154.064896	23.481300	-1.301951	300.676584	2749.882563	0.000000
-67.150000	-31.900000	-154.064896	23.731300	-1.311547	300.639502	2753.254311	0.000000
-67.150000	-31.900000	-154.064896	23.981300	-1.321225	300.601992	2756.626058	0.000000
-67.150000	-31.900000	-154.064896	24.231300	-1.330824	300.563895	2759.997805	0.000000
-67.150000	-31.900000	-154.064896	24.481300	-1.340506	300.525370	2763.369552	0.000000
-67.150000	-31.900000	-154.064896	24.731300	-1.350109	300.486256	2766.741300	0.000000
-67.150000	-31.900000	-154.064896	24.981300	-1.168820	300.446715	2770.113047	0.000000
-67.150000	-31.900000	-153.814896	16.231300	-1.257808	301.588885	2644.942571	0.000000
-67.150000	-31.900000	-153.814896	16.481300	-1.348976	301.567179	2648.142165	1.000000
-67.150000	-31.900000	-153.814896	16.731300	-1.439635	301.544962	2651.341760	1.000000
-67.150000	-31.900000	-153.814896	16.981300	-1.529814	301.522262	2654.541355	1.000000
-67.150000	-31.900000	-153.814896	17.231300	-0.994068	301.499050	2657.740950	1.000000
-67.150000	-31.900000	-153.814896	17.481300	0.119222	301.475355	2661.106715	1.000000
-67.150000	-31.900000	-153.814896	17.731300	0.845246	301.451147	2664.695910	2.000000
-67.150000	-31.900000	-153.814896	17.981300	0.833574	301.426456	2668.285105	2.000000
-67.150000	-31.900000	-153.814896	18.231300	0.821895	301.401251	2671.874300	2.000000
-67.150000	-31.900000	-153.814896	18.481300	0.810176	301.375562	2675.463495	1.000000
-67.150000	-31.900000	-153.814896	18.731300	0.586837	301.349359	2679.052690	1.000000
-67.150000	-31.900000	-153.814896	18.981300	0.065689	301.322672	2682.594573	0.000000
-67.150000	-31.900000	-153.814896	19.231300	-0.102535	301.295469	2686.098317	0.000000
-67.150000	-31.900000	-153.814896	19.481300	-0.113745	301.267782	2689.602062	0.000000
-67.150000	-31.900000	-153.814896	19.731300	-0.209100	301.239578	2693.105806	0.000000
-67.150000	-31.900000	-153.814896	19.981300	-0.462006	301.210890	2696.609551	0.000000
-67.150000	-31.900000	-153.814896	20.231300	-0.946725	301.181684	2700.097647	0.000000
-67.150000	-31.900000	-153.814896	20.481300	-1.371904	301.151993	2703.520570	1.000000
-67.150000	-31.900000	-153.814896	20.731300	-1.559212	301.121784	2706.943493	1.000000
-67.150000	-31.900000	-153.814896	20.981300	-1.580403	301.091089	2710.366416	1.000000
-67.150000	-31.900000	-153.814896	21.231300	-1.590538	301.059875	2713.789339	1.000000
-67.150000	-31.900000	-153.814896	21.481300	-1.600689	301.028175	2717.212262	1.000000
-67.150000	-31.900000	-153.814896	21.731300	-1.608088	300.995954	2720.635185	1.000000
-67.150000	-31.900000	-153.814896	21.981300	-1.506925	300.963248	2724.058108	1.000000
-67.150000	-31.900000	-153.814896	22.231300	-1.413889	300.930019	2727.481031	0.000000
-67.150000	-31.900000	-153.814896	22.481300	-1.495894	300.896304	2730.901526	0.000000
-67.150000	-31.900000	-153.814896	22.731300	-1.569706	300.862066	2734.273273	0.000000
-67.150000	-31.900000	-153.814896	22.981300	-1.466786	300.827342	2737.645020	0.000000
-67.150000	-31.900000	-153.814896	23.231300	-1.371291	300.792093	2741.016767	0.000000
-67.150000	-31.900000	-153.814896	23.481300	-1.381725	300.756358	2744.388515	0.000000
-67.150000	-31.900000	-153.814896	23.731300	-1.392142	300.720096	2747.760262	0.000000
-67.150000	-31.900000	-153.814896	23.981300	-1.402581	300.683348	2751.132009	0.000000
-67.150000	-31.900000	-153.814896	24.231300	-1.413002	300.646073	2754.503756	0.000000
-67.150000	-31.900000	-153.814896	24.481300	-1.423446	300.608310	2757.875504	0.000000
-67.150000	-31.900000	-153.814896	24.731300	-1.433872	300.570019	2761.247251	0.000000
-67.150000	-31.900000	-153.814896	24.981300	-1.444320	300.531240	2764.618998	0.000000
-67.150000	-31.900000	-153.564896	17.231300	-0.000143	301.559573	2652.765625	1.000000
-67.150000	-31.900000	-153.564896	17.481300	0.049269	301.536689	2655.965219	2.000000
-67.150000	-31.900000	-153.564896	17.731300	0.556672	301.513232	2659.287321	2.000000
-67.150000	-31.900000	-153.564896	17.981300	0.770678	301.489353	2662.876516	2.000000
-67.150000	-31.900000	-153.564896	18.231300	0.758247	301.464899	2666.465711	2.000000
-67.150000	-31.900000	-153.564896	18.481300	0.683352	301.440022	2670.054906	1.000000
-67.150000	-31.900000	-153.564896	18.731300	0.190443	301.414571	2673.626781	1.000000
-67.150000	-31.900000	-153.564896	18.981300	-0.157381	301.388696	2677.130526	1.000000
-67.150000	-31.900000	-153.564896	19.231300	-0.301405	301.362245	2680.634270	0.000000
-67.150000	-31.900000	-153.564896	19.481300	-0.629556	301.335372	2684.138015	0.000000
-67.150000	-31.900000	-153.564896	19.731300	-1.115057	301.307921	2687.605393	0.000000
-67.150000	-31.900000	-153.564896	19.981300	-1.466125	301.280046	2691.028316	0.000000
-67.150000	-31.900000	-153.564896	20.231300	-1.619865	301.251594	2694.451239	0.000000
-67.150000	-31.900000	-153.564896	20.481300	-1.630836	301.222717	2697.874162	1.000000
-67.150000	-31.900000	-153.564896	20.731300	-1.641728	301.193262	2701.297085	1.000000
-67.150000	-31.900000	-153.564896	20.981300	-1.652696	301.163382	2704.720008	1.000000
-67.150000	-31.900000	-153.564896	21.231300	-1.663585	301.132922	2708.142931	1.000000
-67.150000	-31.900000	-153.564896	21.481300	-1.674551	301.102038	2711.565854	1.000000
-67.150000	-31.900000	-153.564896	21.731300	-1.685438	301.070573	2714.988777	1.000000
-67.150000	-31.900000	-153.564896	21.981300	-1.696402	301.038682	2718.411700	0.000000
-67.150000	-31.900000	-153.564896	22.231300	-1.707286	301.006209	2721.834623	0.000000
-67.150000	-31.900000	-153.564896	22.481300	-1.712995	300.973311	2725.257546	0.000000
-67.150000	-31.900000	-153.564896	22.731300	-1.612862	300.939830	2728.680469	0.000000
-67.150000	-31.900000	-153.564896	22.981300	-1.525120	300.905923	2732.103392	0.000000
-67.150000	-31.900000	-153.564896	23.231300	-1.607678	300.871432	2735.522719	0.000000
-67.150000	-31.900000	-153.564896	23.481300	-1.677934	300.836514	2738.894466	0.000000
-67.150000	-31.900000	-153.564896	23.731300	-1.576069	300.801011	2742.266213	0.000000
-67.150000	-31.900000	-153.564896	23.981300	-1.484314	300.765081	2745.637960	0.000000
-67.150000	-31.900000	-153.564896	24.231300	-1.495495	300.728565	2749.009708	0.000000
-67.150000	-31.900000	-153.564896	24.481300	-1.506758	300.691622	2752.381455	0.000000
-67.150000	-31.900000	-153.564896	24.731300	-1.517943	300.654091	2755.753202	0.000000
-67.150000	-31.900000	-153.564896	24.981300	-1.529212	300.616132	2759.124949	1.000000
-67.150000	-31.900000	-153.314896	18.231300	0.694139	301.529006	2661.057123	1.000000
-67.150000	-31.900000	-153.314896	18.481300	0.316806	301.504879	2664.646318	1.000000
-67.150000	-31.900000	-153.314896	18.731300	-0.345297	301.480238	2668.162734	1.000000
-67.150000	-31.900000	-153.314896	18.981300	-0.794618	301.455113	2671.666478	1.000000
-67.150000	-31.900000	-153.314896	19.231300	-1.280949	301.429474	2675.113140	1.000000
-67.150000	-31.900000	-153.314896	19.481300	-1.557622	301.403350	2678.536063	0.000000
-67.150000	-31.900000	-153.314896	19.731300	-1.666787	301.376711	2681.958986	0.000000
-67.150000	-31.900000	-153.314896	19.981300	-1.678511	301.349587	2685.381909	0.000000
-67.150000	-31.900000	-153.314896	20.231300	-1.690218	301.321947	2688.804831	0.000000
-67.150000	-31.900000	-153.314896	20.481300	-1.701940	301.293822	2692.227754	0.000000
-67.150000	-31.900000	-153.314896	20.731300	-1.713645	301.265179	2695.650677	1.000000
-67.150000	-31.900000	-153.314896	20.981300	-1.725366	301.236052	2699.073600	1.000000
-67.150000	-31.900000	-153.314896	21.231300	-1.737068	301.206405	2702.496523	1.000000
-67.150000	-31.900000	-153.314896	21.481300	-1.748787	301.176273	2705.919446	1.000000
-67.150000	-31.900000	-153.314896	21.731300	-1.760487	301.145621	2709.342369	0.000000
-67.150000	-31.900000	-153.314896	21.981300	-1.772204	301.114484	2712.765292	0.000000
-67.150000	-31.900000	-153.314896	22.231300	-1.783902	301.082826	2716.188215	0.000000
-67.150000	-31.900000	-153.314896	22.481300	-1.795618	301.050682	2719.611138	0.000000
-67.150000	-31.900000	-153.314896	22.731300	-1.807314	301.018016	2723.034061	0.000000
-67.150000	-31.900000	-153.314896	22.981300	-1.819028	300.984863	2726.456984	0.000000
-67.150000	-31.900000	-153.314896	23.231300	-1.822963	300.951187	2729.879907	0.000000
-67.150000	-31.900000	-153.314896	23.481300	-1.723971	300.917025	2733.302830	0.000000
-67.150000	-31.900000	-153.314896	23.731300	-1.641414	300.882338	2736.725753	0.000000
-67.150000	-31.900000	-153.314896	23.981300	-1.724613	300.847165	2740.143912	0.000000
-67.150000	-31.900000	-153.314896	24.231300	-1.791232	300.811465	2743.515659	0.000000
-67.150000	-31.900000	-153.314896	24.481300	-1.690535	300.775279	2746.887406	0.000000
-67.150000	-31.900000	-153.314896	24.731300	-1.602418	300.738565	2750.259153	1.000000
-67.150000	-31.900000	-153.314896	24.981300	-1.614444	300.701364	2753.630901	1.000000
-67.150000	-31.900000	-153.314896	25.231300	-1.319426	300.663635	2757.002648	1.000000
-67.150000	-31.900000	-153.064896	23.981300	-1.938050	300.929628	2734.502268	0.000000
-67.150000	-31.900000	-153.064896	24.231300	-1.840112	300.894682	2737.925191	0.000000
-67.150000	-31.900000	-153.064896	24.481300	-1.762824	300.859310	2741.348114	0.000000
-67.150000	-31.900000	-153.064896	24.731300	-1.846558	300.823351	2744.765105	1.000000
-67.150000	-31.900000	-153.064896	24.981300	-1.909654	300.786964	2748.136852	1.000000
-67.150000	-31.900000	-153.064896	25.231300	-1.810040	300.749990	2751.508599	1.000000
-67.150000	-31.900000	-153.064896	25.481300	-1.913322	300.712588	2754.880347	1.000000
-67.150000	-31.900000	-152.814896	24.231300	-2.044369	300.978309	2732.278784	0.000000
-67.150000	-31.900000	-152.814896	24.481300	-2.057642	300.943688	2735.701707	0.000000
-67.150000	-31.900000	-152.814896	24.731300	-2.045441	300.908541	2739.124630	1.000000
-67.150000	-31.900000	-152.814896	24.981300	-1.837675	300.872907	2742.547553	1.000000
-67.150000	-31.900000	-152.814896	25.231300	-1.652575	300.836745	2745.970476	1.000000
-67.150000	-31.900000	-152.814896	25.481300	-1.496652	300.800097	2749.386298	1.000000
