-158.933105	24.573799	2872.917000	-3.556680
-157.700806	16.348400	2733.211000	3.474944
-154.983002	19.601000	2716.810000	-0.065764
-156.658005	20.891001	2773.817000	0.129092
-159.664993	22.122999	2859.821000	-2.664675
-161.314896	21.956301	2895.351000	NaN
-152.765793	25.592800	2749.811000	NaN
-156.964600	24.312099	2824.812000	NaN
-158.185394	22.620199	2833.796000	-2.837501
-154.251801	21.168699	2722.800000	NaN
-152.981201	18.301800	2654.850000	NaN
-153.967499	14.731300	2628.782000	NaN
-153.868195	17.315399	2659.878000	-2.770349
-156.206604	16.162001	2699.802000	-0.525840
-158.982498	15.574000	2748.799000	3.302421
-158.760193	18.564699	2787.780000	NaN
