-155.996994	20.771000	1319.132000	4.126064
-154.983002	19.601000	1360.145000	5.598928
-159.401001	21.971001	1232.114000	-0.045444
-156.658005	20.891001	1304.141000	4.265118
-159.664993	22.122999	1224.111000	0.079613
-156.755997	21.136000	1297.145000	3.751733
-158.903000	21.298401	1255.231000	0.334435
-160.047501	19.823400	1261.127000	-2.251990
-161.095001	23.997200	1160.137000	NaN
-155.765305	26.776699	1201.108000	NaN
-152.765793	25.592800	1277.062000	NaN
-156.964600	24.312099	1227.133000	3.156023
-158.185394	22.620199	1240.108000	3.223828
-155.636200	22.299900	1290.774000	5.904750
-154.251801	21.168699	1339.114000	5.610834
-151.686600	14.689100	1513.118000	NaN
-153.868195	17.315399	1426.130000	NaN
-156.206604	16.162001	1401.123000	-3.759712
-157.859100	14.659600	1400.128000	-2.770077
-157.700806	16.348400	1370.564000	-4.150318
-158.982498	15.574000	1360.123000	-3.878841
-158.179504	20.377800	1285.903000	-0.100146
