-155.772995	19.079000	1358.995000	153.450000	46.290000
-155.996994	20.771000	1321.976000	153.450000	46.290000
-154.983002	19.601000	1362.999000	153.450000	46.290000
-156.658005	20.891001	1306.987000	153.450000	46.290000
-156.755997	21.136000	1299.989000	153.450000	46.290000
-158.903000	21.298401	1259.953000	153.450000	46.290000
-160.047501	19.823400	1262.970000	153.450000	46.290000
-161.095001	23.997200	1162.971000	153.450000	46.290000
-152.765793	25.592800	1280.963000	153.450000	46.290000
-156.964600	24.312099	1230.952000	153.450000	46.290000
-158.185394	22.620199	1242.951000	153.450000	46.290000
-155.636200	22.299900	1296.972000	153.450000	46.290000
-154.251801	21.168699	1341.958000	153.450000	46.290000
-150.914993	18.914200	1444.963000	153.450000	46.290000
-151.637604	16.737801	1488.960000	153.450000	46.290000
-151.686600	14.689100	1516.974000	153.450000	46.290000
-153.967499	14.731300	1473.952000	153.450000	46.290000
-156.387695	17.614901	1375.967000	153.450000	46.290000
-158.982498	15.574000	1361.965000	153.450000	46.290000
-158.760193	18.564699	1311.955000	153.450000	46.290000
-158.179504	20.377800	1287.967000	153.450000	46.290000
