153.730000	46.140000	-159.164993	21.159600	-1.426839	134.691313	1248.813068	1.000000
153.730000	46.140000	-159.164993	21.409600	-1.502021	134.516261	1244.065834	1.000000
153.730000	46.140000	-159.164993	21.659600	0.180203	134.339591	1239.420513	1.000000
153.730000	46.140000	-159.164993	21.909600	2.611297	134.161314	1234.421878	1.000000
153.730000	46.140000	-159.164993	22.159600	2.863330	133.981391	1229.340483	1.000000
153.730000	46.140000	-159.164993	22.409600	3.138533	133.799836	1224.193792	2.000000
153.730000	46.140000	-159.164993	22.659600	2.755100	133.616608	1219.227536	2.000000
153.730000	46.140000	-159.164993	22.909600	2.887536	133.431725	1214.261281	2.000000
153.730000	46.140000	-158.914993	20.159600	-1.989836	135.302664	1272.486577	1.000000
153.730000	46.140000	-158.914993	20.409600	-1.735828	135.134699	1267.739343	1.000000
153.730000	46.140000	-158.914993	20.659600	-1.487909	134.965116	1262.992109	1.000000
153.730000	46.140000	-158.914993	20.909600	-1.364220	134.794051	1258.244875	1.000000
153.730000	46.140000	-158.914993	21.159600	-0.937583	134.621340	1253.497642	1.000000
153.730000	46.140000	-158.914993	21.409600	0.764852	134.447126	1248.753831	1.000000
153.730000	46.140000	-158.914993	21.659600	2.815753	134.271236	1243.748568	1.000000
153.730000	46.140000	-158.914993	21.909600	2.965244	134.093822	1238.743305	2.000000
153.730000	46.140000	-158.914993	22.159600	3.325625	133.914704	1233.738042	2.000000
153.730000	46.140000	-158.914993	22.409600	3.064951	133.734039	1228.562355	2.000000
153.730000	46.140000	-158.914993	22.659600	2.820067	133.551641	1223.596100	2.000000
153.730000	46.140000	-158.914993	22.909600	2.951586	133.367675	1218.629844	1.000000
153.730000	46.140000	-158.914993	23.159600	3.084221	133.181945	1213.663589	1.000000
153.730000	46.140000	-158.914993	23.409600	3.217797	132.994625	1208.697333	0.000000
153.730000	46.140000	-158.914993	23.659600	3.352515	132.805513	1203.731077	1.000000
153.730000	46.140000	-158.664993	19.159600	-2.663375	135.884629	1296.156129	0.000000
153.730000	46.140000	-158.664993	19.409600	-2.291184	135.723398	1291.412852	0.000000
153.730000	46.140000	-158.664993	19.659600	-2.032952	135.560677	1286.665618	1.000000
153.730000	46.140000	-158.664993	19.909600	-1.785181	135.396465	1281.918384	1.000000
153.730000	46.140000	-158.664993	20.159600	-1.660632	135.230738	1277.171150	1.000000
153.730000	46.140000	-158.664993	20.409600	-1.539534	135.063498	1272.423916	1.000000
153.730000	46.140000	-158.664993	20.659600	-1.430404	134.894717	1267.676683	1.000000
153.730000	46.140000	-158.664993	20.909600	-0.350644	134.724399	1262.929449	1.000000
153.730000	46.140000	-158.664993	21.159600	1.351463	134.552515	1258.080521	1.000000
153.730000	46.140000	-158.664993	21.409600	2.779011	134.379071	1253.075258	1.000000
153.730000	46.140000	-158.664993	21.659600	2.904859	134.204033	1248.069995	1.000000
153.730000	46.140000	-158.664993	21.909600	3.031654	134.027412	1243.064732	2.000000
153.730000	46.140000	-158.664993	22.159600	3.317148	133.849172	1238.059469	2.000000
153.730000	46.140000	-158.664993	22.409600	2.969589	133.669325	1232.998794	2.000000
153.730000	46.140000	-158.664993	22.659600	3.078725	133.487831	1227.964663	2.000000
153.730000	46.140000	-158.664993	22.909600	3.014553	133.304707	1222.998408	1.000000
153.730000	46.140000	-158.664993	23.159600	3.146256	133.119910	1218.032152	1.000000
153.730000	46.140000	-158.664993	23.409600	3.157736	132.933459	1213.065897	1.000000
153.730000	46.140000	-158.664993	23.659600	3.111811	132.745306	1208.099641	1.000000
153.730000	46.140000	-158.664993	23.909600	2.946726	132.555477	1203.140491	1.000000
153.730000	46.140000	-158.664993	24.159600	2.803513	132.363918	1198.223152	1.000000
153.730000	46.140000	-158.414993	18.159600	-3.298775	136.438425	1319.784937	0.000000
153.730000	46.140000	-158.414993	18.409600	-2.950434	136.283717	1315.079872	0.000000
153.730000	46.140000	-158.414993	18.659600	-2.581402	136.127518	1310.339127	0.000000
153.730000	46.140000	-158.414993	18.909600	-2.318865	135.969945	1305.591893	0.000000
153.730000	46.140000	-158.414993	19.159600	-2.074395	135.810855	1300.844659	0.000000
153.730000	46.140000	-158.414993	19.409600	-1.945522	135.650371	1296.097425	1.000000
153.730000	46.140000	-158.414993	19.659600	-1.827798	135.488345	1291.350191	1.000000
153.730000	46.140000	-158.414993	19.909600	-1.709270	135.324903	1286.602958	1.000000
153.730000	46.140000	-158.414993	20.159600	-1.589786	135.159892	1281.855724	1.000000
153.730000	46.140000	-158.414993	20.409600	-1.434513	134.993444	1277.108490	1.000000
153.730000	46.140000	-158.414993	20.659600	0.112135	134.825400	1272.365480	1.000000
153.730000	46.140000	-158.414993	20.909600	1.816410	134.655899	1267.407211	1.000000
153.730000	46.140000	-158.414993	21.159600	2.578563	134.484774	1262.401948	1.000000
153.730000	46.140000	-158.414993	21.409600	2.696925	134.312171	1257.396684	0.000000
153.730000	46.140000	-158.414993	21.659600	2.816304	134.137916	1252.391421	2.000000
153.730000	46.140000	-158.414993	21.909600	2.936547	133.962161	1247.386158	2.000000
153.730000	46.140000	-158.414993	22.159600	3.057832	133.784727	1242.380895	2.000000
153.730000	46.140000	-158.414993	22.409600	3.104246	133.605772	1237.375632	1.000000
153.730000	46.140000	-158.414993	22.659600	3.105778	133.425110	1232.333227	1.000000
153.730000	46.140000	-158.414993	22.909600	2.857525	133.242905	1227.366971	1.000000
153.730000	46.140000	-158.414993	23.159600	2.722613	133.058963	1222.400716	1.000000
153.730000	46.140000	-158.414993	23.409600	2.554584	132.873458	1217.471541	1.000000
153.730000	46.140000	-158.414993	23.659600	2.495983	132.686188	1212.554202	0.000000
153.730000	46.140000	-158.414993	23.909600	2.496243	132.497333	1207.636862	1.000000
153.730000	46.140000	-158.414993	24.159600	2.631148	132.306684	1202.719523	1.000000
153.730000	46.140000	-158.164993	17.159600	-3.800414	136.965302	1343.413745	1.000000
153.730000	46.140000	-158.164993	17.409600	-3.564682	136.816796	1338.708680	0.000000
153.730000	46.140000	-158.164993	17.659600	-3.227023	136.666915	1334.003614	0.000000
153.730000	46.140000	-158.164993	17.909600	-2.861077	136.515654	1329.265402	0.000000
153.730000	46.140000	-158.164993	18.159600	-2.600899	136.362995	1324.518168	0.000000
153.730000	46.140000	-158.164993	18.409600	-2.567276	136.208935	1319.770934	0.000000
153.730000	46.140000	-158.164993	18.659600	-2.640146	136.053452	1315.023700	0.000000
153.730000	46.140000	-158.164993	18.909600	-2.730270	135.896546	1310.276466	0.000000
153.730000	46.140000	-158.164993	19.159600	-2.817968	135.738195	1305.529233	0.000000
153.730000	46.140000	-158.164993	19.409600	-2.903246	135.578398	1300.781999	1.000000
153.730000	46.140000	-158.164993	19.659600	-2.986084	135.417131	1296.034765	1.000000
153.730000	46.140000	-158.164993	19.909600	-3.066491	135.254396	1291.287531	1.000000
153.730000	46.140000	-158.164993	20.159600	-2.433125	135.090167	1286.540297	1.000000
153.730000	46.140000	-158.164993	20.409600	-1.274871	134.924448	1281.777456	1.000000
153.730000	46.140000	-158.164993	20.659600	0.174777	134.757210	1276.773916	1.000000
153.730000	46.140000	-158.164993	20.909600	0.434595	134.588459	1271.770376	1.000000
153.730000	46.140000	-158.164993	21.159600	0.551537	134.418163	1266.766836	1.000000
153.730000	46.140000	-158.164993	21.409600	0.669388	134.246332	1261.763296	0.000000
153.730000	46.140000	-158.164993	21.659600	0.788181	134.072932	1256.759756	1.000000
153.730000	46.140000	-158.164993	21.909600	0.907902	133.897973	1251.756216	1.000000
153.730000	46.140000	-158.164993	22.159600	1.028587	133.721419	1246.752676	1.000000
153.730000	46.140000	-158.164993	22.409600	1.850615	133.543283	1241.749136	1.000000
153.730000	46.140000	-158.164993	22.659600	2.408793	133.363526	1236.719930	1.000000
153.730000	46.140000	-158.164993	22.909600	2.222065	133.182165	1231.802590	1.000000
153.730000	46.140000	-158.164993	23.159600	2.195474	132.999157	1226.885251	1.000000
153.730000	46.140000	-158.164993	23.409600	2.288588	132.814521	1221.967912	1.000000
153.730000	46.140000	-158.164993	23.659600	2.420456	132.628211	1217.050573	0.000000
153.730000	46.140000	-158.164993	23.909600	2.553324	132.440251	1212.133234	1.000000
153.730000	46.140000	-158.164993	24.159600	2.687241	132.250591	1207.215894	1.000000
153.730000	46.140000	-158.164993	24.409600	2.822175	132.059257	1202.298555	1.000000
153.730000	46.140000	-157.914993	16.159600	-4.271288	137.466348	1367.042552	1.000000
153.730000	46.140000	-157.914993	16.409600	-4.347331	137.323853	1362.337487	1.000000
153.730000	46.140000	-157.914993	16.659600	-4.317338	137.179984	1357.632422	1.000000
153.730000	46.140000	-157.914993	16.909600	-4.193648	137.034840	1352.927357	1.000000
153.730000	46.140000	-157.914993	17.159600	-4.034422	136.888298	1348.191677	1.000000
153.730000	46.140000	-157.914993	17.409600	-3.966817	136.740462	1343.444443	0.000000
153.730000	46.140000	-157.914993	17.659600	-3.932935	136.591203	1338.697209	0.000000
153.730000	46.140000	-157.914993	17.909600	-4.000838	136.440631	1333.949975	0.000000
153.730000	46.140000	-157.914993	18.159600	-4.291504	136.288613	1329.205007	0.000000
153.730000	46.140000	-157.914993	18.409600	-4.573981	136.135261	1324.526040	0.000000
153.730000	46.140000	-157.914993	18.659600	-4.653874	135.980439	1319.847073	0.000000
153.730000	46.140000	-157.914993	18.909600	-4.731466	135.824262	1315.168106	0.000000
153.730000	46.140000	-157.914993	19.159600	-4.806621	135.666590	1310.489139	0.000000
153.730000	46.140000	-157.914993	19.409600	-4.879469	135.507544	1305.810172	1.000000
153.730000	46.140000	-157.914993	19.659600	-4.701468	135.346975	1301.131204	1.000000
153.730000	46.140000	-157.914993	19.909600	-3.247565	135.185014	1296.452237	1.000000
153.730000	46.140000	-157.914993	20.159600	-2.118519	135.021504	1291.544876	1.000000
153.730000	46.140000	-157.914993	20.409600	-1.814746	134.856581	1286.703744	1.000000
153.730000	46.140000	-157.914993	20.659600	-1.589280	134.690083	1281.751292	1.000000
153.730000	46.140000	-157.914993	20.909600	-1.322373	134.522151	1276.747752	1.000000
153.730000	46.140000	-157.914993	21.159600	-1.200813	134.352619	1271.744212	1.000000
153.730000	46.140000	-157.914993	21.409600	-1.078418	134.181631	1266.740672	0.000000
153.730000	46.140000	-157.914993	21.659600	-0.955018	134.009015	1261.737132	1.000000
153.730000	46.140000	-157.914993	21.909600	-0.830766	133.834925	1256.733591	1.000000
153.730000	46.140000	-157.914993	22.159600	0.661574	133.659179	1251.730051	1.000000
153.730000	46.140000	-157.914993	22.409600	3.099246	133.481937	1246.524067	1.000000
153.730000	46.140000	-157.914993	22.659600	2.706224	133.303012	1241.267824	1.000000
153.730000	46.140000	-157.914993	22.909600	2.237164	133.122571	1236.298961	1.000000
153.730000	46.140000	-157.914993	23.159600	2.216483	132.940419	1231.381622	1.000000
153.730000	46.140000	-157.914993	23.409600	2.346379	132.756730	1226.464283	1.000000
153.730000	46.140000	-157.914993	23.659600	2.477365	132.571302	1221.546944	0.000000
153.730000	46.140000	-157.914993	23.909600	2.609259	132.384317	1216.629605	0.000000
153.730000	46.140000	-157.914993	24.159600	2.742267	132.195565	1211.712265	0.000000
153.730000	46.140000	-157.914993	24.409600	2.876199	132.005234	1206.794926	1.000000
153.730000	46.140000	-157.664993	15.159600	-4.761858	137.942682	1390.697285	1.000000
153.730000	46.140000	-157.664993	15.409600	-4.646997	137.805909	1385.988094	2.000000
153.730000	46.140000	-157.664993	15.659600	-4.531445	137.667867	1381.278903	1.000000
153.730000	46.140000	-157.664993	15.909600	-4.415194	137.528545	1376.569712	1.000000
153.730000	46.140000	-157.664993	16.159600	-4.498130	137.387932	1371.860521	1.000000
153.730000	46.140000	-157.664993	16.409600	-4.926943	137.246020	1367.216980	1.000000
153.730000	46.140000	-157.664993	16.659600	-5.691179	137.102794	1362.538013	1.000000
153.730000	46.140000	-157.664993	16.909600	-5.656898	136.958249	1357.859046	1.000000
153.730000	46.140000	-157.664993	17.159600	-5.706572	136.812370	1353.180079	1.000000
153.730000	46.140000	-157.664993	17.409600	-5.786221	136.665150	1348.501111	0.000000
153.730000	46.140000	-157.664993	17.659600	-5.863606	136.516573	1343.822144	0.000000
153.730000	46.140000	-157.664993	17.909600	-5.938727	136.366635	1339.143177	0.000000
153.730000	46.140000	-157.664993	18.159600	-6.005489	136.215318	1334.464210	0.000000
153.730000	46.140000	-157.664993	18.409600	-5.893511	136.062618	1329.785243	0.000000
153.730000	46.140000	-157.664993	18.659600	-5.780718	135.908517	1325.106276	0.000000
153.730000	46.140000	-157.664993	18.909600	-5.667110	135.753011	1320.427308	0.000000
153.730000	46.140000	-157.664993	19.159600	-5.552667	135.596081	1315.748341	0.000000
153.730000	46.140000	-157.664993	19.409600	-4.474483	135.437726	1311.069374	0.000000
153.730000	46.140000	-157.664993	19.659600	-2.618538	135.277921	1306.299905	1.000000
153.730000	46.140000	-157.664993	19.909600	-1.150074	135.116670	1301.319890	1.000000
153.730000	46.140000	-157.664993	20.159600	-1.854609	134.953946	1296.387201	1.000000
153.730000	46.140000	-157.664993	20.409600	-2.074955	134.789755	1291.606093	1.000000
153.730000	46.140000	-157.664993	20.659600	-1.739433	134.624065	1286.728667	2.000000
153.730000	46.140000	-157.664993	20.909600	-1.257108	134.456886	1281.725127	2.000000
153.730000	46.140000	-157.664993	21.159600	-1.136380	134.288186	1276.721587	2.000000
153.730000	46.140000	-157.664993	21.409600	-1.014760	134.117973	1271.718047	0.000000
153.730000	46.140000	-157.664993	21.659600	-0.892216	133.946214	1266.714507	0.000000
153.730000	46.140000	-157.664993	21.909600	1.001981	133.772921	1261.710967	1.000000
153.730000	46.140000	-157.664993	22.159600	4.185709	133.598056	1256.434982	1.000000
153.730000	46.140000	-157.664993	22.409600	4.342364	133.421635	1250.901645	1.000000
153.730000	46.140000	-157.664993	22.659600	2.389062	133.243617	1245.829065	1.000000
153.730000	46.140000	-157.664993	22.909600	2.283101	133.064021	1240.795333	1.000000
153.730000	46.140000	-157.664993	23.159600	2.274100	132.882802	1235.877993	1.000000
153.730000	46.140000	-157.664993	23.409600	2.403126	132.699983	1230.960654	1.000000
153.730000	46.140000	-157.664993	23.659600	2.533152	132.515515	1226.043315	0.000000
153.730000	46.140000	-157.664993	23.909600	2.664151	132.329425	1221.125976	0.000000
153.730000	46.140000	-157.664993	24.159600	2.796171	132.141661	1216.208637	0.000000
153.730000	46.140000	-157.664993	24.409600	2.929181	131.952251	1211.291297	0.000000
153.730000	46.140000	-157.414993	15.159600	-4.870164	137.862915	1395.549849	1.000000
153.730000	46.140000	-157.414993	15.409600	-4.633355	137.726747	1390.840658	2.000000
153.730000	46.140000	-157.414993	15.659600	-4.530543	137.589266	1386.131467	1.000000
153.730000	46.140000	-157.414993	15.909600	-4.427095	137.450565	1381.422276	1.000000
153.730000	46.140000	-157.414993	16.159600	-4.796809	137.310529	1376.713085	1.000000
153.730000	46.140000	-157.414993	16.409600	-6.185497	137.169255	1372.158893	1.000000
153.730000	46.140000	-157.414993	16.659600	-6.730363	137.026623	1367.797215	1.000000
153.730000	46.140000	-157.414993	16.909600	-6.478064	136.882734	1363.118248	1.000000
153.730000	46.140000	-157.414993	17.159600	-6.370598	136.737465	1358.439281	1.000000
153.730000	46.140000	-157.414993	17.409600	-6.262437	136.590919	1353.760314	0.000000
153.730000	46.140000	-157.414993	17.659600	-6.153455	136.442970	1349.081347	1.000000
153.730000	46.140000	-157.414993	17.909600	-6.043761	136.293726	1344.402380	0.000000
153.730000	46.140000	-157.414993	18.159600	-5.933225	136.143054	1339.723412	0.000000
153.730000	46.140000	-157.414993	18.409600	-5.821961	135.991068	1335.044445	0.000000
153.730000	46.140000	-157.414993	18.659600	-5.709832	135.837630	1330.365478	0.000000
153.730000	46.140000	-157.414993	18.909600	-5.284273	135.682859	1325.686511	0.000000
153.730000	46.140000	-157.414993	19.159600	-3.577791	135.526611	1321.007544	0.000000
153.730000	46.140000	-157.414993	19.409600	-1.718940	135.369011	1316.074918	0.000000
153.730000	46.140000	-157.414993	19.659600	-0.845851	135.209908	1311.094903	0.000000
153.730000	46.140000	-157.414993	19.909600	-1.366258	135.049434	1306.114888	1.000000
153.730000	46.140000	-157.414993	20.159600	-2.280985	134.887433	1301.289550	1.000000
153.730000	46.140000	-157.414993	20.409600	-2.231860	134.724040	1296.508442	2.000000
153.730000	46.140000	-157.414993	20.659600	-1.737581	134.559094	1291.706043	2.000000
153.730000	46.140000	-157.414993	20.909600	-1.192959	134.392737	1286.702503	2.000000
153.730000	46.140000	-157.414993	21.159600	-1.072995	134.224801	1281.698963	1.000000
153.730000	46.140000	-157.414993	21.409600	-0.952221	134.055434	1276.695423	1.000000
153.730000	46.140000	-157.414993	21.659600	1.344202	133.884462	1271.691882	0.000000
153.730000	46.140000	-157.414993	21.909600	4.526363	133.712038	1266.345897	0.000000
153.730000	46.140000	-157.414993	22.159600	5.579317	133.537983	1260.812561	1.000000
153.730000	46.140000	-157.414993	22.409600	3.319387	133.362457	1255.425914	1.000000
153.730000	46.140000	-157.414993	22.659600	2.347769	133.185272	1250.390306	1.000000
153.730000	46.140000	-157.414993	22.909600	2.322189	133.006596	1245.354697	1.000000
153.730000	46.140000	-157.414993	23.159600	2.483027	132.826235	1240.374365	1.000000
153.730000	46.140000	-157.414993	23.409600	2.458746	132.644362	1235.457025	0.000000
153.730000	46.140000	-157.414993	23.659600	2.587890	132.460777	1230.539686	0.000000
153.730000	46.140000	-157.414993	23.909600	2.717915	132.275661	1225.622347	0.000000
153.730000	46.140000	-157.414993	24.159600	2.849028	132.088804	1220.705008	0.000000
153.730000	46.140000	-157.414993	24.409600	2.981037	131.900396	1215.787669	0.000000
153.730000	46.140000	-157.164993	15.159600	-4.832448	137.784188	1400.188827	1.000000
153.730000	46.140000	-157.164993	15.409600	-4.685981	137.648576	1395.693223	0.000000
153.730000	46.140000	-157.164993	15.659600	-4.452987	137.511710	1390.984032	1.000000
153.730000	46.140000	-157.164993	15.909600	-4.350110	137.373581	1386.274841	2.000000
153.730000	46.140000	-157.164993	16.159600	-4.874604	137.234177	1381.565650	2.000000
153.730000	46.140000	-157.164993	16.409600	-6.323674	137.093490	1377.061367	2.000000
153.730000	46.140000	-157.164993	16.659600	-6.788279	136.951508	1372.752257	1.000000
153.730000	46.140000	-157.164993	16.909600	-6.544446	136.808223	1368.377451	1.000000
153.730000	46.140000	-157.164993	17.159600	-6.296754	136.663621	1363.698484	2.000000
153.730000	46.140000	-157.164993	17.409600	-6.189214	136.517697	1359.019516	1.000000
153.730000	46.140000	-157.164993	17.659600	-6.080918	136.370434	1354.340549	1.000000
153.730000	46.140000	-157.164993	17.909600	-5.971863	136.221828	1349.661582	1.000000
153.730000	46.140000	-157.164993	18.159600	-5.862032	136.071861	1344.982615	1.000000
153.730000	46.140000	-157.164993	18.409600	-5.751425	135.920532	1340.303648	0.000000
153.730000	46.140000	-157.164993	18.659600	-4.530660	135.767819	1335.624681	0.000000
153.730000	46.140000	-157.164993	18.909600	-2.677076	135.613723	1330.829947	0.000000
153.730000	46.140000	-157.164993	19.159600	-1.147281	135.458221	1325.849932	0.000000
153.730000	46.140000	-157.164993	19.409600	-0.892918	135.301315	1320.869917	0.000000
153.730000	46.140000	-157.164993	19.659600	-0.960995	135.142980	1315.889901	0.000000
153.730000	46.140000	-157.164993	19.909600	-1.931208	134.983220	1310.973007	0.000000
153.730000	46.140000	-157.164993	20.159600	-2.347278	134.822007	1306.191899	2.000000
153.730000	46.140000	-157.164993	20.409600	-2.230637	134.659349	1301.410792	2.000000
153.730000	46.140000	-157.164993	20.659600	-1.675816	134.495214	1296.629684	2.000000
153.730000	46.140000	-157.164993	20.909600	-1.283747	134.329612	1291.679878	1.000000
153.730000	46.140000	-157.164993	21.159600	-1.010705	134.162511	1286.676338	1.000000
153.730000	46.140000	-157.164993	21.409600	1.688048	133.993921	1281.672798	1.000000
153.730000	46.140000	-157.164993	21.659600	4.868322	133.823806	1276.256813	1.000000
153.730000	46.140000	-157.164993	21.909600	5.893038	133.652182	1270.723476	0.000000
153.730000	46.140000	-157.164993	22.159600	5.103995	133.479009	1265.190139	0.000000
153.730000	46.140000	-157.164993	22.409600	2.752586	133.304305	1259.987155	1.000000
153.730000	46.140000	-157.164993	22.659600	2.405014	133.128028	1254.951546	1.000000
153.730000	46.140000	-157.164993	22.909600	2.530346	132.950198	1249.915938	1.000000
153.730000	46.140000	-157.164993	23.159600	2.519947	132.770770	1244.880329	0.000000
153.730000	46.140000	-157.164993	23.409600	2.541274	132.589767	1239.953396	0.000000
153.730000	46.140000	-157.164993	23.659600	2.641526	132.407141	1235.036057	0.000000
153.730000	46.140000	-157.164993	23.909600	2.770656	132.222920	1230.118718	0.000000
153.730000	46.140000	-157.164993	24.159600	2.900782	132.037050	1225.201379	0.000000
153.730000	46.140000	-157.164993	24.409600	3.031871	131.849562	1220.284040	0.000000
153.730000	46.140000	-156.914993	15.409600	-4.649529	137.571447	1400.369206	0.000000
153.730000	46.140000	-156.914993	15.659600	-4.503323	137.435147	1395.836596	1.000000
153.730000	46.140000	-156.914993	15.909600	-4.274174	137.297645	1391.127405	2.000000
153.730000	46.140000	-156.914993	16.159600	-4.954158	137.158823	1386.418214	2.000000
153.730000	46.140000	-156.914993	16.409600	-6.409817	137.018780	1381.963840	2.000000
153.730000	46.140000	-156.914993	16.659600	-6.777612	136.877396	1377.654730	2.000000
153.730000	46.140000	-156.914993	16.909600	-6.603632	136.734773	1373.345620	2.000000
153.730000	46.140000	-156.914993	17.159600	-6.360087	136.590785	1368.957686	1.000000
153.730000	46.140000	-156.914993	17.409600	-6.117058	136.445541	1364.278719	1.000000
153.730000	46.140000	-156.914993	17.659600	-6.009394	136.298909	1359.599752	1.000000
153.730000	46.140000	-156.914993	17.909600	-5.901038	136.151002	1354.920784	1.000000
153.730000	46.140000	-156.914993	18.159600	-5.410123	136.001685	1350.241817	1.000000
153.730000	46.140000	-156.914993	18.409600	-3.629182	135.851074	1345.562850	1.000000
153.730000	46.140000	-156.914993	18.659600	-1.772961	135.699028	1340.604960	0.000000
153.730000	46.140000	-156.914993	18.909600	-1.050427	135.545670	1335.624945	0.000000
153.730000	46.140000	-156.914993	19.159600	-0.938729	135.390855	1330.644930	0.000000
153.730000	46.140000	-156.914993	19.409600	-0.826309	135.234707	1325.664915	0.000000
153.730000	46.140000	-156.914993	19.659600	-1.441903	135.077077	1320.684899	0.000000
153.730000	46.140000	-156.914993	19.909600	-2.313202	134.918097	1315.875356	0.000000
153.730000	46.140000	-156.914993	20.159600	-2.282880	134.757610	1311.094248	1.000000
153.730000	46.140000	-156.914993	20.409600	-2.167041	134.595752	1306.313141	1.000000
153.730000	46.140000	-156.914993	20.659600	-1.772059	134.432364	1301.532033	1.000000
153.730000	46.140000	-156.914993	20.909600	-1.372845	134.267586	1296.657254	1.000000
153.730000	46.140000	-156.914993	21.159600	2.033494	134.101251	1291.653714	1.000000
153.730000	46.140000	-156.914993	21.409600	5.211372	133.933508	1286.167728	1.000000
153.730000	46.140000	-156.914993	21.659600	5.830361	133.764183	1280.634391	1.000000
153.730000	46.140000	-156.914993	21.909600	5.910125	133.593429	1275.101054	0.000000
153.730000	46.140000	-156.914993	22.159600	4.080167	133.421068	1269.584004	0.000000
153.730000	46.140000	-156.914993	22.409600	2.337638	133.247259	1264.548395	0.000000
153.730000	46.140000	-156.914993	22.659600	2.461226	133.071816	1259.512787	0.000000
153.730000	46.140000	-156.914993	22.909600	2.585638	132.894906	1254.477178	0.000000
153.730000	46.140000	-156.914993	23.159600	2.586198	132.716335	1249.441570	0.000000
153.730000	46.140000	-156.914993	23.409600	2.715894	132.536279	1244.449768	0.000000
153.730000	46.140000	-156.914993	23.659600	2.694132	132.354535	1239.532428	0.000000
153.730000	46.140000	-156.914993	23.909600	2.822290	132.171286	1234.615089	0.000000
153.730000	46.140000	-156.914993	24.159600	2.951509	131.986323	1229.697750	0.000000
153.730000	46.140000	-156.914993	24.409600	3.081597	131.799836	1224.780411	0.000000
153.730000	46.140000	-156.664993	15.409600	-4.718631	137.495294	1404.851360	1.000000
153.730000	46.140000	-156.664993	15.659600	-4.468139	137.359616	1400.549585	1.000000
153.730000	46.140000	-156.664993	15.909600	-4.322250	137.222690	1395.979969	1.000000
153.730000	46.140000	-156.664993	16.159600	-5.035511	137.084506	1391.270778	1.000000
153.730000	46.140000	-156.664993	16.409600	-6.497723	136.945056	1386.866314	2.000000
153.730000	46.140000	-156.664993	16.659600	-6.704542	136.804326	1382.557204	2.000000
153.730000	46.140000	-156.664993	16.909600	-6.599676	136.662311	1378.248094	2.000000
153.730000	46.140000	-156.664993	17.159600	-6.420540	136.518997	1373.938984	1.000000
153.730000	46.140000	-156.664993	17.409600	-6.177352	136.374377	1369.537921	1.000000
153.730000	46.140000	-156.664993	17.659600	-5.930487	136.228437	1364.858954	1.000000
153.730000	46.140000	-156.664993	17.909600	-4.575208	136.081172	1360.179987	1.000000
153.730000	46.140000	-156.664993	18.159600	-2.723941	135.932565	1355.359989	1.000000
153.730000	46.140000	-156.664993	18.409600	-1.268967	135.782614	1350.379974	1.000000
153.730000	46.140000	-156.664993	18.659600	-1.093544	135.631298	1345.399959	1.000000
153.730000	46.140000	-156.664993	18.909600	-0.983375	135.478618	1340.419943	1.000000
153.730000	46.140000	-156.664993	19.159600	-0.872427	135.324552	1335.439928	1.000000
153.730000	46.140000	-156.664993	19.409600	-0.988522	135.169102	1330.459913	1.000000
153.730000	46.140000	-156.664993	19.659600	-2.008168	135.012243	1325.558813	0.000000
153.730000	46.140000	-156.664993	19.909600	-2.333841	134.853979	1320.777705	1.000000
153.730000	46.140000	-156.664993	20.159600	-2.219554	134.694283	1315.996597	1.000000
153.730000	46.140000	-156.664993	20.409600	-2.071296	134.533163	1311.215490	1.000000
153.730000	46.140000	-156.664993	20.659600	-1.313652	134.370588	1306.434382	1.000000
153.730000	46.140000	-156.664993	20.909600	1.859305	134.206568	1301.611980	1.000000
153.730000	46.140000	-156.664993	21.159600	5.497693	134.041069	1296.078643	1.000000
153.730000	46.140000	-156.664993	21.409600	5.769125	133.874104	1290.545306	1.000000
153.730000	46.140000	-156.664993	21.659600	5.888905	133.705638	1285.011969	1.000000
153.730000	46.140000	-156.664993	21.909600	5.493047	133.535685	1279.478633	0.000000
153.730000	46.140000	-156.664993	22.159600	3.106075	133.364207	1274.145244	0.000000
153.730000	46.140000	-156.664993	22.409600	2.393676	133.191221	1269.109636	0.000000
153.730000	46.140000	-156.664993	22.659600	2.516356	133.016686	1264.074028	0.000000
153.730000	46.140000	-156.664993	22.909600	2.639922	132.840622	1259.038419	0.000000
153.730000	46.140000	-156.664993	23.159600	2.764418	132.662985	1254.002811	0.000000
153.730000	46.140000	-156.664993	23.409600	2.749874	132.483798	1248.967202	0.000000
153.730000	46.140000	-156.664993	23.659600	2.806946	132.303013	1244.028799	0.000000
153.730000	46.140000	-156.664993	23.909600	2.872918	132.120658	1239.111460	0.000000
153.730000	46.140000	-156.664993	24.159600	3.001151	131.936681	1234.194121	0.000000
153.730000	46.140000	-156.664993	24.409600	3.130321	131.751112	1229.276782	0.000000
153.730000	46.140000	-156.664993	24.659600	3.260480	131.563896	1224.359443	0.000000
153.730000	46.140000	-156.414993	15.409600	-4.643508	137.420171	1409.333514	1.000000
153.730000	46.140000	-156.414993	15.659600	-4.543042	137.285065	1405.031739	1.000000
153.730000	46.140000	-156.414993	15.909600	-4.288354	137.148771	1400.729963	1.000000
153.730000	46.140000	-156.414993	16.159600	-5.249659	137.011174	1396.123343	1.000000
153.730000	46.140000	-156.414993	16.409600	-6.428091	136.872372	1391.768788	1.000000
153.730000	46.140000	-156.414993	16.659600	-6.404504	136.732246	1387.459678	2.000000
153.730000	46.140000	-156.414993	16.909600	-6.231406	136.590897	1383.150568	2.000000
153.730000	46.140000	-156.414993	17.159600	-6.057375	136.448202	1378.841458	1.000000
153.730000	46.140000	-156.414993	17.409600	-5.797644	136.304266	1374.532348	1.000000
153.730000	46.140000	-156.414993	17.659600	-4.107645	136.158962	1370.115018	1.000000
153.730000	46.140000	-156.414993	17.909600	-1.647441	136.012400	1365.135002	1.000000
153.730000	46.140000	-156.414993	18.159600	-1.243490	135.864446	1360.154987	1.000000
153.730000	46.140000	-156.414993	18.409600	-1.135559	135.715216	1355.174972	2.000000
153.730000	46.140000	-156.414993	18.659600	-1.026818	135.564572	1350.194957	1.000000
153.730000	46.140000	-156.414993	18.909600	-0.917390	135.412633	1345.214941	1.000000
153.730000	46.140000	-156.414993	19.159600	-0.807131	135.259257	1340.234926	1.000000
153.730000	46.140000	-156.414993	19.409600	-1.518003	135.104568	1335.254911	1.000000
153.730000	46.140000	-156.414993	19.659600	-2.345767	134.948417	1330.461162	1.000000
153.730000	46.140000	-156.414993	19.909600	-2.213254	134.790936	1325.680054	0.000000
153.730000	46.140000	-156.414993	20.159600	-1.546516	134.631968	1320.898947	1.000000
153.730000	46.140000	-156.414993	20.409600	-0.380693	134.471652	1316.106453	1.000000
153.730000	46.140000	-156.414993	20.659600	1.848282	134.309825	1311.149093	1.000000
153.730000	46.140000	-156.414993	20.909600	4.775904	134.146630	1305.977624	1.000000
153.730000	46.140000	-156.414993	21.159600	5.678882	133.981900	1300.456221	1.000000
153.730000	46.140000	-156.414993	21.409600	5.827446	133.815784	1294.922885	1.000000
153.730000	46.140000	-156.414993	21.659600	5.946435	133.648108	1289.389548	1.000000
153.730000	46.140000	-156.414993	21.909600	4.840610	133.479027	1283.856211	0.000000
153.730000	46.140000	-156.414993	22.159600	2.650410	133.308361	1278.706485	0.000000
153.730000	46.140000	-156.414993	22.409600	2.448626	133.136270	1273.670877	0.000000
153.730000	46.140000	-156.414993	22.659600	2.570472	132.962570	1268.635268	0.000000
153.730000	46.140000	-156.414993	22.909600	2.693118	132.787426	1263.599660	0.000000
153.730000	46.140000	-156.414993	23.159600	2.816756	132.610647	1258.564051	0.000000
153.730000	46.140000	-156.414993	23.409600	2.849086	132.432405	1253.528443	0.000000
153.730000	46.140000	-156.414993	23.659600	2.941941	132.252502	1248.525171	0.000000
153.730000	46.140000	-156.414993	23.909600	2.922457	132.071118	1243.607831	0.000000
153.730000	46.140000	-156.414993	24.159600	3.049785	131.888047	1238.690492	0.000000
153.730000	46.140000	-156.414993	24.409600	3.177957	131.703476	1233.773153	0.000000
153.730000	46.140000	-156.414993	24.659600	3.307185	131.517191	1228.855814	0.000000
153.730000	46.140000	-156.164993	15.659600	-4.469509	137.211531	1409.513893	1.000000
153.730000	46.140000	-156.164993	15.909600	-4.369021	137.075819	1405.212117	1.000000
153.730000	46.140000	-156.164993	16.159600	-5.246361	136.938865	1400.910342	1.000000
153.730000	46.140000	-156.164993	16.409600	-5.918864	136.800660	1396.616153	1.000000
153.730000	46.140000	-156.164993	16.659600	-5.619070	136.661193	1392.283348	2.000000
153.730000	46.140000	-156.164993	16.909600	-5.445083	136.520458	1387.950543	2.000000
153.730000	46.140000	-156.164993	17.159600	-5.270222	136.378439	1383.617738	2.000000
153.730000	46.140000	-156.164993	17.409600	-4.554875	136.235133	1379.284934	1.000000
153.730000	46.140000	-156.164993	17.659600	-2.163972	136.090524	1374.786040	1.000000
153.730000	46.140000	-156.164993	17.909600	-1.000939	135.944608	1369.869833	1.000000
153.730000	46.140000	-156.164993	18.159600	-0.903417	135.797368	1364.949985	2.000000
153.730000	46.140000	-156.164993	18.409600	-0.815526	135.648802	1359.969970	2.000000
153.730000	46.140000	-156.164993	18.659600	-0.899175	135.498891	1354.989955	1.000000
153.730000	46.140000	-156.164993	18.909600	-0.852390	135.347634	1350.009940	1.000000
153.730000	46.140000	-156.164993	19.159600	-1.025936	135.195010	1345.029924	1.000000
153.730000	46.140000	-156.164993	19.409600	-2.003344	135.041022	1340.144619	1.000000
153.730000	46.140000	-156.164993	19.659600	-1.659992	134.885644	1335.363511	1.000000
153.730000	46.140000	-156.164993	19.909600	-0.496243	134.728882	1330.562657	1.000000
153.730000	46.140000	-156.164993	20.159600	0.612926	134.570708	1325.605297	1.000000
153.730000	46.140000	-156.164993	20.409600	1.983195	134.411131	1320.647938	1.000000
153.730000	46.140000	-156.164993	20.659600	3.665054	134.250119	1315.536265	1.000000
153.730000	46.140000	-156.164993	20.909600	4.940293	134.087684	1310.318753	1.000000
153.730000	46.140000	-156.164993	21.159600	5.643603	133.923792	1304.833800	1.000000
153.730000	46.140000	-156.164993	21.409600	5.884774	133.758456	1299.300463	1.000000
153.730000	46.140000	-156.164993	21.659600	5.824536	133.591640	1293.767126	1.000000
153.730000	46.140000	-156.164993	21.909600	3.814547	133.423361	1288.303334	0.000000
153.730000	46.140000	-156.164993	22.159600	2.382534	133.253578	1283.267726	0.000000
153.730000	46.140000	-156.164993	22.409600	2.502585	133.082312	1278.232117	0.000000
153.730000	46.140000	-156.164993	22.659600	2.623523	132.909519	1273.196509	0.000000
153.730000	46.140000	-156.164993	22.909600	2.745323	132.735221	1268.160901	0.000000
153.730000	46.140000	-156.164993	23.159600	2.868028	132.559374	1263.125292	0.000000
153.730000	46.140000	-156.164993	23.409600	2.991612	132.382002	1258.089684	0.000000
153.730000	46.140000	-156.164993	23.659600	2.972930	132.203057	1253.054075	0.000000
153.730000	46.140000	-156.164993	23.909600	3.065622	132.022566	1248.104203	0.000000
153.730000	46.140000	-156.164993	24.159600	3.097353	131.840479	1243.186863	0.000000
153.730000	46.140000	-156.164993	24.409600	3.224607	131.656825	1238.269524	0.000000
153.730000	46.140000	-156.164993	24.659600	3.352825	131.471551	1233.352185	0.000000
153.730000	46.140000	-155.914993	15.659600	-4.396942	137.138965	1413.996047	1.000000
153.730000	46.140000	-155.914993	15.909600	-4.297091	137.003890	1409.694272	1.000000
153.730000	46.140000	-155.914993	16.159600	-4.995848	136.867527	1405.392496	1.000000
153.730000	46.140000	-155.914993	16.409600	-6.066395	136.729976	1401.328523	1.000000
153.730000	46.140000	-155.914993	16.659600	-5.215604	136.591116	1396.995718	1.000000
153.730000	46.140000	-155.914993	16.909600	-5.112938	136.451051	1392.662913	2.000000
153.730000	46.140000	-155.914993	17.159600	-5.009526	136.309656	1388.330109	1.000000
153.730000	46.140000	-155.914993	17.409600	-4.142807	136.167038	1383.997304	1.000000
153.730000	46.140000	-155.914993	17.659600	-1.800165	136.023069	1379.429059	1.000000
153.730000	46.140000	-155.914993	17.909600	-0.662945	135.877860	1374.512852	1.000000
153.730000	46.140000	-155.914993	18.159600	-0.568289	135.731276	1369.596645	2.000000
153.730000	46.140000	-155.914993	18.409600	-0.657852	135.583436	1364.680438	2.000000
153.730000	46.140000	-155.914993	18.659600	-0.620027	135.434198	1359.764231	1.000000
153.730000	46.140000	-155.914993	18.909600	-0.530067	135.283686	1354.804938	1.000000
153.730000	46.140000	-155.914993	19.159600	-0.877355	135.131755	1349.828076	2.000000
153.730000	46.140000	-155.914993	19.409600	-0.606657	134.978531	1345.018861	2.000000
153.730000	46.140000	-155.914993	19.659600	0.476225	134.823864	1340.061501	1.000000
153.730000	46.140000	-155.914993	19.909600	1.076574	134.667887	1335.104142	1.000000
153.730000	46.140000	-155.914993	20.159600	1.569790	134.510443	1330.146783	0.000000
153.730000	46.140000	-155.914993	20.409600	3.249864	134.351672	1325.094906	1.000000
153.730000	46.140000	-155.914993	20.659600	4.164674	134.191410	1319.877394	1.000000
153.730000	46.140000	-155.914993	20.909600	4.901384	134.029802	1314.659883	1.000000
153.730000	46.140000	-155.914993	21.159600	5.606968	133.866681	1309.211378	1.000000
153.730000	46.140000	-155.914993	21.409600	5.941036	133.702194	1303.678041	1.000000
153.730000	46.140000	-155.914993	21.659600	5.402646	133.536170	1298.144704	0.000000
153.730000	46.140000	-155.914993	21.909600	3.004706	133.368763	1292.864575	0.000000
153.730000	46.140000	-155.914993	22.159600	2.436320	133.199793	1287.828966	0.000000
153.730000	46.140000	-155.914993	22.409600	2.555475	133.029422	1282.793358	0.000000
153.730000	46.140000	-155.914993	22.659600	2.675578	132.857464	1277.757750	0.000000
153.730000	46.140000	-155.914993	22.909600	2.796458	132.684086	1272.722141	0.000000
153.730000	46.140000	-155.914993	23.159600	2.918306	132.509096	1267.686533	0.000000
153.730000	46.140000	-155.914993	23.409600	3.040945	132.332669	1262.650924	0.000000
153.730000	46.140000	-155.914993	23.659600	3.105159	132.154604	1257.615316	0.000000
153.730000	46.140000	-155.914993	23.909600	3.160987	131.975084	1252.600574	0.000000
153.730000	46.140000	-155.914993	24.159600	3.143931	131.793901	1247.683234	0.000000
153.730000	46.140000	-155.914993	24.409600	3.270189	131.611243	1242.765895	0.000000
153.730000	46.140000	-155.914993	24.659600	3.397478	131.426898	1237.848556	0.000000
153.730000	46.140000	-155.664993	15.659600	-4.325380	137.067403	1418.478201	1.000000
153.730000	46.140000	-155.664993	15.909600	-4.226116	136.932915	1414.176426	1.000000
153.730000	46.140000	-155.664993	16.159600	-5.551212	136.797199	1409.874650	1.000000
153.730000	46.140000	-155.664993	16.409600	-5.850617	136.660249	1405.992712	1.000000
153.730000	46.140000	-155.664993	16.659600	-5.304936	136.522053	1401.708088	1.000000
153.730000	46.140000	-155.664993	16.909600	-5.044493	136.382606	1397.375283	2.000000
153.730000	46.140000	-155.664993	17.159600	-4.941762	136.241891	1393.042479	1.000000
153.730000	46.140000	-155.664993	17.409600	-3.854447	136.099907	1388.709674	1.000000
153.730000	46.140000	-155.664993	17.659600	-1.525077	135.956637	1384.072078	1.000000
153.730000	46.140000	-155.664993	17.909600	-0.597163	135.812077	1379.155871	1.000000
153.730000	46.140000	-155.664993	18.159600	-0.491994	135.666211	1374.239664	2.000000
153.730000	46.140000	-155.664993	18.409600	-0.386123	135.519038	1369.323457	1.000000
153.730000	46.140000	-155.664993	18.659600	-0.279530	135.370536	1364.407250	1.000000
153.730000	46.140000	-155.664993	18.909600	0.023100	135.220709	1359.491043	2.000000
153.730000	46.140000	-155.664993	19.159600	0.313409	135.069533	1354.517705	2.000000
153.730000	46.140000	-155.664993	19.409600	0.916729	134.917012	1349.560346	2.000000
153.730000	46.140000	-155.664993	19.659600	1.026288	134.763121	1344.602987	2.000000
153.730000	46.140000	-155.664993	19.909600	1.236704	134.607865	1339.645627	2.000000
153.730000	46.140000	-155.664993	20.159600	2.836102	134.451218	1334.653547	1.000000
153.730000	46.140000	-155.664993	20.409600	4.109393	134.293187	1329.436035	0.000000
153.730000	46.140000	-155.664993	20.659600	4.222341	134.133743	1324.218524	1.000000
153.730000	46.140000	-155.664993	20.909600	4.861123	133.972896	1319.001012	1.000000
153.730000	46.140000	-155.664993	21.159600	5.568928	133.810613	1313.588956	1.000000
153.730000	46.140000	-155.664993	21.409600	5.996322	133.646908	1308.055620	0.000000
153.730000	46.140000	-155.664993	21.659600	4.573942	133.481745	1302.522283	0.000000
153.730000	46.140000	-155.664993	21.909600	2.544081	133.315140	1297.425815	0.000000
153.730000	46.140000	-155.664993	22.159600	2.489058	133.147054	1292.390207	0.000000
153.730000	46.140000	-155.664993	22.409600	2.607390	132.977507	1287.354599	0.000000
153.730000	46.140000	-155.664993	22.659600	2.726585	132.806457	1282.318990	0.000000
153.730000	46.140000	-155.664993	22.909600	2.846619	132.633925	1277.283382	0.000000
153.730000	46.140000	-155.664993	23.159600	2.967535	132.459867	1272.247773	0.000000
153.730000	46.140000	-155.664993	23.409600	3.089306	132.284308	1267.212165	0.000000
153.730000	46.140000	-155.664993	23.659600	3.211976	132.107200	1262.176557	0.000000
153.730000	46.140000	-155.664993	23.909600	3.189088	131.928571	1257.140948	0.000000
153.730000	46.140000	-155.664993	24.159600	3.317355	131.748370	1252.179606	0.000000
153.730000	46.140000	-155.664993	24.409600	3.314804	131.566629	1247.262266	0.000000
153.730000	46.140000	-155.664993	24.659600	3.441085	131.383292	1242.344927	0.000000
153.730000	46.140000	-155.414993	15.909600	-4.156149	136.862948	1418.658580	1.000000
153.730000	46.140000	-155.414993	16.159600	-5.226872	136.727828	1414.356804	1.000000
153.730000	46.140000	-155.414993	16.409600	-5.781803	136.591537	1410.401112	1.000000
153.730000	46.140000	-155.414993	16.659600	-6.134304	136.453952	1406.420458	1.000000
153.730000	46.140000	-155.414993	16.909600	-4.977066	136.315179	1402.087653	0.000000
153.730000	46.140000	-155.414993	17.159600	-4.874962	136.175092	1397.754849	0.000000
153.730000	46.140000	-155.414993	17.409600	-3.568652	136.033800	1393.422044	1.000000
153.730000	46.140000	-155.414993	17.659600	-1.252437	135.891173	1388.715097	1.000000
153.730000	46.140000	-155.414993	17.909600	-0.532409	135.747324	1383.798890	1.000000
153.730000	46.140000	-155.414993	18.159600	-0.427900	135.602117	1378.882683	1.000000
153.730000	46.140000	-155.414993	18.409600	-0.322758	135.455672	1373.966476	1.000000
153.730000	46.140000	-155.414993	18.659600	0.080039	135.307848	1369.050269	1.000000
153.730000	46.140000	-155.414993	18.909600	0.673331	135.158769	1364.081468	2.000000
153.730000	46.140000	-155.414993	19.159600	0.894602	135.008287	1359.084130	2.000000
153.730000	46.140000	-155.414993	19.409600	1.013301	134.856533	1354.101831	2.000000
153.730000	46.140000	-155.414993	19.659600	1.086054	134.703355	1349.144472	2.000000
153.730000	46.140000	-155.414993	19.909600	2.423649	134.548887	1344.187113	2.000000
153.730000	46.140000	-155.414993	20.159600	3.987043	134.392972	1338.994677	1.000000
153.730000	46.140000	-155.414993	20.409600	4.166831	134.235749	1333.777165	1.000000
153.730000	46.140000	-155.414993	20.659600	4.279028	134.077056	1328.559653	0.000000
153.730000	46.140000	-155.414993	20.909600	4.819436	133.917038	1323.342141	0.000000
153.730000	46.140000	-155.414993	21.159600	5.529547	133.755526	1317.966535	0.000000
153.730000	46.140000	-155.414993	21.409600	5.734797	133.592672	1312.433198	0.000000
153.730000	46.140000	-155.414993	21.659600	3.545723	133.428300	1307.022665	0.000000
153.730000	46.140000	-155.414993	21.909600	2.424122	133.262568	1301.987056	0.000000
153.730000	46.140000	-155.414993	22.159600	2.540817	133.095295	1296.951448	0.000000
153.730000	46.140000	-155.414993	22.409600	2.658253	132.926644	1291.915839	0.000000
153.730000	46.140000	-155.414993	22.659600	2.776613	132.756428	1286.880231	0.000000
153.730000	46.140000	-155.414993	22.909600	2.895728	132.584816	1281.844623	0.000000
153.730000	46.140000	-155.414993	23.159600	3.015787	132.411615	1276.809014	0.000000
153.730000	46.140000	-155.414993	23.409600	3.136614	132.236999	1271.773406	0.000000
153.730000	46.140000	-155.414993	23.659600	3.258405	132.060771	1266.737797	0.000000
153.730000	46.140000	-155.414993	23.909600	3.354238	131.883111	1261.702189	0.000000
153.730000	46.140000	-155.414993	24.159600	3.373241	131.703812	1256.675977	0.000000
153.730000	46.140000	-155.414993	24.409600	3.358368	131.523065	1251.758637	0.000000
153.730000	46.140000	-155.414993	24.659600	3.483722	131.340654	1246.841298	0.000000
153.730000	46.140000	-155.164993	15.909600	-4.087124	136.793923	1423.140734	0.000000
153.730000	46.140000	-155.164993	16.159600	-4.905521	136.659454	1418.838959	0.000000
153.730000	46.140000	-155.164993	16.409600	-6.400867	136.523769	1414.809512	0.000000
153.730000	46.140000	-155.164993	16.659600	-6.189367	136.386852	1411.092978	0.000000
153.730000	46.140000	-155.164993	16.909600	-5.041516	136.248700	1406.800023	0.000000
153.730000	46.140000	-155.164993	17.159600	-4.809168	136.109298	1402.467219	0.000000
153.730000	46.140000	-155.164993	17.409600	-3.285338	135.968643	1398.134414	0.000000
153.730000	46.140000	-155.164993	17.659600	-0.982275	135.826718	1393.358116	0.000000
153.730000	46.140000	-155.164993	17.909600	-0.468608	135.683522	1388.441909	0.000000
153.730000	46.140000	-155.164993	18.159600	-0.364819	135.539036	1383.525702	0.000000
153.730000	46.140000	-155.164993	18.409600	0.000457	135.393261	1378.609495	1.000000
153.730000	46.140000	-155.164993	18.659600	0.592338	135.246176	1373.646708	2.000000
153.730000	46.140000	-155.164993	18.909600	0.886694	135.097784	1368.649370	2.000000
153.730000	46.140000	-155.164993	19.159600	0.993316	134.948061	1363.652032	2.000000
153.730000	46.140000	-155.164993	19.409600	1.065768	134.797012	1358.654694	2.000000
153.730000	46.140000	-155.164993	19.659600	2.104453	134.644612	1353.685957	2.000000
153.730000	46.140000	-155.164993	19.909600	3.688400	134.490867	1348.553318	1.000000
153.730000	46.140000	-155.164993	20.159600	4.112701	134.335750	1343.335806	1.000000
153.730000	46.140000	-155.164993	20.409600	4.223311	134.179269	1338.118294	1.000000
153.730000	46.140000	-155.164993	20.659600	4.334689	134.021395	1332.900782	1.000000
153.730000	46.140000	-155.164993	20.909600	4.776410	133.862139	1327.683270	1.000000
153.730000	46.140000	-155.164993	21.159600	5.488774	133.701467	1322.344113	1.000000
153.730000	46.140000	-155.164993	21.409600	5.308151	133.539395	1316.810776	1.000000
153.730000	46.140000	-155.164993	21.659600	2.899358	133.375885	1311.583905	1.000000
153.730000	46.140000	-155.164993	21.909600	2.475734	133.210956	1306.548297	0.000000
153.730000	46.140000	-155.164993	22.159600	2.591545	133.044567	1301.512688	0.000000
153.730000	46.140000	-155.164993	22.409600	2.708157	132.876740	1296.477080	0.000000
153.730000	46.140000	-155.164993	22.659600	2.825610	132.707431	1291.441472	0.000000
153.730000	46.140000	-155.164993	22.909600	2.943880	132.536664	1286.405863	0.000000
153.730000	46.140000	-155.164993	23.159600	3.063008	132.364394	1281.370255	0.000000
153.730000	46.140000	-155.164993	23.409600	3.182968	132.190646	1276.334646	0.000000
153.730000	46.140000	-155.164993	23.659600	3.303803	132.015373	1271.299038	0.000000
153.730000	46.140000	-155.164993	23.909600	3.425485	131.838603	1266.263430	0.000000
153.730000	46.140000	-155.164993	24.159600	3.398401	131.660285	1261.227821	0.000000
153.730000	46.140000	-155.164993	24.409600	3.555513	131.480450	1256.255009	0.000000
153.730000	46.140000	-155.164993	24.659600	3.525331	131.299046	1251.337669	0.000000
153.730000	46.140000	-155.164993	24.909600	3.650555	131.116106	1246.420330	0.000000
153.730000	46.140000	-154.914993	15.909600	-4.019095	136.725894	1427.622888	0.000000
153.730000	46.140000	-154.914993	16.159600	-4.587093	136.592025	1423.321113	0.000000
153.730000	46.140000	-154.914993	16.409600	-6.066330	136.457002	1419.217912	0.000000
153.730000	46.140000	-154.914993	16.659600	-6.382133	136.320700	1415.501379	0.000000
153.730000	46.140000	-154.914993	16.909600	-5.897546	136.183227	1411.512393	0.000000
153.730000	46.140000	-154.914993	17.159600	-4.744325	136.044455	1407.179589	0.000000
153.730000	46.140000	-154.914993	17.409600	-3.004555	135.904496	1402.846784	0.000000
153.730000	46.140000	-154.914993	17.659600	-0.714525	135.763217	1398.001135	0.000000
153.730000	46.140000	-154.914993	17.909600	-0.405820	135.620735	1393.084928	0.000000
153.730000	46.140000	-154.914993	18.159600	-0.077965	135.476912	1388.168721	0.000000
153.730000	46.140000	-154.914993	18.409600	0.512454	135.331868	1383.211948	0.000000
153.730000	46.140000	-154.914993	18.659600	0.841505	135.185463	1378.214610	1.000000
153.730000	46.140000	-154.914993	18.909600	0.946657	135.037821	1373.217272	1.000000
153.730000	46.140000	-154.914993	19.159600	1.495735	134.888795	1368.219934	2.000000
153.730000	46.140000	-154.914993	19.409600	2.511926	134.738516	1363.222596	2.000000
153.730000	46.140000	-154.914993	19.659600	3.818494	134.586831	1358.093275	1.000000
153.730000	46.140000	-154.914993	19.909600	4.271836	134.433875	1352.894447	1.000000
153.730000	46.140000	-154.914993	20.159600	4.255541	134.279491	1347.676935	1.000000
153.730000	46.140000	-154.914993	20.409600	4.278760	134.123820	1342.459423	2.000000
153.730000	46.140000	-154.914993	20.659600	4.389385	133.966699	1337.241911	1.000000
153.730000	46.140000	-154.914993	20.909600	4.731969	133.808272	1332.024400	1.000000
153.730000	46.140000	-154.914993	21.159600	5.446671	133.648373	1326.721692	1.000000
153.730000	46.140000	-154.914993	21.409600	4.304006	133.487152	1321.188355	1.000000
153.730000	46.140000	-154.914993	21.659600	2.433802	133.324434	1316.145146	1.000000
153.730000	46.140000	-154.914993	21.909600	2.526312	133.160378	1311.109537	1.000000
153.730000	46.140000	-154.914993	22.159600	2.641310	132.994802	1306.073929	0.000000
153.730000	46.140000	-154.914993	22.409600	2.757027	132.827870	1301.038321	0.000000
153.730000	46.140000	-154.914993	22.659600	2.873646	132.659396	1296.002712	0.000000
153.730000	46.140000	-154.914993	22.909600	2.990997	132.489548	1290.967104	0.000000
153.730000	46.140000	-154.914993	23.159600	3.109269	132.318133	1285.931496	0.000000
153.730000	46.140000	-154.914993	23.409600	3.228286	132.145328	1280.895887	0.000000
153.730000	46.140000	-154.914993	23.659600	3.348244	131.970933	1275.860279	0.000000
153.730000	46.140000	-154.914993	23.909600	3.468959	131.795129	1270.824670	0.000000
153.730000	46.140000	-154.914993	24.159600	3.590634	131.617712	1265.789062	0.000000
153.730000	46.140000	-154.914993	24.409600	3.578519	131.438869	1260.753454	0.000000
153.730000	46.140000	-154.914993	24.659600	3.572028	131.258388	1255.834041	0.000000
153.730000	46.140000	-154.914993	24.909600	3.690195	131.076465	1250.916701	0.000000
153.730000	46.140000	-154.664993	16.159600	-4.271614	136.525580	1427.803267	0.000000
153.730000	46.140000	-154.664993	16.409600	-5.734837	136.391166	1423.626312	0.000000
153.730000	46.140000	-154.664993	16.659600	-7.328772	136.255536	1419.909779	0.000000
153.730000	46.140000	-154.664993	16.909600	-5.954910	136.118687	1416.193245	1.000000
153.730000	46.140000	-154.664993	17.159600	-4.783968	135.980604	1411.891959	1.000000
153.730000	46.140000	-154.664993	17.409600	-2.518736	135.841285	1407.559154	1.000000
153.730000	46.140000	-154.664993	17.659600	-0.449220	135.700712	1402.644154	1.000000
153.730000	46.140000	-154.664993	17.909600	-0.155314	135.558886	1397.727947	1.000000
153.730000	46.140000	-154.664993	18.159600	0.433741	135.415786	1392.777188	0.000000
153.730000	46.140000	-154.664993	18.409600	0.797433	135.271416	1387.779850	0.000000
153.730000	46.140000	-154.664993	18.659600	1.370939	135.125752	1382.782512	1.000000
153.730000	46.140000	-154.664993	18.909600	2.408879	134.978800	1377.785174	1.000000
153.730000	46.140000	-154.664993	19.159600	3.522565	134.830534	1372.647486	1.000000
153.730000	46.140000	-154.664993	19.409600	4.253554	134.680962	1367.483531	1.000000
153.730000	46.140000	-154.664993	19.659600	4.476554	134.530057	1362.319577	1.000000
153.730000	46.140000	-154.664993	19.909600	4.467394	134.377826	1357.155623	1.000000
153.730000	46.140000	-154.664993	20.159600	4.471736	134.224242	1351.991668	1.000000
153.730000	46.140000	-154.664993	20.409600	4.549802	134.069315	1346.800552	2.000000
153.730000	46.140000	-154.664993	20.659600	4.555037	133.913013	1341.583041	1.000000
153.730000	46.140000	-154.664993	20.909600	4.686201	133.755350	1336.365529	1.000000
153.730000	46.140000	-154.664993	21.159600	4.936373	133.596291	1331.099270	1.000000
153.730000	46.140000	-154.664993	21.409600	3.273732	133.435852	1325.741995	1.000000
153.730000	46.140000	-154.664993	21.659600	2.462635	133.273997	1320.706387	1.000000
153.730000	46.140000	-154.664993	21.909600	2.575947	133.110744	1315.670778	1.000000
153.730000	46.140000	-154.664993	22.159600	2.690060	132.946052	1310.635170	0.000000
153.730000	46.140000	-154.664993	22.409600	2.804954	132.779943	1305.599561	0.000000
153.730000	46.140000	-154.664993	22.659600	2.920666	132.612376	1300.563953	0.000000
153.730000	46.140000	-154.664993	22.909600	3.037172	132.443372	1295.528345	0.000000
153.730000	46.140000	-154.664993	23.159600	3.154515	132.272887	1290.492736	0.000000
153.730000	46.140000	-154.664993	23.409600	3.272665	132.100948	1285.457128	0.000000
153.730000	46.140000	-154.664993	23.659600	3.391670	131.927507	1280.421519	0.000000
153.730000	46.140000	-154.664993	23.909600	3.511496	131.752592	1275.385911	0.000000
153.730000	46.140000	-154.664993	24.159600	3.632193	131.576152	1270.350303	0.000000
153.730000	46.140000	-154.664993	24.409600	3.607356	131.398221	1265.314694	0.000000
153.730000	46.140000	-154.664993	24.659600	3.756861	131.218743	1260.330412	0.000000
153.730000	46.140000	-154.664993	24.909600	3.728906	131.037755	1255.413072	0.000000
153.730000	46.140000	-154.414993	16.159600	-3.959018	136.460066	1432.285421	0.000000
153.730000	46.140000	-154.414993	16.409600	-5.479294	136.326318	1428.034712	0.000000
153.730000	46.140000	-154.414993	16.659600	-7.264543	136.191306	1424.318179	1.000000
153.730000	46.140000	-154.414993	16.909600	-6.123213	136.055140	1420.601645	1.000000
153.730000	46.140000	-154.414993	17.159600	-5.436211	135.917690	1416.604329	1.000000
153.730000	46.140000	-154.414993	17.409600	-2.029920	135.779070	1412.203380	1.000000
153.730000	46.140000	-154.414993	17.659600	-0.231552	135.639147	1407.287173	1.000000
153.730000	46.140000	-154.414993	17.909600	0.356093	135.498037	1402.342428	1.000000
153.730000	46.140000	-154.414993	18.159600	1.250823	135.355603	1397.345090	1.000000
153.730000	46.140000	-154.414993	18.409600	2.310473	135.211967	1392.347752	0.000000
153.730000	46.140000	-154.414993	18.659600	3.421756	135.066986	1387.201696	0.000000
153.730000	46.140000	-154.414993	18.909600	4.127736	134.920785	1382.037742	1.000000
153.730000	46.140000	-154.414993	19.159600	4.320599	134.773220	1376.873788	1.000000
153.730000	46.140000	-154.414993	19.409600	4.426105	134.624418	1371.709833	1.000000
153.730000	46.140000	-154.414993	19.659600	4.532381	134.474230	1366.545879	1.000000
153.730000	46.140000	-154.414993	19.909600	4.639290	134.322790	1361.381924	1.000000
153.730000	46.140000	-154.414993	20.159600	4.746987	134.169941	1356.217970	1.000000
153.730000	46.140000	-154.414993	20.409600	4.794030	134.015824	1351.054016	2.000000
153.730000	46.140000	-154.414993	20.659600	4.843271	133.860276	1345.890061	1.000000
153.730000	46.140000	-154.414993	20.909600	5.020389	133.703443	1340.706658	1.000000
153.730000	46.140000	-154.414993	21.159600	4.453102	133.545158	1335.476848	1.000000
153.730000	46.140000	-154.414993	21.409600	2.803314	133.385571	1330.303236	1.000000
153.730000	46.140000	-154.414993	21.659600	2.512124	133.224508	1325.267627	1.000000
153.730000	46.140000	-154.414993	21.909600	2.624563	133.062127	1320.232019	1.000000
153.730000	46.140000	-154.414993	22.159600	2.737863	132.898249	1315.196410	0.000000
153.730000	46.140000	-154.414993	22.409600	2.851862	132.733035	1310.160802	0.000000
153.730000	46.140000	-154.414993	22.659600	2.966741	132.566301	1305.125194	0.000000
153.730000	46.140000	-154.414993	22.909600	3.082329	132.398215	1300.089585	0.000000
153.730000	46.140000	-154.414993	23.159600	3.198817	132.228585	1295.053977	0.000000
153.730000	46.140000	-154.414993	23.409600	3.316027	132.057587	1290.018368	0.000000
153.730000	46.140000	-154.414993	23.659600	3.434155	131.885021	1284.982760	0.000000
153.730000	46.140000	-154.414993	23.909600	3.553017	131.711071	1279.947152	0.000000
153.730000	46.140000	-154.414993	24.159600	3.672815	131.535530	1274.911543	0.000000
153.730000	46.140000	-154.414993	24.409600	3.793359	131.358588	1269.875935	0.000000
153.730000	46.140000	-154.414993	24.659600	3.777041	131.180032	1264.840326	0.000000
153.730000	46.140000	-154.414993	24.909600	3.806027	131.000057	1259.909444	0.000000
153.730000	46.140000	-154.164993	16.159600	-3.724533	136.395524	1436.767575	0.000000
153.730000	46.140000	-154.164993	16.409600	-5.389694	136.262388	1432.465800	1.000000
153.730000	46.140000	-154.164993	16.659600	-7.115910	136.128052	1428.726579	1.000000
153.730000	46.140000	-154.164993	16.909600	-7.102604	135.992513	1425.010045	1.000000
153.730000	46.140000	-154.164993	17.159600	-5.246014	135.855756	1421.293512	1.000000
153.730000	46.140000	-154.164993	17.409600	-1.703709	135.717779	1416.846399	1.000000
153.730000	46.140000	-154.164993	17.659600	0.799721	135.578564	1411.907668	1.000000
153.730000	46.140000	-154.164993	17.909600	2.248317	135.438113	1406.910330	1.000000
153.730000	46.140000	-154.164993	18.159600	3.422602	135.296405	1401.755907	1.000000
153.730000	46.140000	-154.164993	18.409600	4.171554	135.153444	1396.591952	0.000000
153.730000	46.140000	-154.164993	18.659600	4.401043	135.009207	1391.427998	0.000000
153.730000	46.140000	-154.164993	18.909600	4.571107	134.863699	1386.264044	0.000000
153.730000	46.140000	-154.164993	19.159600	4.742017	134.716895	1381.100089	1.000000
153.730000	46.140000	-154.164993	19.409600	4.913766	134.568803	1375.936135	1.000000
153.730000	46.140000	-154.164993	19.659600	5.086381	134.419396	1370.772181	1.000000
153.730000	46.140000	-154.164993	19.909600	5.259850	134.268683	1365.608226	1.000000
153.730000	46.140000	-154.164993	20.159600	5.458542	134.116635	1360.444272	1.000000
153.730000	46.140000	-154.164993	20.409600	5.687575	133.963263	1355.271426	1.000000
153.730000	46.140000	-154.164993	20.659600	5.716740	133.808536	1350.087780	1.000000
153.730000	46.140000	-154.164993	20.909600	4.804850	133.652467	1344.904134	1.000000
153.730000	46.140000	-154.164993	21.159600	3.486225	133.495022	1339.835531	1.000000
153.730000	46.140000	-154.164993	21.409600	2.848420	133.336218	1334.860244	1.000000
153.730000	46.140000	-154.164993	21.659600	2.938848	133.176018	1329.828868	1.000000
153.730000	46.140000	-154.164993	21.909600	2.871262	133.014439	1324.793260	1.000000
153.730000	46.140000	-154.164993	22.159600	2.793634	132.851445	1319.757651	1.000000
153.730000	46.140000	-154.164993	22.409600	2.897843	132.687054	1314.722043	0.000000
153.730000	46.140000	-154.164993	22.659600	3.011816	132.521225	1309.686434	0.000000
153.730000	46.140000	-154.164993	22.909600	3.126561	132.353983	1304.650826	0.000000
153.730000	46.140000	-154.164993	23.159600	3.242121	132.185281	1299.615218	0.000000
153.730000	46.140000	-154.164993	23.409600	3.358466	132.015148	1294.579609	0.000000
153.730000	46.140000	-154.164993	23.659600	3.475642	131.843534	1289.544001	0.000000
153.730000	46.140000	-154.164993	23.909600	3.593617	131.670471	1284.508392	0.000000
153.730000	46.140000	-154.164993	24.159600	3.712440	131.495906	1279.472784	0.000000
153.730000	46.140000	-154.164993	24.409600	3.832075	131.319872	1274.437176	0.000000
153.730000	46.140000	-154.164993	24.659600	3.838979	131.142316	1269.401567	0.000000
153.730000	46.140000	-154.164993	24.909600	3.951318	130.963273	1264.405815	0.000000
153.730000	46.140000	-153.914993	16.409600	-5.229828	136.199434	1436.947954	1.000000
153.730000	46.140000	-153.914993	16.659600	-6.777438	136.065719	1433.134979	1.000000
153.730000	46.140000	-153.914993	16.909600	-7.040956	135.930866	1429.418445	1.000000
153.730000	46.140000	-153.914993	17.159600	-5.064095	135.794746	1425.701912	1.000000
153.730000	46.140000	-153.914993	17.409600	0.237829	135.657470	1421.472908	1.000000
153.730000	46.140000	-153.914993	17.659600	3.884812	135.518908	1416.310117	1.000000
153.730000	46.140000	-153.914993	17.909600	4.672651	135.379176	1411.136386	1.000000
153.730000	46.140000	-153.914993	18.159600	4.900609	135.238136	1405.952740	1.000000
153.730000	46.140000	-153.914993	18.409600	5.069756	135.095911	1400.769094	0.000000
153.730000	46.140000	-153.914993	18.659600	5.239792	134.952359	1395.585448	0.000000
153.730000	46.140000	-153.914993	18.909600	5.410591	134.807605	1390.401802	0.000000
153.730000	46.140000	-153.914993	19.159600	5.582298	134.661503	1385.218156	0.000000
153.730000	46.140000	-153.914993	19.409600	5.754782	134.514183	1380.034510	0.000000
153.730000	46.140000	-153.914993	19.659600	5.928193	134.365495	1374.850864	0.000000
153.730000	46.140000	-153.914993	19.909600	6.102395	134.215573	1369.667218	0.000000
153.730000	46.140000	-153.914993	20.159600	6.277544	134.064262	1364.483572	0.000000
153.730000	46.140000	-153.914993	20.409600	5.602572	133.911701	1359.299926	1.000000
153.730000	46.140000	-153.914993	20.659600	4.423159	133.757728	1354.167761	1.000000
153.730000	46.140000	-153.914993	20.909600	3.390888	133.602490	1349.192474	1.000000
153.730000	46.140000	-153.914993	21.159600	3.193514	133.445820	1344.217186	1.000000
153.730000	46.140000	-153.914993	21.409600	3.302847	133.287867	1339.241899	1.000000
153.730000	46.140000	-153.914993	21.659600	3.230464	133.128459	1334.266611	1.000000
153.730000	46.140000	-153.914993	21.909600	3.146168	132.967754	1329.291324	1.000000
153.730000	46.140000	-153.914993	22.159600	3.228833	132.805571	1324.316036	0.000000
153.730000	46.140000	-153.914993	22.409600	3.320650	132.642075	1319.283283	0.000000
153.730000	46.140000	-153.914993	22.659600	3.250648	132.477079	1314.247675	0.000000
153.730000	46.140000	-153.914993	22.909600	3.174434	132.310753	1309.212067	0.000000
153.730000	46.140000	-153.914993	23.159600	3.284497	132.142905	1304.176458	0.000000
153.730000	46.140000	-153.914993	23.409600	3.399903	131.973711	1299.140850	0.000000
153.730000	46.140000	-153.914993	23.659600	3.516204	131.802972	1294.105241	0.000000
153.730000	46.140000	-153.914993	23.909600	3.633217	131.630870	1289.069633	0.000000
153.730000	46.140000	-153.914993	24.159600	3.751144	131.457202	1284.034025	0.000000
153.730000	46.140000	-153.914993	24.409600	3.869793	131.282154	1278.998416	0.000000
153.730000	46.140000	-153.914993	24.659600	3.989374	131.105517	1273.962808	0.000000
153.730000	46.140000	-153.914993	24.909600	3.968621	130.927484	1268.927199	0.000000
153.730000	46.140000	-153.664993	16.409600	-4.910979	136.137385	1441.430108	1.000000
153.730000	46.140000	-153.664993	16.659600	-6.442090	136.004349	1437.543379	1.000000
153.730000	46.140000	-153.664993	16.909600	-6.980217	135.870127	1433.826845	1.000000
153.730000	46.140000	-153.664993	17.159600	-3.782251	135.734701	1430.110312	1.000000
153.730000	46.140000	-153.664993	17.409600	3.434466	135.598072	1425.532179	1.000000
153.730000	46.140000	-153.664993	17.659600	5.304923	135.460221	1420.348533	1.000000
153.730000	46.140000	-153.664993	17.909600	5.439230	135.321150	1415.164887	1.000000
153.730000	46.140000	-153.664993	18.159600	5.539656	135.180839	1409.981241	1.000000
153.730000	46.140000	-153.664993	18.409600	5.640716	135.039291	1404.797595	0.000000
153.730000	46.140000	-153.664993	18.659600	5.742429	134.896485	1399.613949	0.000000
153.730000	46.140000	-153.664993	18.909600	5.844788	134.752425	1394.430303	0.000000
153.730000	46.140000	-153.664993	19.159600	5.947815	134.607087	1389.246657	0.000000
153.730000	46.140000	-153.664993	19.409600	6.051500	134.460478	1384.063011	0.000000
153.730000	46.140000	-153.664993	19.659600	6.155868	134.312573	1378.879365	0.000000
153.730000	46.140000	-153.664993	19.909600	5.800544	134.163379	1373.695719	0.000000
153.730000	46.140000	-153.664993	20.159600	4.653154	134.012869	1368.512073	0.000000
153.730000	46.140000	-153.664993	20.409600	3.471185	133.861054	1363.524703	1.000000
153.730000	46.140000	-153.664993	20.659600	3.026779	133.707903	1358.549416	1.000000
153.730000	46.140000	-153.664993	20.909600	3.133893	133.553429	1353.574128	1.000000
153.730000	46.140000	-153.664993	21.159600	3.241734	133.397600	1348.598841	1.000000
153.730000	46.140000	-153.664993	21.409600	3.350284	133.240430	1343.623554	1.000000
153.730000	46.140000	-153.664993	21.659600	3.459577	133.081884	1338.648266	1.000000
153.730000	46.140000	-153.664993	21.909600	3.569593	132.921981	1333.672979	1.000000
153.730000	46.140000	-153.664993	22.159600	3.680367	132.760682	1328.697691	0.000000
153.730000	46.140000	-153.664993	22.409600	3.604823	132.598008	1323.722404	0.000000
153.730000	46.140000	-153.664993	22.659600	3.521983	132.433917	1318.747116	0.000000
153.730000	46.140000	-153.664993	22.909600	3.609990	132.268433	1313.771829	0.000000
153.730000	46.140000	-153.664993	23.159600	3.703304	132.101512	1308.737699	0.000000
153.730000	46.140000	-153.664993	23.409600	3.630786	131.933181	1303.702091	0.000000
153.730000	46.140000	-153.664993	23.659600	3.556103	131.763391	1298.666482	0.000000
153.730000	46.140000	-153.664993	23.909600	3.671913	131.592174	1293.630874	0.000000
153.730000	46.140000	-153.664993	24.159600	3.788867	131.419479	1288.595265	0.000000
153.730000	46.140000	-153.664993	24.409600	3.906610	131.245338	1283.559657	0.000000
153.730000	46.140000	-153.664993	24.659600	4.025194	131.069697	1278.524049	0.000000
153.730000	46.140000	-153.664993	24.909600	4.063721	130.892593	1273.488440	0.000000
153.730000	46.140000	-153.664993	25.159600	4.138955	130.713969	1268.481218	1.000000
153.730000	46.140000	-153.414993	16.409600	-4.595095	136.076299	1445.912262	0.000000
153.730000	46.140000	-153.414993	16.659600	-6.109798	135.943888	1441.951779	1.000000
153.730000	46.140000	-153.414993	16.909600	-6.920445	135.810354	1438.235246	1.000000
153.730000	46.140000	-153.414993	17.159600	-1.939792	135.675568	1434.518712	1.000000
153.730000	46.140000	-153.414993	17.409600	4.680099	135.539643	1429.560679	1.000000
153.730000	46.140000	-153.414993	17.659600	5.397215	135.402447	1424.377033	1.000000
153.730000	46.140000	-153.414993	17.909600	5.496282	135.264098	1419.193387	1.000000
153.730000	46.140000	-153.414993	18.159600	5.596038	135.124457	1414.009741	1.000000
153.730000	46.140000	-153.414993	18.409600	5.696360	134.983648	1408.826095	0.000000
153.730000	46.140000	-153.414993	18.659600	5.797386	134.841528	1403.642449	0.000000
153.730000	46.140000	-153.414993	18.909600	5.898990	134.698224	1398.458803	0.000000
153.730000	46.140000	-153.414993	19.159600	6.001313	134.553589	1393.275157	0.000000
153.730000	46.140000	-153.414993	19.409600	5.863720	134.407754	1388.091511	0.000000
153.730000	46.140000	-153.414993	19.659600	4.887603	134.260569	1382.907865	0.000000
153.730000	46.140000	-153.414993	19.909600	3.704445	134.112168	1377.856933	0.000000
153.730000	46.140000	-153.414993	20.159600	2.904572	133.962395	1372.881645	0.000000
153.730000	46.140000	-153.414993	20.409600	2.970024	133.811392	1367.906358	0.000000
153.730000	46.140000	-153.414993	20.659600	3.075686	133.658996	1362.931071	1.000000
153.730000	46.140000	-153.414993	20.909600	3.181968	133.505354	1357.955783	1.000000
153.730000	46.140000	-153.414993	21.159600	3.289035	133.350298	1352.980496	1.000000
153.730000	46.140000	-153.414993	21.409600	3.396734	133.193980	1348.005208	1.000000
153.730000	46.140000	-153.414993	21.659600	3.505235	133.036227	1343.029921	1.000000
153.730000	46.140000	-153.414993	21.909600	3.614378	132.877196	1338.054633	0.000000
153.730000	46.140000	-153.414993	22.159600	3.724341	132.716708	1333.079346	0.000000
153.730000	46.140000	-153.414993	22.409600	3.834957	132.554927	1328.104059	0.000000
153.730000	46.140000	-153.414993	22.659600	3.946410	132.391668	1323.128771	0.000000
153.730000	46.140000	-153.414993	22.909600	4.058529	132.227099	1318.153484	0.000000
153.730000	46.140000	-153.414993	23.159600	3.979934	132.061030	1313.178196	0.000000
153.730000	46.140000	-153.414993	23.409600	3.898451	131.893636	1308.202909	0.000000
153.730000	46.140000	-153.414993	23.659600	3.991912	131.724719	1303.227621	0.000000
153.730000	46.140000	-153.414993	23.909600	4.086615	131.554462	1298.192114	0.000000
153.730000	46.140000	-153.414993	24.159600	4.011700	131.382661	1293.156506	0.000000
153.730000	46.140000	-153.414993	24.409600	3.942445	131.209502	1288.120898	0.000000
153.730000	46.140000	-153.414993	24.659600	4.060113	131.034778	1283.085289	0.000000
153.730000	46.140000	-153.414993	24.909600	4.178493	130.858681	1278.049681	1.000000
153.730000	46.140000	-153.414993	25.159600	4.153489	130.680995	1273.014072	1.000000
153.730000	46.140000	-153.414993	25.409600	4.359075	130.501921	1268.060250	1.000000
153.730000	46.140000	-153.164993	16.659600	-5.780591	135.884378	1446.360179	1.000000
153.730000	46.140000	-153.164993	16.909600	-6.285138	135.751477	1442.643646	1.000000
153.730000	46.140000	-153.164993	17.159600	0.630265	135.617388	1438.772825	1.000000
153.730000	46.140000	-153.164993	17.409600	5.356234	135.482112	1433.589179	1.000000
153.730000	46.140000	-153.164993	17.659600	5.454033	135.345630	1428.405533	1.000000
153.730000	46.140000	-153.164993	17.909600	5.552436	135.207944	1423.221887	1.000000
153.730000	46.140000	-153.164993	18.159600	5.651462	135.069034	1418.038241	0.000000
153.730000	46.140000	-153.164993	18.409600	5.751104	134.928904	1412.854595	0.000000
153.730000	46.140000	-153.164993	18.659600	5.851383	134.787532	1407.670949	0.000000
153.730000	46.140000	-153.164993	18.909600	5.932802	134.644923	1402.487303	0.000000
153.730000	46.140000	-153.164993	19.159600	5.126212	134.501054	1397.303657	0.000000
153.730000	46.140000	-153.164993	19.409600	3.942228	134.355931	1392.189163	0.000000
153.730000	46.140000	-153.164993	19.659600	2.956079	134.209529	1387.213875	0.000000
153.730000	46.140000	-153.164993	19.909600	2.811154	134.061858	1382.238588	0.000000
153.730000	46.140000	-153.164993	20.159600	2.914637	133.912888	1377.263300	0.000000
153.730000	46.140000	-153.164993	20.409600	3.018785	133.762631	1372.288013	0.000000
153.730000	46.140000	-153.164993	20.659600	3.123625	133.611057	1367.312725	0.000000
153.730000	46.140000	-153.164993	20.909600	3.229143	133.458179	1362.337438	0.000000
153.730000	46.140000	-153.164993	21.159600	3.335369	133.303965	1357.362151	0.000000
153.730000	46.140000	-153.164993	21.409600	3.442285	133.148429	1352.386863	0.000000
153.730000	46.140000	-153.164993	21.659600	3.549924	132.991538	1347.411576	0.000000
153.730000	46.140000	-153.164993	21.909600	3.658265	132.833309	1342.436288	0.000000
153.730000	46.140000	-153.164993	22.159600	3.767346	132.673703	1337.461001	0.000000
153.730000	46.140000	-153.164993	22.409600	3.877141	132.512743	1332.485713	0.000000
153.730000	46.140000	-153.164993	22.659600	3.987691	132.350387	1327.510426	0.000000
153.730000	46.140000	-153.164993	22.909600	4.098968	132.186660	1322.535139	0.000000
153.730000	46.140000	-153.164993	23.159600	4.211014	132.021516	1317.559851	0.000000
153.730000	46.140000	-153.164993	23.409600	4.323801	131.854983	1312.584564	0.000000
153.730000	46.140000	-153.164993	23.659600	4.437372	131.687014	1307.609276	0.000000
153.730000	46.140000	-153.164993	23.909600	4.355620	131.517639	1302.633989	0.000000
153.730000	46.140000	-153.164993	24.159600	4.279284	131.346808	1297.658701	0.000000
153.730000	46.140000	-153.164993	24.409600	4.374414	131.174553	1292.682138	0.000000
153.730000	46.140000	-153.164993	24.659600	4.466994	131.000822	1287.646530	0.000000
153.730000	46.140000	-153.164993	24.909600	4.393195	130.825650	1282.610922	1.000000
153.730000	46.140000	-153.164993	25.159600	4.281653	130.648982	1277.575313	1.000000
153.730000	46.140000	-153.164993	25.409600	4.610487	130.470856	1272.556621	1.000000
153.730000	46.140000	-152.914993	16.659600	-5.454402	135.825763	1450.768579	0.000000
153.730000	46.140000	-152.914993	16.909600	-4.847667	135.693554	1447.052046	1.000000
153.730000	46.140000	-152.914993	17.159600	2.649831	135.560107	1442.801325	1.000000
153.730000	46.140000	-152.914993	17.409600	5.412808	135.425538	1437.617679	1.000000
153.730000	46.140000	-152.914993	17.659600	5.509950	135.289713	1432.434033	1.000000
153.730000	46.140000	-152.914993	17.909600	5.607630	135.152750	1427.250388	0.000000
153.730000	46.140000	-152.914993	18.159600	5.705983	135.014513	1422.066742	0.000000
153.730000	46.140000	-152.914993	18.409600	5.804885	134.875123	1416.883096	0.000000
153.730000	46.140000	-152.914993	18.659600	5.368804	134.734439	1411.699450	0.000000
153.730000	46.140000	-152.914993	18.909600	4.184222	134.592588	1406.521392	0.000000
153.730000	46.140000	-152.914993	19.159600	3.013668	134.449423	1401.546105	0.000000
153.730000	46.140000	-152.914993	19.409600	2.657051	134.305076	1396.570817	0.000000
153.730000	46.140000	-152.914993	19.659600	2.758484	134.159395	1391.595530	0.000000
153.730000	46.140000	-152.914993	19.909600	2.860495	134.012517	1386.620243	0.000000
153.730000	46.140000	-152.914993	20.159600	2.963240	133.864285	1381.644955	0.000000
153.730000	46.140000	-152.914993	20.409600	3.066576	133.714840	1376.669668	0.000000
153.730000	46.140000	-152.914993	20.659600	3.170660	133.564022	1371.694380	0.000000
153.730000	46.140000	-152.914993	20.909600	3.275347	133.411976	1366.719093	0.000000
153.730000	46.140000	-152.914993	21.159600	3.380799	133.258535	1361.743805	0.000000
153.730000	46.140000	-152.914993	21.409600	3.486863	133.103851	1356.768518	0.000000
153.730000	46.140000	-152.914993	21.659600	3.593710	132.947751	1351.793231	0.000000
153.730000	46.140000	-152.914993	21.909600	3.701181	132.790393	1346.817943	0.000000
153.730000	46.140000	-152.914993	22.159600	3.809450	132.631599	1341.842656	0.000000
153.730000	46.140000	-152.914993	22.409600	3.918353	132.471531	1336.867368	0.000000
153.730000	46.140000	-152.914993	22.659600	4.028072	132.310006	1331.892081	0.000000
153.730000	46.140000	-152.914993	22.909600	4.138436	132.147191	1326.916793	0.000000
153.730000	46.140000	-152.914993	23.159600	4.249632	131.982898	1321.941506	0.000000
153.730000	46.140000	-152.914993	23.409600	4.361484	131.817300	1316.966218	0.000000
153.730000	46.140000	-152.914993	23.659600	4.474185	131.650202	1311.990931	0.000000
153.730000	46.140000	-152.914993	23.909600	4.587552	131.481784	1307.015644	0.000000
153.730000	46.140000	-152.914993	24.159600	4.701784	131.311844	1302.040356	0.000000
153.730000	46.140000	-152.914993	24.409600	4.812525	131.140569	1297.065069	0.000000
153.730000	46.140000	-152.914993	24.659600	4.731903	130.967751	1292.089781	1.000000
153.730000	46.140000	-152.664993	16.659600	-5.131259	135.768087	1455.176979	1.000000
153.730000	46.140000	-152.664993	16.909600	-3.466209	135.636513	1451.460446	1.000000
153.730000	46.140000	-152.664993	17.159600	3.827278	135.503767	1446.829826	0.000000
153.730000	46.140000	-152.664993	17.409600	5.468498	135.369848	1441.646180	0.000000
153.730000	46.140000	-152.664993	17.659600	5.564923	135.234739	1436.462534	0.000000
153.730000	46.140000	-152.664993	17.909600	5.661938	135.098442	1431.278888	0.000000
153.730000	46.140000	-152.664993	18.159600	5.458287	134.960937	1426.095242	0.000000
153.730000	46.140000	-152.664993	18.409600	4.430268	134.822228	1420.911596	0.000000
153.730000	46.140000	-152.664993	18.659600	3.242733	134.682294	1415.878335	0.000000
153.730000	46.140000	-152.664993	18.909600	2.507636	134.541140	1410.903047	0.000000
153.730000	46.140000	-152.664993	19.159600	2.607017	134.398742	1405.927760	0.000000
153.730000	46.140000	-152.664993	19.409600	2.707019	134.255108	1400.952472	0.000000
153.730000	46.140000	-152.664993	19.659600	2.807667	134.110211	1395.977185	0.000000
153.730000	46.140000	-152.664993	19.909600	2.908949	133.964063	1391.001897	0.000000
153.730000	46.140000	-152.664993	20.159600	3.010891	133.816634	1386.026610	0.000000
153.730000	46.140000	-152.664993	20.409600	3.113479	133.667937	1381.051322	0.000000
153.730000	46.140000	-152.664993	20.659600	3.216742	133.517940	1376.076035	0.000000
153.730000	46.140000	-152.664993	20.909600	3.320664	133.366659	1371.100748	0.000000
153.730000	46.140000	-152.664993	21.159600	3.425275	133.214059	1366.125460	0.000000
153.730000	46.140000	-152.664993	21.409600	3.530557	133.060158	1361.150173	0.000000
153.730000	46.140000	-152.664993	21.659600	3.636543	132.904919	1356.174885	0.000000
153.730000	46.140000	-152.664993	21.909600	3.743212	132.748362	1351.199598	0.000000
153.730000	46.140000	-152.664993	22.159600	3.850600	132.590449	1346.224310	0.000000
153.730000	46.140000	-152.664993	22.409600	3.958683	132.431202	1341.249023	0.000000
153.730000	46.140000	-152.664993	22.659600	4.067500	132.270578	1336.273736	0.000000
153.730000	46.140000	-152.414993	16.909600	-1.459687	135.580415	1455.868846	1.000000
153.730000	46.140000	-152.414993	17.159600	4.955006	135.448313	1450.858326	1.000000
153.730000	46.140000	-152.414993	17.409600	5.523243	135.315103	1445.674680	0.000000
153.730000	46.140000	-152.414993	17.659600	5.538089	135.180653	1440.491034	0.000000
153.730000	46.140000	-152.414993	17.909600	4.680077	135.045081	1435.307388	0.000000
153.730000	46.140000	-152.414993	18.159600	3.491940	134.908251	1430.210564	0.000000
153.730000	46.140000	-152.414993	18.409600	2.552267	134.770284	1425.235277	0.000000
153.730000	46.140000	-152.414993	18.659600	2.460142	134.631039	1420.259989	0.000000
153.730000	46.140000	-152.414993	18.909600	2.558132	134.490644	1415.284702	0.000000
153.730000	46.140000	-152.414993	19.159600	2.656808	134.348951	1410.309414	0.000000
153.730000	46.140000	-152.414993	19.409600	2.756033	134.206093	1405.334127	0.000000
153.730000	46.140000	-152.414993	19.659600	2.855959	134.061919	1400.358840	0.000000
153.730000	46.140000	-152.414993	19.909600	2.956447	133.916565	1395.383552	0.000000
153.730000	46.140000	-152.414993	20.159600	3.057650	133.769875	1390.408265	0.000000
153.730000	46.140000	-152.414993	20.409600	3.159426	133.621990	1385.432977	0.000000
153.730000	46.140000	-152.414993	20.659600	3.261933	133.472749	1380.457690	0.000000
153.730000	46.140000	-152.164993	16.909600	1.194140	135.525187	1460.070472	1.000000
153.730000	46.140000	-152.164993	17.159600	5.482645	135.393787	1454.886826	1.000000
153.730000	46.140000	-152.164993	17.409600	4.933505	135.261230	1449.703180	1.000000
153.730000	46.140000	-152.164993	17.659600	3.744982	135.127498	1444.542794	0.000000
153.730000	46.140000	-152.164993	17.909600	2.620816	134.992594	1439.567506	0.000000
153.730000	46.140000	-152.164993	18.159600	2.317664	134.856497	1434.592219	0.000000
153.730000	46.140000	-152.164993	18.409600	2.413763	134.719213	1429.616932	0.000000
153.730000	46.140000	-152.164993	18.659600	2.510462	134.580719	1424.641644	0.000000
153.730000	46.140000	-152.164993	18.909600	2.607754	134.441022	1419.666357	0.000000
153.730000	46.140000	-151.914993	16.909600	2.870345	135.470889	1464.098973	1.000000
