-156.658005	20.891001	1546.900000	-1.464237
-158.903000	21.298401	1489.872000	-4.941783
-152.765793	25.592800	1586.863000	NaN
-155.636200	22.299900	1556.875000	NaN
-154.251801	21.168699	1603.877000	NaN
-152.981201	18.301800	1661.880000	NaN
-151.637604	16.737801	1707.867000	NaN
-153.967499	14.731300	1665.892000	NaN
-153.868195	17.315399	1643.866000	-4.614333
-156.206604	16.162001	1599.875000	-3.795417
-157.859100	14.659600	1575.862000	-2.455864
-157.700806	16.348400	1561.866000	-3.133987
-158.982498	15.574000	1538.869000	-3.611128
-161.367599	17.746901	1460.867000	NaN
-158.760193	18.564699	1515.868000	-3.939917
-158.179504	20.377800	1513.883000	-4.634150
