-155.636200	22.299900	1609.957000	151.580000	-6.570000
-155.772995	19.079000	1573.695000	151.580000	-6.570000
-156.755997	21.136000	1570.688000	151.580000	-6.570000
-158.903000	21.298401	1519.788000	151.580000	-6.570000
-158.933105	24.573799	1560.805000	151.580000	-6.570000
-156.964600	24.312099	1603.664000	151.580000	-6.570000
-154.251801	21.168699	1631.680000	151.580000	-6.570000
-152.981201	18.301800	1631.718000	151.580000	-6.570000
-150.914993	18.914200	1690.304000	151.580000	-6.570000
-149.000900	16.989000	1715.883000	151.580000	-6.570000
-153.967499	14.731300	1575.679000	151.580000	-6.570000
-157.700806	16.348400	1502.218000	151.580000	-6.570000
-158.982498	15.574000	1461.650000	151.580000	-6.570000
-161.367599	17.746901	1426.217000	151.580000	-6.570000
-158.760193	18.564699	1493.678000	151.580000	-6.570000
-158.179504	20.377800	1529.366000	151.580000	-6.570000
