151.580000	-6.570000	-160.867599	17.731300	2.186211	66.866545	1437.602346	1.000000
151.580000	-6.570000	-160.867599	17.981300	0.135489	66.692797	1439.985585	1.000000
151.580000	-6.570000	-160.867599	18.231300	-1.463684	66.519973	1442.667329	1.000000
151.580000	-6.570000	-160.617599	17.481300	2.397148	67.186377	1441.116254	1.000000
151.580000	-6.570000	-160.617599	17.731300	2.596439	67.013009	1443.365190	1.000000
151.580000	-6.570000	-160.617599	17.981300	0.788367	66.840493	1445.614126	1.000000
151.580000	-6.570000	-160.617599	18.231300	-1.017044	66.668798	1448.294426	1.000000
151.580000	-6.570000	-160.617599	18.481300	-0.873438	66.497956	1450.976170	0.000000
151.580000	-6.570000	-160.617599	18.731300	-2.895977	66.327940	1453.657914	0.000000
151.580000	-6.570000	-160.617599	18.981300	-5.801038	66.158778	1456.643334	0.000000
151.580000	-6.570000	-160.367599	17.231300	2.054237	67.503730	1444.630162	0.000000
151.580000	-6.570000	-160.367599	17.481300	2.252818	67.330706	1446.879098	1.000000
151.580000	-6.570000	-160.367599	17.731300	2.450868	67.158580	1449.128034	1.000000
151.580000	-6.570000	-160.367599	17.981300	1.429910	66.987203	1451.376970	1.000000
151.580000	-6.570000	-160.367599	18.231300	-0.617800	66.816726	1453.921522	0.000000
151.580000	-6.570000	-160.367599	18.481300	-0.969896	66.647002	1456.603266	0.000000
151.580000	-6.570000	-160.367599	18.731300	-0.769501	66.478181	1459.285010	0.000000
151.580000	-6.570000	-160.367599	18.981300	-1.510237	66.310116	1461.966754	0.000000
151.580000	-6.570000	-160.367599	19.231300	-4.364416	66.142957	1464.734265	0.000000
151.580000	-6.570000	-160.367599	19.481300	-6.985657	65.976556	1467.910129	0.000000
151.580000	-6.570000	-160.367599	19.731300	-7.119483	65.811064	1471.085993	0.000000
151.580000	-6.570000	-160.117599	16.981300	1.714324	67.818449	1448.144070	0.000000
151.580000	-6.570000	-160.117599	17.231300	1.912117	67.645850	1450.393006	0.000000
151.580000	-6.570000	-160.117599	17.481300	2.109444	67.474080	1452.641942	0.000000
151.580000	-6.570000	-160.117599	17.731300	2.306346	67.303102	1454.890878	0.000000
151.580000	-6.570000	-160.117599	17.981300	1.841284	67.132955	1457.139815	0.000000
151.580000	-6.570000	-160.117599	18.231300	-0.212859	66.963605	1459.548619	0.000000
151.580000	-6.570000	-160.117599	18.481300	-1.117983	66.795089	1462.230363	0.000000
151.580000	-6.570000	-160.117599	18.731300	-0.918695	66.627375	1464.912107	0.000000
151.580000	-6.570000	-160.117599	18.981300	-0.719817	66.460495	1467.593851	0.000000
151.580000	-6.570000	-160.117599	19.231300	-0.685759	66.294422	1470.275595	0.000000
151.580000	-6.570000	-160.117599	19.481300	-2.953574	66.129184	1472.957339	0.000000
151.580000	-6.570000	-160.117599	19.731300	-5.867055	65.964757	1476.001060	0.000000
151.580000	-6.570000	-160.117599	19.981300	-7.069516	65.801166	1479.176924	0.000000
151.580000	-6.570000	-160.117599	20.231300	-6.866153	65.638390	1482.352788	0.000000
151.580000	-6.570000	-160.117599	20.481300	-6.663107	65.476451	1485.528651	0.000000
151.580000	-6.570000	-159.867599	16.731300	1.377294	68.130652	1451.657978	0.000000
151.580000	-6.570000	-159.867599	16.981300	1.574329	67.958445	1453.906914	0.000000
151.580000	-6.570000	-159.867599	17.231300	1.770860	67.787107	1456.155850	0.000000
151.580000	-6.570000	-159.867599	17.481300	1.967030	67.616494	1458.404787	0.000000
151.580000	-6.570000	-159.867599	17.731300	2.162693	67.446755	1460.653723	0.000000
151.580000	-6.570000	-159.867599	17.981300	2.257818	67.277745	1462.902659	0.000000
151.580000	-6.570000	-159.867599	18.231300	0.398138	67.109612	1465.175715	0.000000
151.580000	-6.570000	-159.867599	18.481300	-1.265105	66.942211	1467.857459	0.000000
151.580000	-6.570000	-159.867599	18.731300	-1.067012	66.775691	1470.539203	0.000000
151.580000	-6.570000	-159.867599	18.981300	-0.869229	66.609907	1473.220947	0.000000
151.580000	-6.570000	-159.867599	19.231300	-0.671904	66.445006	1475.902691	0.000000
151.580000	-6.570000	-159.867599	19.481300	-0.474894	66.280843	1478.584435	0.000000
151.580000	-6.570000	-159.867599	19.731300	-1.569836	66.117566	1481.266179	0.000000
151.580000	-6.570000	-159.867599	19.981300	-4.432448	65.955031	1484.091991	0.000000
151.580000	-6.570000	-159.867599	20.231300	-6.831384	65.793382	1487.267855	0.000000
151.580000	-6.570000	-159.867599	20.481300	-6.819135	65.632478	1490.443719	0.000000
151.580000	-6.570000	-159.867599	20.731300	-6.617494	65.472463	1493.619582	0.000000
151.580000	-6.570000	-159.867599	20.981300	-6.416079	65.313194	1496.795446	1.000000
151.580000	-6.570000	-159.867599	21.231300	-6.215034	65.154815	1499.971310	1.000000
151.580000	-6.570000	-159.617599	16.481300	1.043299	68.440186	1455.171886	0.000000
151.580000	-6.570000	-159.617599	16.731300	1.239503	68.268443	1457.420822	0.000000
151.580000	-6.570000	-159.617599	16.981300	1.435265	68.097508	1459.669759	0.000000
151.580000	-6.570000	-159.617599	17.231300	1.630630	67.927336	1461.918695	0.000000
151.580000	-6.570000	-159.617599	17.481300	1.825550	67.757974	1464.167631	0.000000
151.580000	-6.570000	-159.617599	17.731300	2.020067	67.589380	1466.416567	0.000000
151.580000	-6.570000	-159.617599	17.981300	2.214137	67.421598	1468.665503	0.000000
151.580000	-6.570000	-159.617599	18.231300	1.044924	67.254591	1470.914439	1.000000
151.580000	-6.570000	-159.617599	18.481300	-0.962159	67.088397	1473.484556	1.000000
151.580000	-6.570000	-159.617599	18.731300	-1.214302	66.922982	1476.166300	1.000000
151.580000	-6.570000	-159.617599	18.981300	-1.017704	66.758382	1478.848044	1.000000
151.580000	-6.570000	-159.617599	19.231300	-0.821464	66.594566	1481.529788	0.000000
151.580000	-6.570000	-159.617599	19.481300	-0.625616	66.431566	1484.211532	0.000000
151.580000	-6.570000	-159.617599	19.731300	-0.430131	66.269354	1486.893275	0.000000
151.580000	-6.570000	-159.617599	19.981300	-0.511604	66.107959	1489.575019	0.000000
151.580000	-6.570000	-159.617599	20.231300	-3.023606	65.947356	1492.256763	0.000000
151.580000	-6.570000	-159.617599	20.481300	-5.945104	65.787571	1495.358786	0.000000
151.580000	-6.570000	-159.617599	20.731300	-6.773613	65.628582	1498.534650	1.000000
151.580000	-6.570000	-159.617599	20.981300	-6.573295	65.470410	1501.710513	1.000000
151.580000	-6.570000	-159.617599	21.231300	-6.373257	65.313038	1504.886377	1.000000
151.580000	-6.570000	-159.617599	21.481300	-6.173516	65.156484	1508.062241	1.000000
151.580000	-6.570000	-159.617599	21.731300	-5.974055	65.000731	1511.238105	1.000000
151.580000	-6.570000	-159.367599	16.231300	0.712222	68.747167	1458.685795	1.000000
151.580000	-6.570000	-159.367599	16.481300	0.907623	68.575862	1460.934731	1.000000
151.580000	-6.570000	-159.367599	16.731300	1.102546	68.405400	1463.183667	0.000000
151.580000	-6.570000	-159.367599	16.981300	1.297134	68.235640	1465.432603	0.000000
151.580000	-6.570000	-159.367599	17.231300	1.491241	68.066726	1467.681539	0.000000
151.580000	-6.570000	-159.367599	17.481300	1.685007	67.898518	1469.930475	0.000000
151.580000	-6.570000	-159.367599	17.731300	1.878287	67.731160	1472.179411	0.000000
151.580000	-6.570000	-159.367599	17.981300	2.071223	67.564513	1474.428347	1.000000
151.580000	-6.570000	-159.367599	18.231300	1.497749	67.398720	1476.677283	1.000000
151.580000	-6.570000	-159.367599	18.481300	-0.556995	67.233640	1479.111652	1.000000
151.580000	-6.570000	-159.367599	18.731300	-1.360738	67.069418	1481.793396	1.000000
151.580000	-6.570000	-159.367599	18.981300	-1.165234	66.905912	1484.475140	1.000000
151.580000	-6.570000	-159.367599	19.231300	-0.970166	66.743267	1487.156884	1.000000
151.580000	-6.570000	-159.367599	19.481300	-0.775392	66.581342	1489.838628	0.000000
151.580000	-6.570000	-159.367599	19.731300	-0.581057	66.420280	1492.520372	0.000000
151.580000	-6.570000	-159.367599	19.981300	-0.387019	66.259940	1495.202116	0.000000
151.580000	-6.570000	-159.367599	20.231300	-0.193422	66.100466	1497.883860	0.000000
151.580000	-6.570000	-159.367599	20.481300	-1.641752	65.941717	1500.565604	1.000000
151.580000	-6.570000	-159.367599	20.731300	-4.512501	65.783835	1503.449717	1.000000
151.580000	-6.570000	-159.367599	20.981300	-6.689547	65.626679	1506.625580	1.000000
151.580000	-6.570000	-159.367599	21.231300	-6.530612	65.470393	1509.801444	1.000000
151.580000	-6.570000	-159.367599	21.481300	-6.331868	65.314836	1512.977308	1.000000
151.580000	-6.570000	-159.367599	21.731300	-6.133473	65.160149	1516.153172	1.000000
151.580000	-6.570000	-159.367599	21.981300	-5.935287	65.006193	1519.329036	1.000000
151.580000	-6.570000	-159.367599	22.231300	-5.737449	64.853107	1522.504900	0.000000
151.580000	-6.570000	-159.367599	22.481300	-5.539821	64.700754	1525.680764	0.000000
151.580000	-6.570000	-159.117599	15.981300	0.833140	69.051445	1462.199703	1.000000
151.580000	-6.570000	-159.117599	16.231300	0.930368	68.880646	1464.448639	1.000000
151.580000	-6.570000	-159.117599	16.481300	1.026460	68.710632	1466.697575	1.000000
151.580000	-6.570000	-159.117599	16.731300	1.121462	68.541352	1468.946511	0.000000
151.580000	-6.570000	-159.117599	16.981300	1.215314	68.372861	1471.195447	0.000000
151.580000	-6.570000	-159.117599	17.231300	1.352857	68.205109	1473.444383	0.000000
151.580000	-6.570000	-159.117599	17.481300	1.545376	68.038149	1475.693319	0.000000
151.580000	-6.570000	-159.117599	17.731300	1.737513	67.871934	1477.942255	1.000000
151.580000	-6.570000	-159.117599	17.981300	1.929223	67.706513	1480.191191	1.000000
151.580000	-6.570000	-159.117599	18.231300	1.914566	67.541843	1482.440127	1.000000
151.580000	-6.570000	-159.117599	18.481300	0.009025	67.377967	1484.738749	1.000000
151.580000	-6.570000	-159.117599	18.731300	-1.506169	67.214849	1487.420493	1.000000
151.580000	-6.570000	-159.117599	18.981300	-1.311848	67.052526	1490.102237	1.000000
151.580000	-6.570000	-159.117599	19.231300	-1.117864	66.890966	1492.783981	1.000000
151.580000	-6.570000	-159.117599	19.481300	-0.924253	66.730202	1495.465725	1.000000
151.580000	-6.570000	-159.117599	19.731300	-0.730982	66.570205	1498.147468	0.000000
151.580000	-6.570000	-159.117599	19.981300	-0.538085	66.411006	1500.829212	1.000000
151.580000	-6.570000	-159.117599	20.231300	-0.345533	66.252577	1503.510956	1.000000
151.580000	-6.570000	-159.117599	20.481300	-0.153356	66.094948	1506.192700	2.000000
151.580000	-6.570000	-159.117599	20.731300	-0.297697	65.938092	1508.874444	2.000000
151.580000	-6.570000	-159.117599	20.981300	-2.911260	65.782036	1511.556188	1.000000
151.580000	-6.570000	-159.117599	21.231300	-5.666804	65.626757	1514.716511	1.000000
151.580000	-6.570000	-159.117599	21.481300	-6.129868	65.472278	1517.892375	1.000000
151.580000	-6.570000	-159.117599	21.731300	-5.910748	65.318579	1521.068239	1.000000
151.580000	-6.570000	-159.117599	21.981300	-5.691977	65.165681	1524.244103	1.000000
151.580000	-6.570000	-159.117599	22.231300	-5.473538	65.013565	1527.419967	1.000000
151.580000	-6.570000	-159.117599	22.481300	-5.255447	64.862249	1530.595831	0.000000
151.580000	-6.570000	-159.117599	22.731300	-5.037691	64.711719	1533.771695	0.000000
151.580000	-6.570000	-159.117599	22.981300	-4.820284	64.561988	1536.947558	0.000000
151.580000	-6.570000	-159.117599	23.231300	-4.603214	64.413045	1540.123422	0.000000
151.580000	-6.570000	-158.867599	15.981300	2.406455	69.182822	1468.243001	1.000000
151.580000	-6.570000	-158.867599	16.231300	2.513604	69.013320	1470.430350	1.000000
151.580000	-6.570000	-158.867599	16.481300	2.619835	68.844497	1472.617699	1.000000
151.580000	-6.570000	-158.867599	16.731300	2.725004	68.676493	1474.805049	0.000000
151.580000	-6.570000	-158.867599	16.981300	2.720208	68.509172	1476.992398	0.000000
151.580000	-6.570000	-158.867599	17.231300	2.578498	68.342676	1479.207227	0.000000
151.580000	-6.570000	-158.867599	17.481300	2.544185	68.176866	1481.456163	0.000000
151.580000	-6.570000	-158.867599	17.731300	2.643911	68.011885	1483.705099	1.000000
151.580000	-6.570000	-158.867599	17.981300	2.742678	67.847595	1485.954036	1.000000
151.580000	-6.570000	-158.867599	18.231300	2.840342	67.684138	1488.202972	1.000000
151.580000	-6.570000	-158.867599	18.481300	1.311352	67.521375	1490.451908	1.000000
151.580000	-6.570000	-158.867599	18.731300	-0.408154	67.359448	1493.047589	1.000000
151.580000	-6.570000	-158.867599	18.981300	-0.104781	67.198218	1495.729333	1.000000
151.580000	-6.570000	-158.867599	19.231300	0.228737	67.037828	1498.411077	1.000000
151.580000	-6.570000	-158.867599	19.481300	0.522676	66.878138	1501.092821	1.000000
151.580000	-6.570000	-158.867599	19.731300	0.815070	66.719291	1503.774565	1.000000
151.580000	-6.570000	-158.867599	19.981300	1.106064	66.561146	1506.456309	1.000000
151.580000	-6.570000	-158.867599	20.231300	1.395527	66.403846	1509.138053	1.000000
151.580000	-6.570000	-158.867599	20.481300	1.582884	66.247253	1511.819797	2.000000
151.580000	-6.570000	-158.867599	20.731300	1.643778	66.091505	1514.528638	2.000000
151.580000	-6.570000	-158.867599	20.981300	1.639705	65.936466	1517.271650	2.000000
151.580000	-6.570000	-158.867599	21.231300	-0.606242	65.782275	1520.014661	1.000000
151.580000	-6.570000	-158.867599	21.481300	-2.751001	65.628794	1522.948561	1.000000
151.580000	-6.570000	-158.867599	21.731300	-3.882852	65.476163	1526.133170	1.000000
151.580000	-6.570000	-158.867599	21.981300	-3.687365	65.324244	1529.317778	1.000000
151.580000	-6.570000	-158.867599	22.231300	-3.474753	65.173176	1532.502386	1.000000
151.580000	-6.570000	-158.867599	22.481300	-3.262428	65.022822	1535.686995	0.000000
151.580000	-6.570000	-158.867599	22.731300	-3.050526	64.873318	1538.871603	0.000000
151.580000	-6.570000	-158.867599	22.981300	-2.838912	64.724531	1542.056212	0.000000
151.580000	-6.570000	-158.867599	23.231300	-2.627722	64.576595	1545.240820	0.000000
151.580000	-6.570000	-158.867599	23.481300	-2.416823	64.429376	1548.425428	0.000000
151.580000	-6.570000	-158.867599	23.731300	-2.206349	64.283009	1551.610037	1.000000
151.580000	-6.570000	-158.867599	23.981300	-1.996168	64.137360	1554.794645	1.000000
151.580000	-6.570000	-158.617599	15.981300	2.325853	69.313317	1474.834379	2.000000
151.580000	-6.570000	-158.617599	16.231300	3.181916	69.145013	1477.021728	2.000000
151.580000	-6.570000	-158.617599	16.481300	3.370666	68.977475	1479.209078	2.000000
151.580000	-6.570000	-158.617599	16.731300	3.559024	68.810650	1481.396427	1.000000
151.580000	-6.570000	-158.617599	16.981300	3.746932	68.644594	1483.583776	0.000000
151.580000	-6.570000	-158.617599	17.231300	3.899977	68.479257	1485.771126	0.000000
151.580000	-6.570000	-158.617599	17.481300	4.009441	68.314692	1487.958475	0.000000
151.580000	-6.570000	-158.617599	17.731300	4.118011	68.150851	1490.145825	1.000000
151.580000	-6.570000	-158.617599	17.981300	4.077928	67.987784	1492.333174	1.000000
151.580000	-6.570000	-158.617599	18.231300	4.424814	67.825448	1494.520523	1.000000
151.580000	-6.570000	-158.617599	18.481300	2.906818	67.663887	1496.604864	1.000000
151.580000	-6.570000	-158.617599	18.731300	-0.438184	67.503062	1499.167049	1.000000
151.580000	-6.570000	-158.617599	18.981300	-0.570953	67.343014	1502.105144	1.000000
151.580000	-6.570000	-158.617599	19.231300	0.738911	67.183707	1504.870493	1.000000
151.580000	-6.570000	-158.617599	19.481300	1.399519	67.025179	1507.613505	2.000000
151.580000	-6.570000	-158.617599	19.731300	1.964915	66.867395	1510.356516	1.000000
151.580000	-6.570000	-158.617599	19.981300	2.306520	66.710391	1513.099528	1.000000
151.580000	-6.570000	-158.617599	20.231300	2.580214	66.554137	1515.842540	1.000000
151.580000	-6.570000	-158.617599	20.481300	2.852609	66.398663	1518.585552	2.000000
151.580000	-6.570000	-158.617599	20.731300	3.086114	66.243942	1521.328564	2.000000
151.580000	-6.570000	-158.617599	20.981300	4.496506	66.090003	1523.969130	2.000000
151.580000	-6.570000	-158.617599	21.231300	3.060539	65.936820	1526.156008	2.000000
151.580000	-6.570000	-158.617599	21.481300	0.185986	65.784419	1529.007823	1.000000
151.580000	-6.570000	-158.617599	21.731300	-1.133893	65.632778	1532.007634	1.000000
151.580000	-6.570000	-158.617599	21.981300	-1.958171	65.481919	1535.184241	1.000000
151.580000	-6.570000	-158.617599	22.231300	-2.011192	65.331822	1538.368850	1.000000
151.580000	-6.570000	-158.617599	22.481300	-1.820649	65.182507	1541.553458	0.000000
151.580000	-6.570000	-158.617599	22.731300	-1.630404	65.033958	1544.738066	0.000000
151.580000	-6.570000	-158.617599	22.981300	-1.440473	64.886191	1547.922675	0.000000
151.580000	-6.570000	-158.617599	23.231300	-1.250842	64.739191	1551.107283	0.000000
151.580000	-6.570000	-158.617599	23.481300	-1.061525	64.592972	1554.291891	0.000000
151.580000	-6.570000	-158.617599	23.731300	-0.872510	64.447523	1557.476500	1.000000
151.580000	-6.570000	-158.617599	23.981300	-0.683807	64.302855	1560.661108	1.000000
151.580000	-6.570000	-158.617599	24.231300	-0.495408	64.158958	1563.845717	1.000000
151.580000	-6.570000	-158.617599	24.481300	-0.307320	64.015842	1567.030325	1.000000
151.580000	-6.570000	-158.367599	15.731300	-3.478126	69.610740	1478.639848	2.000000
151.580000	-6.570000	-158.367599	15.981300	0.164074	69.442935	1481.425757	2.000000
151.580000	-6.570000	-158.367599	16.231300	3.051006	69.275923	1483.613106	2.000000
151.580000	-6.570000	-158.367599	16.481300	3.238570	69.109571	1485.800456	1.000000
151.580000	-6.570000	-158.367599	16.731300	3.425656	68.944018	1487.987805	1.000000
151.580000	-6.570000	-158.367599	16.981300	3.612397	68.779129	1490.175155	1.000000
151.580000	-6.570000	-158.367599	17.231300	3.792087	68.615043	1492.362504	0.000000
151.580000	-6.570000	-158.367599	17.481300	3.826815	68.451626	1494.549853	0.000000
151.580000	-6.570000	-158.367599	17.731300	4.295752	68.289016	1496.737203	1.000000
151.580000	-6.570000	-158.367599	17.981300	4.792353	68.127078	1498.810512	1.000000
151.580000	-6.570000	-158.367599	18.231300	4.847546	67.965952	1500.878037	1.000000
151.580000	-6.570000	-158.367599	18.481300	3.671534	67.805501	1502.945562	1.000000
151.580000	-6.570000	-158.367599	18.731300	0.097971	67.645866	1505.357863	1.000000
151.580000	-6.570000	-158.367599	18.981300	-1.656670	67.486910	1508.295958	1.000000
151.580000	-6.570000	-158.367599	19.231300	-1.171319	67.328771	1511.234053	1.000000
151.580000	-6.570000	-158.367599	19.481300	-0.656797	67.171316	1514.172148	2.000000
151.580000	-6.570000	-158.367599	19.731300	0.374969	67.014681	1517.110242	1.000000
151.580000	-6.570000	-158.367599	19.981300	1.553095	66.858732	1519.899455	1.000000
151.580000	-6.570000	-158.367599	20.231300	2.188448	66.703606	1522.642466	1.000000
151.580000	-6.570000	-158.367599	20.481300	3.072268	66.549168	1525.385478	2.000000
151.580000	-6.570000	-158.367599	20.731300	4.517464	66.395556	1527.874534	2.000000
151.580000	-6.570000	-158.367599	20.981300	5.228332	66.242634	1530.061413	2.000000
151.580000	-6.570000	-158.367599	21.231300	2.595376	66.090540	1532.248292	2.000000
151.580000	-6.570000	-158.367599	21.481300	-0.027273	65.939139	1535.161598	1.000000
151.580000	-6.570000	-158.367599	21.731300	-0.151024	65.788566	1538.161408	1.000000
151.580000	-6.570000	-158.367599	21.981300	-0.544365	65.638689	1541.161219	1.000000
151.580000	-6.570000	-158.367599	22.231300	-1.361735	65.489641	1544.235313	0.000000
151.580000	-6.570000	-158.367599	22.481300	-1.924288	65.341290	1547.419921	0.000000
151.580000	-6.570000	-158.367599	22.731300	-1.790216	65.193770	1550.604529	0.000000
151.580000	-6.570000	-158.367599	22.981300	-1.601231	65.046949	1553.789138	0.000000
151.580000	-6.570000	-158.367599	23.231300	-1.412611	64.900959	1556.973746	0.000000
151.580000	-6.570000	-158.367599	23.481300	-1.224222	64.755669	1560.158355	0.000000
151.580000	-6.570000	-158.367599	23.731300	-1.036198	64.611211	1563.342963	1.000000
151.580000	-6.570000	-158.367599	23.981300	-0.848406	64.467454	1566.527571	1.000000
151.580000	-6.570000	-158.367599	24.231300	-0.660979	64.324529	1569.712180	1.000000
151.580000	-6.570000	-158.117599	15.731300	-3.978160	69.738194	1484.809176	2.000000
151.580000	-6.570000	-158.117599	15.981300	-2.207368	69.571691	1487.695051	2.000000
151.580000	-6.570000	-158.117599	16.231300	1.648372	69.405872	1490.204484	1.000000
151.580000	-6.570000	-158.117599	16.481300	3.107339	69.240802	1492.391834	1.000000
151.580000	-6.570000	-158.117599	16.731300	3.272808	69.076423	1494.579183	1.000000
151.580000	-6.570000	-158.117599	16.981300	3.326537	68.912795	1496.766533	1.000000
151.580000	-6.570000	-158.117599	17.231300	3.818386	68.749865	1498.948636	1.000000
151.580000	-6.570000	-158.117599	17.481300	4.295462	68.587689	1501.016161	0.000000
151.580000	-6.570000	-158.117599	17.731300	4.327324	68.426216	1503.083686	0.000000
151.580000	-6.570000	-158.117599	17.981300	4.503441	68.265499	1505.151210	1.000000
151.580000	-6.570000	-158.117599	18.231300	4.686563	68.105491	1507.218735	1.000000
151.580000	-6.570000	-158.117599	18.481300	4.110180	67.946241	1509.286260	1.000000
151.580000	-6.570000	-158.117599	18.731300	0.521010	67.787705	1511.548676	1.000000
151.580000	-6.570000	-158.117599	18.981300	-1.799690	67.629929	1514.486771	1.000000
151.580000	-6.570000	-158.117599	19.231300	-1.610300	67.472873	1517.424866	1.000000
151.580000	-6.570000	-158.117599	19.481300	-1.421247	67.316577	1520.362961	1.000000
151.580000	-6.570000	-158.117599	19.731300	-1.232495	67.161006	1523.301056	1.000000
151.580000	-6.570000	-158.117599	19.981300	-0.790328	67.006197	1526.239151	1.000000
151.580000	-6.570000	-158.117599	20.231300	0.861582	66.852116	1529.177246	1.000000
151.580000	-6.570000	-158.117599	20.481300	3.431309	66.698798	1531.779939	1.000000
151.580000	-6.570000	-158.117599	20.731300	4.896035	66.546213	1533.966818	2.000000
151.580000	-6.570000	-158.117599	20.981300	5.076575	66.394392	1536.153697	2.000000
151.580000	-6.570000	-158.117599	21.231300	2.267510	66.243306	1538.340576	2.000000
151.580000	-6.570000	-158.117599	21.481300	-0.402739	66.092986	1541.315372	1.000000
151.580000	-6.570000	-158.117599	21.731300	-0.305862	65.943404	1544.315183	1.000000
151.580000	-6.570000	-158.117599	21.981300	-0.119386	65.794588	1547.314993	1.000000
151.580000	-6.570000	-158.117599	22.231300	-0.063518	65.646514	1550.314804	0.000000
151.580000	-6.570000	-158.117599	22.481300	-0.772225	65.499205	1553.314615	0.000000
151.580000	-6.570000	-158.117599	22.731300	-1.594672	65.352641	1556.470993	0.000000
151.580000	-6.570000	-158.117599	22.981300	-1.761125	65.206842	1559.655601	0.000000
151.580000	-6.570000	-158.117599	23.231300	-1.573442	65.061791	1562.840209	0.000000
151.580000	-6.570000	-158.117599	23.481300	-1.386057	64.917505	1566.024818	0.000000
151.580000	-6.570000	-158.117599	23.731300	-1.198954	64.773968	1569.209426	0.000000
151.580000	-6.570000	-158.117599	23.981300	-1.012148	64.631196	1572.394034	1.000000
151.580000	-6.570000	-157.867599	15.731300	-4.104861	69.864895	1490.978505	1.000000
151.580000	-6.570000	-157.867599	15.981300	-3.912986	69.699592	1493.864379	1.000000
151.580000	-6.570000	-157.867599	16.231300	-0.668213	69.535061	1496.750253	1.000000
151.580000	-6.570000	-157.867599	16.481300	2.678341	69.371172	1498.983212	1.000000
151.580000	-6.570000	-157.867599	16.731300	3.345128	69.208060	1501.154285	1.000000
151.580000	-6.570000	-157.867599	16.981300	3.779962	69.045596	1503.221809	1.000000
151.580000	-6.570000	-157.867599	17.231300	3.817571	68.883913	1505.289334	1.000000
151.580000	-6.570000	-157.867599	17.481300	4.000773	68.722881	1507.356859	0.000000
151.580000	-6.570000	-157.867599	17.731300	4.183504	68.562636	1509.424383	0.000000
151.580000	-6.570000	-157.867599	17.981300	4.365894	68.403045	1511.491908	0.000000
151.580000	-6.570000	-157.867599	18.231300	4.547809	68.244245	1513.559433	1.000000
151.580000	-6.570000	-157.867599	18.481300	4.553523	68.086103	1515.626958	1.000000
151.580000	-6.570000	-157.867599	18.731300	1.111248	67.928755	1517.739489	1.000000
151.580000	-6.570000	-157.867599	18.981300	-1.941829	67.772069	1520.677584	1.000000
151.580000	-6.570000	-157.867599	19.231300	-1.753607	67.616180	1523.615679	0.000000
151.580000	-6.570000	-157.867599	19.481300	-1.565626	67.460957	1526.553774	1.000000
151.580000	-6.570000	-157.867599	19.731300	-1.378022	67.306533	1529.491869	1.000000
151.580000	-6.570000	-157.867599	19.981300	-1.043165	67.152778	1532.429964	1.000000
151.580000	-6.570000	-157.867599	20.231300	0.373436	66.999825	1535.327443	1.000000
151.580000	-6.570000	-157.867599	20.481300	2.817670	66.847544	1537.800524	1.000000
151.580000	-6.570000	-157.867599	20.731300	4.463271	66.696067	1540.059102	1.000000
151.580000	-6.570000	-157.867599	20.981300	4.781846	66.545264	1542.245981	1.000000
151.580000	-6.570000	-157.867599	21.231300	1.981951	66.395268	1544.469336	2.000000
151.580000	-6.570000	-157.867599	21.481300	-0.645634	66.245948	1547.469147	1.000000
151.580000	-6.570000	-157.867599	21.731300	-0.459895	66.097437	1550.468957	0.000000
151.580000	-6.570000	-157.867599	21.981300	-0.274401	65.949603	1553.468768	0.000000
151.580000	-6.570000	-157.867599	22.231300	-0.089285	65.802580	1556.468579	0.000000
151.580000	-6.570000	-157.867599	22.481300	0.095583	65.656236	1559.468389	0.000000
151.580000	-6.570000	-157.867599	22.731300	-0.189845	65.510704	1562.468200	0.000000
151.580000	-6.570000	-157.867599	22.981300	-1.005190	65.365854	1565.522064	0.000000
151.580000	-6.570000	-157.867599	23.231300	-1.639252	65.221815	1568.706672	0.000000
151.580000	-6.570000	-157.867599	23.481300	-1.547013	65.078460	1571.891281	0.000000
151.580000	-6.570000	-157.867599	23.731300	-1.360904	64.935917	1575.075889	0.000000
151.580000	-6.570000	-157.867599	23.981300	-1.175011	64.794059	1578.260498	1.000000
151.580000	-6.570000	-157.617599	15.731300	-4.230624	69.990658	1497.147833	1.000000
151.580000	-6.570000	-157.617599	15.981300	-4.040045	69.826651	1500.033708	1.000000
151.580000	-6.570000	-157.617599	16.231300	-2.528777	69.663309	1502.919582	1.000000
151.580000	-6.570000	-157.617599	16.481300	1.013405	69.500697	1505.427458	1.000000
151.580000	-6.570000	-157.617599	16.731300	3.188178	69.338755	1507.494983	1.000000
151.580000	-6.570000	-157.617599	16.981300	3.502081	69.177548	1509.562507	1.000000
151.580000	-6.570000	-157.617599	17.231300	3.684467	69.017017	1511.630032	1.000000
151.580000	-6.570000	-157.617599	17.481300	3.866432	68.857222	1513.697557	0.000000
151.580000	-6.570000	-157.617599	17.731300	4.048029	68.698111	1515.765081	0.000000
151.580000	-6.570000	-157.617599	17.981300	4.229201	68.539738	1517.832606	0.000000
151.580000	-6.570000	-157.617599	18.231300	4.410000	68.382054	1519.900131	0.000000
151.580000	-6.570000	-157.617599	18.481300	4.590372	68.225110	1521.967655	0.000000
151.580000	-6.570000	-157.617599	18.731300	1.763542	68.068860	1524.035180	0.000000
151.580000	-6.570000	-157.617599	18.981300	-1.699978	67.913352	1526.868397	0.000000
151.580000	-6.570000	-157.617599	19.231300	-1.895971	67.758544	1529.806492	0.000000
151.580000	-6.570000	-157.617599	19.481300	-1.709149	67.604479	1532.744587	0.000000
151.580000	-6.570000	-157.617599	19.731300	-1.522607	67.451118	1535.682682	1.000000
151.580000	-6.570000	-157.617599	19.981300	-0.399674	67.298502	1538.620777	1.000000
151.580000	-6.570000	-157.617599	20.231300	0.836705	67.146594	1541.267287	1.000000
151.580000	-6.570000	-157.617599	20.481300	1.940816	66.995433	1543.740368	1.000000
151.580000	-6.570000	-157.617599	20.731300	3.581770	66.844983	1546.151385	2.000000
151.580000	-6.570000	-157.617599	20.981300	4.389872	66.695281	1548.338264	2.000000
151.580000	-6.570000	-157.617599	21.231300	1.640470	66.546294	1550.623110	1.000000
151.580000	-6.570000	-157.617599	21.481300	-0.797742	66.398056	1553.622921	1.000000
151.580000	-6.570000	-157.617599	21.731300	-0.612995	66.250537	1556.622732	1.000000
151.580000	-6.570000	-157.617599	21.981300	-0.428563	66.103766	1559.622542	0.000000
151.580000	-6.570000	-157.617599	22.231300	-0.244423	65.957717	1562.622353	0.000000
151.580000	-6.570000	-157.617599	22.481300	-0.060598	65.812417	1565.622164	0.000000
151.580000	-6.570000	-157.617599	22.731300	0.122932	65.667843	1568.621975	0.000000
151.580000	-6.570000	-157.617599	22.981300	0.211803	65.524017	1571.621785	0.000000
151.580000	-6.570000	-157.617599	23.231300	-0.422743	65.380920	1574.621596	0.000000
151.580000	-6.570000	-157.617599	23.481300	-1.243128	65.238571	1577.757744	0.000000
151.580000	-6.570000	-157.617599	23.731300	-1.521939	65.096952	1580.942352	1.000000
151.580000	-6.570000	-157.617599	23.981300	-1.337034	64.956082	1584.126961	1.000000
151.580000	-6.570000	-157.367599	15.731300	-4.355654	70.115688	1503.317162	1.000000
151.580000	-6.570000	-157.367599	15.981300	-3.949911	69.952876	1506.203036	1.000000
151.580000	-6.570000	-157.367599	16.231300	-2.218353	69.790816	1509.030741	1.000000
151.580000	-6.570000	-157.367599	16.481300	-0.398317	69.629381	1511.382569	1.000000
151.580000	-6.570000	-157.367599	16.731300	0.960228	69.468703	1513.734397	1.000000
151.580000	-6.570000	-157.367599	16.981300	2.680657	69.308654	1515.903205	1.000000
151.580000	-6.570000	-157.367599	17.231300	3.552117	69.149367	1517.970730	1.000000
151.580000	-6.570000	-157.367599	17.481300	3.732940	68.990714	1520.038255	0.000000
151.580000	-6.570000	-157.367599	17.731300	3.913312	68.832827	1522.105779	0.000000
151.580000	-6.570000	-157.367599	17.981300	4.093362	68.675578	1524.173304	0.000000
151.580000	-6.570000	-157.367599	18.231300	4.272955	68.519098	1526.240829	0.000000
151.580000	-6.570000	-157.367599	18.481300	4.452221	68.363260	1528.308353	0.000000
151.580000	-6.570000	-157.367599	18.731300	2.257646	68.208196	1530.375878	0.000000
151.580000	-6.570000	-157.367599	18.981300	-1.288909	68.053776	1533.059210	0.000000
151.580000	-6.570000	-157.367599	19.231300	-2.037561	67.900134	1535.997305	0.000000
151.580000	-6.570000	-157.367599	19.481300	-1.851810	67.747140	1538.935400	0.000000
151.580000	-6.570000	-157.367599	19.731300	-1.384235	67.594926	1541.873495	1.000000
151.580000	-6.570000	-157.367599	19.981300	-0.024500	67.443363	1544.734049	1.000000
151.580000	-6.570000	-157.367599	20.231300	1.368455	67.292583	1547.207131	1.000000
151.580000	-6.570000	-157.367599	20.481300	1.550001	67.142457	1549.680212	2.000000
151.580000	-6.570000	-157.367599	20.731300	2.599898	66.993116	1552.153294	2.000000
151.580000	-6.570000	-157.367599	20.981300	3.646154	66.844432	1554.430548	2.000000
151.580000	-6.570000	-157.367599	21.231300	1.260610	66.696536	1556.776885	1.000000
151.580000	-6.570000	-157.367599	21.481300	-0.948985	66.549298	1559.776695	1.000000
151.580000	-6.570000	-157.367599	21.731300	-0.765308	66.402850	1562.776506	1.000000
151.580000	-6.570000	-157.367599	21.981300	-0.581861	66.257063	1565.776317	0.000000
151.580000	-6.570000	-157.367599	22.231300	-0.398773	66.112067	1568.776128	0.000000
151.580000	-6.570000	-157.367599	22.481300	-0.215915	65.967734	1571.775938	0.000000
151.580000	-6.570000	-157.367599	22.731300	-0.033418	65.824194	1574.775749	0.000000
151.580000	-6.570000	-157.367599	22.981300	0.148846	65.681318	1577.775560	0.000000
151.580000	-6.570000	-157.367599	23.231300	0.330749	65.539236	1580.775370	0.000000
151.580000	-6.570000	-157.367599	23.481300	0.152578	65.397820	1583.775181	1.000000
151.580000	-6.570000	-157.367599	23.731300	-0.660624	65.257199	1586.808815	1.000000
151.580000	-6.570000	-157.367599	23.981300	-1.365297	65.117245	1589.993424	1.000000
151.580000	-6.570000	-157.117599	15.731300	-4.479767	70.239801	1509.486490	1.000000
151.580000	-6.570000	-157.117599	15.981300	-3.207705	70.078280	1512.372365	1.000000
151.580000	-6.570000	-157.117599	16.231300	-1.721206	69.917403	1514.968745	1.000000
151.580000	-6.570000	-157.117599	16.481300	-0.553537	69.757240	1517.320573	1.000000
151.580000	-6.570000	-157.117599	16.731300	-0.369290	69.597728	1519.672401	1.000000
151.580000	-6.570000	-157.117599	16.981300	0.361454	69.438932	1522.024229	1.000000
151.580000	-6.570000	-157.117599	17.231300	2.097195	69.280794	1524.311428	0.000000
151.580000	-6.570000	-157.117599	17.481300	3.531130	69.123374	1526.378952	0.000000
151.580000	-6.570000	-157.117599	17.731300	3.779521	68.966618	1528.446477	0.000000
151.580000	-6.570000	-157.117599	17.981300	3.958356	68.810583	1530.514002	0.000000
151.580000	-6.570000	-157.117599	18.231300	4.136836	68.655217	1532.581526	0.000000
151.580000	-6.570000	-157.117599	18.481300	4.314907	68.500574	1534.649051	0.000000
151.580000	-6.570000	-157.117599	18.731300	2.690857	68.346606	1536.716576	0.000000
151.580000	-6.570000	-157.117599	18.981300	-0.872408	68.193363	1539.250024	0.000000
151.580000	-6.570000	-157.117599	19.231300	-2.178226	68.040799	1542.188119	0.000000
151.580000	-6.570000	-157.117599	19.481300	-1.993633	67.888963	1545.126214	0.000000
151.580000	-6.570000	-157.117599	19.731300	-0.796570	67.737810	1548.064308	0.000000
151.580000	-6.570000	-157.117599	19.981300	0.508018	67.587386	1550.673893	0.000000
151.580000	-6.570000	-157.117599	20.231300	1.223388	67.437650	1553.146975	1.000000
151.580000	-6.570000	-157.117599	20.481300	1.403815	67.288643	1555.620056	1.000000
151.580000	-6.570000	-157.117599	20.731300	1.754069	67.140330	1558.093138	1.000000
151.580000	-6.570000	-157.117599	20.981300	2.499216	66.992747	1560.522832	1.000000
151.580000	-6.570000	-157.117599	21.231300	0.882410	66.845860	1562.930659	1.000000
151.580000	-6.570000	-157.117599	21.481300	-1.099391	66.699705	1565.930470	1.000000
151.580000	-6.570000	-157.117599	21.731300	-0.916708	66.554250	1568.930281	1.000000
151.580000	-6.570000	-157.117599	21.981300	-0.734324	66.409526	1571.930091	1.000000
151.580000	-6.570000	-157.117599	22.231300	-0.552212	66.265506	1574.929902	0.000000
151.580000	-6.570000	-157.117599	22.481300	-0.370400	66.122219	1577.929713	0.000000
151.580000	-6.570000	-157.117599	22.731300	-0.188862	65.979638	1580.929524	0.000000
151.580000	-6.570000	-157.117599	22.981300	-0.039200	65.837789	1583.929334	0.000000
151.580000	-6.570000	-157.117599	23.231300	0.087654	65.696650	1586.929145	0.000000
151.580000	-6.570000	-157.117599	23.481300	0.214115	65.556243	1589.928956	1.000000
151.580000	-6.570000	-157.117599	23.731300	0.280578	65.416548	1592.928766	1.000000
151.580000	-6.570000	-157.117599	23.981300	-0.344469	65.277585	1595.928577	1.000000
151.580000	-6.570000	-156.867599	15.481300	-4.790254	70.524135	1512.769944	0.000000
151.580000	-6.570000	-156.867599	15.731300	-4.603166	70.363200	1515.655819	0.000000
151.580000	-6.570000	-156.867599	15.981300	-2.813698	70.202869	1518.541693	1.000000
151.580000	-6.570000	-156.867599	16.231300	-0.917446	70.043270	1520.906749	1.000000
151.580000	-6.570000	-156.867599	16.481300	-0.680576	69.884280	1523.258577	1.000000
151.580000	-6.570000	-156.867599	16.731300	-0.497588	69.726026	1525.610405	1.000000
151.580000	-6.570000	-156.867599	16.981300	-0.314842	69.568385	1527.962232	0.000000
151.580000	-6.570000	-156.867599	17.231300	-0.029773	69.411487	1530.314060	0.000000
151.580000	-6.570000	-156.867599	17.481300	1.505723	69.255205	1532.665888	0.000000
151.580000	-6.570000	-156.867599	17.731300	3.210247	69.099670	1534.787175	0.000000
151.580000	-6.570000	-156.867599	17.981300	3.824184	68.944756	1536.854700	0.000000
151.580000	-6.570000	-156.867599	18.231300	4.001462	68.790592	1538.922224	0.000000
151.580000	-6.570000	-156.867599	18.481300	4.178429	68.637053	1540.989749	0.000000
151.580000	-6.570000	-156.867599	18.731300	3.128763	68.484267	1543.057274	0.000000
151.580000	-6.570000	-156.867599	18.981300	-0.450520	68.332111	1545.440837	0.000000
151.580000	-6.570000	-156.867599	19.231300	-2.318138	68.180712	1548.378932	0.000000
151.580000	-6.570000	-156.867599	19.481300	-1.717192	68.029944	1551.317027	0.000000
151.580000	-6.570000	-156.867599	19.731300	-0.414325	67.879937	1554.140656	0.000000
151.580000	-6.570000	-156.867599	19.981300	0.899436	67.730565	1556.613737	0.000000
151.580000	-6.570000	-156.867599	20.231300	1.079082	67.581956	1559.086819	1.000000
151.580000	-6.570000	-156.867599	20.481300	1.258473	67.433985	1561.559900	1.000000
151.580000	-6.570000	-156.867599	20.731300	1.437481	67.286780	1564.032982	1.000000
151.580000	-6.570000	-156.867599	20.981300	1.326151	67.140215	1566.506063	1.000000
151.580000	-6.570000	-156.867599	21.231300	-0.241607	66.994419	1569.084434	1.000000
151.580000	-6.570000	-156.867599	21.481300	-1.793261	66.849265	1572.084244	1.000000
151.580000	-6.570000	-156.867599	21.731300	-1.667738	66.704882	1575.084055	1.000000
151.580000	-6.570000	-156.867599	21.981300	-1.542534	66.561143	1578.083866	1.000000
151.580000	-6.570000	-156.867599	22.231300	-1.417774	66.418177	1581.083677	0.000000
151.580000	-6.570000	-156.867599	22.481300	-1.293333	66.275858	1584.083487	0.000000
151.580000	-6.570000	-156.867599	22.731300	-1.102896	66.134312	1587.083298	0.000000
151.580000	-6.570000	-156.867599	22.981300	-0.865268	65.993416	1590.064974	0.000000
151.580000	-6.570000	-156.867599	23.231300	-0.694508	65.853294	1593.033752	0.000000
151.580000	-6.570000	-156.867599	23.481300	-0.571473	65.713823	1596.002530	1.000000
151.580000	-6.570000	-156.867599	23.731300	-0.448879	65.575127	1598.971309	1.000000
151.580000	-6.570000	-156.617599	15.481300	-4.911560	70.645441	1518.939273	0.000000
151.580000	-6.570000	-156.617599	15.731300	-3.910022	70.485702	1521.825147	0.000000
151.580000	-6.570000	-156.617599	15.981300	-2.417917	70.326656	1524.492925	0.000000
151.580000	-6.570000	-156.617599	16.231300	-0.988898	70.168236	1526.844753	0.000000
151.580000	-6.570000	-156.617599	16.481300	-0.806809	70.010513	1529.196580	0.000000
151.580000	-6.570000	-156.617599	16.731300	-0.624983	69.853421	1531.548408	0.000000
151.580000	-6.570000	-156.617599	16.981300	-0.443486	69.697029	1533.900236	0.000000
151.580000	-6.570000	-156.617599	17.231300	-0.262257	69.541275	1536.252064	0.000000
151.580000	-6.570000	-156.617599	17.481300	-0.081361	69.386223	1538.603892	0.000000
151.580000	-6.570000	-156.617599	17.731300	0.906363	69.231816	1540.955720	0.000000
151.580000	-6.570000	-156.617599	17.981300	2.626286	69.078113	1543.195397	0.000000
151.580000	-6.570000	-156.617599	18.231300	3.859022	68.925059	1545.262922	0.000000
151.580000	-6.570000	-156.617599	18.481300	4.042768	68.772713	1547.330447	1.000000
151.580000	-6.570000	-156.617599	18.731300	3.571445	68.621022	1549.397972	1.000000
151.580000	-6.570000	-156.617599	18.981300	-0.023318	68.470039	1551.631650	1.000000
151.580000	-6.570000	-156.617599	19.231300	-2.457144	68.319717	1554.569745	1.000000
151.580000	-6.570000	-156.617599	19.481300	-1.185344	68.170105	1557.507840	1.000000
151.580000	-6.570000	-156.617599	19.731300	0.187362	68.021159	1560.080500	0.000000
151.580000	-6.570000	-156.617599	19.981300	0.757077	67.872924	1562.553581	0.000000
151.580000	-6.570000	-156.617599	20.231300	0.935679	67.725359	1565.026663	1.000000
151.580000	-6.570000	-156.617599	20.481300	1.171085	67.578506	1567.499744	1.000000
151.580000	-6.570000	-156.617599	20.731300	1.322126	67.432328	1569.972826	1.000000
151.580000	-6.570000	-156.617599	20.981300	1.258049	67.286864	1572.475852	1.000000
151.580000	-6.570000	-156.617599	21.231300	-0.107459	67.142078	1575.034620	1.000000
151.580000	-6.570000	-156.617599	21.481300	-2.176777	66.998007	1577.933592	1.000000
151.580000	-6.570000	-156.617599	21.731300	-2.478482	66.854617	1580.902370	1.000000
151.580000	-6.570000	-156.617599	21.981300	-2.357084	66.711943	1583.871149	2.000000
151.580000	-6.570000	-156.617599	22.231300	-2.236052	66.569954	1586.839927	1.000000
151.580000	-6.570000	-156.617599	22.481300	-2.115417	66.428682	1589.808705	1.000000
151.580000	-6.570000	-156.617599	22.731300	-1.995147	66.288097	1592.777483	0.000000
151.580000	-6.570000	-156.617599	22.981300	-1.839500	66.148229	1595.746262	0.000000
151.580000	-6.570000	-156.617599	23.231300	-1.658676	66.009052	1598.715040	0.000000
151.580000	-6.570000	-156.617599	23.481300	-0.936256	65.870592	1601.683818	1.000000
151.580000	-6.570000	-156.617599	23.731300	-1.600909	65.732825	1604.652596	1.000000
151.580000	-6.570000	-156.367599	15.481300	-5.032077	70.765959	1525.108601	0.000000
151.580000	-6.570000	-156.367599	15.731300	-3.399306	70.607510	1527.994476	0.000000
151.580000	-6.570000	-156.367599	15.981300	-1.636319	70.449649	1530.430928	0.000000
151.580000	-6.570000	-156.367599	16.231300	-1.113163	70.292501	1532.782756	0.000000
151.580000	-6.570000	-156.367599	16.481300	-0.932243	70.135946	1535.134584	0.000000
151.580000	-6.570000	-156.367599	16.731300	-0.751670	69.980108	1537.486412	0.000000
151.580000	-6.570000	-156.367599	16.981300	-0.571324	69.824867	1539.838240	0.000000
151.580000	-6.570000	-156.367599	17.231300	-0.391331	69.670349	1542.190068	0.000000
151.580000	-6.570000	-156.367599	17.481300	-0.211570	69.516432	1544.541896	0.000000
151.580000	-6.570000	-156.367599	17.731300	-0.032166	69.363242	1546.893723	0.000000
151.580000	-6.570000	-156.367599	17.981300	0.324037	69.210656	1549.245551	0.000000
151.580000	-6.570000	-156.367599	18.231300	2.034378	69.058802	1551.597379	0.000000
151.580000	-6.570000	-156.367599	18.481300	3.722941	68.907557	1553.671145	1.000000
151.580000	-6.570000	-156.367599	18.731300	4.018646	68.757047	1555.738669	1.000000
151.580000	-6.570000	-156.367599	18.981300	0.613946	68.607149	1557.822463	1.000000
151.580000	-6.570000	-156.367599	19.231300	-2.042196	68.457989	1560.760558	1.000000
151.580000	-6.570000	-156.367599	19.481300	-0.795932	68.309445	1563.547263	1.000000
151.580000	-6.570000	-156.367599	19.731300	0.437704	68.161643	1566.020344	1.000000
151.580000	-6.570000	-156.367599	19.981300	0.681171	68.014459	1568.493425	0.000000
151.580000	-6.570000	-156.367599	20.231300	0.811589	67.868020	1570.966507	1.000000
151.580000	-6.570000	-156.367599	20.481300	0.863384	67.722202	1573.474670	1.000000
151.580000	-6.570000	-156.367599	20.731300	1.051234	67.577132	1576.003242	1.000000
151.580000	-6.570000	-156.367599	20.981300	1.157309	67.432687	1578.531815	1.000000
151.580000	-6.570000	-156.367599	21.231300	1.022282	67.288991	1581.089528	1.000000
151.580000	-6.570000	-156.367599	21.481300	-0.535516	67.145921	1583.698843	1.000000
151.580000	-6.570000	-156.367599	21.731300	-2.385823	67.003604	1586.583658	2.000000
151.580000	-6.570000	-156.367599	21.981300	-2.715226	66.861916	1589.552436	2.000000
151.580000	-6.570000	-156.367599	22.231300	-2.534464	66.720982	1592.521215	1.000000
151.580000	-6.570000	-156.367599	22.481300	-2.353879	66.580678	1595.489993	1.000000
151.580000	-6.570000	-156.367599	22.731300	-2.173594	66.441131	1598.458771	1.000000
151.580000	-6.570000	-156.367599	22.981300	-1.993488	66.302216	1601.427549	1.000000
151.580000	-6.570000	-156.367599	23.231300	-1.378449	66.164059	1604.396328	0.000000
151.580000	-6.570000	-156.367599	23.481300	-2.647979	66.026536	1607.646374	1.000000
151.580000	-6.570000	-156.117599	15.481300	-4.603864	70.885697	1531.277930	0.000000
151.580000	-6.570000	-156.117599	15.731300	-3.007522	70.728439	1534.017104	0.000000
151.580000	-6.570000	-156.117599	15.981300	-1.416515	70.571859	1536.368932	0.000000
151.580000	-6.570000	-156.117599	16.231300	-1.236546	70.415885	1538.720760	0.000000
151.580000	-6.570000	-156.117599	16.481300	-1.056888	70.260591	1541.072588	0.000000
151.580000	-6.570000	-156.117599	16.731300	-0.877473	70.105911	1543.424416	0.000000
151.580000	-6.570000	-156.117599	16.981300	-0.698371	69.951914	1545.776244	0.000000
151.580000	-6.570000	-156.117599	17.231300	-0.519519	69.798537	1548.128071	0.000000
151.580000	-6.570000	-156.117599	17.481300	-0.340984	69.645846	1550.479899	0.000000
151.580000	-6.570000	-156.117599	17.731300	-0.162704	69.493780	1552.831727	0.000000
151.580000	-6.570000	-156.117599	17.981300	0.015256	69.342403	1555.183555	0.000000
151.580000	-6.570000	-156.117599	18.231300	0.192955	69.191657	1557.535383	1.000000
151.580000	-6.570000	-156.117599	18.481300	1.434707	69.041602	1559.887211	1.000000
151.580000	-6.570000	-156.117599	18.731300	3.138676	68.892183	1562.079367	1.000000
151.580000	-6.570000	-156.117599	18.981300	1.267094	68.743457	1564.146892	1.000000
151.580000	-6.570000	-156.117599	19.231300	-1.061584	68.595372	1566.951371	1.000000
151.580000	-6.570000	-156.117599	19.481300	-0.050496	68.447983	1569.487107	1.000000
151.580000	-6.570000	-156.117599	19.731300	0.305013	68.301239	1571.960188	1.000000
151.580000	-6.570000	-156.117599	19.981300	0.356116	68.155191	1574.473488	1.000000
151.580000	-6.570000	-156.117599	20.231300	0.563398	68.009795	1577.002060	0.000000
151.580000	-6.570000	-156.117599	20.481300	0.772423	67.865096	1579.530633	1.000000
151.580000	-6.570000	-156.117599	20.731300	0.948336	67.721052	1582.059205	1.000000
151.580000	-6.570000	-156.117599	20.981300	1.016325	67.577707	1584.587778	1.000000
151.580000	-6.570000	-156.117599	21.231300	0.880266	67.435021	1587.144437	1.000000
151.580000	-6.570000	-156.117599	21.481300	0.855806	67.293035	1589.753752	2.000000
151.580000	-6.570000	-156.117599	21.731300	-0.426593	67.151711	1592.363067	2.000000
151.580000	-6.570000	-156.117599	21.981300	-2.273552	67.011088	1595.233724	1.000000
151.580000	-6.570000	-156.117599	22.231300	-2.684614	66.871132	1598.202502	1.000000
151.580000	-6.570000	-156.117599	22.481300	-2.505077	66.731877	1601.171281	1.000000
151.580000	-6.570000	-156.117599	22.731300	-1.728594	66.593291	1604.140059	1.000000
151.580000	-6.570000	-156.117599	22.981300	-2.525625	66.455407	1607.108837	1.000000
151.580000	-6.570000	-156.117599	23.231300	-3.637202	66.318196	1610.851276	0.000000
151.580000	-6.570000	-155.867599	15.481300	-3.975135	71.004667	1537.447258	0.000000
151.580000	-6.570000	-155.867599	15.731300	-2.346892	70.848694	1539.955108	0.000000
151.580000	-6.570000	-155.867599	15.981300	-1.537950	70.693293	1542.306936	0.000000
151.580000	-6.570000	-155.867599	16.231300	-1.359248	70.538586	1544.658764	0.000000
151.580000	-6.570000	-155.867599	16.481300	-1.180753	70.384456	1547.010592	0.000000
151.580000	-6.570000	-155.867599	16.731300	-1.002587	70.231026	1549.362419	0.000000
151.580000	-6.570000	-155.867599	16.981300	-0.824633	70.078176	1551.714247	0.000000
151.580000	-6.570000	-155.867599	17.231300	-0.647013	69.926031	1554.066075	0.000000
151.580000	-6.570000	-155.867599	17.481300	-0.469608	69.774470	1556.417903	0.000000
151.580000	-6.570000	-155.867599	17.731300	-0.292542	69.623619	1558.769731	0.000000
151.580000	-6.570000	-155.867599	17.981300	-0.115696	69.473356	1561.121559	0.000000
151.580000	-6.570000	-155.867599	18.231300	0.060806	69.323806	1563.473387	1.000000
151.580000	-6.570000	-155.867599	18.481300	0.237085	69.174849	1565.825214	1.000000
151.580000	-6.570000	-155.867599	18.731300	0.820524	69.026609	1568.177042	1.000000
151.580000	-6.570000	-155.867599	18.981300	0.917246	68.878965	1570.487590	1.000000
151.580000	-6.570000	-155.867599	19.231300	-0.106966	68.732041	1572.953869	1.000000
151.580000	-6.570000	-155.867599	19.481300	-0.147189	68.585717	1575.472306	1.000000
151.580000	-6.570000	-155.867599	19.731300	0.079474	68.440116	1578.000878	1.000000
151.580000	-6.570000	-155.867599	19.981300	0.279812	68.295119	1580.529451	1.000000
151.580000	-6.570000	-155.867599	20.231300	0.455185	68.150848	1583.058023	0.000000
151.580000	-6.570000	-155.867599	20.481300	0.630336	68.007182	1585.586596	0.000000
151.580000	-6.570000	-155.867599	20.731300	0.805142	67.864246	1588.115168	1.000000
151.580000	-6.570000	-155.867599	20.981300	0.876149	67.721919	1590.643741	1.000000
151.580000	-6.570000	-155.867599	21.231300	0.738979	67.580324	1593.199346	1.000000
151.580000	-6.570000	-155.867599	21.481300	0.709501	67.439339	1595.808660	2.000000
151.580000	-6.570000	-155.867599	21.731300	0.883935	67.299089	1598.417975	1.000000
151.580000	-6.570000	-155.867599	21.981300	-0.319488	67.159452	1601.027290	1.000000
151.580000	-6.570000	-155.867599	22.231300	-2.163087	67.020551	1603.883790	1.000000
151.580000	-6.570000	-155.867599	22.481300	-2.267625	66.882266	1606.852568	1.000000
151.580000	-6.570000	-155.867599	22.731300	-3.600982	66.744719	1610.130841	1.000000
151.580000	-6.570000	-155.867599	22.981300	-3.651698	66.607790	1614.056178	1.000000
151.580000	-6.570000	-155.617599	15.481300	-3.587364	71.122877	1543.541284	0.000000
151.580000	-6.570000	-155.617599	15.731300	-1.836369	70.968089	1545.893112	0.000000
151.580000	-6.570000	-155.617599	15.981300	-1.658619	70.813962	1548.244940	0.000000
151.580000	-6.570000	-155.617599	16.231300	-1.481086	70.660425	1550.596767	0.000000
151.580000	-6.570000	-155.617599	16.481300	-1.303849	70.507552	1552.948595	0.000000
151.580000	-6.570000	-155.617599	16.731300	-1.126836	70.355274	1555.300423	0.000000
151.580000	-6.570000	-155.617599	16.981300	-0.950121	70.203665	1557.652251	0.000000
151.580000	-6.570000	-155.617599	17.231300	-0.773638	70.052656	1560.004079	0.000000
151.580000	-6.570000	-155.617599	17.481300	-0.597456	69.902318	1562.355907	0.000000
151.580000	-6.570000	-155.617599	17.731300	-0.421511	69.752587	1564.707735	0.000000
151.580000	-6.570000	-155.617599	17.981300	-0.245870	69.603530	1567.059562	0.000000
151.580000	-6.570000	-155.617599	18.231300	-0.104077	69.455085	1569.411390	1.000000
151.580000	-6.570000	-155.617599	18.481300	0.022967	69.307315	1571.763218	1.000000
151.580000	-6.570000	-155.617599	18.731300	0.297757	69.160164	1574.110694	1.000000
151.580000	-6.570000	-155.617599	18.981300	-0.329695	69.013690	1576.421467	1.000000
151.580000	-6.570000	-155.617599	19.231300	-0.843928	68.867839	1578.976564	1.000000
151.580000	-6.570000	-155.617599	19.481300	-0.393024	68.722667	1581.528269	1.000000
151.580000	-6.570000	-155.617599	19.731300	-0.033911	68.578124	1584.056841	1.000000
151.580000	-6.570000	-155.617599	19.981300	0.140670	68.434261	1586.585414	1.000000
151.580000	-6.570000	-155.617599	20.231300	0.315001	68.291032	1589.113986	0.000000
151.580000	-6.570000	-155.617599	20.481300	0.489035	68.148484	1591.642559	0.000000
151.580000	-6.570000	-155.617599	20.731300	0.662815	68.006573	1594.171131	0.000000
151.580000	-6.570000	-155.617599	20.981300	0.736759	67.865346	1596.699704	0.000000
151.580000	-6.570000	-155.617599	21.231300	0.598557	67.724761	1599.254254	0.000000
151.580000	-6.570000	-155.617599	21.481300	0.563981	67.584859	1601.863569	1.000000
151.580000	-6.570000	-155.617599	21.731300	0.737421	67.445603	1604.472884	1.000000
151.580000	-6.570000	-155.617599	21.981300	0.910568	67.307032	1607.082199	1.000000
151.580000	-6.570000	-155.617599	22.231300	-1.746354	67.169110	1609.691513	1.000000
151.580000	-6.570000	-155.617599	22.481300	-4.249086	67.031874	1613.335743	1.000000
151.580000	-6.570000	-155.617599	22.731300	-3.641473	66.895290	1617.261079	1.000000
151.580000	-6.570000	-155.367599	15.231300	-4.541388	71.394515	1546.900041	0.000000
151.580000	-6.570000	-155.367599	15.481300	-3.049066	71.240336	1549.479288	0.000000
151.580000	-6.570000	-155.367599	15.731300	-1.955108	71.086827	1551.831115	0.000000
151.580000	-6.570000	-155.367599	15.981300	-1.778532	70.933875	1554.182943	0.000000
151.580000	-6.570000	-155.367599	16.231300	-1.602262	70.781600	1556.534771	0.000000
151.580000	-6.570000	-155.367599	16.481300	-1.426183	70.629886	1558.886599	0.000000
151.580000	-6.570000	-155.367599	16.731300	-1.250415	70.478853	1561.238427	0.000000
151.580000	-6.570000	-155.367599	16.981300	-1.074843	70.328386	1563.590255	0.000000
151.580000	-6.570000	-155.367599	17.231300	-0.899588	70.178606	1565.942083	0.000000
151.580000	-6.570000	-155.367599	17.481300	-0.724533	70.029395	1568.293910	0.000000
151.580000	-6.570000	-155.367599	17.731300	-0.610281	69.880874	1570.645738	0.000000
151.580000	-6.570000	-155.367599	17.981300	-0.416318	69.732928	1572.997566	0.000000
151.580000	-6.570000	-155.367599	18.231300	-0.141654	69.585676	1575.328290	1.000000
151.580000	-6.570000	-155.367599	18.481300	0.047502	69.439002	1577.639064	1.000000
151.580000	-6.570000	-155.367599	18.731300	0.084963	69.293027	1579.949837	1.000000
151.580000	-6.570000	-155.367599	18.981300	-0.822520	69.147633	1582.279546	1.000000
151.580000	-6.570000	-155.367599	19.231300	-1.684785	69.002940	1584.902657	1.000000
151.580000	-6.570000	-155.367599	19.481300	-1.247814	68.858833	1587.525768	1.000000
151.580000	-6.570000	-155.367599	19.731300	-0.549709	68.715431	1590.112804	1.000000
151.580000	-6.570000	-155.367599	19.981300	0.002314	68.572617	1592.641377	1.000000
151.580000	-6.570000	-155.367599	20.231300	0.175522	68.430511	1595.169949	0.000000
151.580000	-6.570000	-155.367599	20.481300	0.348522	68.288997	1597.698522	0.000000
151.580000	-6.570000	-155.367599	20.731300	0.521195	68.148193	1600.227094	0.000000
151.580000	-6.570000	-155.367599	20.981300	0.598158	68.007984	1602.755667	0.000000
151.580000	-6.570000	-155.367599	21.231300	0.458845	67.868488	1605.309163	0.000000
151.580000	-6.570000	-155.367599	21.481300	0.419252	67.729589	1607.918478	1.000000
151.580000	-6.570000	-155.367599	21.731300	0.591618	67.591406	1610.527793	1.000000
151.580000	-6.570000	-155.367599	21.981300	-1.218026	67.453821	1613.137107	1.000000
151.580000	-6.570000	-155.367599	22.231300	-3.228920	67.316955	1616.540644	1.000000
151.580000	-6.570000	-155.367599	22.481300	-3.930258	67.180690	1620.451977	1.000000
151.580000	-6.570000	-155.117599	15.231300	-4.157455	71.509946	1553.065463	0.000000
151.580000	-6.570000	-155.117599	15.481300	-2.248587	71.357053	1555.417291	0.000000
151.580000	-6.570000	-155.117599	15.731300	-2.073004	71.204724	1557.769119	0.000000
151.580000	-6.570000	-155.117599	15.981300	-1.897697	71.053041	1560.120947	0.000000
151.580000	-6.570000	-155.117599	16.231300	-1.722591	70.901930	1562.472775	0.000000
151.580000	-6.570000	-155.117599	16.481300	-1.547765	70.751468	1564.824603	0.000000
151.580000	-6.570000	-155.117599	16.731300	-1.373146	70.601584	1567.176431	0.000000
151.580000	-6.570000	-155.117599	16.981300	-1.220490	70.452353	1569.528258	0.000000
151.580000	-6.570000	-155.117599	17.231300	-1.112224	70.303705	1571.880086	0.000000
151.580000	-6.570000	-155.117599	17.481300	-0.850984	70.155713	1574.231914	0.000000
151.580000	-6.570000	-155.117599	17.731300	-0.576396	70.008310	1576.545887	0.000000
151.580000	-6.570000	-155.117599	17.981300	-0.456156	69.861565	1578.856660	0.000000
151.580000	-6.570000	-155.117599	18.231300	-0.315294	69.715415	1581.167433	0.000000
151.580000	-6.570000	-155.117599	18.481300	-0.142500	69.569926	1583.478206	1.000000
151.580000	-6.570000	-155.117599	18.731300	-0.400109	69.425037	1585.788979	1.000000
151.580000	-6.570000	-155.117599	18.981300	-1.185738	69.280810	1588.205640	1.000000
151.580000	-6.570000	-155.117599	19.231300	-1.819033	69.137189	1590.828751	1.000000
151.580000	-6.570000	-155.117599	19.481300	-1.644845	68.994232	1593.451862	1.000000
151.580000	-6.570000	-155.117599	19.731300	-1.406235	68.851885	1596.074973	1.000000
151.580000	-6.570000	-155.117599	19.981300	-0.708186	68.710205	1598.697340	0.000000
151.580000	-6.570000	-155.117599	20.231300	-0.018815	68.569139	1601.225912	0.000000
151.580000	-6.570000	-155.117599	20.481300	0.208777	68.428741	1603.754485	0.000000
151.580000	-6.570000	-155.117599	20.731300	0.380425	68.288963	1606.283057	1.000000
151.580000	-6.570000	-155.117599	20.981300	0.460326	68.149853	1608.811630	1.000000
151.580000	-6.570000	-155.117599	21.231300	0.319982	68.011367	1611.364072	1.000000
151.580000	-6.570000	-155.117599	21.481300	0.275290	67.873550	1613.973386	2.000000
151.580000	-6.570000	-155.117599	21.731300	-1.082621	67.736361	1616.582701	2.000000
151.580000	-6.570000	-155.117599	21.981300	-3.148816	67.599843	1619.745546	1.000000
151.580000	-6.570000	-155.117599	22.231300	-4.216176	67.463956	1623.628660	1.000000
151.580000	-6.570000	-154.867599	15.231300	-3.742980	71.624746	1559.003467	0.000000
151.580000	-6.570000	-154.867599	15.481300	-2.364572	71.473037	1561.355295	0.000000
151.580000	-6.570000	-154.867599	15.731300	-2.190263	71.321982	1563.707123	0.000000
151.580000	-6.570000	-154.867599	15.981300	-2.016125	71.171469	1566.058951	0.000000
151.580000	-6.570000	-154.867599	16.231300	-1.842276	71.021614	1568.410779	0.000000
151.580000	-6.570000	-154.867599	16.481300	-1.717239	70.872307	1570.762606	0.000000
151.580000	-6.570000	-154.867599	16.731300	-1.554978	70.723663	1573.114434	0.000000
151.580000	-6.570000	-154.867599	16.981300	-1.280936	70.575571	1575.452710	0.000000
151.580000	-6.570000	-154.867599	17.231300	-1.061985	70.428146	1577.763483	0.000000
151.580000	-6.570000	-154.867599	17.481300	-0.955672	70.281277	1580.074256	0.000000
151.580000	-6.570000	-154.867599	17.731300	-0.788463	70.135081	1582.385029	0.000000
151.580000	-6.570000	-154.867599	17.981300	-0.616260	69.989445	1584.695802	0.000000
151.580000	-6.570000	-154.867599	18.231300	-0.444364	69.844485	1587.006575	0.000000
151.580000	-6.570000	-154.867599	18.481300	-0.272662	69.700088	1589.317348	0.000000
151.580000	-6.570000	-154.867599	18.731300	-0.882847	69.556372	1591.628122	1.000000
151.580000	-6.570000	-154.867599	18.981300	-1.659488	69.413223	1594.131733	1.000000
151.580000	-6.570000	-154.867599	19.231300	-1.952603	69.270759	1596.754844	1.000000
151.580000	-6.570000	-154.867599	19.481300	-1.779478	69.128864	1599.377955	1.000000
151.580000	-6.570000	-154.867599	19.731300	-1.606639	68.987657	1602.001066	0.000000
151.580000	-6.570000	-154.867599	19.981300	-1.432695	68.847024	1604.624177	0.000000
151.580000	-6.570000	-154.867599	20.231300	-0.868542	68.707081	1607.247288	0.000000
151.580000	-6.570000	-154.867599	20.481300	-0.176342	68.567715	1609.810448	1.000000
151.580000	-6.570000	-154.867599	20.731300	0.240345	68.429043	1612.339020	1.000000
151.580000	-6.570000	-154.867599	20.981300	0.323267	68.290950	1614.867593	1.000000
151.580000	-6.570000	-154.867599	21.231300	0.181811	68.153554	1617.418980	1.000000
151.580000	-6.570000	-154.867599	21.481300	-0.922219	68.016739	1620.028295	1.000000
151.580000	-6.570000	-154.867599	21.731300	-3.046175	67.880623	1622.950447	2.000000
151.580000	-6.570000	-154.867599	21.981300	-4.499230	67.745092	1626.805344	2.000000
151.580000	-6.570000	-154.617599	15.231300	-2.926777	71.738725	1564.941471	1.000000
151.580000	-6.570000	-154.617599	15.481300	-2.479832	71.588297	1567.293299	1.000000
151.580000	-6.570000	-154.617599	15.731300	-2.316338	71.438416	1569.645127	0.000000
151.580000	-6.570000	-154.617599	15.981300	-2.209580	71.289166	1571.996954	0.000000
151.580000	-6.570000	-154.617599	16.231300	-1.979858	71.140472	1574.348782	0.000000
151.580000	-6.570000	-154.617599	16.481300	-1.706090	70.992411	1576.670306	0.000000
151.580000	-6.570000	-154.617599	16.731300	-1.556246	70.844912	1578.981079	0.000000
151.580000	-6.570000	-154.617599	16.981300	-1.428917	70.698050	1581.291852	0.000000
151.580000	-6.570000	-154.617599	17.231300	-1.257163	70.551755	1583.602625	0.000000
151.580000	-6.570000	-154.617599	17.481300	-1.085680	70.406101	1585.913398	0.000000
151.580000	-6.570000	-154.617599	17.731300	-0.914401	70.261019	1588.224172	0.000000
151.580000	-6.570000	-154.617599	17.981300	-0.743395	70.116580	1590.534945	0.000000
151.580000	-6.570000	-154.617599	18.231300	-0.572598	69.972719	1592.845718	0.000000
151.580000	-6.570000	-154.617599	18.481300	-0.402078	69.829504	1595.156491	0.000000
151.580000	-6.570000	-154.617599	18.731300	-1.271828	69.686872	1597.467264	0.000000
151.580000	-6.570000	-154.617599	18.981300	-2.130834	69.544888	1600.057826	0.000000
151.580000	-6.570000	-154.617599	19.231300	-2.085336	69.403492	1602.680937	0.000000
151.580000	-6.570000	-154.617599	19.481300	-1.913360	69.262746	1605.304048	0.000000
151.580000	-6.570000	-154.617599	19.731300	-1.741574	69.122593	1607.927159	0.000000
151.580000	-6.570000	-154.617599	19.981300	-1.570038	68.983091	1610.550270	0.000000
151.580000	-6.570000	-154.617599	20.231300	-1.398698	68.844188	1613.173381	1.000000
151.580000	-6.570000	-154.617599	20.481300	-1.030645	68.705937	1615.796492	1.000000
151.580000	-6.570000	-154.617599	20.731300	-0.338507	68.568289	1618.394983	1.000000
151.580000	-6.570000	-154.617599	20.981300	0.169745	68.431295	1620.923556	1.000000
151.580000	-6.570000	-154.617599	21.231300	-0.229830	68.294908	1623.473889	1.000000
151.580000	-6.570000	-154.617599	21.481300	-2.919466	68.159176	1626.155349	1.000000
151.580000	-6.570000	-154.617599	21.731300	-4.779378	68.024054	1629.982027	1.000000
151.580000	-6.570000	-154.367599	15.231300	-2.803175	71.852092	1570.879475	1.000000
151.580000	-6.570000	-154.367599	15.481300	-2.672963	71.702842	1573.231302	1.000000
151.580000	-6.570000	-154.367599	15.731300	-2.399911	71.554229	1575.577129	0.000000
151.580000	-6.570000	-154.367599	15.981300	-2.151007	71.406144	1577.887902	0.000000
151.580000	-6.570000	-154.367599	16.231300	-2.046229	71.258701	1580.198675	0.000000
151.580000	-6.570000	-154.367599	16.481300	-1.892467	71.111790	1582.509448	0.000000
151.580000	-6.570000	-154.367599	16.731300	-1.721483	70.965526	1584.820221	0.000000
151.580000	-6.570000	-154.367599	16.981300	-1.550666	70.819799	1587.130995	0.000000
151.580000	-6.570000	-154.367599	17.231300	-1.380132	70.674723	1589.441768	0.000000
151.580000	-6.570000	-154.367599	17.481300	-1.209769	70.530189	1591.752541	0.000000
151.580000	-6.570000	-154.367599	17.731300	-1.039692	70.386310	1594.063314	0.000000
151.580000	-6.570000	-154.367599	17.981300	-0.869791	70.242976	1596.374087	0.000000
151.580000	-6.570000	-154.367599	18.231300	-0.700181	70.100302	1598.684860	0.000000
151.580000	-6.570000	-154.367599	18.481300	-0.752312	69.958177	1600.995633	0.000000
151.580000	-6.570000	-154.367599	18.731300	-1.602354	69.816715	1603.360809	0.000000
151.580000	-6.570000	-154.367599	18.981300	-2.388479	69.675806	1605.983920	0.000000
151.580000	-6.570000	-154.367599	19.231300	-2.217409	69.535565	1608.607031	0.000000
151.580000	-6.570000	-154.367599	19.481300	-2.046492	69.395879	1611.230142	0.000000
151.580000	-6.570000	-154.367599	19.731300	-1.875845	69.256864	1613.853253	0.000000
151.580000	-6.570000	-154.367599	19.981300	-1.705355	69.118408	1616.476364	0.000000
151.580000	-6.570000	-154.367599	20.231300	-1.535136	68.980626	1619.099475	1.000000
151.580000	-6.570000	-154.367599	20.481300	-1.365078	68.843406	1621.722586	1.000000
151.580000	-6.570000	-154.367599	20.731300	-1.153308	68.706863	1624.345697	1.000000
151.580000	-6.570000	-154.367599	20.981300	-0.466819	68.570885	1626.968807	1.000000
151.580000	-6.570000	-154.367599	21.231300	-2.596959	68.435587	1629.528798	1.000000
151.580000	-6.570000	-154.367599	21.481300	-4.539862	68.300857	1633.158710	1.000000
151.580000	-6.570000	-154.367599	21.731300	-4.858163	68.166809	1636.906270	1.000000
151.580000	-6.570000	-154.117599	15.231300	-2.814857	71.964654	1576.794725	1.000000
151.580000	-6.570000	-154.117599	15.481300	-2.635424	71.816679	1579.105498	1.000000
151.580000	-6.570000	-154.117599	15.731300	-2.521851	71.669235	1581.416271	0.000000
151.580000	-6.570000	-154.117599	15.981300	-2.351415	71.522408	1583.727045	0.000000
151.580000	-6.570000	-154.117599	16.231300	-2.181146	71.376120	1586.037818	0.000000
151.580000	-6.570000	-154.117599	16.481300	-2.011128	71.230451	1588.348591	0.000000
151.580000	-6.570000	-154.117599	16.731300	-1.841284	71.085327	1590.659364	0.000000
151.580000	-6.570000	-154.117599	16.981300	-1.671694	70.940827	1592.970137	0.000000
151.580000	-6.570000	-154.117599	17.231300	-1.502285	70.796876	1595.280910	0.000000
151.580000	-6.570000	-154.117599	17.481300	-1.333132	70.653552	1597.591683	0.000000
151.580000	-6.570000	-154.117599	17.731300	-1.164166	70.510784	1599.902456	0.000000
151.580000	-6.570000	-154.117599	17.981300	-0.995459	70.368644	1602.213230	0.000000
151.580000	-6.570000	-154.117599	18.231300	-0.826945	70.227066	1604.524003	0.000000
151.580000	-6.570000	-154.117599	18.481300	-1.233027	70.086119	1606.834776	0.000000
151.580000	-6.570000	-154.117599	18.731300	-2.019811	69.945739	1609.286902	0.000000
151.580000	-6.570000	-154.117599	18.981300	-2.518665	69.805992	1611.910013	0.000000
151.580000	-6.570000	-154.117599	19.231300	-2.348662	69.666818	1614.533124	0.000000
151.580000	-6.570000	-154.117599	19.481300	-2.178892	69.528278	1617.156235	0.000000
151.580000	-6.570000	-154.117599	19.731300	-2.009297	69.390315	1619.779346	0.000000
151.580000	-6.570000	-154.117599	19.981300	-1.839936	69.252989	1622.402457	0.000000
151.580000	-6.570000	-154.117599	20.231300	-1.670756	69.116245	1625.025568	1.000000
151.580000	-6.570000	-154.117599	20.481300	-1.318018	68.980139	1627.648679	1.000000
151.580000	-6.570000	-154.117599	20.731300	-1.162605	68.844620	1630.271790	1.000000
151.580000	-6.570000	-154.117599	20.981300	-3.002406	68.709740	1632.964529	1.000000
151.580000	-6.570000	-154.117599	21.231300	-4.367069	68.575450	1636.335393	1.000000
151.580000	-6.570000	-154.117599	21.481300	-5.172914	68.441802	1640.082953	1.000000
151.580000	-6.570000	-153.867599	15.231300	-2.615939	72.076621	1582.633868	1.000000
151.580000	-6.570000	-153.867599	15.481300	-2.628195	71.929819	1584.944641	1.000000
151.580000	-6.570000	-153.867599	15.731300	-2.544372	71.783637	1587.255414	0.000000
151.580000	-6.570000	-153.867599	15.981300	-2.461214	71.637970	1589.566187	0.000000
151.580000	-6.570000	-153.867599	16.231300	-2.297954	71.492928	1591.876960	0.000000
151.580000	-6.570000	-153.867599	16.481300	-2.129081	71.348404	1594.187733	0.000000
151.580000	-6.570000	-153.867599	16.731300	-1.960468	71.204511	1596.498506	0.000000
151.580000	-6.570000	-153.867599	16.981300	-1.792008	71.061141	1598.809280	0.000000
151.580000	-6.570000	-153.867599	17.231300	-1.623814	70.918406	1601.120053	0.000000
151.580000	-6.570000	-153.867599	17.481300	-1.455777	70.776197	1603.430826	0.000000
151.580000	-6.570000	-153.867599	17.731300	-1.288011	70.634629	1605.741599	0.000000
151.580000	-6.570000	-153.867599	17.981300	-1.120406	70.493591	1608.052372	1.000000
151.580000	-6.570000	-153.867599	18.231300	-0.953075	70.353196	1610.363145	1.000000
151.580000	-6.570000	-153.867599	18.481300	-1.706466	70.213336	1612.673918	1.000000
151.580000	-6.570000	-153.867599	18.731300	-2.489221	70.074124	1615.212995	1.000000
151.580000	-6.570000	-153.867599	18.981300	-2.648122	69.935450	1617.836106	0.000000
151.580000	-6.570000	-153.867599	19.231300	-2.479271	69.797427	1620.459217	0.000000
151.580000	-6.570000	-153.867599	19.481300	-2.310559	69.659945	1623.082328	0.000000
151.580000	-6.570000	-153.867599	19.731300	-2.142100	69.523119	1625.705439	0.000000
151.580000	-6.570000	-153.867599	19.981300	-1.724490	69.386837	1628.328550	0.000000
151.580000	-6.570000	-153.867599	20.231300	-1.716903	69.251213	1630.951661	0.000000
151.580000	-6.570000	-153.867599	20.481300	-1.862878	69.116136	1633.683064	1.000000
151.580000	-6.570000	-153.867599	20.731300	-2.626523	68.981721	1636.457009	1.000000
151.580000	-6.570000	-153.867599	20.981300	-4.090502	68.847857	1639.512076	1.000000
151.580000	-6.570000	-153.867599	21.231300	-5.485058	68.714656	1643.259636	1.000000
151.580000	-6.570000	-153.617599	15.231300	-2.092643	72.187801	1588.635550	1.000000
151.580000	-6.570000	-153.617599	15.481300	-2.006174	72.042267	1590.893322	1.000000
151.580000	-6.570000	-153.617599	15.731300	-1.920348	71.897249	1593.151093	0.000000
151.580000	-6.570000	-153.617599	15.981300	-2.037414	71.752835	1595.408864	0.000000
151.580000	-6.570000	-153.617599	16.231300	-2.170018	71.608942	1597.716103	0.000000
151.580000	-6.570000	-153.617599	16.481300	-2.101802	71.465656	1600.026876	0.000000
151.580000	-6.570000	-153.617599	16.731300	-2.019833	71.322899	1602.337649	0.000000
151.580000	-6.570000	-153.617599	16.981300	-1.911618	71.180750	1604.648422	0.000000
151.580000	-6.570000	-153.617599	17.231300	-1.744545	71.039136	1606.959195	0.000000
151.580000	-6.570000	-153.617599	17.481300	-1.577714	70.898135	1609.269968	0.000000
151.580000	-6.570000	-153.617599	17.731300	-1.411055	70.757673	1611.580741	1.000000
151.580000	-6.570000	-153.617599	17.981300	-1.244641	70.617826	1613.891515	1.000000
151.580000	-6.570000	-153.617599	18.231300	-1.090313	70.478524	1616.202288	1.000000
151.580000	-6.570000	-153.617599	18.481300	-2.035970	70.339839	1618.515978	1.000000
151.580000	-6.570000	-153.617599	18.731300	-2.944804	70.201706	1621.139089	1.000000
151.580000	-6.570000	-153.617599	18.981300	-2.776864	70.064191	1623.762200	1.000000
151.580000	-6.570000	-153.617599	19.231300	-2.549395	69.927233	1626.385311	0.000000
151.580000	-6.570000	-153.617599	19.481300	-2.126795	69.790895	1629.008422	0.000000
151.580000	-6.570000	-153.617599	19.731300	-2.266669	69.655119	1631.631533	0.000000
151.580000	-6.570000	-153.617599	19.981300	-2.411641	69.519965	1634.401600	0.000000
151.580000	-6.570000	-153.617599	20.231300	-2.010375	69.385377	1637.175544	0.000000
151.580000	-6.570000	-153.617599	20.481300	-1.774477	69.251414	1639.949489	1.000000
151.580000	-6.570000	-153.617599	20.731300	-3.874548	69.118020	1642.723433	1.000000
151.580000	-6.570000	-153.617599	20.981300	-5.687683	68.985253	1646.436320	1.000000
151.580000	-6.570000	-153.367599	15.481300	-1.992337	72.154035	1596.924336	1.000000
151.580000	-6.570000	-153.367599	15.731300	-1.826294	72.010274	1599.182107	0.000000
151.580000	-6.570000	-153.367599	15.981300	-1.660398	71.867014	1601.439879	0.000000
151.580000	-6.570000	-153.367599	16.231300	-1.569824	71.724362	1603.697650	0.000000
151.580000	-6.570000	-153.367599	16.481300	-1.485222	71.582217	1605.955421	0.000000
151.580000	-6.570000	-153.367599	16.731300	-1.468910	71.440685	1608.213193	0.000000
151.580000	-6.570000	-153.367599	16.981300	-1.601659	71.299663	1610.487564	0.000000
151.580000	-6.570000	-153.367599	17.231300	-1.668075	71.159260	1612.798338	0.000000
151.580000	-6.570000	-153.367599	17.481300	-1.587251	71.019371	1615.109111	1.000000
151.580000	-6.570000	-153.367599	17.731300	-1.507179	70.880104	1617.419884	1.000000
151.580000	-6.570000	-153.367599	17.981300	-1.368171	70.741355	1619.730657	1.000000
151.580000	-6.570000	-153.367599	18.231300	-1.569162	70.603234	1622.041430	1.000000
151.580000	-6.570000	-153.367599	18.481300	-2.366110	70.465634	1624.442071	1.000000
151.580000	-6.570000	-153.367599	18.731300	-2.945829	70.328665	1627.065182	1.000000
151.580000	-6.570000	-153.367599	18.981300	-2.658254	70.192220	1629.688293	1.000000
151.580000	-6.570000	-153.367599	19.231300	-2.811960	70.056411	1632.346190	1.000000
151.580000	-6.570000	-153.367599	19.481300	-2.827197	69.921130	1635.120135	0.000000
151.580000	-6.570000	-153.367599	19.731300	-2.413160	69.786488	1637.894080	0.000000
151.580000	-6.570000	-153.367599	19.981300	-2.240717	69.652376	1640.668024	0.000000
151.580000	-6.570000	-153.367599	20.231300	-2.074810	69.518907	1643.441969	0.000000
151.580000	-6.570000	-153.367599	20.481300	-3.624301	69.385972	1646.215913	0.000000
151.580000	-6.570000	-153.367599	20.731300	-5.067738	69.253682	1649.613003	1.000000
151.580000	-6.570000	-153.117599	15.481300	-2.103429	72.265127	1602.955350	0.000000
151.580000	-6.570000	-153.117599	15.731300	-1.938544	72.122525	1605.213122	0.000000
151.580000	-6.570000	-153.117599	15.981300	-1.773896	71.980512	1607.470893	0.000000
151.580000	-6.570000	-153.117599	16.231300	-1.609400	71.839006	1609.728664	0.000000
151.580000	-6.570000	-153.117599	16.481300	-1.445143	71.698092	1611.986436	0.000000
151.580000	-6.570000	-153.117599	16.731300	-1.281045	71.557692	1614.244207	0.000000
151.580000	-6.570000	-153.117599	16.981300	-1.142244	71.417887	1616.501978	0.000000
151.580000	-6.570000	-153.117599	17.231300	-1.058852	71.278602	1618.759750	0.000000
151.580000	-6.570000	-153.117599	17.481300	-0.976165	71.139914	1621.017521	1.000000
151.580000	-6.570000	-153.117599	17.731300	-1.043110	71.001752	1623.275293	1.000000
151.580000	-6.570000	-153.117599	17.981300	-1.177095	70.864190	1625.569799	1.000000
151.580000	-6.570000	-153.117599	18.231300	-1.877128	70.727158	1627.880573	1.000000
151.580000	-6.570000	-153.117599	18.481300	-2.679953	70.590730	1630.368165	1.000000
151.580000	-6.570000	-153.117599	18.731300	-3.352509	70.454837	1633.064726	1.000000
151.580000	-6.570000	-153.117599	18.981300	-3.224088	70.319550	1635.838670	1.000000
151.580000	-6.570000	-153.117599	19.231300	-2.868045	70.184802	1638.612615	1.000000
151.580000	-6.570000	-153.117599	19.481300	-2.702674	70.050663	1641.386559	0.000000
151.580000	-6.570000	-153.117599	19.731300	-2.537446	69.917069	1644.160504	0.000000
151.580000	-6.570000	-153.117599	19.981300	-2.372425	69.784084	1646.934449	0.000000
151.580000	-6.570000	-153.117599	20.231300	-3.322735	69.651649	1649.708393	0.000000
151.580000	-6.570000	-153.117599	20.481300	-4.877718	69.519825	1652.789686	0.000000
151.580000	-6.570000	-152.867599	15.481300	-2.213857	72.375556	1608.986365	0.000000
151.580000	-6.570000	-152.867599	15.731300	-2.050224	72.234204	1611.244136	0.000000
151.580000	-6.570000	-152.867599	15.981300	-1.886725	72.093340	1613.501907	0.000000
151.580000	-6.570000	-152.867599	16.231300	-1.723465	71.953070	1615.759679	0.000000
151.580000	-6.570000	-152.867599	16.481300	-1.560343	71.813293	1618.017450	0.000000
151.580000	-6.570000	-152.867599	16.731300	-1.397467	71.674114	1620.275221	0.000000
151.580000	-6.570000	-152.867599	16.981300	-1.234733	71.535432	1622.532993	0.000000
151.580000	-6.570000	-152.867599	17.231300	-1.072249	71.397352	1624.790764	0.000000
151.580000	-6.570000	-152.867599	17.481300	-0.909912	71.259774	1627.048536	1.000000
151.580000	-6.570000	-152.867599	17.731300	-0.747830	71.122803	1629.306307	1.000000
151.580000	-6.570000	-152.867599	17.981300	-0.641191	70.986336	1631.564078	1.000000
151.580000	-6.570000	-152.867599	18.231300	-2.260890	70.850481	1633.821850	1.000000
151.580000	-6.570000	-152.867599	18.481300	-3.473584	70.715134	1636.557206	1.000000
151.580000	-6.570000	-152.867599	18.731300	-3.324903	70.580403	1639.331150	1.000000
151.580000	-6.570000	-152.867599	18.981300	-3.160255	70.446183	1642.105095	1.000000
151.580000	-6.570000	-152.867599	19.231300	-2.995825	70.312583	1644.879039	1.000000
151.580000	-6.570000	-152.867599	19.481300	-2.831508	70.179497	1647.652984	0.000000
151.580000	-6.570000	-152.867599	19.731300	-2.667412	70.047035	1650.426928	0.000000
151.580000	-6.570000	-152.867599	19.981300	-2.503432	69.915091	1653.200873	0.000000
151.580000	-6.570000	-152.867599	20.231300	-4.656039	69.783773	1655.974818	0.000000
151.580000	-6.570000	-152.617599	15.731300	-2.161145	72.345126	1617.275150	0.000000
151.580000	-6.570000	-152.617599	15.981300	-1.998888	72.205504	1619.532922	0.000000
151.580000	-6.570000	-152.617599	16.231300	-1.836768	72.066374	1621.790693	0.000000
151.580000	-6.570000	-152.617599	16.481300	-1.674875	71.927824	1624.048464	0.000000
151.580000	-6.570000	-152.617599	16.731300	-1.513125	71.789772	1626.306236	0.000000
151.580000	-6.570000	-152.617599	16.981300	-1.351604	71.652302	1628.564007	0.000000
151.580000	-6.570000	-152.617599	17.231300	-1.190233	71.515336	1630.821778	0.000000
151.580000	-6.570000	-152.617599	17.481300	-1.029095	71.378956	1633.079550	1.000000
151.580000	-6.570000	-152.617599	17.731300	-0.868112	71.243085	1635.337321	1.000000
151.580000	-6.570000	-152.617599	17.981300	-1.197523	71.107802	1637.595093	1.000000
151.580000	-6.570000	-152.617599	18.231300	-2.815834	70.973033	1639.975483	1.000000
151.580000	-6.570000	-152.617599	18.481300	-3.887971	70.838855	1642.823630	1.000000
151.580000	-6.570000	-152.617599	18.731300	-3.449697	70.705197	1645.597575	1.000000
151.580000	-6.570000	-152.617599	18.981300	-3.286204	70.572132	1648.371519	1.000000
151.580000	-6.570000	-152.617599	19.231300	-3.122834	70.439591	1651.145464	1.000000
151.580000	-6.570000	-152.617599	19.481300	-2.959656	70.307645	1653.919408	0.000000
151.580000	-6.570000	-152.617599	19.731300	-2.796606	70.176229	1656.693353	0.000000
151.580000	-6.570000	-152.617599	19.981300	-4.400124	70.045409	1659.467297	0.000000
151.580000	-6.570000	-152.367599	15.731300	-2.271511	72.455491	1623.306165	0.000000
151.580000	-6.570000	-152.367599	15.981300	-2.110398	72.317014	1625.563936	0.000000
151.580000	-6.570000	-152.367599	16.231300	-1.949509	72.179115	1627.821707	0.000000
151.580000	-6.570000	-152.367599	16.481300	-1.788747	72.041696	1630.079479	0.000000
151.580000	-6.570000	-152.367599	16.731300	-1.628214	71.904861	1632.337250	0.000000
151.580000	-6.570000	-152.367599	16.981300	-1.467811	71.768509	1634.595021	0.000000
151.580000	-6.570000	-152.367599	17.231300	-1.307643	71.632746	1636.852793	0.000000
151.580000	-6.570000	-152.367599	17.481300	-1.147609	71.497470	1639.110564	0.000000
151.580000	-6.570000	-152.367599	17.731300	-0.987814	71.362787	1641.368335	1.000000
151.580000	-6.570000	-152.367599	17.981300	-2.129248	71.228595	1643.626107	1.000000
151.580000	-6.570000	-152.367599	18.231300	-3.685151	71.095000	1646.211066	1.000000
151.580000	-6.570000	-152.367599	18.481300	-4.175259	70.961901	1649.089070	1.000000
151.580000	-6.570000	-152.367599	18.731300	-3.577525	70.829401	1651.863999	1.000000
151.580000	-6.570000	-152.367599	18.981300	-3.411473	70.697401	1654.637944	1.000000
151.580000	-6.570000	-152.367599	19.231300	-3.249247	70.566005	1657.411888	0.000000
151.580000	-6.570000	-152.367599	19.481300	-3.087121	70.435110	1660.185833	0.000000
151.580000	-6.570000	-152.367599	19.731300	-4.107326	70.304824	1662.959777	0.000000
151.580000	-6.570000	-152.117599	15.981300	-2.221258	72.427874	1631.594950	0.000000
151.580000	-6.570000	-152.117599	16.231300	-2.061505	72.291111	1633.852722	0.000000
151.580000	-6.570000	-152.117599	16.481300	-1.901965	72.154914	1636.110493	0.000000
151.580000	-6.570000	-152.117599	16.731300	-1.742554	72.019201	1638.368264	0.000000
151.580000	-6.570000	-152.117599	16.981300	-1.583360	71.884058	1640.626036	0.000000
151.580000	-6.570000	-152.117599	17.231300	-1.424301	71.749404	1642.883807	0.000000
151.580000	-6.570000	-152.117599	17.481300	-1.265461	71.615323	1645.141578	0.000000
151.580000	-6.570000	-152.117599	17.731300	-1.106763	71.481736	1647.399350	1.000000
151.580000	-6.570000	-152.117599	17.981300	-2.863735	71.348724	1649.657121	1.000000
151.580000	-6.570000	-152.117599	18.231300	-4.563076	71.216212	1652.446648	1.000000
151.580000	-6.570000	-152.117599	18.481300	-4.460640	71.084278	1655.324653	1.000000
151.580000	-6.570000	-152.117599	18.731300	-3.814445	70.952849	1658.130424	1.000000
151.580000	-6.570000	-152.117599	18.981300	-3.536073	70.822000	1660.904368	0.000000
151.580000	-6.570000	-152.117599	19.231300	-3.374904	70.691661	1663.678313	0.000000
151.580000	-6.570000	-152.117599	19.481300	-3.279138	70.561904	1666.452257	0.000000
151.580000	-6.570000	-152.117599	19.731300	-5.418897	70.432662	1669.243979	0.000000
151.580000	-6.570000	-151.867599	15.981300	-2.331481	72.538097	1637.625965	0.000000
151.580000	-6.570000	-151.867599	16.231300	-2.172953	72.402559	1639.883736	0.000000
151.580000	-6.570000	-151.867599	16.481300	-2.014540	72.267489	1642.141507	0.000000
151.580000	-6.570000	-151.867599	16.731300	-1.856341	72.132988	1644.399279	0.000000
151.580000	-6.570000	-151.867599	16.981300	-1.698261	71.998959	1646.657050	0.000000
151.580000	-6.570000	-151.867599	17.231300	-1.540400	71.865503	1648.914821	0.000000
151.580000	-6.570000	-151.867599	17.481300	-1.382661	71.732522	1651.172593	0.000000
151.580000	-6.570000	-151.867599	17.731300	-1.689784	71.600120	1653.430364	0.000000
151.580000	-6.570000	-151.867599	17.981300	-3.438041	71.468196	1655.804226	0.000000
151.580000	-6.570000	-151.867599	18.231300	-5.008368	71.336854	1658.682230	0.000000
151.580000	-6.570000	-151.867599	18.481300	-4.695493	71.205996	1661.560235	0.000000
151.580000	-6.570000	-151.867599	18.731300	-4.050600	71.075723	1664.396848	1.000000
151.580000	-6.570000	-151.867599	18.981300	-3.660008	70.945936	1667.170793	1.000000
151.580000	-6.570000	-151.867599	19.231300	-3.499981	70.816739	1669.944737	1.000000
151.580000	-6.570000	-151.867599	19.481300	-5.157388	70.688031	1672.718682	0.000000
151.580000	-6.570000	-151.617599	16.231300	-2.283671	72.513277	1645.914750	0.000000
151.580000	-6.570000	-151.617599	16.481300	-2.126475	72.379425	1648.172522	0.000000
151.580000	-6.570000	-151.617599	16.731300	-1.969395	72.246042	1650.430293	0.000000
151.580000	-6.570000	-151.617599	16.981300	-1.812518	72.113216	1652.688064	0.000000
151.580000	-6.570000	-151.617599	17.231300	-1.655763	71.980866	1654.945836	0.000000
151.580000	-6.570000	-151.617599	17.481300	-1.499214	71.849076	1657.203607	0.000000
151.580000	-6.570000	-151.617599	17.731300	-2.619497	71.717766	1659.461378	0.000000
151.580000	-6.570000	-151.617599	17.981300	-4.181859	71.587018	1662.039808	0.000000
151.580000	-6.570000	-151.617599	18.231300	-5.128270	71.456757	1664.917813	1.000000
151.580000	-6.570000	-151.617599	18.481300	-4.929500	71.327060	1667.795817	1.000000
151.580000	-6.570000	-151.617599	18.731300	-4.319336	71.197855	1670.663272	1.000000
151.580000	-6.570000	-151.617599	18.981300	-3.783289	71.069216	1673.437217	1.000000
151.580000	-6.570000	-151.617599	19.231300	-4.859067	70.941074	1676.211162	1.000000
151.580000	-6.570000	-151.367599	16.231300	-2.393857	72.623462	1651.945764	0.000000
151.580000	-6.570000	-151.367599	16.481300	-2.237783	72.490732	1654.203536	0.000000
151.580000	-6.570000	-151.367599	16.731300	-2.081910	72.358557	1656.461307	0.000000
151.580000	-6.570000	-151.367599	16.981300	-1.926143	72.226841	1658.719079	0.000000
151.580000	-6.570000	-151.367599	17.231300	-1.770581	72.095684	1660.976850	0.000000
151.580000	-6.570000	-151.367599	17.481300	-1.615130	71.964991	1663.234621	0.000000
151.580000	-6.570000	-151.367599	17.731300	-3.362533	71.834861	1665.492393	0.000000
151.580000	-6.570000	-151.367599	17.981300	-5.057775	71.705199	1668.275390	0.000000
151.580000	-6.570000	-151.367599	18.231300	-5.247617	71.576104	1671.153395	1.000000
151.580000	-6.570000	-151.367599	18.481300	-5.088506	71.447480	1674.031399	1.000000
151.580000	-6.570000	-151.367599	18.731300	-4.605239	71.319427	1676.909404	1.000000
151.580000	-6.570000	-151.367599	18.981300	-4.142024	71.191848	1679.703641	1.000000
151.580000	-6.570000	-151.117599	16.481300	-2.348466	72.601415	1660.234550	0.000000
151.580000	-6.570000	-151.117599	16.731300	-2.193706	72.470353	1662.492322	0.000000
151.580000	-6.570000	-151.117599	16.981300	-2.039139	72.339837	1664.750093	0.000000
151.580000	-6.570000	-151.117599	17.231300	-1.884679	72.209782	1667.007864	0.000000
151.580000	-6.570000	-151.117599	17.481300	-2.169457	72.080275	1669.265636	0.000000
151.580000	-6.570000	-151.117599	17.731300	-3.934781	71.951234	1671.632968	0.000000
151.580000	-6.570000	-151.117599	17.981300	-5.524330	71.822744	1674.510973	1.000000
151.580000	-6.570000	-151.117599	18.231300	-5.366240	71.694726	1677.388977	1.000000
151.580000	-6.570000	-151.117599	18.481300	-5.208287	71.567261	1680.266982	1.000000
151.580000	-6.570000	-151.117599	18.731300	-4.856777	71.440273	1683.144986	1.000000
151.580000	-6.570000	-150.867599	16.481300	-2.458535	72.711485	1666.265564	0.000000
151.580000	-6.570000	-150.867599	16.731300	-2.304979	72.581626	1668.523336	0.000000
151.580000	-6.570000	-150.867599	16.981300	-2.151517	72.452215	1670.781107	0.000000
151.580000	-6.570000	-150.867599	17.231300	-1.998246	72.323349	1673.038879	0.000000
151.580000	-6.570000	-150.867599	17.481300	-3.097310	72.194936	1675.296650	0.000000
151.580000	-6.570000	-150.867599	17.731300	-4.666147	72.067072	1677.868550	0.000000
151.580000	-6.570000	-150.867599	17.981300	-5.641249	71.939663	1680.746555	1.000000
151.580000	-6.570000	-150.867599	18.231300	-5.484322	71.812808	1683.624559	1.000000
151.580000	-6.570000	-150.867599	18.481300	-5.327438	71.686412	1686.502564	1.000000
151.580000	-6.570000	-150.617599	16.731300	-2.415547	72.692194	1674.554350	0.000000
151.580000	-6.570000	-150.617599	16.981300	-2.263280	72.563979	1676.812121	0.000000
151.580000	-6.570000	-150.617599	17.231300	-2.111107	72.436210	1679.069893	0.000000
151.580000	-6.570000	-150.617599	17.481300	-3.848879	72.308979	1681.327664	0.000000
151.580000	-6.570000	-150.617599	17.731300	-5.540023	72.182200	1684.104133	0.000000
151.580000	-6.570000	-150.617599	17.981300	-5.757547	72.055961	1686.982137	1.000000
151.580000	-6.570000	-150.617599	18.231300	-5.601693	71.930179	1689.860142	1.000000
151.580000	-6.570000	-150.367599	16.731300	-2.525606	72.802253	1680.585364	0.000000
151.580000	-6.570000	-150.367599	16.981300	-2.374440	72.675138	1682.843136	0.000000
151.580000	-6.570000	-150.367599	17.231300	-2.636833	72.548556	1685.100907	0.000000
151.580000	-6.570000	-150.367599	17.481300	-4.419226	72.422414	1687.461710	0.000000
151.580000	-6.570000	-150.367599	17.731300	-6.028051	72.296808	1690.339715	0.000000
151.580000	-6.570000	-150.367599	17.981300	-5.873232	72.171646	1693.217719	0.000000
151.580000	-6.570000	-150.117599	16.981300	-2.484999	72.785698	1688.874150	0.000000
151.580000	-6.570000	-150.117599	17.231300	-3.562791	72.660209	1691.131921	0.000000
151.580000	-6.570000	-150.117599	17.481300	-5.138099	72.535245	1693.697293	0.000000
151.580000	-6.570000	-150.117599	17.731300	-6.141964	72.410721	1696.575297	0.000000
151.580000	-6.570000	-149.867599	16.981300	-2.594969	72.895668	1694.905164	1.000000
151.580000	-6.570000	-149.867599	17.231300	-4.323058	72.771360	1697.162936	1.000000
151.580000	-6.570000	-149.867599	17.481300	-6.010087	72.647482	1699.932875	1.000000
151.580000	-6.570000	-149.617599	16.981300	-3.092001	73.005051	1700.936179	1.000000
151.580000	-6.570000	-149.617599	17.231300	-4.891474	72.881833	1703.290453	1.000000
