-155.772995	19.079000	2071.452000	5.261545
-155.996994	20.771000	2116.432000	1.977070
-159.401001	21.971001	2165.412000	4.957378
-156.658005	20.891001	2123.408000	3.503364
-160.047501	19.823400	2110.421000	4.009718
-161.314896	21.956301	2172.736000	6.501715
-161.095001	23.997200	2228.438000	NaN
-155.765305	26.776699	2278.094000	NaN
-152.765793	25.592800	2226.921000	NaN
-156.964600	24.312099	2217.416000	NaN
-158.185394	22.620199	2178.436000	4.532771
-149.000900	16.989000	1983.663000	NaN
-151.686600	14.689100	1932.327000	NaN
-153.967499	14.731300	1942.433000	NaN
-156.206604	16.162001	1992.412000	2.334343
-157.859100	14.659600	1961.700000	NaN
-157.700806	16.348400	2005.038000	2.005812
-158.760193	18.564699	2069.439000	5.002930
-158.179504	20.377800	2116.081000	4.084952
