-155.772995	19.079000	2071.452000	-133.950000	-54.010000
-155.996994	20.771000	2116.432000	-133.950000	-54.010000
-159.401001	21.971001	2165.412000	-133.950000	-54.010000
-156.658005	20.891001	2123.408000	-133.950000	-54.010000
-160.047501	19.823400	2110.421000	-133.950000	-54.010000
-161.314896	21.956301	2172.736000	-133.950000	-54.010000
-161.095001	23.997200	2228.438000	-133.950000	-54.010000
-155.765305	26.776699	2278.094000	-133.950000	-54.010000
-152.765793	25.592800	2226.921000	-133.950000	-54.010000
-156.964600	24.312099	2217.416000	-133.950000	-54.010000
-158.185394	22.620199	2178.436000	-133.950000	-54.010000
-149.000900	16.989000	1983.663000	-133.950000	-54.010000
-151.686600	14.689100	1932.327000	-133.950000	-54.010000
-153.967499	14.731300	1942.433000	-133.950000	-54.010000
-156.206604	16.162001	1992.412000	-133.950000	-54.010000
-157.859100	14.659600	1961.700000	-133.950000	-54.010000
-157.700806	16.348400	2005.038000	-133.950000	-54.010000
-158.760193	18.564699	2069.439000	-133.950000	-54.010000
-158.179504	20.377800	2116.081000	-133.950000	-54.010000
