-155.996994	20.771000	2094.497000	0.346286
-159.401001	21.971001	1999.507000	-1.289585
-156.658005	20.891001	2076.481000	-0.354359
-159.664993	22.122999	1991.510000	-1.244557
-156.755997	21.136000	2072.511000	0.021639
-158.903000	21.298401	2015.477000	-2.096943
-160.047501	19.823400	1998.476000	-2.399004
-161.314896	21.956301	1950.492000	-2.182992
-161.095001	23.997200	1941.479000	-0.966828
-158.933105	24.573799	1989.476000	0.336314
-155.765305	26.776699	2041.494000	NaN
-152.765793	25.592800	2122.482000	NaN
-156.964600	24.312099	2038.476000	2.064916
-158.185394	22.620199	2024.473000	-0.717542
-155.636200	22.299900	2089.472000	0.484532
-154.251801	21.168699	2132.486000	-0.000454
-150.914993	18.914200	2233.478000	NaN
-149.000900	16.989000	2299.475000	NaN
-153.967499	14.731300	2188.497000	NaN
-156.206604	16.162001	2121.472000	-1.549086
-157.859100	14.659600	2093.493000	-1.046514
-157.700806	16.348400	2083.474000	-1.891645
-158.982498	15.574000	2057.489000	-2.400057
-158.760193	18.564699	2040.483000	-2.702839
-158.179504	20.377800	2042.495000	-2.096536
