-155.772995	19.079000	1347.902000	-0.135168
-155.996994	20.771000	1309.881000	3.975358
-156.658005	20.891001	1296.884000	4.861108
-159.664993	22.122999	1214.888000	1.165194
-156.755997	21.136000	1287.896000	4.098512
-158.903000	21.298401	1247.019000	0.419552
-160.047501	19.823400	1253.862000	-0.932196
-161.095001	23.997200	1150.877000	NaN
-152.765793	25.592800	1267.069000	NaN
-156.964600	24.312099	1215.855000	NaN
-158.185394	22.620199	1230.860000	4.320767
-155.636200	22.299900	1282.875000	5.514934
-154.251801	21.168699	1328.884000	6.223079
-150.914993	18.914200	1429.866000	NaN
-149.000900	16.989000	1503.149000	NaN
-151.637604	16.737801	1468.216000	6.285072
-151.686600	14.689100	1505.951000	NaN
-153.967499	14.731300	1463.879000	-2.084685
-153.868195	17.315399	1416.977000	-3.010293
-156.387695	17.614901	1364.879000	-4.288396
-156.206604	16.162001	1392.884000	-3.689070
-157.859100	14.659600	1391.871000	-2.468934
-157.700806	16.348400	1361.856000	-4.337744
-158.982498	15.574000	1352.867000	-3.828812
-161.367599	17.746901	1271.266000	NaN
-158.760193	18.564699	1301.870000	-2.611591
-158.179504	20.377800	1277.869000	0.483794
