-29.330000	-55.310000	-160.595001	23.189100	5.544296	324.869322	3660.042623	1.000000
-29.330000	-55.310000	-160.595001	23.439100	3.480768	324.739219	3666.148001	1.000000
-29.330000	-55.310000	-160.345001	22.189100	5.302026	325.304777	3632.287892	1.000000
-29.330000	-55.310000	-160.345001	22.439100	5.801687	325.180340	3638.437722	1.000000
-29.330000	-55.310000	-160.345001	22.689100	6.196213	325.054578	3644.605674	1.000000
-29.330000	-55.310000	-160.345001	22.939100	5.338977	324.927535	3650.773627	0.000000
-29.330000	-55.310000	-160.345001	23.189100	3.160178	324.799138	3656.803363	0.000000
-29.330000	-55.310000	-160.095001	21.189100	4.492693	325.717800	3604.635293	0.000000
-29.330000	-55.310000	-160.095001	21.439100	4.854291	325.598735	3610.731377	1.000000
-29.330000	-55.310000	-160.095001	21.689100	5.351136	325.478438	3616.832820	1.000000
-29.330000	-55.310000	-160.095001	21.939100	5.837427	325.356883	3623.000773	1.000000
-29.330000	-55.310000	-160.095001	22.189100	6.194747	325.234071	3629.168725	1.000000
-29.330000	-55.310000	-160.095001	22.439100	6.337279	325.109975	3635.336678	1.000000
-29.330000	-55.310000	-160.095001	22.689100	4.882876	324.984594	3641.504561	1.000000
-29.330000	-55.310000	-160.095001	22.939100	2.697455	324.857903	3647.458724	1.000000
-29.330000	-55.310000	-160.095001	23.189100	0.582185	324.729901	3653.244961	0.000000
-29.330000	-55.310000	-159.845001	20.189100	4.154648	326.109401	3576.982694	0.000000
-29.330000	-55.310000	-159.845001	20.439100	4.228674	325.995500	3583.078778	0.000000
-29.330000	-55.310000	-159.845001	20.689100	4.501595	325.880390	3589.174861	0.000000
-29.330000	-55.310000	-159.845001	20.939100	4.908690	325.764109	3595.270945	1.000000
-29.330000	-55.310000	-159.845001	21.189100	5.402790	325.646594	3601.395871	1.000000
-29.330000	-55.310000	-159.845001	21.439100	5.840507	325.527884	3607.563824	2.000000
-29.330000	-55.310000	-159.845001	21.689100	6.175439	325.407915	3613.731777	2.000000
-29.330000	-55.310000	-159.845001	21.939100	6.473830	325.286727	3619.899729	1.000000
-29.330000	-55.310000	-159.845001	22.189100	6.313632	325.164253	3626.067682	1.000000
-29.330000	-55.310000	-159.845001	22.439100	4.426560	325.040536	3632.233431	1.000000
-29.330000	-55.310000	-159.845001	22.689100	2.239584	324.915505	3638.114085	1.000000
-29.330000	-55.310000	-159.845001	22.939100	1.363397	324.789206	3643.900323	1.000000
-29.330000	-55.310000	-159.845001	23.189100	-2.444566	324.661565	3649.637298	0.000000
-29.330000	-55.310000	-159.595001	19.189100	3.937326	326.480600	3549.330095	0.000000
-29.330000	-55.310000	-159.595001	19.439100	4.008692	326.371604	3555.426179	0.000000
-29.330000	-55.310000	-159.595001	19.689100	4.080625	326.261483	3561.522263	0.000000
-29.330000	-55.310000	-159.595001	19.939100	4.168012	326.150209	3567.618346	0.000000
-29.330000	-55.310000	-159.595001	20.189100	4.513270	326.037788	3573.714430	0.000000
-29.330000	-55.310000	-159.595001	20.439100	4.965469	325.924191	3579.810514	0.000000
-29.330000	-55.310000	-159.595001	20.689100	5.456845	325.809423	3585.958923	1.000000
-29.330000	-55.310000	-159.595001	20.939100	6.024018	325.693457	3592.126875	1.000000
-29.330000	-55.310000	-159.595001	21.189100	6.869319	325.576295	3598.294828	2.000000
-29.330000	-55.310000	-159.595001	21.439100	7.556942	325.457910	3604.462781	3.000000
-29.330000	-55.310000	-159.595001	21.689100	8.357288	325.338306	3610.630733	3.000000
-29.330000	-55.310000	-159.595001	21.939100	6.218655	325.217454	3616.855182	3.000000
-29.330000	-55.310000	-159.595001	22.189100	3.850392	325.095357	3622.962301	2.000000
-29.330000	-55.310000	-159.595001	22.439100	1.789491	324.971987	3628.769447	2.000000
-29.330000	-55.310000	-159.595001	22.689100	1.466781	324.847345	3634.555684	2.000000
-29.330000	-55.310000	-159.595001	22.939100	-0.850429	324.721405	3640.341921	2.000000
-29.330000	-55.310000	-159.345001	18.189100	3.730664	326.832272	3521.677496	1.000000
-29.330000	-55.310000	-159.345001	18.439100	3.799506	326.727999	3527.773580	1.000000
-29.330000	-55.310000	-159.345001	18.689100	3.868908	326.622620	3533.869664	1.000000
-29.330000	-55.310000	-159.345001	18.939100	3.938836	326.516167	3539.965747	1.000000
-29.330000	-55.310000	-159.345001	19.189100	4.009340	326.408586	3546.061831	1.000000
-29.330000	-55.310000	-159.345001	19.439100	4.183765	326.299910	3552.157915	0.000000
-29.330000	-55.310000	-159.345001	19.689100	4.535550	326.190084	3558.253998	0.000000
-29.330000	-55.310000	-159.345001	19.939100	5.160571	326.079140	3564.354021	0.000000
-29.330000	-55.310000	-159.345001	20.189100	6.237456	325.967023	3570.521974	0.000000
-29.330000	-55.310000	-159.345001	20.439100	7.197427	325.853767	3576.689926	1.000000
-29.330000	-55.310000	-159.345001	20.689100	8.049476	325.739313	3582.857879	1.000000
-29.330000	-55.310000	-159.345001	20.939100	9.023008	325.623698	3589.071922	1.000000
-29.330000	-55.310000	-159.345001	21.189100	9.911520	325.506860	3595.394475	2.000000
-29.330000	-55.310000	-159.345001	21.439100	10.617685	325.388838	3601.717027	2.000000
-29.330000	-55.310000	-159.345001	21.689100	6.783586	325.269568	3608.039580	2.000000
-29.330000	-55.310000	-159.345001	21.939100	2.169562	325.149091	3613.672587	2.000000
-29.330000	-55.310000	-159.345001	22.189100	1.381981	325.027338	3619.424808	2.000000
-29.330000	-55.310000	-159.345001	22.439100	1.457696	324.904355	3625.211045	1.000000
-29.330000	-55.310000	-159.345001	22.689100	0.732281	324.780070	3630.997282	1.000000
-29.330000	-55.310000	-159.345001	22.939100	-3.893132	324.654530	3636.491394	1.000000
-29.330000	-55.310000	-159.095001	17.189100	3.741269	327.165306	3494.024897	0.000000
-29.330000	-55.310000	-159.095001	17.439100	3.600450	327.065529	3500.120981	0.000000
-29.330000	-55.310000	-159.095001	17.689100	3.667449	326.964721	3506.217065	1.000000
-29.330000	-55.310000	-159.095001	17.939100	3.734969	326.862854	3512.313148	1.000000
-29.330000	-55.310000	-159.095001	18.189100	3.802999	326.759937	3518.409232	1.000000
-29.330000	-55.310000	-159.095001	18.439100	3.871565	326.655940	3524.505316	1.000000
-29.330000	-55.310000	-159.095001	18.689100	3.940657	326.550871	3530.601400	1.000000
-29.330000	-55.310000	-159.095001	18.939100	4.297581	326.444703	3536.697483	1.000000
-29.330000	-55.310000	-159.095001	19.189100	5.286125	326.337442	3542.793567	1.000000
-29.330000	-55.310000	-159.095001	19.439100	6.373628	326.229059	3548.917072	1.000000
-29.330000	-55.310000	-159.095001	19.689100	7.485643	326.119561	3555.085025	0.000000
-29.330000	-55.310000	-159.095001	19.939100	8.721942	326.008921	3561.288662	0.000000
-29.330000	-55.310000	-159.095001	20.189100	9.621378	325.897142	3567.611215	0.000000
-29.330000	-55.310000	-159.095001	20.439100	10.111077	325.784198	3573.933768	1.000000
-29.330000	-55.310000	-159.095001	20.689100	10.604995	325.670094	3580.256320	1.000000
-29.330000	-55.310000	-159.095001	20.939100	10.914956	325.554801	3586.578873	1.000000
-29.330000	-55.310000	-159.095001	21.189100	10.783841	325.438323	3592.901426	2.000000
-29.330000	-55.310000	-159.095001	21.439100	6.445974	325.320634	3599.223979	2.000000
-29.330000	-55.310000	-159.095001	21.689100	-0.149150	325.201735	3604.737112	2.000000
-29.330000	-55.310000	-159.095001	21.939100	0.208619	325.081601	3610.080170	2.000000
-29.330000	-55.310000	-159.095001	22.189100	1.449123	324.960233	3615.866407	2.000000
-29.330000	-55.310000	-159.095001	22.439100	1.449663	324.837604	3621.652644	1.000000
-29.330000	-55.310000	-159.095001	22.689100	-2.291717	324.713715	3627.406193	1.000000
-29.330000	-55.310000	-158.845001	16.189100	7.334106	327.480460	3466.663295	1.000000
-29.330000	-55.310000	-158.845001	16.439100	7.163208	327.385021	3472.700456	1.000000
-29.330000	-55.310000	-158.845001	16.689100	6.993395	327.288567	3478.737618	0.000000
-29.330000	-55.310000	-158.845001	16.939100	6.824639	327.191124	3484.774779	0.000000
-29.330000	-55.310000	-158.845001	17.189100	6.663787	327.092647	3490.811941	0.000000
-29.330000	-55.310000	-158.845001	17.439100	6.608467	326.993162	3496.852717	0.000000
-29.330000	-55.310000	-158.845001	17.689100	6.548162	326.892622	3502.948801	1.000000
-29.330000	-55.310000	-158.845001	17.939100	6.385328	326.791056	3509.044884	1.000000
-29.330000	-55.310000	-158.845001	18.189100	6.223618	326.688415	3515.140968	1.000000
-29.330000	-55.310000	-158.845001	18.439100	4.114713	326.584727	3521.237052	1.000000
-29.330000	-55.310000	-158.845001	18.689100	3.805438	326.479943	3527.333135	1.000000
-29.330000	-55.310000	-158.845001	18.939100	5.106681	326.374093	3533.505402	1.000000
-29.330000	-55.310000	-158.845001	19.189100	6.116977	326.267124	3539.827955	1.000000
-29.330000	-55.310000	-158.845001	19.439100	6.745870	326.159070	3546.150508	1.000000
-29.330000	-55.310000	-158.845001	19.689100	7.211124	326.049873	3552.473061	0.000000
-29.330000	-55.310000	-158.845001	19.939100	7.542173	325.939570	3558.795613	0.000000
-29.330000	-55.310000	-158.845001	20.189100	7.321093	325.828103	3565.117968	0.000000
-29.330000	-55.310000	-158.845001	20.439100	7.099512	325.715507	3571.388431	1.000000
-29.330000	-55.310000	-158.845001	20.689100	6.974375	325.601723	3577.658895	1.000000
-29.330000	-55.310000	-158.845001	20.939100	6.850189	325.486789	3583.929359	1.000000
-29.330000	-55.310000	-158.845001	21.189100	5.408976	325.370642	3590.199823	1.000000
-29.330000	-55.310000	-158.845001	21.439100	-0.774207	325.253323	3595.801637	2.000000
-29.330000	-55.310000	-158.845001	21.689100	-2.090839	325.134765	3600.989952	2.000000
-29.330000	-55.310000	-158.845001	21.939100	0.851916	325.015013	3606.521768	2.000000
-29.330000	-55.310000	-158.845001	22.189100	1.515359	324.893996	3612.308005	1.000000
-29.330000	-55.310000	-158.845001	22.439100	-0.699354	324.771762	3618.094242	1.000000
-29.330000	-55.310000	-158.845001	22.689100	-5.232960	324.648236	3623.345490	1.000000
-29.330000	-55.310000	-158.595001	15.939100	10.199345	327.501736	3458.150555	2.000000
-29.330000	-55.310000	-158.595001	16.189100	9.470555	327.407545	3464.187717	2.000000
-29.330000	-55.310000	-158.595001	16.439100	9.539303	327.312359	3470.224879	2.000000
-29.330000	-55.310000	-158.595001	16.689100	9.608583	327.216189	3476.262040	1.000000
-29.330000	-55.310000	-158.595001	16.939100	9.678421	327.119007	3482.299202	0.000000
-29.330000	-55.310000	-158.595001	17.189100	9.748806	327.020821	3488.336364	0.000000
-29.330000	-55.310000	-158.595001	17.439100	9.804591	326.921604	3494.373525	0.000000
-29.330000	-55.310000	-158.595001	17.689100	9.629005	326.821364	3500.410687	1.000000
-29.330000	-55.310000	-158.595001	17.939100	6.854492	326.720073	3506.447848	1.000000
-29.330000	-55.310000	-158.595001	18.189100	3.213225	326.617740	3512.485010	1.000000
-29.330000	-55.310000	-158.595001	18.439100	2.548898	326.514336	3518.014504	1.000000
-29.330000	-55.310000	-158.595001	18.689100	3.716967	326.409869	3523.968708	1.000000
-29.330000	-55.310000	-158.595001	18.939100	3.955565	326.304311	3530.275479	1.000000
-29.330000	-55.310000	-158.595001	19.189100	4.042496	326.197668	3536.545943	1.000000
-29.330000	-55.310000	-158.595001	19.439100	3.922798	326.089914	3542.816407	1.000000
-29.330000	-55.310000	-158.595001	19.689100	3.804075	325.981054	3549.086871	0.000000
-29.330000	-55.310000	-158.595001	19.939100	3.686353	325.871061	3555.357334	0.000000
-29.330000	-55.310000	-158.595001	20.189100	3.570342	325.759939	3561.627798	0.000000
-29.330000	-55.310000	-158.595001	20.439100	3.641998	325.647662	3567.898262	1.000000
-29.330000	-55.310000	-158.595001	20.689100	3.714229	325.534235	3574.168726	1.000000
-29.330000	-55.310000	-158.595001	20.939100	3.787056	325.419630	3580.439190	1.000000
-29.330000	-55.310000	-158.595001	21.189100	1.892880	325.303850	3586.709653	1.000000
-29.330000	-55.310000	-158.595001	21.439100	-2.580796	325.186870	3592.054478	2.000000
-29.330000	-55.310000	-158.595001	21.689100	-1.093007	325.068692	3597.242793	2.000000
-29.330000	-55.310000	-158.595001	21.939100	1.356432	324.949289	3602.963367	2.000000
-29.330000	-55.310000	-158.595001	22.189100	0.881117	324.828664	3608.749604	1.000000
-29.330000	-55.310000	-158.595001	22.439100	-3.740064	324.706790	3614.260289	1.000000
-29.330000	-55.310000	-158.595001	22.689100	-5.801085	324.583668	3619.284787	0.000000
-29.330000	-55.310000	-158.345001	15.939100	7.761116	327.429346	3455.533147	2.000000
-29.330000	-55.310000	-158.345001	16.189100	9.783358	327.335408	3461.712139	2.000000
-29.330000	-55.310000	-158.345001	16.439100	9.611155	327.240507	3467.749301	1.000000
-29.330000	-55.310000	-158.345001	16.689100	9.680176	327.144597	3473.786463	1.000000
-29.330000	-55.310000	-158.345001	16.939100	9.749722	327.047706	3479.823624	1.000000
-29.330000	-55.310000	-158.345001	17.189100	9.644170	326.949788	3485.860786	0.000000
-29.330000	-55.310000	-158.345001	17.439100	7.032152	326.850870	3491.897948	0.000000
-29.330000	-55.310000	-158.345001	17.689100	3.208574	326.750905	3497.935109	1.000000
-29.330000	-55.310000	-158.345001	17.939100	-0.701199	326.649923	3503.336170	1.000000
-29.330000	-55.310000	-158.345001	18.189100	0.366587	326.547872	3508.753348	1.000000
-29.330000	-55.310000	-158.345001	18.439100	3.208169	326.444785	3514.707552	1.000000
-29.330000	-55.310000	-158.345001	18.689100	3.469490	326.340608	3520.661756	1.000000
-29.330000	-55.310000	-158.345001	18.939100	3.043562	326.235376	3526.708795	1.000000
-29.330000	-55.310000	-158.345001	19.189100	3.151819	326.129033	3533.055774	1.000000
-29.330000	-55.310000	-158.345001	19.439100	3.427093	326.021614	3539.326237	1.000000
-29.330000	-55.310000	-158.345001	19.689100	3.496739	325.913061	3545.596701	0.000000
-29.330000	-55.310000	-158.345001	19.939100	3.566913	325.803413	3551.867165	0.000000
-29.330000	-55.310000	-158.345001	20.189100	3.637672	325.692609	3558.137629	0.000000
-29.330000	-55.310000	-158.345001	20.439100	3.708973	325.580688	3564.408092	0.000000
-29.330000	-55.310000	-158.345001	20.689100	3.780876	325.467587	3570.678556	1.000000
-29.330000	-55.310000	-158.345001	20.939100	3.853338	325.353348	3576.949020	1.000000
-29.330000	-55.310000	-158.345001	21.189100	0.450471	325.237906	3583.219484	1.000000
-29.330000	-55.310000	-158.345001	21.439100	-2.869474	325.121303	3588.307318	1.000000
-29.330000	-55.310000	-158.345001	21.689100	0.138633	325.003472	3593.618728	1.000000
-29.330000	-55.310000	-158.345001	21.939100	1.534803	324.884458	3599.404965	2.000000
-29.330000	-55.310000	-158.345001	22.189100	-2.139990	324.764191	3605.175088	0.000000
-29.330000	-55.310000	-158.345001	22.439100	-5.808653	324.642718	3610.199586	0.000000
-29.330000	-55.310000	-158.095001	15.939100	5.857788	327.357740	3451.990470	2.000000
-29.330000	-55.310000	-158.095001	16.189100	9.560214	327.264085	3459.236562	1.000000
-29.330000	-55.310000	-158.095001	16.439100	9.682218	327.169444	3465.273723	1.000000
-29.330000	-55.310000	-158.095001	16.689100	9.324520	327.073825	3471.310885	1.000000
-29.330000	-55.310000	-158.095001	16.939100	6.646965	326.977201	3477.348047	1.000000
-29.330000	-55.310000	-158.095001	17.189100	2.779711	326.879581	3483.343271	1.000000
-29.330000	-55.310000	-158.095001	17.439100	-1.120398	326.780938	3488.726026	0.000000
-29.330000	-55.310000	-158.095001	17.689100	-3.472846	326.681280	3494.108781	0.000000
-29.330000	-55.310000	-158.095001	17.939100	-0.123211	326.580580	3499.492192	1.000000
-29.330000	-55.310000	-158.095001	18.189100	3.210176	326.478844	3505.446396	1.000000
-29.330000	-55.310000	-158.095001	18.439100	3.276907	326.376047	3511.400600	1.000000
-29.330000	-55.310000	-158.095001	18.689100	3.344138	326.272195	3517.354804	1.000000
-29.330000	-55.310000	-158.095001	18.939100	3.483735	326.167261	3523.309008	1.000000
-29.330000	-55.310000	-158.095001	19.189100	2.971831	326.061251	3529.465113	1.000000
-29.330000	-55.310000	-158.095001	19.439100	3.250893	325.954139	3535.836068	0.000000
-29.330000	-55.310000	-158.095001	19.689100	3.563871	325.845930	3542.106532	0.000000
-29.330000	-55.310000	-158.095001	19.939100	3.633729	325.736598	3548.376995	0.000000
-29.330000	-55.310000	-158.095001	20.189100	3.704134	325.626147	3554.647459	0.000000
-29.330000	-55.310000	-158.095001	20.439100	3.775110	325.514551	3560.917923	0.000000
-29.330000	-55.310000	-158.095001	20.689100	3.846649	325.401814	3567.188387	1.000000
-29.330000	-55.310000	-158.095001	20.939100	3.415026	325.287910	3573.458851	1.000000
-29.330000	-55.310000	-158.095001	21.189100	-1.199848	325.172843	3579.482228	1.000000
-29.330000	-55.310000	-158.095001	21.439100	-2.332836	325.056585	3584.560159	1.000000
-29.330000	-55.310000	-158.095001	21.689100	0.899742	324.939140	3590.060326	1.000000
-29.330000	-55.310000	-158.095001	21.939100	-0.549453	324.820483	3595.846564	1.000000
-29.330000	-55.310000	-158.095001	22.189100	-5.137756	324.700614	3601.114385	0.000000
-29.330000	-55.310000	-158.095001	22.439100	-5.745442	324.579508	3606.138883	0.000000
-29.330000	-55.310000	-157.845001	15.689100	5.919356	327.379341	3441.425072	1.000000
-29.330000	-55.310000	-157.845001	15.939100	6.285330	327.286929	3448.447794	1.000000
-29.330000	-55.310000	-157.845001	16.189100	7.459744	327.193535	3456.251087	1.000000
-29.330000	-55.310000	-157.845001	16.439100	7.176132	327.099184	3462.798146	1.000000
-29.330000	-55.310000	-157.845001	16.689100	2.352949	327.003832	3468.733127	1.000000
-29.330000	-55.310000	-157.845001	16.939100	-1.403243	326.907507	3474.115882	1.000000
-29.330000	-55.310000	-157.845001	17.189100	-3.593570	326.810161	3479.498637	1.000000
-29.330000	-55.310000	-157.845001	17.439100	-3.532616	326.711825	3484.881392	0.000000
-29.330000	-55.310000	-157.845001	17.689100	-0.321298	326.612448	3490.264147	0.000000
-29.330000	-55.310000	-157.845001	17.939100	3.142965	326.512062	3496.185240	0.000000
-29.330000	-55.310000	-157.845001	18.189100	3.278404	326.410616	3502.139444	1.000000
-29.330000	-55.310000	-157.845001	18.439100	3.344811	326.308143	3508.093648	1.000000
-29.330000	-55.310000	-157.845001	18.689100	3.411746	326.204588	3514.047852	1.000000
-29.330000	-55.310000	-157.845001	18.939100	3.479169	326.099986	3520.002056	1.000000
-29.330000	-55.310000	-157.845001	19.189100	3.439570	325.994282	3525.956260	0.000000
-29.330000	-55.310000	-157.845001	19.439100	2.904096	325.887512	3532.221431	0.000000
-29.330000	-55.310000	-157.845001	19.689100	3.349142	325.779618	3538.616362	0.000000
-29.330000	-55.310000	-157.845001	19.939100	3.699689	325.670638	3544.886826	0.000000
-29.330000	-55.310000	-157.845001	20.189100	3.769770	325.560511	3551.157290	0.000000
-29.330000	-55.310000	-157.845001	20.439100	3.840384	325.449277	3557.427753	0.000000
-29.330000	-55.310000	-157.845001	20.689100	3.911590	325.336874	3563.698217	0.000000
-29.330000	-55.310000	-157.845001	20.939100	2.847072	325.223343	3569.968681	0.000000
-29.330000	-55.310000	-157.845001	21.189100	-1.969778	325.108618	3575.691747	1.000000
-29.330000	-55.310000	-157.845001	21.439100	-1.335118	324.992745	3580.813000	1.000000
-29.330000	-55.310000	-157.845001	21.689100	0.796890	324.875654	3586.501925	0.000000
-29.330000	-55.310000	-157.845001	21.939100	-3.588089	324.757392	3592.029184	0.000000
-29.330000	-55.310000	-157.845001	22.189100	-5.752984	324.637887	3597.053682	0.000000
-29.330000	-55.310000	-157.595001	15.689100	5.409153	327.309048	3438.210852	1.000000
-29.330000	-55.310000	-157.595001	15.939100	5.840326	327.216896	3444.905118	1.000000
-29.330000	-55.310000	-157.595001	16.189100	6.068059	327.123791	3452.708410	1.000000
-29.330000	-55.310000	-157.595001	16.439100	1.548097	327.029707	3459.505738	1.000000
-29.330000	-55.310000	-157.595001	16.689100	-3.645057	326.934653	3464.888493	1.000000
-29.330000	-55.310000	-157.595001	16.939100	-3.585215	326.838602	3470.271248	1.000000
-29.330000	-55.310000	-157.595001	17.189100	-3.524970	326.741561	3475.654003	1.000000
-29.330000	-55.310000	-157.595001	17.439100	-0.519183	326.643506	3481.036758	0.000000
-29.330000	-55.310000	-157.595001	17.689100	2.949479	326.544443	3486.924084	0.000000
-29.330000	-55.310000	-157.595001	17.939100	3.280188	326.444346	3492.878288	0.000000
-29.330000	-55.310000	-157.595001	18.189100	3.345798	326.343222	3498.832492	0.000000
-29.330000	-55.310000	-157.595001	18.439100	3.411909	326.241045	3504.786696	0.000000
-29.330000	-55.310000	-157.595001	18.689100	3.478512	326.137821	3510.740900	0.000000
-29.330000	-55.310000	-157.595001	18.939100	3.545631	326.033524	3516.695104	0.000000
-29.330000	-55.310000	-157.595001	19.189100	3.613258	325.928161	3522.649308	0.000000
-29.330000	-55.310000	-157.595001	19.439100	3.398001	325.821704	3528.603512	0.000000
-29.330000	-55.310000	-157.595001	19.689100	2.840175	325.714160	3534.977748	0.000000
-29.330000	-55.310000	-157.595001	19.939100	3.446530	325.605502	3541.396656	0.000000
-29.330000	-55.310000	-157.595001	20.189100	3.834546	325.495735	3547.667120	0.000000
-29.330000	-55.310000	-157.595001	20.439100	3.904828	325.384833	3553.937584	1.000000
-29.330000	-55.310000	-157.595001	20.689100	3.975664	325.272800	3560.208048	1.000000
-29.330000	-55.310000	-157.595001	20.939100	2.255050	325.159610	3566.478512	2.000000
-29.330000	-55.310000	-157.595001	21.189100	-2.258959	325.045267	3571.901266	1.000000
-29.330000	-55.310000	-157.595001	21.439100	0.005828	324.929745	3577.157286	1.000000
-29.330000	-55.310000	-157.595001	21.689100	-1.989417	324.813047	3582.943523	1.000000
-29.330000	-55.310000	-157.595001	21.939100	-5.758750	324.695147	3587.968481	0.000000
-29.330000	-55.310000	-157.595001	22.189100	-5.691144	324.576047	3592.992979	0.000000
-29.330000	-55.310000	-157.345001	15.689100	4.874449	327.239515	3434.996631	1.000000
-29.330000	-55.310000	-157.345001	15.939100	6.093027	327.147653	3441.362441	1.000000
-29.330000	-55.310000	-157.345001	16.189100	5.652080	327.054815	3449.165734	1.000000
-29.330000	-55.310000	-157.345001	16.439100	-0.977927	326.961029	3455.661104	1.000000
-29.330000	-55.310000	-157.345001	16.689100	-3.576651	326.866248	3461.043859	1.000000
-29.330000	-55.310000	-157.345001	16.939100	-3.517115	326.770502	3466.426614	1.000000
-29.330000	-55.310000	-157.345001	17.189100	-0.716858	326.673742	3471.809369	1.000000
-29.330000	-55.310000	-157.345001	17.439100	2.753736	326.575999	3477.662928	0.000000
-29.330000	-55.310000	-157.345001	17.689100	3.282275	326.477224	3483.617132	0.000000
-29.330000	-55.310000	-157.345001	17.939100	3.347086	326.377449	3489.571336	0.000000
-29.330000	-55.310000	-157.345001	18.189100	3.412400	326.276620	3495.525540	0.000000
-29.330000	-55.310000	-157.345001	18.439100	3.478180	326.174773	3501.479744	0.000000
-29.330000	-55.310000	-157.345001	18.689100	3.544480	326.071853	3507.433948	0.000000
-29.330000	-55.310000	-157.345001	18.939100	3.611260	325.967896	3513.388152	0.000000
-29.330000	-55.310000	-157.345001	19.189100	3.678574	325.862844	3519.342356	0.000000
-29.330000	-55.310000	-157.345001	19.439100	3.746382	325.756737	3525.296560	0.000000
-29.330000	-55.310000	-157.345001	19.689100	3.358927	325.649513	3531.250764	0.000000
-29.330000	-55.310000	-157.345001	19.939100	3.112307	325.541214	3537.734066	0.000000
-29.330000	-55.310000	-157.345001	20.189100	3.543065	325.431777	3544.176951	1.000000
-29.330000	-55.310000	-157.345001	20.439100	3.968417	325.321243	3550.447415	1.000000
-29.330000	-55.310000	-157.345001	20.689100	4.038913	325.209550	3556.717878	1.000000
-29.330000	-55.310000	-157.345001	20.939100	1.682921	325.096740	3562.988342	2.000000
-29.330000	-55.310000	-157.345001	21.189100	-2.214769	324.982746	3568.130366	1.000000
-29.330000	-55.310000	-157.345001	21.439100	-1.193449	324.867615	3573.598885	1.000000
-29.330000	-55.310000	-157.345001	21.689100	-5.041942	324.751276	3578.883280	1.000000
-29.330000	-55.310000	-157.345001	21.939100	-5.698680	324.633779	3583.907778	1.000000
-29.330000	-55.310000	-157.345001	22.189100	-5.630146	324.515049	3588.932277	0.000000
-29.330000	-55.310000	-157.095001	15.689100	4.729343	327.170777	3431.782411	2.000000
-29.330000	-55.310000	-157.095001	15.939100	6.745236	327.079181	3438.035096	2.000000
-29.330000	-55.310000	-157.095001	16.189100	4.850820	326.986640	3445.623058	2.000000
-29.330000	-55.310000	-157.095001	16.439100	-1.597396	326.893127	3451.816470	2.000000
-29.330000	-55.310000	-157.095001	16.689100	-3.509054	326.798650	3457.199225	1.000000
-29.330000	-55.310000	-157.095001	16.939100	-0.914353	326.703184	3462.581980	1.000000
-29.330000	-55.310000	-157.095001	17.189100	2.558208	326.606736	3468.401772	0.000000
-29.330000	-55.310000	-157.095001	17.439100	3.284637	326.509281	3474.355976	0.000000
-29.330000	-55.310000	-157.095001	17.689100	3.348674	326.410826	3480.310180	0.000000
-29.330000	-55.310000	-157.095001	17.939100	3.413189	326.311345	3486.264384	0.000000
-29.330000	-55.310000	-157.095001	18.189100	3.478174	326.210846	3492.218588	0.000000
-29.330000	-55.310000	-157.095001	18.439100	3.543652	326.109301	3498.172792	0.000000
-29.330000	-55.310000	-157.095001	18.689100	3.609614	326.006719	3504.126996	0.000000
-29.330000	-55.310000	-157.095001	18.939100	3.676083	325.903072	3510.081200	0.000000
-29.330000	-55.310000	-157.095001	19.189100	3.743050	325.798368	3516.035404	0.000000
-29.330000	-55.310000	-157.095001	19.439100	3.810539	325.692580	3521.989608	0.000000
-29.330000	-55.310000	-157.095001	19.689100	4.081559	325.585713	3527.943812	0.000000
-29.330000	-55.310000	-157.095001	19.939100	3.322210	325.477742	3533.995021	0.000000
-29.330000	-55.310000	-157.095001	20.189100	3.232801	325.368671	3540.490384	1.000000
-29.330000	-55.310000	-157.095001	20.439100	3.638711	325.258476	3546.957245	1.000000
-29.330000	-55.310000	-157.095001	20.689100	4.101304	325.147159	3553.227709	1.000000
-29.330000	-55.310000	-157.095001	20.939100	0.789779	325.034696	3559.498173	2.000000
-29.330000	-55.310000	-157.095001	21.189100	-2.666065	324.921090	3564.383206	1.000000
-29.330000	-55.310000	-157.095001	21.439100	-3.780695	324.806317	3569.798080	1.000000
-29.330000	-55.310000	-157.095001	21.689100	-5.705724	324.690377	3574.822578	1.000000
-29.330000	-55.310000	-157.095001	21.939100	-5.638149	324.573247	3579.847076	1.000000
-29.330000	-55.310000	-156.845001	15.689100	4.797326	327.102794	3428.568191	1.000000
-29.330000	-55.310000	-156.845001	15.939100	6.663535	327.011495	3434.820876	2.000000
-29.330000	-55.310000	-156.845001	16.189100	3.787612	326.919226	3442.080381	2.000000
-29.330000	-55.310000	-156.845001	16.439100	-2.242326	326.826017	3447.971835	2.000000
-29.330000	-55.310000	-156.845001	16.689100	-1.111656	326.731820	3453.354591	2.000000
-29.330000	-55.310000	-156.845001	16.939100	2.362879	326.636665	3459.140617	1.000000
-29.330000	-55.310000	-156.845001	17.189100	3.287288	326.540504	3465.094821	0.000000
-29.330000	-55.310000	-156.845001	17.439100	3.350549	326.443369	3471.049024	0.000000
-29.330000	-55.310000	-156.845001	17.689100	3.414292	326.345208	3477.003228	0.000000
-29.330000	-55.310000	-156.845001	17.939100	3.478479	326.246055	3482.957432	0.000000
-29.330000	-55.310000	-156.845001	18.189100	3.543163	326.145857	3488.911636	0.000000
-29.330000	-55.310000	-156.845001	18.439100	3.608304	326.044650	3494.865840	0.000000
-29.330000	-55.310000	-156.845001	18.689100	3.673956	325.942377	3500.820044	0.000000
-29.330000	-55.310000	-156.845001	18.939100	3.740079	325.839076	3506.774248	0.000000
-29.330000	-55.310000	-156.845001	19.189100	3.806729	325.734690	3512.728452	0.000000
-29.330000	-55.310000	-156.845001	19.439100	3.873862	325.629257	3518.682656	0.000000
-29.330000	-55.310000	-156.845001	19.689100	3.941537	325.522717	3524.636860	0.000000
-29.330000	-55.310000	-156.845001	19.939100	4.074817	325.415110	3530.591064	1.000000
-29.330000	-55.310000	-156.845001	20.189100	3.287757	325.306376	3536.751339	1.000000
-29.330000	-55.310000	-156.845001	20.439100	3.328658	325.196555	3543.246702	1.000000
-29.330000	-55.310000	-156.845001	20.689100	3.545996	325.085584	3549.737539	1.000000
-29.330000	-55.310000	-156.845001	20.939100	-1.124653	324.973507	3555.914239	2.000000
-29.330000	-55.310000	-156.845001	21.189100	-5.027608	324.860257	3560.695845	1.000000
-29.330000	-55.310000	-156.845001	21.439100	-5.664275	324.745880	3565.737377	1.000000
-29.330000	-55.310000	-156.845001	21.689100	-5.645653	324.630306	3570.761875	1.000000
-29.330000	-55.310000	-156.845001	21.939100	-5.578486	324.513584	3575.786373	1.000000
-29.330000	-55.310000	-156.595001	15.689100	4.864520	327.035600	3425.353970	1.000000
-29.330000	-55.310000	-156.595001	15.939100	6.165869	326.944573	3431.606655	1.000000
-29.330000	-55.310000	-156.595001	16.189100	2.302457	326.852608	3438.537705	1.000000
-29.330000	-55.310000	-156.595001	16.439100	-0.818095	326.759677	3444.127201	1.000000
-29.330000	-55.310000	-156.595001	16.689100	2.167742	326.665791	3449.879461	1.000000
-29.330000	-55.310000	-156.595001	16.939100	3.290202	326.570922	3455.833665	1.000000
-29.330000	-55.310000	-156.595001	17.189100	3.352713	326.475080	3461.787869	0.000000
-29.330000	-55.310000	-156.595001	17.439100	3.415680	326.378238	3467.742073	0.000000
-29.330000	-55.310000	-156.595001	17.689100	3.479096	326.280403	3473.696277	0.000000
-29.330000	-55.310000	-156.595001	17.939100	3.542983	326.181551	3479.650481	0.000000
-29.330000	-55.310000	-156.595001	18.189100	3.607331	326.081689	3485.604685	0.000000
-29.330000	-55.310000	-156.595001	18.439100	3.672164	325.980790	3491.558889	0.000000
-29.330000	-55.310000	-156.595001	18.689100	3.737472	325.878861	3497.513092	0.000000
-29.330000	-55.310000	-156.595001	18.939100	3.803278	325.775877	3503.467296	0.000000
-29.330000	-55.310000	-156.595001	19.189100	3.869574	325.671844	3509.421500	0.000000
-29.330000	-55.310000	-156.595001	19.439100	3.936382	325.566736	3515.375704	0.000000
-29.330000	-55.310000	-156.595001	19.689100	4.003695	325.460559	3521.329908	0.000000
-29.330000	-55.310000	-156.595001	19.939100	4.071534	325.353287	3527.284112	1.000000
-29.330000	-55.310000	-156.595001	20.189100	4.025197	325.244925	3533.238316	2.000000
-29.330000	-55.310000	-156.595001	20.439100	3.255436	325.135449	3539.507657	2.000000
-29.330000	-55.310000	-156.595001	20.689100	2.420125	325.024861	3546.003020	2.000000
-29.330000	-55.310000	-156.595001	20.939100	-3.710625	324.913137	3552.020950	3.000000
-29.330000	-55.310000	-156.595001	21.189100	-6.793609	324.800280	3556.652176	2.000000
-29.330000	-55.310000	-156.595001	21.439100	-5.652696	324.686266	3561.676674	2.000000
-29.330000	-55.310000	-156.595001	21.689100	-5.586444	324.571097	3566.701172	1.000000
-29.330000	-55.310000	-156.345001	15.689100	4.930965	326.969155	3422.139750	1.000000
-29.330000	-55.310000	-156.345001	15.939100	5.469860	326.878432	3428.392435	1.000000
-29.330000	-55.310000	-156.345001	16.189100	1.469992	326.786745	3434.899812	1.000000
-29.330000	-55.310000	-156.345001	16.439100	1.571815	326.694125	3440.618305	1.000000
-29.330000	-55.310000	-156.345001	16.689100	2.935838	326.600524	3446.572509	1.000000
-29.330000	-55.310000	-156.345001	16.939100	3.043637	326.505973	3452.526713	1.000000
-29.330000	-55.310000	-156.345001	17.189100	3.151998	326.410423	3458.480917	0.000000
-29.330000	-55.310000	-156.345001	17.439100	3.260884	326.313907	3464.435121	0.000000
-29.330000	-55.310000	-156.345001	17.689100	3.370350	326.216372	3470.389325	0.000000
-29.330000	-55.310000	-156.345001	17.939100	3.480357	326.117855	3476.343529	0.000000
-29.330000	-55.310000	-156.345001	18.189100	3.590961	326.018300	3482.297733	0.000000
-29.330000	-55.310000	-156.345001	18.439100	3.702122	325.917744	3488.251937	0.000000
-29.330000	-55.310000	-156.345001	18.689100	3.800202	325.816131	3494.206141	0.000000
-29.330000	-55.310000	-156.345001	18.939100	3.865657	325.713499	3500.160345	0.000000
-29.330000	-55.310000	-156.345001	19.189100	3.931629	325.609790	3506.114549	0.000000
-29.330000	-55.310000	-156.345001	19.439100	3.998076	325.505043	3512.068753	0.000000
-29.330000	-55.310000	-156.345001	19.689100	4.065055	325.399199	3518.022957	0.000000
-29.330000	-55.310000	-156.345001	19.939100	4.132523	325.292298	3523.977160	2.000000
-29.330000	-55.310000	-156.345001	20.189100	4.200539	325.184278	3529.931364	2.000000
-29.330000	-55.310000	-156.345001	20.439100	3.978119	325.075182	3535.885568	2.000000
-29.330000	-55.310000	-156.345001	20.689100	1.465935	324.964945	3542.263975	2.000000
-29.330000	-55.310000	-156.345001	20.939100	-5.076720	324.853613	3547.918252	3.000000
-29.330000	-55.310000	-156.345001	21.189100	-6.670630	324.741117	3552.591473	2.000000
-29.330000	-55.310000	-156.345001	21.439100	-5.593936	324.627506	3557.615971	2.000000
-29.330000	-55.310000	-156.345001	21.689100	-5.528055	324.512708	3562.640469	2.000000
-29.330000	-55.310000	-156.095001	15.689100	4.996626	326.903493	3418.925529	1.000000
-29.330000	-55.310000	-156.095001	15.939100	4.755843	326.813048	3425.178214	1.000000
-29.330000	-55.310000	-156.095001	16.189100	1.906571	326.721671	3431.274017	1.000000
-29.330000	-55.310000	-156.095001	16.439100	1.862733	326.629336	3437.203504	1.000000
-29.330000	-55.310000	-156.095001	16.689100	2.047557	326.536052	3443.170094	1.000000
-29.330000	-55.310000	-156.095001	16.939100	2.153464	326.441793	3449.136684	1.000000
-29.330000	-55.310000	-156.095001	17.189100	2.259885	326.346567	3455.103273	0.000000
-29.330000	-55.310000	-156.095001	17.439100	2.366845	326.250350	3461.069863	0.000000
-29.330000	-55.310000	-156.095001	17.689100	2.474336	326.153149	3467.036453	0.000000
-29.330000	-55.310000	-156.095001	17.939100	2.582381	326.054938	3473.003042	0.000000
-29.330000	-55.310000	-156.095001	18.189100	2.690974	325.955724	3478.969632	0.000000
-29.330000	-55.310000	-156.095001	18.439100	2.792408	325.855483	3484.936222	0.000000
-29.330000	-55.310000	-156.095001	18.689100	2.875690	325.754220	3490.899189	0.000000
-29.330000	-55.310000	-156.095001	18.939100	2.967276	325.651911	3496.853393	0.000000
-29.330000	-55.310000	-156.095001	19.189100	3.078179	325.548560	3502.807597	0.000000
-29.330000	-55.310000	-156.095001	19.439100	3.189686	325.444145	3508.761801	0.000000
-29.330000	-55.310000	-156.095001	19.689100	3.301791	325.338669	3514.716005	0.000000
-29.330000	-55.310000	-156.095001	19.939100	3.414516	325.232109	3520.670209	1.000000
-29.330000	-55.310000	-156.095001	20.189100	3.527858	325.124467	3526.624413	2.000000
-29.330000	-55.310000	-156.095001	20.439100	3.641837	325.015721	3532.578617	2.000000
-29.330000	-55.310000	-156.095001	20.689100	-0.257160	324.905873	3538.532821	2.000000
-29.330000	-55.310000	-156.095001	20.939100	-5.770197	324.794900	3543.863219	3.000000
-29.330000	-55.310000	-156.095001	21.189100	-6.628973	324.682803	3548.530770	2.000000
-29.330000	-55.310000	-156.095001	21.439100	-5.535990	324.569561	3553.555268	2.000000
-29.330000	-55.310000	-155.845001	15.689100	5.061544	326.838576	3415.711309	1.000000
-29.330000	-55.310000	-155.845001	15.939100	4.424262	326.748440	3421.963994	1.000000
-29.330000	-55.310000	-155.845001	16.189100	1.957586	326.657347	3427.858421	1.000000
-29.330000	-55.310000	-155.845001	16.439100	1.090077	326.565328	3433.624211	1.000000
-29.330000	-55.310000	-155.845001	16.689100	1.470001	326.472335	3439.590800	1.000000
-29.330000	-55.310000	-155.845001	16.939100	1.529942	326.378401	3445.557390	1.000000
-29.330000	-55.310000	-155.845001	17.189100	1.590319	326.283473	3451.523980	0.000000
-29.330000	-55.310000	-155.845001	17.439100	1.651096	326.187589	3457.490569	0.000000
-29.330000	-55.310000	-155.845001	17.689100	1.712322	326.090692	3463.457159	0.000000
-29.330000	-55.310000	-155.845001	17.939100	1.773959	325.992822	3469.423749	0.000000
-29.330000	-55.310000	-155.845001	18.189100	1.836061	325.893921	3475.390338	0.000000
-29.330000	-55.310000	-155.845001	18.439100	1.898586	325.794029	3481.356928	0.000000
-29.330000	-55.310000	-155.845001	18.689100	1.974697	325.693087	3487.323518	0.000000
-29.330000	-55.310000	-155.845001	18.939100	2.083016	325.591136	3493.290107	0.000000
-29.330000	-55.310000	-155.845001	19.189100	2.191931	325.488116	3499.256697	0.000000
-29.330000	-55.310000	-155.845001	19.439100	2.301399	325.384067	3505.223287	0.000000
-29.330000	-55.310000	-155.845001	19.689100	2.411480	325.278930	3511.189876	0.000000
-29.330000	-55.310000	-155.845001	19.939100	2.522129	325.172746	3517.156466	1.000000
-29.330000	-55.310000	-155.845001	20.189100	2.195167	325.065452	3523.123056	1.000000
-29.330000	-55.310000	-155.845001	20.439100	0.148755	324.957092	3529.089645	1.000000
-29.330000	-55.310000	-155.845001	20.689100	-3.533042	324.847601	3534.775096	1.000000
-29.330000	-55.310000	-155.845001	20.939100	-6.586959	324.737025	3539.808185	2.000000
-29.330000	-55.310000	-155.845001	21.189100	-6.588133	324.625295	3544.470067	1.000000
-29.330000	-55.310000	-155.845001	21.439100	-5.478891	324.512461	3549.494565	1.000000
-29.330000	-55.310000	-155.595001	15.439100	5.065688	326.863354	3406.244404	1.000000
-29.330000	-55.310000	-155.595001	15.689100	5.125684	326.774436	3412.497089	1.000000
-29.330000	-55.310000	-155.595001	15.939100	3.541305	326.684584	3418.749774	1.000000
-29.330000	-55.310000	-155.595001	16.189100	1.279464	326.593806	3424.442824	1.000000
-29.330000	-55.310000	-155.595001	16.439100	1.390833	326.502078	3430.077532	1.000000
-29.330000	-55.310000	-155.595001	16.689100	1.462346	326.409408	3436.011507	1.000000
-29.330000	-55.310000	-155.595001	16.939100	1.592572	326.315771	3441.978096	1.000000
-29.330000	-55.310000	-155.595001	17.189100	1.652618	326.221174	3447.944686	0.000000
-29.330000	-55.310000	-155.595001	17.439100	1.713090	326.125594	3453.911276	0.000000
-29.330000	-55.310000	-155.595001	17.689100	1.773977	326.029037	3459.877865	0.000000
-29.330000	-55.310000	-155.595001	17.939100	1.835303	325.931479	3465.844455	0.000000
-29.330000	-55.310000	-155.595001	18.189100	1.897057	325.832925	3471.811045	0.000000
-29.330000	-55.310000	-155.595001	18.439100	1.959262	325.733353	3477.777634	0.000000
-29.330000	-55.310000	-155.595001	18.689100	2.021909	325.632767	3483.744224	0.000000
-29.330000	-55.310000	-155.595001	18.939100	2.085020	325.531144	3489.710814	0.000000
-29.330000	-55.310000	-155.595001	19.189100	2.148587	325.428489	3495.677403	0.000000
-29.330000	-55.310000	-155.595001	19.439100	2.212631	325.324777	3501.643993	0.000000
-29.330000	-55.310000	-155.595001	19.689100	2.277145	325.220014	3507.610583	0.000000
-29.330000	-55.310000	-155.595001	19.939100	0.692241	325.114176	3513.577172	1.000000
-29.330000	-55.310000	-155.595001	20.189100	-1.726785	325.007266	3519.423272	1.000000
-29.330000	-55.310000	-155.595001	20.439100	-3.865573	324.899261	3524.963440	1.000000
-29.330000	-55.310000	-155.595001	20.689100	-5.033088	324.790164	3530.503609	1.000000
-29.330000	-55.310000	-155.595001	20.939100	-5.918200	324.679953	3535.753152	1.000000
-29.330000	-55.310000	-155.595001	21.189100	-6.548144	324.568628	3540.409364	1.000000
-29.330000	-55.310000	-155.595001	21.439100	-5.422597	324.456168	3545.433862	1.000000
-29.330000	-55.310000	-155.345001	15.439100	5.129373	326.799669	3403.030183	0.000000
-29.330000	-55.310000	-155.345001	15.689100	4.914357	326.711034	3409.282868	1.000000
-29.330000	-55.310000	-155.345001	15.939100	2.425392	326.621497	3415.392520	1.000000
-29.330000	-55.310000	-155.345001	16.189100	1.208867	326.531009	3421.027228	1.000000
-29.330000	-55.310000	-155.345001	16.439100	1.575860	326.439604	3426.661936	1.000000
-29.330000	-55.310000	-155.345001	16.689100	1.268153	326.347230	3432.432213	1.000000
-29.330000	-55.310000	-155.345001	16.939100	1.654419	326.253923	3438.398803	0.000000
-29.330000	-55.310000	-155.345001	17.189100	1.714162	326.159631	3444.365392	0.000000
-29.330000	-55.310000	-155.345001	17.439100	1.774296	326.064388	3450.331982	0.000000
-29.330000	-55.310000	-155.345001	17.689100	1.834872	325.968142	3456.298572	0.000000
-29.330000	-55.310000	-155.345001	17.939100	1.895851	325.870930	3462.265161	0.000000
-29.330000	-55.310000	-155.345001	18.189100	1.957287	325.772695	3468.231751	0.000000
-29.330000	-55.310000	-155.345001	18.439100	2.019137	325.673478	3474.198341	0.000000
-29.330000	-55.310000	-155.345001	18.689100	2.081457	325.573219	3480.164930	0.000000
-29.330000	-55.310000	-155.345001	18.939100	2.144204	325.471959	3486.131520	0.000000
-29.330000	-55.310000	-155.345001	19.189100	2.207436	325.369639	3492.098110	0.000000
-29.330000	-55.310000	-155.345001	19.439100	1.460729	325.266300	3498.064699	0.000000
-29.330000	-55.310000	-155.345001	19.689100	-0.856410	325.161881	3504.031289	0.000000
-29.330000	-55.310000	-155.345001	19.939100	-3.292448	325.056425	3509.611616	0.000000
-29.330000	-55.310000	-155.345001	20.189100	-4.352138	324.949868	3515.151784	1.000000
-29.330000	-55.310000	-155.345001	20.439100	-4.289927	324.842256	3520.691953	1.000000
-29.330000	-55.310000	-155.345001	20.689100	-4.416208	324.733521	3526.232122	1.000000
-29.330000	-55.310000	-155.345001	20.939100	-5.757920	324.623712	3531.698118	1.000000
-29.330000	-55.310000	-155.345001	21.189100	-6.508965	324.512759	3536.348661	1.000000
-29.330000	-55.310000	-155.095001	15.439100	5.192317	326.736725	3399.815963	0.000000
-29.330000	-55.310000	-155.095001	15.689100	4.581753	326.648404	3406.068648	0.000000
-29.330000	-55.310000	-155.095001	15.939100	1.829923	326.559157	3411.976924	0.000000
-29.330000	-55.310000	-155.095001	16.189100	1.270886	326.468990	3417.611632	0.000000
-29.330000	-55.310000	-155.095001	16.439100	1.328959	326.377881	3423.246340	0.000000
-29.330000	-55.310000	-155.095001	16.689100	1.566969	326.285836	3428.881048	0.000000
-29.330000	-55.310000	-155.095001	16.939100	1.654620	326.192832	3434.819509	0.000000
-29.330000	-55.310000	-155.095001	17.189100	1.774917	326.098876	3440.786099	0.000000
-29.330000	-55.310000	-155.095001	17.439100	1.834741	326.003943	3446.752688	0.000000
-29.330000	-55.310000	-155.095001	17.689100	1.894972	325.908042	3452.719278	0.000000
-29.330000	-55.310000	-155.095001	17.939100	1.955634	325.811147	3458.685868	0.000000
-29.330000	-55.310000	-155.095001	18.189100	2.016716	325.713266	3464.652457	0.000000
-29.330000	-55.310000	-155.095001	18.439100	2.078241	325.614373	3470.619047	0.000000
-29.330000	-55.310000	-155.095001	18.689100	2.140200	325.514476	3476.585637	0.000000
-29.330000	-55.310000	-155.095001	18.939100	1.968046	325.413550	3482.552226	0.000000
-29.330000	-55.310000	-155.095001	19.189100	0.010510	325.311600	3488.518816	0.000000
-29.330000	-55.310000	-155.095001	19.439100	-2.414275	325.208604	3494.259791	0.000000
-29.330000	-55.310000	-155.095001	19.689100	-4.285625	325.104564	3499.799960	0.000000
-29.330000	-55.310000	-155.095001	19.939100	-4.356951	324.999459	3505.340129	0.000000
-29.330000	-55.310000	-155.095001	20.189100	-4.295562	324.893292	3510.880297	0.000000
-29.330000	-55.310000	-155.095001	20.439100	-4.233710	324.786039	3516.420466	1.000000
-29.330000	-55.310000	-155.095001	20.689100	-4.171400	324.677705	3521.960635	2.000000
-29.330000	-55.310000	-155.095001	20.939100	-5.852119	324.568265	3527.500803	2.000000
-29.330000	-55.310000	-155.095001	21.189100	-6.054760	324.457723	3532.287958	2.000000
-29.330000	-55.310000	-154.845001	15.439100	5.254502	326.674539	3396.601743	0.000000
-29.330000	-55.310000	-154.845001	15.689100	3.750495	326.586507	3402.854428	0.000000
-29.330000	-55.310000	-154.845001	15.939100	1.439606	326.497581	3408.561328	0.000000
-29.330000	-55.310000	-154.845001	16.189100	1.332167	326.407709	3414.196036	0.000000
-29.330000	-55.310000	-154.845001	16.439100	1.389911	326.316928	3419.830744	0.000000
-29.330000	-55.310000	-154.845001	16.689100	1.766991	326.225185	3425.465452	0.000000
-29.330000	-55.310000	-154.845001	16.939100	1.442287	326.132517	3431.240215	0.000000
-29.330000	-55.310000	-154.845001	17.189100	1.834923	326.038870	3437.206805	1.000000
-29.330000	-55.310000	-154.845001	17.439100	1.894403	325.944281	3443.173395	1.000000
-29.330000	-55.310000	-154.845001	17.689100	1.954318	325.848696	3449.139984	0.000000
-29.330000	-55.310000	-154.845001	17.939100	2.014628	325.752153	3455.106574	0.000000
-29.330000	-55.310000	-154.845001	18.189100	2.075387	325.654596	3461.073164	0.000000
-29.330000	-55.310000	-154.845001	18.439100	2.136551	325.556064	3467.039753	0.000000
-29.330000	-55.310000	-154.845001	18.689100	0.873266	325.456498	3473.006343	0.000000
-29.330000	-55.310000	-154.845001	18.939100	-1.538567	325.355941	3478.907967	0.000000
-29.330000	-55.310000	-154.845001	19.189100	-3.815205	325.254332	3484.448135	0.000000
-29.330000	-55.310000	-154.845001	19.439100	-4.421502	325.151714	3489.988304	0.000000
-29.330000	-55.310000	-154.845001	19.689100	-4.361355	325.048023	3495.528473	0.000000
-29.330000	-55.310000	-154.845001	19.939100	-4.300797	324.943306	3501.068641	0.000000
-29.330000	-55.310000	-154.845001	20.189100	-4.239767	324.837496	3506.608810	0.000000
-29.330000	-55.310000	-154.845001	20.439100	-4.178313	324.730641	3512.148979	1.000000
-29.330000	-55.310000	-154.845001	20.689100	-4.116369	324.622674	3517.689147	1.000000
-29.330000	-55.310000	-154.845001	20.939100	-5.471498	324.513642	3523.229316	1.000000
-29.330000	-55.310000	-154.595001	15.439100	5.068209	326.613088	3393.387522	0.000000
-29.330000	-55.310000	-154.595001	15.689100	2.634146	326.525377	3399.511024	0.000000
-29.330000	-55.310000	-154.595001	15.939100	1.335616	326.436745	3405.145732	0.000000
-29.330000	-55.310000	-154.595001	16.189100	1.392676	326.347200	3410.780440	0.000000
-29.330000	-55.310000	-154.595001	16.439100	1.450119	326.256720	3416.415148	0.000000
-29.330000	-55.310000	-154.595001	16.689100	1.507937	326.165312	3422.049856	1.000000
-29.330000	-55.310000	-154.595001	16.939100	1.739191	326.072952	3427.684563	1.000000
-29.330000	-55.310000	-154.595001	17.189100	1.842952	325.979647	3433.627511	1.000000
-29.330000	-55.310000	-154.595001	17.439100	1.953311	325.885373	3439.594101	1.000000
-29.330000	-55.310000	-154.595001	17.689100	2.012876	325.790138	3445.560691	1.000000
-29.330000	-55.310000	-154.595001	17.939100	2.072863	325.693918	3451.527280	1.000000
-29.330000	-55.310000	-154.595001	18.189100	1.522844	325.596719	3457.493870	0.000000
-29.330000	-55.310000	-154.595001	18.439100	-0.666081	325.498518	3463.460460	0.000000
-29.330000	-55.310000	-154.595001	18.689100	-3.096507	325.399319	3469.096311	0.000000
-29.330000	-55.310000	-154.595001	18.939100	-4.483643	325.299101	3474.636480	0.000000
-29.330000	-55.310000	-154.595001	19.189100	-4.424727	325.197868	3480.176648	0.000000
-29.330000	-55.310000	-154.595001	19.439100	-4.365385	325.095596	3485.716817	0.000000
-29.330000	-55.310000	-154.595001	19.689100	-4.305623	324.992291	3491.256986	0.000000
-29.330000	-55.310000	-154.595001	19.939100	-4.245421	324.887930	3496.797154	0.000000
-29.330000	-55.310000	-154.595001	20.189100	-4.184786	324.782515	3502.337323	0.000000
-29.330000	-55.310000	-154.595001	20.439100	-4.123696	324.676025	3507.877492	1.000000
-29.330000	-55.310000	-154.595001	20.689100	-4.062158	324.568463	3513.417660	1.000000
-29.330000	-55.310000	-154.595001	20.939100	-4.856755	324.459805	3518.957829	1.000000
-29.330000	-55.310000	-154.345001	15.439100	4.734620	326.552391	3390.173302	0.000000
-29.330000	-55.310000	-154.345001	15.689100	1.986349	326.464973	3396.095428	0.000000
-29.330000	-55.310000	-154.345001	15.939100	1.395693	326.376668	3401.730136	0.000000
-29.330000	-55.310000	-154.345001	16.189100	1.452452	326.287424	3407.364844	0.000000
-29.330000	-55.310000	-154.345001	16.439100	1.509562	326.197277	3412.999552	1.000000
-29.330000	-55.310000	-154.345001	16.689100	1.567073	326.106176	3418.634259	1.000000
-29.330000	-55.310000	-154.345001	16.939100	1.954185	326.014157	3424.268967	1.000000
-29.330000	-55.310000	-154.345001	17.189100	1.612497	325.921166	3430.048218	1.000000
-29.330000	-55.310000	-154.345001	17.439100	2.011442	325.827242	3436.014807	1.000000
-29.330000	-55.310000	-154.345001	17.689100	2.036627	325.732328	3441.981397	1.000000
-29.330000	-55.310000	-154.345001	17.939100	0.202412	325.636466	3447.947987	1.000000
-29.330000	-55.310000	-154.345001	18.189100	-2.215708	325.539596	3453.744486	1.000000
-29.330000	-55.310000	-154.345001	18.439100	-4.228008	325.441760	3459.284655	0.000000
-29.330000	-55.310000	-154.345001	18.689100	-4.485734	325.342898	3464.824824	0.000000
-29.330000	-55.310000	-154.345001	18.939100	-4.427597	325.243055	3470.364992	0.000000
-29.330000	-55.310000	-154.345001	19.189100	-4.369026	325.142167	3475.905161	0.000000
-29.330000	-55.310000	-154.345001	19.439100	-4.310067	325.040279	3481.445330	0.000000
-29.330000	-55.310000	-154.345001	19.689100	-4.145148	324.937327	3486.985498	0.000000
-29.330000	-55.310000	-154.345001	19.939100	-3.807352	324.833359	3492.525667	0.000000
-29.330000	-55.310000	-154.345001	20.189100	-3.466708	324.728307	3498.065836	1.000000
-29.330000	-55.310000	-154.345001	20.439100	-3.123235	324.622220	3503.606004	1.000000
-29.330000	-55.310000	-154.345001	20.689100	-2.776839	324.515029	3509.146173	1.000000
-29.330000	-55.310000	-154.095001	15.439100	3.955010	326.492423	3386.959081	0.000000
-29.330000	-55.310000	-154.095001	15.689100	1.595135	326.405331	3392.679832	0.000000
-29.330000	-55.310000	-154.095001	15.939100	1.455036	326.317325	3398.314540	0.000000
-29.330000	-55.310000	-154.095001	16.189100	1.511463	326.228413	3403.949248	0.000000
-29.330000	-55.310000	-154.095001	16.439100	1.568266	326.138573	3409.583955	1.000000
-29.330000	-55.310000	-154.095001	16.689100	1.625437	326.047812	3415.218663	1.000000
-29.330000	-55.310000	-154.095001	16.939100	1.682996	325.956106	3420.853371	1.000000
-29.330000	-55.310000	-154.095001	17.189100	1.907460	325.863462	3426.488079	1.000000
-29.330000	-55.310000	-154.095001	17.439100	1.449029	325.769859	3432.435514	1.000000
-29.330000	-55.310000	-154.095001	17.689100	-0.628448	325.675300	3438.392662	1.000000
-29.330000	-55.310000	-154.095001	17.939100	-2.771017	325.579765	3443.932831	1.000000
-29.330000	-55.310000	-154.095001	18.189100	-3.303961	325.483259	3449.472999	1.000000
-29.330000	-55.310000	-154.095001	18.439100	-2.960268	325.385759	3455.013168	0.000000
-29.330000	-55.310000	-154.095001	18.689100	-2.613755	325.287270	3460.553337	0.000000
-29.330000	-55.310000	-154.095001	18.939100	-2.264372	325.187770	3466.093505	0.000000
-29.330000	-55.310000	-154.095001	19.189100	-1.912096	325.087263	3471.633674	0.000000
-29.330000	-55.310000	-154.095001	19.439100	-1.477733	324.985727	3477.173843	0.000000
-29.330000	-55.310000	-154.095001	19.689100	-0.914435	324.883166	3482.746057	0.000000
-29.330000	-55.310000	-154.095001	19.939100	-0.428497	324.779558	3488.370161	0.000000
-29.330000	-55.310000	-153.845001	15.439100	2.838269	326.433203	3383.629528	0.000000
-29.330000	-55.310000	-153.845001	15.689100	1.457887	326.346410	3389.264236	0.000000
-29.330000	-55.310000	-153.845001	15.939100	1.513626	326.258735	3394.898944	0.000000
-29.330000	-55.310000	-153.845001	16.189100	1.569747	326.170130	3400.533651	0.000000
-29.330000	-55.310000	-153.845001	16.439100	1.626211	326.080628	3406.168359	1.000000
-29.330000	-55.310000	-153.845001	16.689100	1.683070	325.990179	3411.803067	1.000000
-29.330000	-55.310000	-153.845001	16.939100	1.740282	325.898820	3417.437775	1.000000
-29.330000	-55.310000	-153.845001	17.189100	1.750505	325.806496	3423.072483	1.000000
-29.330000	-55.310000	-153.845001	17.439100	0.573300	325.713246	3428.700759	1.000000
-29.330000	-55.310000	-153.845001	17.689100	-0.591978	325.619014	3434.324863	1.000000
-29.330000	-55.310000	-153.845001	17.939100	-0.231964	325.523842	3439.948968	1.000000
-29.330000	-55.310000	-153.845001	18.189100	0.130998	325.427669	3445.573072	1.000000
-29.330000	-55.310000	-153.845001	18.439100	0.496893	325.330540	3451.197176	0.000000
-29.330000	-55.310000	-153.845001	18.689100	0.865808	325.232393	3456.821280	0.000000
-29.330000	-55.310000	-153.845001	18.939100	1.237727	325.133272	3462.445384	0.000000
-29.330000	-55.310000	-153.845001	19.189100	1.612739	325.033115	3468.069488	0.000000
-29.330000	-55.310000	-153.845001	19.439100	1.990828	324.931968	3473.693592	0.000000
-29.330000	-55.310000	-153.595001	15.189100	4.882982	326.460286	3374.277956	0.000000
-29.330000	-55.310000	-153.595001	15.439100	2.138229	326.374707	3380.213932	0.000000
-29.330000	-55.310000	-153.595001	15.689100	1.516053	326.288244	3385.848640	0.000000
-29.330000	-55.310000	-153.595001	15.939100	1.571487	326.200874	3391.483347	0.000000
-29.330000	-55.310000	-153.595001	16.189100	1.627270	326.112606	3397.118055	0.000000
-29.330000	-55.310000	-153.595001	16.439100	1.683423	326.023416	3402.752763	1.000000
-29.330000	-55.310000	-153.595001	16.689100	1.739367	325.933312	3408.387471	1.000000
-29.330000	-55.310000	-153.595001	16.939100	1.736293	325.842271	3414.022179	1.000000
-29.330000	-55.310000	-153.595001	17.189100	1.728868	325.750299	3419.648294	1.000000
-29.330000	-55.310000	-153.595001	17.439100	1.765985	325.657375	3425.272398	1.000000
-29.330000	-55.310000	-153.595001	17.689100	1.823942	325.563504	3430.896502	1.000000
-29.330000	-55.310000	-153.595001	17.939100	1.882301	325.468664	3436.520606	1.000000
-29.330000	-55.310000	-153.595001	18.189100	1.941055	325.372860	3442.144710	1.000000
-29.330000	-55.310000	-153.595001	18.439100	2.000222	325.276071	3447.768814	0.000000
-29.330000	-55.310000	-153.595001	18.689100	2.059796	325.178301	3453.392918	0.000000
-29.330000	-55.310000	-153.345001	15.189100	4.154981	326.402203	3371.063735	0.000000
-29.330000	-55.310000	-153.345001	15.439100	1.746156	326.316953	3376.798336	0.000000
-29.330000	-55.310000	-153.345001	15.689100	1.573502	326.230794	3382.433044	0.000000
-29.330000	-55.310000	-153.345001	15.939100	1.628599	326.143762	3388.067751	0.000000
-29.330000	-55.310000	-153.345001	16.189100	1.684072	326.055804	3393.702459	0.000000
-29.330000	-55.310000	-153.345001	16.439100	1.730780	325.966958	3399.337167	0.000000
-29.330000	-55.310000	-153.345001	16.689100	1.722411	325.877171	3404.971725	1.000000
-29.330000	-55.310000	-153.345001	16.939100	1.714634	325.786481	3410.595829	1.000000
-29.330000	-55.310000	-153.345001	17.189100	1.763876	325.694834	3416.219933	1.000000
-29.330000	-55.310000	-153.345001	17.439100	1.821092	325.602268	3421.844037	1.000000
-29.330000	-55.310000	-153.345001	17.689100	1.878717	325.508729	3427.468141	1.000000
-29.330000	-55.310000	-153.345001	17.939100	1.936709	325.414256	3433.092245	1.000000
-29.330000	-55.310000	-153.345001	18.189100	1.995124	325.318791	3438.716349	0.000000
-29.330000	-55.310000	-153.095001	15.189100	3.037877	326.344864	3367.748032	0.000000
-29.330000	-55.310000	-153.095001	15.439100	1.575766	326.259918	3373.382740	0.000000
-29.330000	-55.310000	-153.095001	15.689100	1.630202	326.174095	3379.017447	0.000000
-29.330000	-55.310000	-153.095001	15.939100	1.684989	326.087372	3384.652155	0.000000
-29.330000	-55.310000	-153.095001	16.189100	1.717880	325.999756	3390.286863	0.000000
-29.330000	-55.310000	-153.095001	16.439100	1.708830	325.911227	3395.919259	0.000000
-29.330000	-55.310000	-153.095001	16.689100	1.705937	325.821789	3401.543363	1.000000
-29.330000	-55.310000	-153.095001	16.939100	1.762075	325.731422	3407.167467	1.000000
-29.330000	-55.310000	-153.095001	17.189100	1.818577	325.640132	3412.791571	1.000000
-29.330000	-55.310000	-153.095001	17.439100	1.875463	325.547897	3418.415675	1.000000
-29.330000	-55.310000	-152.845001	15.189100	2.285690	326.288232	3364.332436	0.000000
-29.330000	-55.310000	-152.845001	15.439100	1.632064	326.203621	3369.967143	0.000000
-29.330000	-55.310000	-152.845001	15.689100	1.686190	326.118106	3375.601851	0.000000
-29.330000	-55.310000	-152.845001	15.939100	1.705271	326.031725	3381.236559	0.000000
-29.330000	-55.310000	-152.845001	16.189100	1.695566	325.944424	3386.866794	0.000000
-29.330000	-55.310000	-152.845001	16.439100	1.705154	325.856244	3392.490898	0.000000
-29.330000	-55.310000	-152.845001	16.689100	1.760598	325.767128	3398.115002	0.000000
-29.330000	-55.310000	-152.845001	16.939100	1.816380	325.677118	3403.739106	0.000000
-29.330000	-55.310000	-152.595001	15.189100	1.892783	326.232339	3360.916839	0.000000
-29.330000	-55.310000	-152.595001	15.439100	1.687649	326.148035	3366.551547	0.000000
-29.330000	-55.310000	-152.595001	15.689100	1.692957	326.062861	3372.186255	0.000000
-29.330000	-55.310000	-152.595001	15.939100	1.682590	325.976794	3377.814328	0.000000
-29.330000	-55.310000	-152.595001	16.189100	1.704672	325.889841	3383.438432	0.000000
-29.330000	-55.310000	-152.345001	15.189100	1.688042	326.177147	3357.501243	1.000000
-29.330000	-55.310000	-152.345001	15.439100	1.680922	326.093183	3363.135951	1.000000
-29.330000	-55.310000	-152.345001	15.689100	1.669918	326.008322	3368.761863	0.000000
