-78.340000	19.490000	-160.814896	21.481300	-0.160904	254.154785	2107.510470	1.000000
-78.340000	19.490000	-160.814896	21.731300	0.663855	254.213645	2105.600849	1.000000
-78.340000	19.490000	-160.814896	21.981300	-0.357865	254.272797	2103.957360	1.000000
-78.340000	19.490000	-160.814896	22.231300	-2.655910	254.332296	2101.839725	1.000000
-78.340000	19.490000	-160.814896	22.481300	-2.899342	254.392086	2099.668190	1.000000
-78.340000	19.490000	-160.814896	22.731300	-2.928165	254.452221	2097.496655	1.000000
-78.340000	19.490000	-160.814896	22.981300	-2.956939	254.512646	2095.325119	0.000000
-78.340000	19.490000	-160.814896	23.231300	-2.985717	254.573414	2093.153584	1.000000
-78.340000	19.490000	-160.814896	23.481300	-3.199624	254.634470	2090.982049	1.000000
-78.340000	19.490000	-160.814896	23.731300	-2.207787	254.695868	2088.677430	1.000000
-78.340000	19.490000	-160.564896	20.731300	1.941753	254.053045	2106.735698	0.000000
-78.340000	19.490000	-160.564896	20.981300	0.548944	254.111973	2105.195745	0.000000
-78.340000	19.490000	-160.564896	21.231300	-0.583136	254.171169	2103.254274	0.000000
-78.340000	19.490000	-160.564896	21.481300	0.201025	254.230740	2101.312803	1.000000
-78.340000	19.490000	-160.564896	21.731300	1.062204	254.290578	2099.553201	2.000000
-78.340000	19.490000	-160.564896	21.981300	-0.219258	254.350790	2097.909712	2.000000
-78.340000	19.490000	-160.564896	22.231300	-2.521926	254.411266	2095.845427	2.000000
-78.340000	19.490000	-160.564896	22.481300	-2.979370	254.472115	2093.673892	2.000000
-78.340000	19.490000	-160.564896	22.731300	-3.009171	254.533227	2091.502357	0.000000
-78.340000	19.490000	-160.564896	22.981300	-3.026707	254.594709	2089.330822	0.000000
-78.340000	19.490000	-160.564896	23.231300	-3.502182	254.656454	2087.159287	1.000000
-78.340000	19.490000	-160.564896	23.481300	-4.296600	254.718568	2084.752558	1.000000
-78.340000	19.490000	-160.564896	23.731300	-1.343105	254.780942	2082.252297	1.000000
-78.340000	19.490000	-160.314896	19.981300	1.928730	253.947939	2105.630344	0.000000
-78.340000	19.490000	-160.314896	20.231300	1.891403	254.006907	2104.126625	0.000000
-78.340000	19.490000	-160.314896	20.481300	1.447735	254.066171	2102.622906	0.000000
-78.340000	19.490000	-160.314896	20.731300	0.090956	254.125786	2100.939550	0.000000
-78.340000	19.490000	-160.314896	20.981300	-0.489289	254.185696	2098.998079	0.000000
-78.340000	19.490000	-160.314896	21.231300	-0.388868	254.245955	2097.056608	0.000000
-78.340000	19.490000	-160.314896	21.481300	0.551962	254.306507	2095.149041	1.000000
-78.340000	19.490000	-160.314896	21.731300	1.464681	254.367407	2093.505552	2.000000
-78.340000	19.490000	-160.314896	21.981300	-0.080002	254.428599	2091.862063	2.000000
-78.340000	19.490000	-160.314896	22.231300	-2.387324	254.490138	2089.851130	2.000000
-78.340000	19.490000	-160.314896	22.481300	-3.059222	254.551967	2087.679595	1.000000
-78.340000	19.490000	-160.314896	22.731300	-2.966149	254.614140	2085.508060	1.000000
-78.340000	19.490000	-160.314896	22.981300	-3.798498	254.676602	2083.327947	0.000000
-78.340000	19.490000	-160.314896	23.231300	-4.548841	254.739407	2080.827686	0.000000
-78.340000	19.490000	-160.314896	23.481300	-2.893772	254.802500	2078.327425	1.000000
-78.340000	19.490000	-160.314896	23.731300	-0.097421	254.865934	2076.250720	1.000000
-78.340000	19.490000	-160.064896	19.231300	1.973967	253.839353	2104.524991	0.000000
-78.340000	19.490000	-160.064896	19.481300	1.935791	253.898383	2103.021272	0.000000
-78.340000	19.490000	-160.064896	19.731300	1.897604	253.957686	2101.517553	0.000000
-78.340000	19.490000	-160.064896	19.981300	1.893850	254.017367	2100.013834	0.000000
-78.340000	19.490000	-160.064896	20.231300	0.967741	254.077320	2098.510114	0.000000
-78.340000	19.490000	-160.064896	20.481300	-0.354364	254.137650	2096.683355	0.000000
-78.340000	19.490000	-160.064896	20.731300	-0.527524	254.198250	2094.741884	0.000000
-78.340000	19.490000	-160.064896	20.981300	-0.562818	254.259225	2092.800412	0.000000
-78.340000	19.490000	-160.064896	21.231300	0.091774	254.320468	2090.858941	1.000000
-78.340000	19.490000	-160.064896	21.481300	0.954927	254.382086	2089.101393	1.000000
-78.340000	19.490000	-160.064896	21.731300	1.388118	254.443970	2087.457904	1.000000
-78.340000	19.490000	-160.064896	21.981300	0.059897	254.506228	2085.814414	1.000000
-78.340000	19.490000	-160.064896	22.231300	-2.251947	254.568749	2083.856832	1.000000
-78.340000	19.490000	-160.064896	22.481300	-3.269890	254.631643	2081.685297	1.000000
-78.340000	19.490000	-160.064896	22.731300	-4.088547	254.694799	2079.403075	1.000000
-78.340000	19.490000	-160.064896	22.981300	-4.468524	254.758325	2076.902814	1.000000
-78.340000	19.490000	-160.064896	23.231300	-4.498469	254.822113	2074.402553	0.000000
-78.340000	19.490000	-160.064896	23.481300	-1.621333	254.886269	2071.902292	0.000000
-78.340000	19.490000	-160.064896	23.731300	1.753603	254.950684	2070.310744	1.000000
-78.340000	19.490000	-159.814896	18.731300	1.985950	253.786451	2101.915919	0.000000
-78.340000	19.490000	-159.814896	18.981300	1.946914	253.845815	2100.412200	0.000000
-78.340000	19.490000	-159.814896	19.231300	1.907785	253.905535	2098.908480	0.000000
-78.340000	19.490000	-159.814896	19.481300	1.868621	253.965553	2097.404761	0.000000
-78.340000	19.490000	-159.814896	19.731300	1.906683	254.025925	2095.901042	0.000000
-78.340000	19.490000	-159.814896	19.981300	0.501266	254.086594	2094.368630	0.000000
-78.340000	19.490000	-159.814896	20.231300	-0.672041	254.147616	2092.427159	0.000000
-78.340000	19.490000	-159.814896	20.481300	-0.563587	254.208933	2090.485688	0.000000
-78.340000	19.490000	-159.814896	20.731300	-0.599876	254.270601	2088.544217	0.000000
-78.340000	19.490000	-159.814896	20.981300	-0.493091	254.332564	2086.602746	0.000000
-78.340000	19.490000	-159.814896	21.231300	0.444863	254.394876	2084.697233	1.000000
-78.340000	19.490000	-159.814896	21.481300	1.351092	254.457481	2083.053744	1.000000
-78.340000	19.490000	-159.814896	21.731300	1.311655	254.520433	2081.410255	1.000000
-78.340000	19.490000	-159.814896	21.981300	0.200432	254.583677	2079.766766	1.000000
-78.340000	19.490000	-159.814896	22.231300	-2.529746	254.647267	2077.862535	1.000000
-78.340000	19.490000	-159.814896	22.481300	-4.372515	254.711146	2075.478203	1.000000
-78.340000	19.490000	-159.814896	22.731300	-4.519050	254.775370	2072.977942	1.000000
-78.340000	19.490000	-159.814896	22.981300	-4.550080	254.839882	2070.477681	1.000000
-78.340000	19.490000	-159.814896	23.231300	-3.230555	254.904736	2067.977420	0.000000
-78.340000	19.490000	-159.814896	23.481300	-0.386006	254.969877	2065.845891	0.000000
-78.340000	19.490000	-159.814896	23.731300	2.156734	255.035358	2064.370767	0.000000
-78.340000	19.490000	-159.814896	23.981300	0.522189	255.101125	2062.895643	0.000000
-78.340000	19.490000	-159.564896	17.981300	2.041952	253.671049	2100.810566	1.000000
-78.340000	19.490000	-159.564896	18.231300	2.002092	253.730445	2099.306846	1.000000
-78.340000	19.490000	-159.564896	18.481300	1.962114	253.790224	2097.803127	1.000000
-78.340000	19.490000	-159.564896	18.731300	1.922123	253.850278	2096.299408	1.000000
-78.340000	19.490000	-159.564896	18.981300	1.882015	253.910714	2094.795689	1.000000
-78.340000	19.490000	-159.564896	19.231300	1.841895	253.971424	2093.291970	0.000000
-78.340000	19.490000	-159.564896	19.481300	1.417010	254.032514	2091.788250	0.000000
-78.340000	19.490000	-159.564896	19.731300	0.048036	254.093877	2090.112435	0.000000
-78.340000	19.490000	-159.564896	19.981300	-0.560129	254.155618	2088.170964	0.000000
-78.340000	19.490000	-159.564896	20.231300	-0.597364	254.217630	2086.229493	0.000000
-78.340000	19.490000	-159.564896	20.481300	-0.634674	254.280019	2084.288022	0.000000
-78.340000	19.490000	-159.564896	20.731300	-0.671952	254.342678	2082.346550	0.000000
-78.340000	19.490000	-159.564896	20.981300	-0.012686	254.405713	2080.405079	0.000000
-78.340000	19.490000	-159.564896	21.231300	0.852528	254.469014	2078.649584	1.000000
-78.340000	19.490000	-159.564896	21.481300	1.275881	254.532691	2077.006095	1.000000
-78.340000	19.490000	-159.564896	21.731300	1.274179	254.596633	2075.362606	1.000000
-78.340000	19.490000	-159.564896	21.981300	-0.356848	254.660948	2073.719117	1.000000
-78.340000	19.490000	-159.564896	22.231300	-3.439996	254.725527	2071.553331	1.000000
-78.340000	19.490000	-159.564896	22.481300	-4.567280	254.790477	2069.053070	1.000000
-78.340000	19.490000	-159.564896	22.731300	-4.599371	254.855690	2066.552809	1.000000
-78.340000	19.490000	-159.564896	22.981300	-4.631471	254.921272	2064.052548	1.000000
-78.340000	19.490000	-159.564896	23.231300	-1.893757	254.987115	2061.552287	0.000000
-78.340000	19.490000	-159.564896	23.481300	1.397065	255.053325	2059.905915	0.000000
-78.340000	19.490000	-159.564896	23.731300	2.072298	255.119794	2058.430791	0.000000
-78.340000	19.490000	-159.564896	23.981300	0.657762	255.186630	2056.955667	0.000000
-78.340000	19.490000	-159.314896	17.231300	2.103745	253.552233	2099.705212	0.000000
-78.340000	19.490000	-159.314896	17.481300	2.063040	253.611681	2098.201493	0.000000
-78.340000	19.490000	-159.314896	17.731300	2.022238	253.671491	2096.697774	1.000000
-78.340000	19.490000	-159.314896	17.981300	1.981398	253.731602	2095.194055	1.000000
-78.340000	19.490000	-159.314896	18.231300	1.940464	253.792073	2093.690336	1.000000
-78.340000	19.490000	-159.314896	18.481300	1.899493	253.852845	2092.186616	1.000000
-78.340000	19.490000	-159.314896	18.731300	1.858427	253.913974	2090.682897	1.000000
-78.340000	19.490000	-159.314896	18.981300	1.842950	253.975403	2089.179178	1.000000
-78.340000	19.490000	-159.314896	19.231300	0.941484	254.037188	2087.675459	1.000000
-78.340000	19.490000	-159.314896	19.481300	-0.392424	254.099271	2085.856239	0.000000
-78.340000	19.490000	-159.314896	19.731300	-0.590696	254.161709	2083.914768	0.000000
-78.340000	19.490000	-159.314896	19.981300	-0.628954	254.224443	2081.973297	0.000000
-78.340000	19.490000	-159.314896	20.231300	-0.667264	254.287530	2080.031826	0.000000
-78.340000	19.490000	-159.314896	20.481300	-0.705567	254.350913	2078.090355	0.000000
-78.340000	19.490000	-159.314896	20.731300	-0.592465	254.414647	2076.148884	0.000000
-78.340000	19.490000	-159.314896	20.981300	0.342636	254.478674	2074.245425	0.000000
-78.340000	19.490000	-159.314896	21.231300	1.242270	254.543051	2072.601936	1.000000
-78.340000	19.490000	-159.314896	21.481300	1.183498	254.607720	2070.958447	1.000000
-78.340000	19.490000	-159.314896	21.731300	-0.118762	254.672736	2069.280420	1.000000
-78.340000	19.490000	-159.314896	21.981300	-1.190046	254.738044	2067.196527	1.000000
-78.340000	19.490000	-159.314896	22.231300	-2.816277	254.803697	2065.112635	1.000000
-78.340000	19.490000	-159.314896	22.481300	-4.589644	254.869640	2062.627937	1.000000
-78.340000	19.490000	-159.314896	22.731300	-4.679606	254.935925	2060.127676	1.000000
-78.340000	19.490000	-159.314896	22.981300	-3.562663	255.002499	2057.627415	1.000000
-78.340000	19.490000	-159.314896	23.231300	-0.668746	255.069415	2055.441062	0.000000
-78.340000	19.490000	-159.314896	23.481300	2.031837	255.136617	2053.965938	0.000000
-78.340000	19.490000	-159.314896	23.731300	1.987934	255.204158	2052.490814	0.000000
-78.340000	19.490000	-159.314896	23.981300	0.793917	255.271984	2051.015690	0.000000
-78.340000	19.490000	-159.064896	16.731300	2.413809	253.489414	2097.096140	0.000000
-78.340000	19.490000	-159.064896	16.981300	2.308197	253.549273	2095.592421	0.000000
-78.340000	19.490000	-159.064896	17.231300	2.202151	253.609413	2094.088702	0.000000
-78.340000	19.490000	-159.064896	17.481300	2.095561	253.669939	2092.584982	0.000000
-78.340000	19.490000	-159.064896	17.731300	1.988533	253.730744	2091.081263	1.000000
-78.340000	19.490000	-159.064896	17.981300	1.921068	253.791933	2089.577544	1.000000
-78.340000	19.490000	-159.064896	18.231300	1.879138	253.853399	2088.073825	1.000000
-78.340000	19.490000	-159.064896	18.481300	1.837089	253.915248	2086.570106	1.000000
-78.340000	19.490000	-159.064896	18.731300	1.897532	253.977374	2085.066386	1.000000
-78.340000	19.490000	-159.064896	18.981300	0.479758	254.039881	2083.541515	1.000000
-78.340000	19.490000	-159.064896	19.231300	-0.734796	254.102661	2081.600044	1.000000
-78.340000	19.490000	-159.064896	19.481300	-0.618983	254.165823	2079.658573	1.000000
-78.340000	19.490000	-159.064896	19.731300	-0.658243	254.229256	2077.717102	0.000000
-78.340000	19.490000	-159.064896	19.981300	-0.697580	254.293069	2075.775631	1.000000
-78.340000	19.490000	-159.064896	20.231300	-0.736886	254.357152	2073.834160	1.000000
-78.340000	19.490000	-159.064896	20.481300	-0.776268	254.421613	2071.892688	1.000000
-78.340000	19.490000	-159.064896	20.731300	-0.112224	254.486342	2069.951217	1.000000
-78.340000	19.490000	-159.064896	20.981300	0.754921	254.551448	2068.197776	0.000000
-78.340000	19.490000	-159.064896	21.231300	0.922410	254.616821	2066.554287	0.000000
-78.340000	19.490000	-159.064896	21.481300	-0.364345	254.682568	2064.799264	1.000000
-78.340000	19.490000	-159.064896	21.731300	-1.177428	254.748580	2062.715371	1.000000
-78.340000	19.490000	-159.064896	21.981300	-1.216630	254.814965	2060.631479	1.000000
-78.340000	19.490000	-159.064896	22.231300	-2.220967	254.881613	2058.547587	2.000000
-78.340000	19.490000	-159.064896	22.481300	-4.156210	254.948633	2056.202804	2.000000
-78.340000	19.490000	-159.064896	22.731300	-4.759594	255.015914	2053.702543	2.000000
-78.340000	19.490000	-159.064896	22.981300	-2.160466	255.083565	2051.202282	1.000000
-78.340000	19.490000	-159.064896	23.231300	1.044942	255.151474	2049.501086	0.000000
-78.340000	19.490000	-159.064896	23.481300	1.948702	255.219752	2048.025962	0.000000
-78.340000	19.490000	-159.064896	23.731300	1.903805	255.288287	2046.550838	0.000000
-78.340000	19.490000	-159.064896	23.981300	0.930647	255.357188	2045.075714	0.000000
-78.340000	19.490000	-158.814896	15.981300	3.918887	253.363752	2095.593599	1.000000
-78.340000	19.490000	-158.814896	16.231300	3.820806	253.423633	2094.143628	1.000000
-78.340000	19.490000	-158.814896	16.481300	3.722331	253.483820	2092.693656	1.000000
-78.340000	19.490000	-158.814896	16.731300	3.623401	253.544373	2091.243684	0.000000
-78.340000	19.490000	-158.814896	16.981300	3.524076	253.605229	2089.793712	0.000000
-78.340000	19.490000	-158.814896	17.231300	3.424296	253.666449	2088.343740	0.000000
-78.340000	19.490000	-158.814896	17.481300	3.324118	253.727972	2086.893769	0.000000
-78.340000	19.490000	-158.814896	17.731300	3.081692	253.789857	2085.443797	1.000000
-78.340000	19.490000	-158.814896	17.981300	2.747574	253.852044	2083.961033	1.000000
-78.340000	19.490000	-158.814896	18.231300	2.531058	253.914591	2082.457314	1.000000
-78.340000	19.490000	-158.814896	18.481300	1.738249	253.977439	2080.953595	1.000000
-78.340000	19.490000	-158.814896	18.731300	-0.040293	254.040645	2079.285320	1.000000
-78.340000	19.490000	-158.814896	18.981300	-0.672476	254.104151	2077.343849	1.000000
-78.340000	19.490000	-158.814896	19.231300	-0.645045	254.168013	2075.402377	1.000000
-78.340000	19.490000	-158.814896	19.481300	-0.685333	254.232173	2073.460906	1.000000
-78.340000	19.490000	-158.814896	19.731300	-0.725674	254.296688	2071.519435	1.000000
-78.340000	19.490000	-158.814896	19.981300	-0.766010	254.361499	2069.577964	1.000000
-78.340000	19.490000	-158.814896	20.231300	-0.806397	254.426664	2067.636493	1.000000
-78.340000	19.490000	-158.814896	20.481300	-0.686911	254.492123	2065.695022	1.000000
-78.340000	19.490000	-158.814896	20.731300	0.245247	254.557934	2063.793617	1.000000
-78.340000	19.490000	-158.814896	20.981300	0.666109	254.624039	2062.150128	1.000000
-78.340000	19.490000	-158.814896	21.231300	-0.605388	254.690492	2060.318108	0.000000
-78.340000	19.490000	-158.814896	21.481300	-1.212966	254.757238	2058.234216	0.000000
-78.340000	19.490000	-158.814896	21.731300	-1.253179	254.824331	2056.150323	1.000000
-78.340000	19.490000	-158.814896	21.981300	-1.293379	254.891715	2054.066431	2.000000
-78.340000	19.490000	-158.814896	22.231300	-1.782399	254.959443	2051.982538	2.000000
-78.340000	19.490000	-158.814896	22.481300	-3.693793	255.027461	2049.777671	2.000000
-78.340000	19.490000	-158.814896	22.731300	-3.890105	255.095822	2047.277410	2.000000
-78.340000	19.490000	-158.814896	22.981300	-0.945568	255.164470	2045.036233	1.000000
-78.340000	19.490000	-158.814896	23.231300	1.911598	255.233459	2043.561109	1.000000
-78.340000	19.490000	-158.814896	23.481300	1.865719	255.302735	2042.085985	0.000000
-78.340000	19.490000	-158.814896	23.731300	1.819744	255.372348	2040.610861	0.000000
-78.340000	19.490000	-158.814896	23.981300	1.067944	255.442246	2039.135737	0.000000
-78.340000	19.490000	-158.564896	15.981300	3.887014	253.415313	2089.254017	2.000000
-78.340000	19.490000	-158.564896	16.231300	4.138205	253.476193	2087.804045	2.000000
-78.340000	19.490000	-158.564896	16.481300	4.092298	253.537462	2086.354073	2.000000
-78.340000	19.490000	-158.564896	16.731300	4.046339	253.599013	2084.904102	1.000000
-78.340000	19.490000	-158.564896	16.981300	4.000222	253.660953	2083.454130	0.000000
-78.340000	19.490000	-158.564896	17.231300	3.954055	253.723172	2082.004158	0.000000
-78.340000	19.490000	-158.564896	17.481300	3.907730	253.785779	2080.554186	0.000000
-78.340000	19.490000	-158.564896	17.731300	3.835485	253.848664	2079.104215	1.000000
-78.340000	19.490000	-158.564896	17.981300	3.778552	253.911935	2077.654243	1.000000
-78.340000	19.490000	-158.564896	18.231300	3.600230	253.975483	2076.225302	1.000000
-78.340000	19.490000	-158.564896	18.481300	2.909603	254.039414	2074.754145	1.000000
-78.340000	19.490000	-158.564896	18.731300	0.876437	254.103622	2073.144189	1.000000
-78.340000	19.490000	-158.564896	18.981300	-1.112440	254.168212	2071.199769	1.000000
-78.340000	19.490000	-158.564896	19.231300	-1.184097	254.233075	2069.204711	1.000000
-78.340000	19.490000	-158.564896	19.481300	-0.918113	254.298320	2067.263240	2.000000
-78.340000	19.490000	-158.564896	19.731300	-0.871016	254.363836	2065.321769	1.000000
-78.340000	19.490000	-158.564896	19.981300	-0.834244	254.429733	2063.380298	1.000000
-78.340000	19.490000	-158.564896	20.231300	-0.875632	254.495899	2061.438826	1.000000
-78.340000	19.490000	-158.564896	20.481300	-0.206926	254.562443	2059.497355	1.000000
-78.340000	19.490000	-158.564896	20.731300	-0.018330	254.629256	2057.745968	1.000000
-78.340000	19.490000	-158.564896	20.981300	-0.841855	254.696445	2055.836952	1.000000
-78.340000	19.490000	-158.564896	21.231300	-1.246204	254.763900	2053.753060	1.000000
-78.340000	19.490000	-158.564896	21.481300	-1.287458	254.831730	2051.669167	0.000000
-78.340000	19.490000	-158.564896	21.731300	-1.328672	254.899825	2049.585275	1.000000
-78.340000	19.490000	-158.564896	21.981300	-1.369957	254.968292	2047.501383	1.000000
-78.340000	19.490000	-158.564896	22.231300	-1.411201	255.037022	2045.417490	1.000000
-78.340000	19.490000	-158.564896	22.481300	-3.071686	255.106124	2043.333598	1.000000
-78.340000	19.490000	-158.564896	22.731300	-2.349111	255.175486	2040.852277	1.000000
-78.340000	19.490000	-158.564896	22.981300	0.697172	255.245217	2039.096257	1.000000
-78.340000	19.490000	-158.564896	23.231300	1.829850	255.315207	2037.621133	1.000000
-78.340000	19.490000	-158.564896	23.481300	1.782889	255.385565	2036.146009	1.000000
-78.340000	19.490000	-158.564896	23.731300	1.735913	255.456178	2034.670885	0.000000
-78.340000	19.490000	-158.564896	23.981300	1.205802	255.527158	2033.195761	0.000000
-78.340000	19.490000	-158.564896	24.231300	-1.861621	255.598392	2031.605159	0.000000
-78.340000	19.490000	-158.314896	15.731300	1.125403	253.405037	2084.550193	2.000000
-78.340000	19.490000	-158.314896	15.981300	3.252791	253.466634	2082.914435	2.000000
-78.340000	19.490000	-158.314896	16.231300	4.085799	253.528599	2081.464463	2.000000
-78.340000	19.490000	-158.314896	16.481300	4.038891	253.590870	2080.014491	1.000000
-78.340000	19.490000	-158.314896	16.731300	3.991846	253.653506	2078.564519	1.000000
-78.340000	19.490000	-158.314896	16.981300	3.944727	253.716448	2077.114548	1.000000
-78.340000	19.490000	-158.314896	17.231300	3.865444	253.779754	2075.664576	0.000000
-78.340000	19.490000	-158.314896	17.481300	3.865567	253.843363	2074.214604	0.000000
-78.340000	19.490000	-158.314896	17.731300	4.043136	253.907335	2072.792101	1.000000
-78.340000	19.490000	-158.314896	17.981300	3.843139	253.971609	2071.412070	1.000000
-78.340000	19.490000	-158.314896	18.231300	3.032335	254.036244	2069.954326	1.000000
-78.340000	19.490000	-158.314896	18.481300	2.517220	254.101179	2068.347294	1.000000
-78.340000	19.490000	-158.314896	18.731300	2.400832	254.166474	2066.740262	1.000000
-78.340000	19.490000	-158.314896	18.981300	0.775913	254.232068	2065.116491	1.000000
-78.340000	19.490000	-158.314896	19.231300	-1.283183	254.298019	2063.207812	1.000000
-78.340000	19.490000	-158.314896	19.481300	-1.833444	254.364268	2061.196992	1.000000
-78.340000	19.490000	-158.314896	19.731300	-1.751216	254.430872	2059.186172	1.000000
-78.340000	19.490000	-158.314896	19.981300	-1.419827	254.497773	2057.182631	1.000000
-78.340000	19.490000	-158.314896	20.231300	-0.951648	254.565027	2055.241160	1.000000
-78.340000	19.490000	-158.314896	20.481300	-1.062132	254.632576	2053.341808	1.000000
-78.340000	19.490000	-158.314896	20.731300	-1.416780	254.700476	2051.355796	1.000000
-78.340000	19.490000	-158.314896	20.981300	-1.619986	254.768670	2049.271904	1.000000
-78.340000	19.490000	-158.314896	21.231300	-1.663748	254.837213	2047.188012	1.000000
-78.340000	19.490000	-158.314896	21.481300	-1.707488	254.906048	2045.104119	0.000000
-78.340000	19.490000	-158.314896	21.731300	-1.751259	254.975230	2043.020227	1.000000
-78.340000	19.490000	-158.314896	21.981300	-1.795006	255.044702	2040.936334	1.000000
-78.340000	19.490000	-158.314896	22.231300	-1.838784	255.114519	2038.852442	1.000000
-78.340000	19.490000	-158.314896	22.481300	-2.083800	255.184625	2036.768550	1.000000
-78.340000	19.490000	-158.314896	22.731300	-0.648179	255.255073	2034.631404	1.000000
-78.340000	19.490000	-158.314896	22.981300	1.796092	255.325809	2033.156280	1.000000
-78.340000	19.490000	-158.314896	23.231300	1.748172	255.396885	2031.681156	1.000000
-78.340000	19.490000	-158.314896	23.481300	1.700208	255.468246	2030.206032	1.000000
-78.340000	19.490000	-158.314896	23.731300	1.652147	255.539945	2028.730908	0.000000
-78.340000	19.490000	-158.314896	23.981300	1.344211	255.611928	2027.255784	0.000000
-78.340000	19.490000	-158.314896	24.231300	-1.728780	255.684246	2025.718596	0.000000
-78.340000	19.490000	-158.064896	15.731300	0.710466	253.455030	2078.370920	2.000000
-78.340000	19.490000	-158.064896	15.981300	2.415413	253.517714	2076.685929	2.000000
-78.340000	19.490000	-158.064896	16.231300	3.539053	253.580683	2075.124881	1.000000
-78.340000	19.490000	-158.064896	16.481300	3.985719	253.644041	2073.674909	1.000000
-78.340000	19.490000	-158.064896	16.731300	3.899448	253.707683	2072.224937	1.000000
-78.340000	19.490000	-158.064896	16.981300	3.925596	253.771713	2070.774965	1.000000
-78.340000	19.490000	-158.064896	17.231300	4.103173	253.836024	2069.358901	1.000000
-78.340000	19.490000	-158.064896	17.481300	4.140192	253.900723	2067.978870	0.000000
-78.340000	19.490000	-158.064896	17.731300	3.829338	253.965700	2066.598838	0.000000
-78.340000	19.490000	-158.064896	17.981300	3.061250	254.031064	2065.154508	1.000000
-78.340000	19.490000	-158.064896	18.231300	2.503005	254.096706	2063.547476	1.000000
-78.340000	19.490000	-158.064896	18.481300	2.455668	254.162732	2061.940444	1.000000
-78.340000	19.490000	-158.064896	18.731300	2.408304	254.229033	2060.333411	1.000000
-78.340000	19.490000	-158.064896	18.981300	2.221588	254.295718	2058.726379	1.000000
-78.340000	19.490000	-158.064896	19.231300	0.780671	254.362676	2057.088793	1.000000
-78.340000	19.490000	-158.064896	19.481300	-1.218645	254.430016	2055.215854	1.000000
-78.340000	19.490000	-158.064896	19.731300	-2.057827	254.497628	2053.205034	1.000000
-78.340000	19.490000	-158.064896	19.981300	-2.089857	254.565620	2051.194215	1.000000
-78.340000	19.490000	-158.064896	20.231300	-2.112514	254.633881	2049.183395	1.000000
-78.340000	19.490000	-158.064896	20.481300	-2.291453	254.702522	2047.154037	1.000000
-78.340000	19.490000	-158.064896	20.731300	-2.421751	254.771430	2045.071742	1.000000
-78.340000	19.490000	-158.064896	20.981300	-2.465692	254.840715	2042.989446	1.000000
-78.340000	19.490000	-158.064896	21.231300	-2.509569	254.910265	2040.907151	1.000000
-78.340000	19.490000	-158.064896	21.481300	-2.553494	254.980191	2038.824856	0.000000
-78.340000	19.490000	-158.064896	21.731300	-2.597353	255.050381	2036.742560	1.000000
-78.340000	19.490000	-158.064896	21.981300	-2.641258	255.120944	2034.660265	1.000000
-78.340000	19.490000	-158.064896	22.231300	-2.741227	255.191768	2032.577970	1.000000
-78.340000	19.490000	-158.064896	22.481300	-1.882299	255.262965	2030.495675	1.000000
-78.340000	19.490000	-158.064896	22.731300	-0.129936	255.334420	2028.750951	1.000000
-78.340000	19.490000	-158.064896	22.981300	1.289370	255.406246	2027.216304	1.000000
-78.340000	19.490000	-158.064896	23.231300	1.666729	255.478328	2025.741180	1.000000
-78.340000	19.490000	-158.064896	23.481300	1.617675	255.550779	2024.266056	1.000000
-78.340000	19.490000	-158.064896	23.731300	1.568608	255.623484	2022.790932	0.000000
-78.340000	19.490000	-158.064896	23.981300	1.483166	255.696556	2021.315808	0.000000
-78.340000	19.490000	-158.064896	24.231300	-1.538281	255.769879	2019.832033	0.000000
-78.340000	19.490000	-157.814896	15.731300	0.363031	253.504865	2072.211473	1.000000
-78.340000	19.490000	-157.814896	15.981300	1.764518	253.568556	2070.460394	1.000000
-78.340000	19.490000	-157.814896	16.231300	2.899306	253.632615	2068.821666	1.000000
-78.340000	19.490000	-157.814896	16.481300	3.838018	253.696981	2067.335327	1.000000
-78.340000	19.490000	-157.814896	16.731300	4.167238	253.761713	2065.925701	1.000000
-78.340000	19.490000	-157.814896	16.981300	4.176653	253.826752	2064.545670	1.000000
-78.340000	19.490000	-157.814896	17.231300	4.093043	253.892155	2063.165638	1.000000
-78.340000	19.490000	-157.814896	17.481300	3.864339	253.957862	2061.785606	0.000000
-78.340000	19.490000	-157.814896	17.731300	3.092566	254.023932	2060.354690	0.000000
-78.340000	19.490000	-157.814896	17.981300	2.490965	254.090306	2058.747657	0.000000
-78.340000	19.490000	-157.814896	18.231300	2.442671	254.157040	2057.140625	1.000000
-78.340000	19.490000	-157.814896	18.481300	2.394324	254.224076	2055.533593	1.000000
-78.340000	19.490000	-157.814896	18.731300	2.345867	254.291470	2053.926561	1.000000
-78.340000	19.490000	-157.814896	18.981300	2.297358	254.359165	2052.319528	1.000000
-78.340000	19.490000	-157.814896	19.231300	2.040415	254.427217	2050.712496	0.000000
-78.340000	19.490000	-157.814896	19.481300	0.782841	254.495568	2049.061096	1.000000
-78.340000	19.490000	-157.814896	19.731300	-1.136450	254.564274	2047.223896	1.000000
-78.340000	19.490000	-157.814896	19.981300	-2.167523	254.633277	2045.213077	1.000000
-78.340000	19.490000	-157.814896	20.231300	-2.210605	254.702632	2043.202257	1.000000
-78.340000	19.490000	-157.814896	20.481300	-2.548110	254.772284	2041.191438	1.000000
-78.340000	19.490000	-157.814896	20.731300	-2.923222	254.842286	2039.114712	1.000000
-78.340000	19.490000	-157.814896	20.981300	-2.988041	254.912582	2037.032417	1.000000
-78.340000	19.490000	-157.814896	21.231300	-3.030242	254.983226	2034.950122	1.000000
-78.340000	19.490000	-157.814896	21.481300	-3.072405	255.054163	2032.867827	0.000000
-78.340000	19.490000	-157.814896	21.731300	-3.114583	255.125447	2030.785531	1.000000
-78.340000	19.490000	-157.814896	21.981300	-3.110551	255.197021	2028.703236	1.000000
-78.340000	19.490000	-157.814896	22.231300	-2.219165	255.268939	2026.662608	1.000000
-78.340000	19.490000	-157.814896	22.481300	-1.446126	255.341146	2024.921266	1.000000
-78.340000	19.490000	-157.814896	22.731300	-1.495581	255.413694	2023.179925	1.000000
-78.340000	19.490000	-157.814896	22.981300	-0.814217	255.486530	2021.438584	1.000000
-78.340000	19.490000	-157.814896	23.231300	0.606642	255.559706	2019.801203	1.000000
-78.340000	19.490000	-157.814896	23.481300	1.535288	255.633166	2018.326079	1.000000
-78.340000	19.490000	-157.814896	23.731300	1.485128	255.706964	2016.850955	1.000000
-78.340000	19.490000	-157.814896	23.981300	1.434925	255.781045	2015.375831	1.000000
-78.340000	19.490000	-157.814896	24.231300	-1.338320	255.855460	2013.900707	1.000000
-78.340000	19.490000	-157.564896	15.731300	0.040878	253.554373	2066.052025	1.000000
-78.340000	19.490000	-157.564896	15.981300	1.440643	253.619157	2064.234859	1.000000
-78.340000	19.490000	-157.564896	16.231300	2.777942	253.684226	2062.596130	1.000000
-78.340000	19.490000	-157.564896	16.481300	3.779160	253.749686	2061.112469	1.000000
-78.340000	19.490000	-157.564896	16.731300	4.138643	253.815429	2059.732438	1.000000
-78.340000	19.490000	-157.564896	16.981300	4.087960	253.881562	2058.352406	1.000000
-78.340000	19.490000	-157.564896	17.231300	3.901833	253.947976	2056.972375	1.000000
-78.340000	19.490000	-157.564896	17.481300	3.126350	254.014779	2055.554871	0.000000
-78.340000	19.490000	-157.564896	17.731300	2.481218	254.081861	2053.947839	0.000000
-78.340000	19.490000	-157.564896	17.981300	2.431940	254.149330	2052.340807	0.000000
-78.340000	19.490000	-157.564896	18.231300	2.382634	254.217077	2050.733775	0.000000
-78.340000	19.490000	-157.564896	18.481300	2.333190	254.285209	2049.126742	0.000000
-78.340000	19.490000	-157.564896	18.731300	2.283720	254.353617	2047.519710	0.000000
-78.340000	19.490000	-157.564896	18.981300	2.234114	254.422409	2045.912678	0.000000
-78.340000	19.490000	-157.564896	19.231300	2.184482	254.491474	2044.305646	0.000000
-78.340000	19.490000	-157.564896	19.481300	1.857366	254.560923	2042.698613	0.000000
-78.340000	19.490000	-157.564896	19.731300	0.786361	254.630642	2041.033398	1.000000
-78.340000	19.490000	-157.564896	19.981300	-1.057406	254.700742	2039.231939	1.000000
-78.340000	19.490000	-157.564896	20.231300	-2.279084	254.771112	2037.221119	1.000000
-78.340000	19.490000	-157.564896	20.481300	-2.493695	254.841861	2035.210300	2.000000
-78.340000	19.490000	-157.564896	20.731300	-2.895769	254.912877	2033.157683	2.000000
-78.340000	19.490000	-157.564896	20.981300	-3.059730	254.984271	2031.075388	2.000000
-78.340000	19.490000	-157.564896	21.231300	-3.102945	255.055929	2028.993093	1.000000
-78.340000	19.490000	-157.564896	21.481300	-3.146205	255.127964	2026.910797	0.000000
-78.340000	19.490000	-157.564896	21.731300	-3.023100	255.200261	2024.828502	0.000000
-78.340000	19.490000	-157.564896	21.981300	-2.123059	255.272933	2022.832923	1.000000
-78.340000	19.490000	-157.564896	22.231300	-1.482910	255.345865	2021.091582	1.000000
-78.340000	19.490000	-157.564896	22.481300	-1.528784	255.419169	2019.350241	1.000000
-78.340000	19.490000	-157.564896	22.731300	-1.574617	255.492731	2017.608899	1.000000
-78.340000	19.490000	-157.564896	22.981300	-1.620523	255.566664	2015.867558	1.000000
-78.340000	19.490000	-157.564896	23.231300	-1.520438	255.640852	2014.126217	1.000000
-78.340000	19.490000	-157.564896	23.481300	-0.083407	255.715409	2012.386103	1.000000
-78.340000	19.490000	-157.564896	23.731300	1.295180	255.790219	2010.910979	1.000000
-78.340000	19.490000	-157.564896	23.981300	1.350574	255.865396	2009.435855	1.000000
-78.340000	19.490000	-157.564896	24.231300	-1.194526	255.940823	2007.960731	1.000000
-78.340000	19.490000	-157.314896	15.731300	-0.280359	253.603727	2059.892577	1.000000
-78.340000	19.490000	-157.314896	15.981300	1.117697	253.669523	2058.009323	1.000000
-78.340000	19.490000	-157.314896	16.231300	2.861328	253.735688	2056.370595	1.000000
-78.340000	19.490000	-157.314896	16.481300	3.834336	253.802161	2054.919206	1.000000
-78.340000	19.490000	-157.314896	16.731300	4.085070	253.869001	2053.539175	1.000000
-78.340000	19.490000	-157.314896	16.981300	3.941713	253.936148	2052.159143	1.000000
-78.340000	19.490000	-157.314896	17.231300	3.162545	254.003661	2050.755053	1.000000
-78.340000	19.490000	-157.314896	17.481300	2.473660	254.071478	2049.148021	0.000000
-78.340000	19.490000	-157.314896	17.731300	2.423421	254.139659	2047.540989	0.000000
-78.340000	19.490000	-157.314896	17.981300	2.373127	254.208143	2045.933956	0.000000
-78.340000	19.490000	-157.314896	18.231300	2.322721	254.276989	2044.326924	0.000000
-78.340000	19.490000	-157.314896	18.481300	2.272262	254.346137	2042.719892	0.000000
-78.340000	19.490000	-157.314896	18.731300	2.221692	254.415645	2041.112860	0.000000
-78.340000	19.490000	-157.314896	18.981300	2.171070	254.485453	2039.505827	0.000000
-78.340000	19.490000	-157.314896	19.231300	2.120338	254.555619	2037.898795	0.000000
-78.340000	19.490000	-157.314896	19.481300	2.055774	254.626084	2036.291763	0.000000
-78.340000	19.490000	-157.314896	19.731300	1.672375	254.696903	2034.681278	0.000000
-78.340000	19.490000	-157.314896	19.981300	0.812444	254.768021	2033.005701	1.000000
-78.340000	19.490000	-157.314896	20.231300	-0.981594	254.839491	2031.239981	2.000000
-78.340000	19.490000	-157.314896	20.481300	-2.464811	254.911257	2029.229162	2.000000
-78.340000	19.490000	-157.314896	20.731300	-2.859094	254.983374	2027.200654	2.000000
-78.340000	19.490000	-157.314896	20.981300	-3.131245	255.055785	2025.118359	1.000000
-78.340000	19.490000	-157.314896	21.231300	-3.175561	255.128545	2023.036063	1.000000
-78.340000	19.490000	-157.314896	21.481300	-2.931990	255.201597	2020.953768	1.000000
-78.340000	19.490000	-157.314896	21.731300	-2.023140	255.274995	2019.003238	0.000000
-78.340000	19.490000	-157.314896	21.981300	-1.512861	255.348684	2017.261897	0.000000
-78.340000	19.490000	-157.314896	22.231300	-1.559762	255.422716	2015.520556	1.000000
-78.340000	19.490000	-157.314896	22.481300	-1.606653	255.497037	2013.779215	1.000000
-78.340000	19.490000	-157.314896	22.731300	-1.653586	255.571700	2012.037874	1.000000
-78.340000	19.490000	-157.314896	22.981300	-1.700508	255.646649	2010.296532	1.000000
-78.340000	19.490000	-157.314896	23.231300	-1.747472	255.721938	2008.555191	0.000000
-78.340000	19.490000	-157.314896	23.481300	-1.792751	255.797511	2006.813850	1.000000
-78.340000	19.490000	-157.314896	23.731300	-0.780838	255.873420	2005.072509	1.000000
-78.340000	19.490000	-157.314896	23.981300	0.618932	255.949613	2003.495878	1.000000
-78.340000	19.490000	-157.314896	24.231300	-1.060963	256.026139	2002.020754	1.000000
-78.340000	19.490000	-157.064896	15.731300	-0.600499	253.652754	2053.733130	2.000000
-78.340000	19.490000	-157.064896	15.981300	0.718711	253.719650	2051.783788	2.000000
-78.340000	19.490000	-157.064896	16.231300	2.945186	253.786830	2050.145060	2.000000
-78.340000	19.490000	-157.064896	16.481300	3.918748	253.854403	2048.725943	2.000000
-78.340000	19.490000	-157.064896	16.731300	3.986719	253.922260	2047.345911	1.000000
-78.340000	19.490000	-157.064896	16.981300	3.201220	253.990508	2045.955235	1.000000
-78.340000	19.490000	-157.064896	17.231300	2.468408	254.059037	2044.348202	0.000000
-78.340000	19.490000	-157.064896	17.481300	2.417181	254.127956	2042.741170	0.000000
-78.340000	19.490000	-157.064896	17.731300	2.365924	254.197155	2041.134138	0.000000
-78.340000	19.490000	-157.064896	17.981300	2.314529	254.266742	2039.527106	0.000000
-78.340000	19.490000	-157.064896	18.231300	2.263104	254.336606	2037.920073	0.000000
-78.340000	19.490000	-157.064896	18.481300	2.211542	254.406858	2036.313041	0.000000
-78.340000	19.490000	-157.064896	18.731300	2.159953	254.477384	2034.706009	0.000000
-78.340000	19.490000	-157.064896	18.981300	2.108227	254.548296	2033.098977	0.000000
-78.340000	19.490000	-157.064896	19.231300	2.056476	254.619481	2031.491944	0.000000
-78.340000	19.490000	-157.064896	19.481300	2.004589	254.691050	2029.884912	0.000000
-78.340000	19.490000	-157.064896	19.731300	1.880391	254.762889	2028.277880	0.000000
-78.340000	19.490000	-157.064896	19.981300	1.485494	254.835111	2026.653581	1.000000
-78.340000	19.490000	-157.064896	20.231300	0.877070	254.907601	2024.978003	1.000000
-78.340000	19.490000	-157.064896	20.481300	-0.908976	254.980472	2023.248024	1.000000
-78.340000	19.490000	-157.064896	20.731300	-2.797481	255.053609	2021.237204	1.000000
-78.340000	19.490000	-157.064896	20.981300	-3.176526	255.127125	2019.161330	1.000000
-78.340000	19.490000	-157.064896	21.231300	-2.837084	255.200905	2017.079034	1.000000
-78.340000	19.490000	-157.064896	21.481300	-1.919328	255.275062	2015.173553	1.000000
-78.340000	19.490000	-157.064896	21.731300	-1.540490	255.349480	2013.432212	1.000000
-78.340000	19.490000	-157.064896	21.981300	-1.588451	255.424273	2011.690871	0.000000
-78.340000	19.490000	-157.064896	22.231300	-1.636372	255.499326	2009.949530	0.000000
-78.340000	19.490000	-157.064896	22.481300	-1.684367	255.574751	2008.208189	0.000000
-78.340000	19.490000	-157.064896	22.731300	-1.696935	255.650434	2006.466848	0.000000
-78.340000	19.490000	-157.064896	22.981300	-1.647291	255.726487	2004.725507	0.000000
-78.340000	19.490000	-157.064896	23.231300	-1.599067	255.802795	2002.984165	0.000000
-78.340000	19.490000	-157.064896	23.481300	-1.552358	255.879472	2001.242824	1.000000
-78.340000	19.490000	-157.064896	23.731300	-1.507028	255.956400	1999.501483	1.000000
-78.340000	19.490000	-157.064896	23.981300	-0.973256	256.033696	1997.760142	1.000000
-78.340000	19.490000	-157.064896	24.231300	-1.668529	256.111240	1996.080778	1.000000
-78.340000	19.490000	-157.064896	24.481300	-3.961514	256.189150	1994.110052	1.000000
-78.340000	19.490000	-156.814896	15.481300	-0.606911	253.634026	2049.524404	1.000000
-78.340000	19.490000	-156.814896	15.731300	-0.655027	253.701629	2047.573682	1.000000
-78.340000	19.490000	-156.814896	15.981300	0.315800	253.769542	2045.622960	2.000000
-78.340000	19.490000	-156.814896	16.231300	2.732038	253.837825	2043.919524	2.000000
-78.340000	19.490000	-156.814896	16.481300	4.003529	253.906417	2042.532679	2.000000
-78.340000	19.490000	-156.814896	16.731300	3.242315	253.975377	2041.152648	2.000000
-78.340000	19.490000	-156.814896	16.981300	2.476554	254.044645	2039.548384	0.000000
-78.340000	19.490000	-156.814896	17.231300	2.413166	254.114279	2037.941352	0.000000
-78.340000	19.490000	-156.814896	17.481300	2.360919	254.184218	2036.334320	0.000000
-78.340000	19.490000	-156.814896	17.731300	2.308557	254.254522	2034.727287	0.000000
-78.340000	19.490000	-156.814896	17.981300	2.256140	254.325131	2033.120255	0.000000
-78.340000	19.490000	-156.814896	18.231300	2.203610	254.396101	2031.513223	0.000000
-78.340000	19.490000	-156.814896	18.481300	2.151025	254.467374	2029.906191	0.000000
-78.340000	19.490000	-156.814896	18.731300	2.098330	254.539007	2028.299158	0.000000
-78.340000	19.490000	-156.814896	18.981300	2.045581	254.610941	2026.692126	0.000000
-78.340000	19.490000	-156.814896	19.231300	1.992723	254.683234	2025.085094	0.000000
-78.340000	19.490000	-156.814896	19.481300	1.939813	254.755825	2023.478062	0.000000
-78.340000	19.490000	-156.814896	19.731300	1.886795	254.828772	2021.871029	0.000000
-78.340000	19.490000	-156.814896	19.981300	1.692639	254.902017	2020.263997	1.000000
-78.340000	19.490000	-156.814896	20.231300	1.296657	254.975615	2018.625883	1.000000
-78.340000	19.490000	-156.814896	20.481300	0.938382	255.049509	2016.950305	1.000000
-78.340000	19.490000	-156.814896	20.731300	-1.004598	255.123754	2015.256066	1.000000
-78.340000	19.490000	-156.814896	20.981300	-2.163929	255.198294	2013.204300	1.000000
-78.340000	19.490000	-156.814896	21.231300	-1.277783	255.273182	2011.343869	1.000000
-78.340000	19.490000	-156.814896	21.481300	-0.940999	255.348362	2009.602528	1.000000
-78.340000	19.490000	-156.814896	21.731300	-0.899289	255.423888	2007.861186	1.000000
-78.340000	19.490000	-156.814896	21.981300	-0.858900	255.499705	2006.119845	0.000000
-78.340000	19.490000	-156.814896	22.231300	-0.819870	255.575865	2004.378504	0.000000
-78.340000	19.490000	-156.814896	22.481300	-0.889466	255.652314	2002.637163	0.000000
-78.340000	19.490000	-156.814896	22.731300	-1.149044	255.729104	2000.869914	0.000000
-78.340000	19.490000	-156.814896	22.981300	-1.285061	255.806180	1999.056326	0.000000
-78.340000	19.490000	-156.814896	23.231300	-1.219996	255.883595	1997.242739	0.000000
-78.340000	19.490000	-156.814896	23.481300	-1.156960	255.961295	1995.429152	1.000000
-78.340000	19.490000	-156.814896	23.731300	-1.174206	256.039330	1993.615565	1.000000
-78.340000	19.490000	-156.814896	23.981300	-0.929303	256.117648	1991.782226	1.000000
-78.340000	19.490000	-156.814896	24.231300	-1.205016	256.196298	1990.064997	1.000000
-78.340000	19.490000	-156.814896	24.481300	-3.527095	256.275229	1988.223490	1.000000
-78.340000	19.490000	-156.564896	15.481300	-0.654440	253.681556	2043.364957	1.000000
-78.340000	19.490000	-156.564896	15.731300	-0.703576	253.750179	2041.414235	1.000000
-78.340000	19.490000	-156.564896	15.981300	0.096590	253.819197	2039.463513	1.000000
-78.340000	19.490000	-156.564896	16.231300	2.505780	253.888501	2037.719448	1.000000
-78.340000	19.490000	-156.564896	16.481300	3.285900	253.958200	2036.339416	1.000000
-78.340000	19.490000	-156.564896	16.731300	2.527360	254.028182	2034.748566	1.000000
-78.340000	19.490000	-156.564896	16.981300	2.411445	254.098557	2033.141534	1.000000
-78.340000	19.490000	-156.564896	17.231300	2.358231	254.169214	2031.534501	0.000000
-78.340000	19.490000	-156.564896	17.481300	2.304875	254.240262	2029.927469	0.000000
-78.340000	19.490000	-156.564896	17.731300	2.251489	254.311590	2028.320437	0.000000
-78.340000	19.490000	-156.564896	17.981300	2.197963	254.383307	2026.713405	0.000000
-78.340000	19.490000	-156.564896	18.231300	2.144408	254.455302	2025.106372	0.000000
-78.340000	19.490000	-156.564896	18.481300	2.090715	254.527685	2023.499340	0.000000
-78.340000	19.490000	-156.564896	18.731300	2.036994	254.600343	2021.892308	0.000000
-78.340000	19.490000	-156.564896	18.981300	1.983135	254.673388	2020.285276	0.000000
-78.340000	19.490000	-156.564896	19.231300	1.929251	254.746706	2018.678243	0.000000
-78.340000	19.490000	-156.564896	19.481300	1.875230	254.820408	2017.071211	0.000000
-78.340000	19.490000	-156.564896	19.731300	1.821186	254.894381	2015.464179	0.000000
-78.340000	19.490000	-156.564896	19.981300	1.767007	254.968737	2013.857147	2.000000
-78.340000	19.490000	-156.564896	20.231300	1.503005	255.043362	2012.250114	2.000000
-78.340000	19.490000	-156.564896	20.481300	1.105916	255.118368	2010.598186	2.000000
-78.340000	19.490000	-156.564896	20.731300	0.693098	255.193639	2008.922608	2.000000
-78.340000	19.490000	-156.564896	20.981300	-0.235721	255.269290	2007.187850	2.000000
-78.340000	19.490000	-156.564896	21.231300	-0.659397	255.345205	2005.374263	2.000000
-78.340000	19.490000	-156.564896	21.481300	-0.625990	255.421497	2003.560676	2.000000
-78.340000	19.490000	-156.564896	21.731300	-0.593727	255.498050	2001.747089	1.000000
-78.340000	19.490000	-156.564896	21.981300	-0.557848	255.574978	1999.933501	0.000000
-78.340000	19.490000	-156.564896	22.231300	-0.502460	255.652165	1998.119914	0.000000
-78.340000	19.490000	-156.564896	22.481300	-0.448992	255.729726	1996.306327	0.000000
-78.340000	19.490000	-156.564896	22.731300	-0.471820	255.807542	1994.492740	0.000000
-78.340000	19.490000	-156.564896	22.981300	-0.586820	255.885730	1992.667143	0.000000
-78.340000	19.490000	-156.564896	23.231300	-0.655390	255.964171	1990.830807	0.000000
-78.340000	19.490000	-156.564896	23.481300	-0.682980	256.042981	1988.994471	1.000000
-78.340000	19.490000	-156.564896	23.731300	-0.295002	256.122042	1987.158135	1.000000
-78.340000	19.490000	-156.564896	23.981300	0.584085	256.201470	1985.491910	1.000000
-78.340000	19.490000	-156.564896	24.231300	0.424699	256.281146	1983.976903	1.000000
-78.340000	19.490000	-156.564896	24.481300	-2.694899	256.361186	1982.336927	1.000000
-78.340000	19.490000	-156.314896	15.481300	-0.701731	253.728847	2037.205509	1.000000
-78.340000	19.490000	-156.314896	15.731300	-0.751975	253.798577	2035.254787	1.000000
-78.340000	19.490000	-156.314896	15.981300	-0.092328	253.868619	2033.304065	1.000000
-78.340000	19.490000	-156.314896	16.231300	1.586457	253.939033	2031.526184	1.000000
-78.340000	19.490000	-156.314896	16.481300	2.602574	254.009756	2029.948747	1.000000
-78.340000	19.490000	-156.314896	16.731300	2.462087	254.080849	2028.341715	1.000000
-78.340000	19.490000	-156.314896	16.981300	2.402921	254.152249	2026.734683	1.000000
-78.340000	19.490000	-156.314896	17.231300	2.343645	254.224017	2025.127651	0.000000
-78.340000	19.490000	-156.314896	17.481300	2.284320	254.296092	2023.520618	0.000000
-78.340000	19.490000	-156.314896	17.731300	2.224887	254.368532	2021.913586	0.000000
-78.340000	19.490000	-156.314896	17.981300	2.165407	254.441276	2020.306554	0.000000
-78.340000	19.490000	-156.314896	18.231300	2.105821	254.514384	2018.699522	0.000000
-78.340000	19.490000	-156.314896	18.481300	2.046189	254.587795	2017.092489	0.000000
-78.340000	19.490000	-156.314896	18.731300	1.986454	254.661567	2015.485457	0.000000
-78.340000	19.490000	-156.314896	18.981300	1.926675	254.735640	2013.878425	0.000000
-78.340000	19.490000	-156.314896	19.231300	1.866795	254.810071	2012.271393	0.000000
-78.340000	19.490000	-156.314896	19.481300	1.810835	254.884803	2010.664360	0.000000
-78.340000	19.490000	-156.314896	19.731300	1.755677	254.959891	2009.057328	0.000000
-78.340000	19.490000	-156.314896	19.981300	1.700468	255.035276	2007.450296	2.000000
-78.340000	19.490000	-156.314896	20.231300	1.645152	255.111016	2005.843264	2.000000
-78.340000	19.490000	-156.314896	20.481300	1.311366	255.187051	2004.236231	2.000000
-78.340000	19.490000	-156.314896	20.731300	0.582829	255.263438	2002.570488	2.000000
-78.340000	19.490000	-156.314896	20.981300	0.000100	255.340119	2000.810676	2.000000
-78.340000	19.490000	-156.314896	21.231300	-0.242502	255.417148	1998.997089	2.000000
-78.340000	19.490000	-156.314896	21.481300	-0.270502	255.494471	1997.183502	2.000000
-78.340000	19.490000	-156.314896	21.731300	-0.315301	255.572139	1995.369914	1.000000
-78.340000	19.490000	-156.314896	21.981300	-0.431682	255.650097	1993.552060	0.000000
-78.340000	19.490000	-156.314896	22.231300	-0.531239	255.728399	1991.715724	0.000000
-78.340000	19.490000	-156.314896	22.481300	-0.559505	255.806990	1989.879388	0.000000
-78.340000	19.490000	-156.314896	22.731300	-0.587997	255.885921	1988.043053	0.000000
-78.340000	19.490000	-156.314896	22.981300	-0.629694	255.965138	1986.206717	0.000000
-78.340000	19.490000	-156.314896	23.231300	-0.683147	256.044694	1984.370381	0.000000
-78.340000	19.490000	-156.314896	23.481300	-0.175912	256.124534	1982.534045	0.000000
-78.340000	19.490000	-156.314896	23.731300	0.709103	256.204708	1980.918824	1.000000
-78.340000	19.490000	-156.314896	23.981300	0.905456	256.285165	1979.403817	1.000000
-78.340000	19.490000	-156.314896	24.231300	0.848829	256.365955	1977.888810	1.000000
-78.340000	19.490000	-156.314896	24.481300	-1.713439	256.447024	1976.373803	1.000000
-78.340000	19.490000	-156.064896	15.481300	-0.748780	253.775895	2031.046062	1.000000
-78.340000	19.490000	-156.064896	15.731300	-0.800049	253.846652	2029.095340	1.000000
-78.340000	19.490000	-156.064896	15.981300	-0.689679	253.917806	2027.144618	1.000000
-78.340000	19.490000	-156.064896	16.231300	0.290343	253.989246	2025.239626	1.000000
-78.340000	19.490000	-156.064896	16.481300	1.653258	254.061083	2023.509386	1.000000
-78.340000	19.490000	-156.064896	16.731300	2.247726	254.133203	2021.885323	1.000000
-78.340000	19.490000	-156.064896	16.981300	2.403393	254.205718	2020.283155	1.000000
-78.340000	19.490000	-156.064896	17.231300	2.434905	254.278515	2018.680986	0.000000
-78.340000	19.490000	-156.064896	17.481300	2.374377	254.351705	2017.078817	0.000000
-78.340000	19.490000	-156.064896	17.731300	2.313823	254.425175	2015.476648	0.000000
-78.340000	19.490000	-156.064896	17.981300	2.253133	254.499035	2013.874479	0.000000
-78.340000	19.490000	-156.064896	18.231300	2.192420	254.573174	2012.272310	0.000000
-78.340000	19.490000	-156.064896	18.481300	2.131573	254.647701	2010.670141	0.000000
-78.340000	19.490000	-156.064896	18.731300	2.070705	254.722504	2009.067973	0.000000
-78.340000	19.490000	-156.064896	18.981300	2.009704	254.797695	2007.465804	0.000000
-78.340000	19.490000	-156.064896	19.231300	1.932984	254.873159	2005.863635	0.000000
-78.340000	19.490000	-156.064896	19.481300	1.852571	254.949008	2004.257510	0.000000
-78.340000	19.490000	-156.064896	19.731300	1.787850	255.025128	2002.650478	0.000000
-78.340000	19.490000	-156.064896	19.981300	1.726596	255.101632	2001.043445	1.000000
-78.340000	19.490000	-156.064896	20.231300	1.665330	255.178404	1999.436413	2.000000
-78.340000	19.490000	-156.064896	20.481300	1.588230	255.255559	1997.829381	2.000000
-78.340000	19.490000	-156.064896	20.731300	0.767064	255.332979	1996.218368	2.000000
-78.340000	19.490000	-156.064896	20.981300	-0.156263	255.410778	1994.433502	2.000000
-78.340000	19.490000	-156.064896	21.231300	-0.385529	255.488841	1992.600642	2.000000
-78.340000	19.490000	-156.064896	21.481300	-0.428037	255.567283	1990.764306	2.000000
-78.340000	19.490000	-156.064896	21.731300	-0.457205	255.645984	1988.927970	1.000000
-78.340000	19.490000	-156.064896	21.981300	-0.491293	255.725062	1987.091634	0.000000
-78.340000	19.490000	-156.064896	22.231300	-0.545620	255.804397	1985.255298	0.000000
-78.340000	19.490000	-156.064896	22.481300	-0.600048	255.884106	1983.418962	0.000000
-78.340000	19.490000	-156.064896	22.731300	-0.654456	255.964071	1981.582626	0.000000
-78.340000	19.490000	-156.064896	22.981300	-0.710913	256.044407	1979.746290	0.000000
-78.340000	19.490000	-156.064896	23.231300	-0.055902	256.124995	1977.909954	0.000000
-78.340000	19.490000	-156.064896	23.481300	0.838351	256.205953	1976.345738	0.000000
-78.340000	19.490000	-156.064896	23.731300	0.879538	256.287160	1974.830731	0.000000
-78.340000	19.490000	-156.064896	23.981300	0.821886	256.368735	1973.315724	1.000000
-78.340000	19.490000	-156.064896	24.231300	0.764227	256.450556	1971.800717	1.000000
-78.340000	19.490000	-156.064896	24.481300	-0.842309	256.532742	1970.285709	1.000000
-78.340000	19.490000	-155.814896	15.481300	-0.795591	253.822706	2024.886614	1.000000
-78.340000	19.490000	-155.814896	15.731300	-0.766393	253.894577	2022.935892	1.000000
-78.340000	19.490000	-155.814896	15.981300	-0.609259	253.966761	2021.005078	1.000000
-78.340000	19.490000	-155.814896	16.231300	-0.191236	254.039317	2019.125879	1.000000
-78.340000	19.490000	-155.814896	16.481300	0.563936	254.112184	2017.316775	1.000000
-78.340000	19.490000	-155.814896	16.731300	0.975124	254.185422	2015.589206	1.000000
-78.340000	19.490000	-155.814896	16.981300	1.196017	254.258968	2013.861637	1.000000
-78.340000	19.490000	-155.814896	17.231300	1.784356	254.332883	2012.167197	0.000000
-78.340000	19.490000	-155.814896	17.481300	2.228776	254.407106	2010.565028	0.000000
-78.340000	19.490000	-155.814896	17.731300	2.296307	254.481694	2008.962859	0.000000
-78.340000	19.490000	-155.814896	17.981300	2.275771	254.556589	2007.360690	0.000000
-78.340000	19.490000	-155.814896	18.231300	2.218633	254.631847	2005.758521	0.000000
-78.340000	19.490000	-155.814896	18.481300	2.161436	254.707409	2004.156352	0.000000
-78.340000	19.490000	-155.814896	18.731300	2.104121	254.783332	2002.554183	0.000000
-78.340000	19.490000	-155.814896	18.981300	2.046747	254.859558	2000.952015	0.000000
-78.340000	19.490000	-155.814896	19.231300	1.989259	254.936143	1999.349846	0.000000
-78.340000	19.490000	-155.814896	19.481300	1.927883	255.013028	1997.747677	0.000000
-78.340000	19.490000	-155.814896	19.731300	1.865525	255.090269	1996.145508	0.000000
-78.340000	19.490000	-155.814896	19.981300	1.803120	255.167809	1994.543339	1.000000
-78.340000	19.490000	-155.814896	20.231300	1.740615	255.245704	1992.941170	1.000000
-78.340000	19.490000	-155.814896	20.481300	1.678066	255.323894	1991.339001	1.000000
-78.340000	19.490000	-155.814896	20.731300	0.994089	255.402436	1989.736833	1.000000
-78.340000	19.490000	-155.814896	20.981300	-0.053968	255.481273	1987.976551	1.000000
-78.340000	19.490000	-155.814896	21.231300	-0.400064	255.560458	1986.140215	1.000000
-78.340000	19.490000	-155.814896	21.481300	-0.455359	255.639936	1984.303879	1.000000
-78.340000	19.490000	-155.814896	21.731300	-0.510724	255.719760	1982.467543	1.000000
-78.340000	19.490000	-155.814896	21.981300	-0.566106	255.799875	1980.631207	0.000000
-78.340000	19.490000	-155.814896	22.231300	-0.621556	255.880333	1978.794871	0.000000
-78.340000	19.490000	-155.814896	22.481300	-0.677020	255.961079	1976.958536	0.000000
-78.340000	19.490000	-155.814896	22.731300	-0.783310	256.042165	1975.122200	0.000000
-78.340000	19.490000	-155.814896	22.981300	0.068147	256.123538	1973.287659	0.000000
-78.340000	19.490000	-155.814896	23.231300	0.964455	256.205248	1971.772652	0.000000
-78.340000	19.490000	-155.814896	23.481300	0.855775	256.287242	1970.257645	0.000000
-78.340000	19.490000	-155.814896	23.731300	0.797127	256.369571	1968.742638	0.000000
-78.340000	19.490000	-155.814896	23.981300	0.738439	256.452182	1967.227630	0.000000
-78.340000	19.490000	-155.814896	24.231300	0.679660	256.535124	1965.712623	0.000000
-78.340000	19.490000	-155.814896	24.481300	-0.114699	256.618345	1964.197616	0.000000
-78.340000	19.490000	-155.814896	24.731300	-3.305906	256.701895	1962.501509	0.000000
-78.340000	19.490000	-155.564896	15.481300	-0.842160	253.869276	2018.727166	1.000000
-78.340000	19.490000	-155.564896	15.731300	-0.677490	253.942179	2016.776444	1.000000
-78.340000	19.490000	-155.564896	15.981300	-0.502035	254.015481	2014.891331	1.000000
-78.340000	19.490000	-155.564896	16.231300	-0.531515	254.089071	2013.012132	1.000000
-78.340000	19.490000	-155.564896	16.481300	0.092537	254.163058	2011.132933	1.000000
-78.340000	19.490000	-155.564896	16.731300	0.768483	254.237329	2009.396596	1.000000
-78.340000	19.490000	-155.564896	16.981300	0.748947	254.311997	2007.669027	0.000000
-78.340000	19.490000	-155.564896	17.231300	0.731183	254.386947	2005.941458	0.000000
-78.340000	19.490000	-155.564896	17.481300	0.817319	254.462292	2004.213889	0.000000
-78.340000	19.490000	-155.564896	17.731300	1.256762	254.537917	2002.486320	0.000000
-78.340000	19.490000	-155.564896	17.981300	1.837129	254.613934	2000.846901	0.000000
-78.340000	19.490000	-155.564896	18.231300	2.054562	254.690229	1999.244732	0.000000
-78.340000	19.490000	-155.564896	18.481300	2.101929	254.766915	1997.642563	0.000000
-78.340000	19.490000	-155.564896	18.731300	2.043576	254.843876	1996.040394	0.000000
-78.340000	19.490000	-155.564896	18.981300	1.985079	254.921227	1994.438226	0.000000
-78.340000	19.490000	-155.564896	19.231300	1.926551	254.998850	1992.836057	0.000000
-78.340000	19.490000	-155.564896	19.481300	1.867880	255.076860	1991.233888	0.000000
-78.340000	19.490000	-155.564896	19.731300	1.809182	255.155141	1989.631719	0.000000
-78.340000	19.490000	-155.564896	19.981300	1.750342	255.233806	1988.029550	1.000000
-78.340000	19.490000	-155.564896	20.231300	1.691476	255.312740	1986.427381	1.000000
-78.340000	19.490000	-155.564896	20.481300	1.632469	255.392057	1984.825212	1.000000
-78.340000	19.490000	-155.564896	20.731300	1.164908	255.471639	1983.223044	1.000000
-78.340000	19.490000	-155.564896	20.981300	0.086610	255.551602	1981.516125	1.000000
-78.340000	19.490000	-155.564896	21.231300	-0.471433	255.631827	1979.679789	1.000000
-78.340000	19.490000	-155.564896	21.481300	-0.527854	255.712432	1977.843453	1.000000
-78.340000	19.490000	-155.564896	21.731300	-0.584260	255.793296	1976.007117	0.000000
-78.340000	19.490000	-155.564896	21.981300	-0.640768	255.874537	1974.170781	0.000000
-78.340000	19.490000	-155.564896	22.231300	-0.697258	255.956035	1972.334445	0.000000
-78.340000	19.490000	-155.564896	22.481300	-0.663803	256.037907	1970.498109	0.000000
-78.340000	19.490000	-155.564896	22.731300	0.196380	256.120034	1968.714573	0.000000
-78.340000	19.490000	-155.564896	22.981300	0.893846	256.202533	1967.199566	0.000000
-78.340000	19.490000	-155.564896	23.231300	0.834294	256.285283	1965.684559	0.000000
-78.340000	19.490000	-155.564896	23.481300	0.774615	256.368403	1964.169551	0.000000
-78.340000	19.490000	-155.564896	23.731300	0.714928	256.451771	1962.654544	0.000000
-78.340000	19.490000	-155.564896	23.981300	0.655114	256.535507	1961.139537	0.000000
-78.340000	19.490000	-155.564896	24.231300	0.595296	256.619488	1959.624530	0.000000
-78.340000	19.490000	-155.564896	24.481300	0.535352	256.703834	1958.109523	0.000000
-78.340000	19.490000	-155.564896	24.731300	-2.320055	256.788422	1956.594516	0.000000
-78.340000	19.490000	-155.314896	15.231300	-0.834025	253.841961	2014.518441	0.000000
-78.340000	19.490000	-155.314896	15.481300	-0.743215	253.915610	2012.567719	0.000000
-78.340000	19.490000	-155.314896	15.731300	-0.594938	253.989634	2010.656783	1.000000
-78.340000	19.490000	-155.314896	15.981300	-0.526024	254.063972	2008.777584	1.000000
-78.340000	19.490000	-155.314896	16.231300	-0.581128	254.138684	2006.898385	1.000000
-78.340000	19.490000	-155.314896	16.481300	-0.371310	254.213708	2005.019186	1.000000
-78.340000	19.490000	-155.314896	16.731300	0.373663	254.289103	2003.203985	0.000000
-78.340000	19.490000	-155.314896	16.981300	0.696135	254.364809	2001.476416	0.000000
-78.340000	19.490000	-155.314896	17.231300	0.639213	254.440884	1999.748847	0.000000
-78.340000	19.490000	-155.314896	17.481300	0.582257	254.517268	1998.021278	0.000000
-78.340000	19.490000	-155.314896	17.731300	0.525209	254.594018	1996.293709	0.000000
-78.340000	19.490000	-155.314896	17.981300	0.568550	254.671076	1994.566140	0.000000
-78.340000	19.490000	-155.314896	18.231300	0.723583	254.748498	1992.838571	0.000000
-78.340000	19.490000	-155.314896	18.481300	1.306688	254.826224	1991.128774	0.000000
-78.340000	19.490000	-155.314896	18.731300	1.807892	254.904313	1989.526605	0.000000
-78.340000	19.490000	-155.314896	18.981300	1.872352	254.982705	1987.924437	0.000000
-78.340000	19.490000	-155.314896	19.231300	1.863944	255.061457	1986.322268	0.000000
-78.340000	19.490000	-155.314896	19.481300	1.804231	255.140509	1984.720099	0.000000
-78.340000	19.490000	-155.314896	19.731300	1.744404	255.219919	1983.117930	0.000000
-78.340000	19.490000	-155.314896	19.981300	1.684521	255.299627	1981.515761	0.000000
-78.340000	19.490000	-155.314896	20.231300	1.624526	255.379690	1979.913592	1.000000
-78.340000	19.490000	-155.314896	20.481300	1.564476	255.460050	1978.311423	1.000000
-78.340000	19.490000	-155.314896	20.731300	1.303733	255.540762	1976.709254	1.000000
-78.340000	19.490000	-155.314896	20.981300	0.226058	255.621768	1975.055698	1.000000
-78.340000	19.490000	-155.314896	21.231300	-0.542729	255.703124	1973.219362	2.000000
-78.340000	19.490000	-155.314896	21.481300	-0.600194	255.784772	1971.383026	1.000000
-78.340000	19.490000	-155.314896	21.731300	-0.657730	255.866766	1969.546690	0.000000
-78.340000	19.490000	-155.314896	21.981300	-0.715281	255.949051	1967.710355	0.000000
-78.340000	19.490000	-155.314896	22.231300	-0.540298	256.031678	1965.874019	0.000000
-78.340000	19.490000	-155.314896	22.481300	0.328705	256.114595	1964.141487	0.000000
-78.340000	19.490000	-155.314896	22.731300	0.875570	256.197851	1962.626480	0.000000
-78.340000	19.490000	-155.314896	22.981300	0.814984	256.281394	1961.111472	0.000000
-78.340000	19.490000	-155.314896	23.231300	0.754304	256.365273	1959.596465	0.000000
-78.340000	19.490000	-155.314896	23.481300	0.693581	256.449437	1958.081458	0.000000
-78.340000	19.490000	-155.314896	23.731300	0.632765	256.533934	1956.566451	0.000000
-78.340000	19.490000	-155.314896	23.981300	0.571908	256.618713	1955.051444	0.000000
-78.340000	19.490000	-155.314896	24.231300	0.510961	256.703822	1953.536437	0.000000
-78.340000	19.490000	-155.314896	24.481300	0.449975	256.789211	1952.021430	0.000000
-78.340000	19.490000	-155.314896	24.731300	-1.382172	256.874927	1950.506422	0.000000
-78.340000	19.490000	-155.064896	15.231300	-0.821667	253.886931	2008.358993	0.000000
-78.340000	19.490000	-155.064896	15.481300	-0.659816	253.961703	2006.422234	0.000000
-78.340000	19.490000	-155.064896	15.731300	-0.518126	254.036766	2004.543036	0.000000
-78.340000	19.490000	-155.064896	15.981300	-0.574281	254.112229	2002.663837	0.000000
-78.340000	19.490000	-155.064896	16.231300	-0.630425	254.187981	2000.784638	0.000000
-78.340000	19.490000	-155.064896	16.481300	-0.686667	254.264131	1998.905439	0.000000
-78.340000	19.490000	-155.064896	16.731300	-0.098141	254.340567	1997.026241	0.000000
-78.340000	19.490000	-155.064896	16.981300	0.582158	254.417401	1995.283806	0.000000
-78.340000	19.490000	-155.064896	17.231300	0.585579	254.494518	1993.556237	0.000000
-78.340000	19.490000	-155.064896	17.481300	0.527494	254.572030	1991.828668	0.000000
-78.340000	19.490000	-155.064896	17.731300	0.469403	254.649824	1990.101099	0.000000
-78.340000	19.490000	-155.064896	17.981300	0.411193	254.728011	1988.373530	0.000000
-78.340000	19.490000	-155.064896	18.231300	0.352978	254.806477	1986.645961	0.000000
-78.340000	19.490000	-155.064896	18.481300	0.314948	254.885335	1984.918392	0.000000
-78.340000	19.490000	-155.064896	18.731300	0.398131	254.964468	1983.190823	0.000000
-78.340000	19.490000	-155.064896	18.981300	0.770791	255.043992	1981.463254	0.000000
-78.340000	19.490000	-155.064896	19.231300	1.345768	255.123789	1979.808479	0.000000
-78.340000	19.490000	-155.064896	19.481300	1.620667	255.203974	1978.206310	0.000000
-78.340000	19.490000	-155.064896	19.731300	1.679894	255.284429	1976.604141	0.000000
-78.340000	19.490000	-155.064896	19.981300	1.618878	255.365271	1975.001972	0.000000
-78.340000	19.490000	-155.064896	20.231300	1.557836	255.446380	1973.399803	0.000000
-78.340000	19.490000	-155.064896	20.481300	1.496653	255.527873	1971.797634	1.000000
-78.340000	19.490000	-155.064896	20.731300	1.435447	255.609632	1970.195465	2.000000
-78.340000	19.490000	-155.064896	20.981300	0.419063	255.691772	1968.593297	2.000000
-78.340000	19.490000	-155.064896	21.231300	-0.606151	255.774174	1966.758936	2.000000
-78.340000	19.490000	-155.064896	21.481300	-0.672379	255.856956	1964.922600	1.000000
-78.340000	19.490000	-155.064896	21.731300	-0.730962	255.939998	1963.086264	1.000000
-78.340000	19.490000	-155.064896	21.981300	-0.412715	256.023417	1961.249928	0.000000
-78.340000	19.490000	-155.064896	22.231300	0.465269	256.107092	1959.568401	0.000000
-78.340000	19.490000	-155.064896	22.481300	0.859564	256.191142	1958.053393	0.000000
-78.340000	19.490000	-155.064896	22.731300	0.797975	256.275445	1956.538386	0.000000
-78.340000	19.490000	-155.064896	22.981300	0.736256	256.360122	1955.023379	0.000000
-78.340000	19.490000	-155.064896	23.231300	0.674529	256.445048	1953.508372	0.000000
-78.340000	19.490000	-155.064896	23.481300	0.612672	256.530345	1951.993365	0.000000
-78.340000	19.490000	-155.064896	23.731300	0.550810	256.615889	1950.478358	0.000000
-78.340000	19.490000	-155.064896	23.981300	0.488820	256.701801	1948.963350	0.000000
-78.340000	19.490000	-155.064896	24.231300	0.426827	256.787957	1947.448343	0.000000
-78.340000	19.490000	-155.064896	24.481300	0.364708	256.874478	1945.933336	0.000000
-78.340000	19.490000	-155.064896	24.731300	-0.658300	256.961240	1944.418329	0.000000
-78.340000	19.490000	-154.814896	15.231300	-0.722149	253.931749	2002.199546	1.000000
-78.340000	19.490000	-154.814896	15.481300	-0.557152	254.007562	2000.308487	0.000000
-78.340000	19.490000	-154.814896	15.731300	-0.565112	254.083752	1998.429289	0.000000
-78.340000	19.490000	-154.814896	15.981300	-0.622310	254.160258	1996.550090	0.000000
-78.340000	19.490000	-154.814896	16.231300	-0.679583	254.237139	1994.670891	0.000000
-78.340000	19.490000	-154.814896	16.481300	-0.736869	254.314333	1992.791692	0.000000
-78.340000	19.490000	-154.814896	16.731300	-0.554829	254.391900	1990.912493	0.000000
-78.340000	19.490000	-154.814896	16.981300	0.179968	254.469778	1989.091195	0.000000
-78.340000	19.490000	-154.814896	17.231300	0.532070	254.548027	1987.363626	0.000000
-78.340000	19.490000	-154.814896	17.481300	0.472940	254.626585	1985.636057	0.000000
-78.340000	19.490000	-154.814896	17.731300	0.413716	254.705511	1983.908488	0.000000
-78.340000	19.490000	-154.814896	17.981300	0.354458	254.784746	1982.180919	0.000000
-78.340000	19.490000	-154.814896	18.231300	0.295110	254.864345	1980.453350	0.000000
-78.340000	19.490000	-154.814896	18.481300	0.235729	254.944251	1978.725781	0.000000
-78.340000	19.490000	-154.814896	18.731300	0.176259	255.024519	1976.998212	0.000000
-78.340000	19.490000	-154.814896	18.981300	0.116759	255.105091	1975.270643	0.000000
-78.340000	19.490000	-154.814896	19.231300	0.139667	255.186023	1973.543074	0.000000
-78.340000	19.490000	-154.814896	19.481300	0.229487	255.267258	1971.815505	0.000000
-78.340000	19.490000	-154.814896	19.731300	0.807034	255.348849	1970.090352	0.000000
-78.340000	19.490000	-154.814896	19.981300	1.364131	255.430740	1968.488183	0.000000
-78.340000	19.490000	-154.814896	20.231300	1.425408	255.512987	1966.886014	0.000000
-78.340000	19.490000	-154.814896	20.481300	1.428996	255.595530	1965.283845	1.000000
-78.340000	19.490000	-154.814896	20.731300	1.366653	255.678426	1963.681676	1.000000
-78.340000	19.490000	-154.814896	20.981300	0.608675	255.761616	1962.079508	1.000000
-78.340000	19.490000	-154.814896	21.231300	-0.470822	255.845156	1960.298509	1.000000
-78.340000	19.490000	-154.814896	21.481300	-0.744412	255.928989	1958.462174	1.000000
-78.340000	19.490000	-154.814896	21.731300	-0.281084	256.013168	1956.625838	1.000000
-78.340000	19.490000	-154.814896	21.981300	0.605980	256.097638	1954.995314	1.000000
-78.340000	19.490000	-154.814896	22.231300	0.845782	256.182451	1953.480307	0.000000
-78.340000	19.490000	-154.814896	22.481300	0.783154	256.267552	1951.965300	0.000000
-78.340000	19.490000	-154.814896	22.731300	0.720428	256.352993	1950.450293	0.000000
-78.340000	19.490000	-154.814896	22.981300	0.657658	256.438720	1948.935286	0.000000
-78.340000	19.490000	-154.814896	23.231300	0.594793	256.524784	1947.420279	0.000000
-78.340000	19.490000	-154.814896	23.481300	0.531886	256.611131	1945.905271	0.000000
-78.340000	19.490000	-154.814896	23.731300	0.468887	256.697812	1944.390264	0.000000
-78.340000	19.490000	-154.814896	23.981300	0.405847	256.784774	1942.875257	0.000000
-78.340000	19.490000	-154.814896	24.231300	0.342717	256.872066	1941.360250	0.000000
-78.340000	19.490000	-154.814896	24.481300	0.279549	256.959637	1939.845243	0.000000
-78.340000	19.490000	-154.814896	24.731300	0.071212	257.047534	1938.330236	0.000000
-78.340000	19.490000	-154.564896	15.231300	-0.636518	253.976238	1996.073939	1.000000
-78.340000	19.490000	-154.564896	15.481300	-0.553549	254.053182	1994.194740	1.000000
-78.340000	19.490000	-154.564896	15.731300	-0.611777	254.130417	1992.315541	0.000000
-78.340000	19.490000	-154.564896	15.981300	-0.670107	254.208055	1990.436343	0.000000
-78.340000	19.490000	-154.564896	16.231300	-0.728426	254.285981	1988.557144	0.000000
-78.340000	19.490000	-154.564896	16.481300	-0.786845	254.364309	1986.677945	0.000000
-78.340000	19.490000	-154.564896	16.731300	-0.845251	254.442923	1984.798746	0.000000
-78.340000	19.490000	-154.564896	16.981300	-0.292338	254.521936	1982.919548	0.000000
-78.340000	19.490000	-154.564896	17.231300	0.392412	254.601234	1981.171015	0.000000
-78.340000	19.490000	-154.564896	17.481300	0.418596	254.680928	1979.443446	0.000000
-78.340000	19.490000	-154.564896	17.731300	0.358323	254.760904	1977.715877	0.000000
-78.340000	19.490000	-154.564896	17.981300	0.297928	254.841276	1975.988308	0.000000
-78.340000	19.490000	-154.564896	18.231300	0.237529	254.921926	1974.260739	0.000000
-78.340000	19.490000	-154.564896	18.481300	0.177010	255.002969	1972.533170	0.000000
-78.340000	19.490000	-154.564896	18.731300	0.116489	255.084289	1970.805601	0.000000
-78.340000	19.490000	-154.564896	18.981300	0.055850	255.166000	1969.078032	0.000000
-78.340000	19.490000	-154.564896	19.231300	-0.004789	255.247985	1967.350463	0.000000
-78.340000	19.490000	-154.564896	19.481300	-0.065545	255.330359	1965.622894	0.000000
-78.340000	19.490000	-154.564896	19.731300	-0.123554	255.413004	1963.895325	0.000000
-78.340000	19.490000	-154.564896	19.981300	-0.043500	255.496035	1962.167756	0.000000
-78.340000	19.490000	-154.564896	20.231300	0.263023	255.579335	1960.440187	1.000000
-78.340000	19.490000	-154.564896	20.481300	0.832227	255.663019	1958.770056	1.000000
-78.340000	19.490000	-154.564896	20.731300	1.163827	255.746969	1957.167887	1.000000
-78.340000	19.490000	-154.564896	20.981300	0.733271	255.831301	1955.565718	1.000000
-78.340000	19.490000	-154.564896	21.231300	-0.334862	255.915895	1953.838083	1.000000
-78.340000	19.490000	-154.564896	21.481300	-0.145323	256.000870	1952.001747	1.000000
-78.340000	19.490000	-154.564896	21.731300	0.750987	256.086103	1950.422228	1.000000
-78.340000	19.490000	-154.564896	21.981300	0.834288	256.171715	1948.907221	1.000000
-78.340000	19.490000	-154.564896	22.231300	0.770651	256.257582	1947.392214	0.000000
-78.340000	19.490000	-154.564896	22.481300	0.706881	256.343825	1945.877207	0.000000
-78.340000	19.490000	-154.564896	22.731300	0.643101	256.430320	1944.362200	0.000000
-78.340000	19.490000	-154.564896	22.981300	0.579189	256.517189	1942.847192	0.000000
-78.340000	19.490000	-154.564896	23.231300	0.515270	256.604307	1941.332185	0.000000
-78.340000	19.490000	-154.564896	23.481300	0.451222	256.691796	1939.817178	0.000000
-78.340000	19.490000	-154.564896	23.731300	0.387168	256.779530	1938.302171	0.000000
-78.340000	19.490000	-154.564896	23.981300	0.322988	256.867633	1936.787164	0.000000
-78.340000	19.490000	-154.564896	24.231300	0.258804	256.955979	1935.272157	0.000000
-78.340000	19.490000	-154.564896	24.481300	0.194496	257.044690	1933.757150	0.000000
-78.340000	19.490000	-154.564896	24.731300	0.130188	257.133640	1932.242142	0.000000
-78.340000	19.490000	-154.564896	24.981300	-1.967714	257.222953	1930.727135	0.000000
-78.340000	19.490000	-154.314896	15.231300	-0.539650	254.020577	1989.960192	1.000000
-78.340000	19.490000	-154.314896	15.481300	-0.598934	254.098568	1988.080993	1.000000
-78.340000	19.490000	-154.314896	15.731300	-0.658298	254.176938	1986.201794	0.000000
-78.340000	19.490000	-154.314896	15.981300	-0.717676	254.255624	1984.322596	0.000000
-78.340000	19.490000	-154.314896	16.231300	-0.777132	254.334687	1982.443397	0.000000
-78.340000	19.490000	-154.314896	16.481300	-0.836601	254.414065	1980.564198	0.000000
-78.340000	19.490000	-154.314896	16.731300	-0.896145	254.493817	1978.684999	0.000000
-78.340000	19.490000	-154.314896	16.981300	-0.741780	254.573881	1976.805801	0.000000
-78.340000	19.490000	-154.314896	17.231300	-0.017258	254.654318	1974.978405	0.000000
-78.340000	19.490000	-154.314896	17.481300	0.364460	254.735065	1973.250836	0.000000
-78.340000	19.490000	-154.314896	17.731300	0.303046	254.816181	1971.523267	0.000000
-78.340000	19.490000	-154.314896	17.981300	0.241598	254.897606	1969.795698	0.000000
-78.340000	19.490000	-154.314896	18.231300	0.180057	254.979398	1968.068129	0.000000
-78.340000	19.490000	-154.314896	18.481300	0.118484	255.061496	1966.340560	0.000000
-78.340000	19.490000	-154.314896	18.731300	0.056820	255.143958	1964.612991	0.000000
-78.340000	19.490000	-154.314896	18.981300	-0.004874	255.226725	1962.885422	0.000000
-78.340000	19.490000	-154.314896	19.231300	-0.066657	255.309852	1961.157853	0.000000
-78.340000	19.490000	-154.314896	19.481300	-0.128469	255.393283	1959.430284	0.000000
-78.340000	19.490000	-154.314896	19.731300	-0.190366	255.477071	1957.702715	0.000000
-78.340000	19.490000	-154.314896	19.981300	-0.252292	255.561160	1955.975146	0.000000
-78.340000	19.490000	-154.314896	20.231300	-0.314300	255.645603	1954.247577	1.000000
-78.340000	19.490000	-154.314896	20.481300	-0.311614	255.730345	1952.520008	1.000000
-78.340000	19.490000	-154.314896	20.731300	-0.234647	255.815440	1950.792439	1.000000
-78.340000	19.490000	-154.314896	20.981300	-0.000815	255.900830	1949.064870	1.000000
-78.340000	19.490000	-154.314896	21.231300	0.571052	255.986569	1947.377657	1.000000
-78.340000	19.490000	-154.314896	21.481300	0.889455	256.072601	1945.849142	1.000000
-78.340000	19.490000	-154.314896	21.731300	0.825035	256.158980	1944.334135	1.000000
-78.340000	19.490000	-154.314896	21.981300	0.760352	256.245650	1942.819128	1.000000
-78.340000	19.490000	-154.314896	22.231300	0.695570	256.332663	1941.304121	0.000000
-78.340000	19.490000	-154.314896	22.481300	0.630742	256.419964	1939.789113	0.000000
-78.340000	19.490000	-154.314896	22.731300	0.565816	256.507605	1938.274106	0.000000
-78.340000	19.490000	-154.314896	22.981300	0.500847	256.595531	1936.759099	0.000000
-78.340000	19.490000	-154.314896	23.231300	0.435782	256.683795	1935.244092	0.000000
-78.340000	19.490000	-154.314896	23.481300	0.370676	256.772341	1933.729085	0.000000
-78.340000	19.490000	-154.314896	23.731300	0.305478	256.861221	1932.214078	0.000000
-78.340000	19.490000	-154.314896	23.981300	0.240239	256.950382	1930.699071	0.000000
-78.340000	19.490000	-154.314896	24.231300	0.174912	257.039872	1929.184063	0.000000
-78.340000	19.490000	-154.314896	24.481300	0.109547	257.129640	1927.669056	0.000000
-78.340000	19.490000	-154.314896	24.731300	0.044095	257.219734	1926.154049	0.000000
-78.340000	19.490000	-154.314896	24.981300	-1.206370	257.310103	1924.639042	0.000000
-78.340000	19.490000	-154.064896	15.231300	-0.583660	254.064587	1983.846445	1.000000
-78.340000	19.490000	-154.064896	15.481300	-0.644082	254.143716	1981.967246	1.000000
-78.340000	19.490000	-154.064896	15.731300	-0.704497	254.223137	1980.088047	0.000000
-78.340000	19.490000	-154.064896	15.981300	-0.765015	254.302962	1978.208849	0.000000
-78.340000	19.490000	-154.064896	16.231300	-0.825523	254.383078	1976.329650	0.000000
-78.340000	19.490000	-154.064896	16.481300	-0.886133	254.463597	1974.450451	0.000000
-78.340000	19.490000	-154.064896	16.731300	-0.946731	254.544403	1972.571252	0.000000
-78.340000	19.490000	-154.064896	16.981300	-1.007430	254.625610	1970.692054	0.000000
-78.340000	19.490000	-154.064896	17.231300	-0.489989	254.707101	1968.812855	0.000000
-78.340000	19.490000	-154.064896	17.481300	0.199081	254.788992	1967.058225	0.000000
-78.340000	19.490000	-154.064896	17.731300	0.248062	254.871165	1965.330656	0.000000
-78.340000	19.490000	-154.064896	17.981300	0.185470	254.953734	1963.603087	0.000000
-78.340000	19.490000	-154.064896	18.231300	0.122872	255.036583	1961.875518	0.000000
-78.340000	19.490000	-154.064896	18.481300	0.060152	255.119827	1960.147949	0.000000
-78.340000	19.490000	-154.064896	18.731300	-0.002569	255.203348	1958.420380	0.000000
-78.340000	19.490000	-154.064896	18.981300	-0.065411	255.287261	1956.692811	0.000000
-78.340000	19.490000	-154.064896	19.231300	-0.128253	255.371448	1954.965242	0.000000
-78.340000	19.490000	-154.064896	19.481300	-0.191212	255.456026	1953.237673	0.000000
-78.340000	19.490000	-154.064896	19.731300	-0.254170	255.540874	1951.510104	0.000000
-78.340000	19.490000	-154.064896	19.981300	-0.317243	255.626111	1949.782535	0.000000
-78.340000	19.490000	-154.064896	20.231300	-0.380312	255.711616	1948.054966	1.000000
-78.340000	19.490000	-154.064896	20.481300	-0.443496	255.797507	1946.327397	1.000000
-78.340000	19.490000	-154.064896	20.731300	-0.506672	255.883662	1944.599828	1.000000
-78.340000	19.490000	-154.064896	20.981300	-0.046379	255.970201	1942.872259	1.000000
-78.340000	19.490000	-154.064896	21.231300	0.547719	256.057002	1941.297200	1.000000
-78.340000	19.490000	-154.064896	21.481300	0.686073	256.144184	1939.771489	1.000000
-78.340000	19.490000	-154.064896	21.731300	0.676262	256.231624	1938.246042	1.000000
-78.340000	19.490000	-154.064896	21.981300	0.664977	256.319444	1936.731034	1.000000
-78.340000	19.490000	-154.064896	22.231300	0.610211	256.407518	1935.216027	0.000000
-78.340000	19.490000	-154.064896	22.481300	0.554736	256.495969	1933.701020	0.000000
-78.340000	19.490000	-154.064896	22.731300	0.488749	256.584672	1932.186013	0.000000
-78.340000	19.490000	-154.064896	22.981300	0.422630	256.673749	1930.671006	0.000000
-78.340000	19.490000	-154.064896	23.231300	0.356504	256.763073	1929.155999	0.000000
-78.340000	19.490000	-154.064896	23.481300	0.290248	256.852769	1927.640992	0.000000
-78.340000	19.490000	-154.064896	23.731300	0.223988	256.942711	1926.125984	0.000000
-78.340000	19.490000	-154.064896	23.981300	0.157601	257.033020	1924.610977	0.000000
-78.340000	19.490000	-154.064896	24.231300	0.091213	257.123571	1923.095970	0.000000
-78.340000	19.490000	-154.064896	24.481300	0.024699	257.214487	1921.580963	0.000000
-78.340000	19.490000	-154.064896	24.731300	-0.041813	257.305642	1920.065956	0.000000
-78.340000	19.490000	-154.064896	24.981300	-0.480623	257.397159	1918.550949	0.000000
-78.340000	19.490000	-153.814896	15.481300	-0.688998	254.188631	1975.853499	1.000000
-78.340000	19.490000	-153.814896	15.731300	-0.750554	254.269194	1973.974300	0.000000
-78.340000	19.490000	-153.814896	15.981300	-0.812127	254.350075	1972.095102	0.000000
-78.340000	19.490000	-153.814896	16.231300	-0.873779	254.431334	1970.215903	0.000000
-78.340000	19.490000	-153.814896	16.481300	-0.935446	254.512910	1968.336704	0.000000
-78.340000	19.490000	-153.814896	16.731300	-0.997189	254.594861	1966.457505	0.000000
-78.340000	19.490000	-153.814896	16.981300	-1.058946	254.677126	1964.578307	0.000000
-78.340000	19.490000	-153.814896	17.231300	-0.932272	254.759764	1962.699108	0.000000
-78.340000	19.490000	-153.814896	17.481300	-0.218005	254.842714	1960.865615	0.000000
-78.340000	19.490000	-153.814896	17.731300	0.193192	254.926035	1959.138046	0.000000
-78.340000	19.490000	-153.814896	17.981300	0.129539	255.009665	1957.410477	0.000000
-78.340000	19.490000	-153.814896	18.231300	0.065792	255.093663	1955.682908	0.000000
-78.340000	19.490000	-153.814896	18.481300	0.002011	255.177968	1953.955339	0.000000
-78.340000	19.490000	-153.814896	18.731300	-0.061861	255.262639	1952.227770	0.000000
-78.340000	19.490000	-153.814896	18.981300	-0.125764	255.347615	1950.500201	0.000000
-78.340000	19.490000	-153.814896	19.231300	-0.189757	255.432953	1948.772632	0.000000
-78.340000	19.490000	-153.814896	19.481300	-0.253780	255.518594	1947.045063	0.000000
-78.340000	19.490000	-153.814896	19.731300	-0.317889	255.604594	1945.317494	0.000000
-78.340000	19.490000	-153.814896	19.981300	-0.382027	255.690895	1943.589925	0.000000
-78.340000	19.490000	-153.814896	20.231300	-0.446248	255.777552	1941.862356	0.000000
-78.340000	19.490000	-153.814896	20.481300	-0.510496	255.864507	1940.134787	1.000000
-78.340000	19.490000	-153.814896	20.731300	-0.245561	255.951815	1938.407218	1.000000
-78.340000	19.490000	-153.814896	20.981300	0.298003	256.039419	1936.766685	1.000000
-78.340000	19.490000	-153.814896	21.231300	0.657562	256.127373	1935.240974	1.000000
-78.340000	19.490000	-153.814896	21.481300	0.591054	256.215621	1933.715263	1.000000
-78.340000	19.490000	-153.814896	21.731300	0.524721	256.304215	1932.189552	1.000000
-78.340000	19.490000	-153.814896	21.981300	0.469273	256.393100	1930.663841	1.000000
-78.340000	19.490000	-153.814896	22.231300	0.415779	256.482328	1929.138130	0.000000
-78.340000	19.490000	-153.814896	22.481300	0.404359	256.571845	1927.612927	0.000000
-78.340000	19.490000	-153.814896	22.731300	0.390494	256.661701	1926.097920	0.000000
-78.340000	19.490000	-153.814896	22.981300	0.334334	256.751843	1924.582912	0.000000
-78.340000	19.490000	-153.814896	23.231300	0.277256	256.842321	1923.067905	0.000000
-78.340000	19.490000	-153.814896	23.481300	0.209935	256.933083	1921.552898	0.000000
-78.340000	19.490000	-153.814896	23.731300	0.142522	257.024177	1920.037891	0.000000
-78.340000	19.490000	-153.814896	23.981300	0.075070	257.115551	1918.522884	0.000000
-78.340000	19.490000	-153.814896	24.231300	0.007529	257.207255	1917.007877	0.000000
-78.340000	19.490000	-153.814896	24.481300	-0.060050	257.299236	1915.492870	0.000000
-78.340000	19.490000	-153.814896	24.731300	-0.127714	257.391542	1913.977862	0.000000
-78.340000	19.490000	-153.814896	24.981300	-0.195413	257.484124	1912.462855	0.000000
-78.340000	19.490000	-153.564896	15.731300	-0.796290	254.314930	1967.860553	0.000000
-78.340000	19.490000	-153.564896	15.981300	-0.859010	254.396957	1965.981355	0.000000
-78.340000	19.490000	-153.564896	16.231300	-0.921721	254.479276	1964.102156	0.000000
-78.340000	19.490000	-153.564896	16.481300	-0.984536	254.562000	1962.222957	0.000000
-78.340000	19.490000	-153.564896	16.731300	-1.047340	254.645012	1960.343758	0.000000
-78.340000	19.490000	-153.564896	16.981300	-1.110247	254.728427	1958.464560	0.000000
-78.340000	19.490000	-153.564896	17.231300	-1.173140	254.812127	1956.585361	0.000000
-78.340000	19.490000	-153.564896	17.481300	-0.691260	254.896228	1954.706162	0.000000
-78.340000	19.490000	-153.564896	17.731300	0.002230	254.980612	1952.945435	0.000000
-78.340000	19.490000	-153.564896	17.981300	0.073809	255.065395	1951.217866	0.000000
-78.340000	19.490000	-153.564896	18.231300	0.008997	255.150458	1949.490297	0.000000
-78.340000	19.490000	-153.564896	18.481300	-0.055937	255.235917	1947.762728	0.000000
-78.340000	19.490000	-153.564896	18.731300	-0.120874	255.321653	1946.035159	0.000000
-78.340000	19.490000	-153.564896	18.981300	-0.185933	255.407783	1944.307590	0.000000
-78.340000	19.490000	-153.564896	19.231300	-0.250992	255.494188	1942.580021	0.000000
-78.340000	19.490000	-153.564896	19.481300	-0.316170	255.580984	1940.852452	0.000000
-78.340000	19.490000	-153.564896	19.731300	-0.381347	255.668051	1939.124883	0.000000
-78.340000	19.490000	-153.564896	19.981300	-0.446641	255.755509	1937.397314	0.000000
-78.340000	19.490000	-153.564896	20.231300	-0.511930	255.843233	1935.669745	0.000000
-78.340000	19.490000	-153.564896	20.481300	-0.489828	255.931345	1933.942176	1.000000
-78.340000	19.490000	-153.564896	20.731300	0.095637	256.019722	1932.236170	1.000000
-78.340000	19.490000	-153.564896	20.981300	0.654960	256.108484	1930.710459	1.000000
-78.340000	19.490000	-153.564896	21.231300	0.587429	256.197507	1929.184748	1.000000
-78.340000	19.490000	-153.564896	21.481300	0.519763	256.286912	1927.659037	1.000000
-78.340000	19.490000	-153.564896	21.731300	0.452085	256.376575	1926.133326	1.000000
-78.340000	19.490000	-153.564896	21.981300	0.384273	256.466618	1924.607615	0.000000
-78.340000	19.490000	-153.564896	22.231300	0.316453	256.556915	1923.081904	0.000000
-78.340000	19.490000	-153.564896	22.481300	0.249031	256.647590	1921.556193	0.000000
-78.340000	19.490000	-153.564896	22.731300	0.192224	256.738515	1920.030482	0.000000
-78.340000	19.490000	-153.564896	22.981300	0.138335	256.829815	1918.504771	0.000000
-78.340000	19.490000	-153.564896	23.231300	0.125339	256.921363	1916.979812	0.000000
-78.340000	19.490000	-153.564896	23.481300	0.108866	257.013282	1915.464805	0.000000
-78.340000	19.490000	-153.564896	23.731300	0.051354	257.105445	1913.949798	0.000000
-78.340000	19.490000	-153.564896	23.981300	-0.007356	257.197977	1912.434791	0.000000
-78.340000	19.490000	-153.564896	24.231300	-0.075965	257.290749	1910.919783	0.000000
-78.340000	19.490000	-153.564896	24.481300	-0.144701	257.383887	1909.404776	0.000000
-78.340000	19.490000	-153.564896	24.731300	-0.213433	257.477261	1907.889769	0.000000
-78.340000	19.490000	-153.564896	24.981300	-0.282288	257.570999	1906.374762	1.000000
-78.340000	19.490000	-153.314896	15.981300	-0.905668	254.443615	1959.867608	0.000000
-78.340000	19.490000	-153.314896	16.231300	-0.969530	254.527085	1957.988409	0.000000
-78.340000	19.490000	-153.314896	16.481300	-1.033409	254.610872	1956.109210	0.000000
-78.340000	19.490000	-153.314896	16.731300	-1.097366	254.695037	1954.230011	0.000000
-78.340000	19.490000	-153.314896	16.981300	-1.161338	254.779517	1952.350813	0.000000
-78.340000	19.490000	-153.314896	17.231300	-1.225385	254.864372	1950.471614	0.000000
-78.340000	19.490000	-153.314896	17.481300	-1.126297	254.949539	1948.592415	0.000000
-78.340000	19.490000	-153.314896	17.731300	-0.422383	255.035079	1946.752824	0.000000
-78.340000	19.490000	-153.314896	17.981300	0.018275	255.120929	1945.025255	0.000000
-78.340000	19.490000	-153.314896	18.231300	-0.047694	255.207149	1943.297686	0.000000
-78.340000	19.490000	-153.314896	18.481300	-0.113697	255.293677	1941.570117	0.000000
-78.340000	19.490000	-153.314896	18.731300	-0.179792	255.380570	1939.842548	0.000000
-78.340000	19.490000	-153.314896	18.981300	-0.245920	255.467771	1938.114979	0.000000
-78.340000	19.490000	-153.314896	19.231300	-0.312138	255.555334	1936.387410	0.000000
-78.340000	19.490000	-153.314896	19.481300	-0.378387	255.643201	1934.659841	0.000000
-78.340000	19.490000	-153.314896	19.731300	-0.444723	255.731428	1932.932272	0.000000
-78.340000	19.490000	-153.314896	19.981300	-0.511089	255.819957	1931.204703	0.000000
-78.340000	19.490000	-153.314896	20.231300	-0.577538	255.908842	1929.477134	0.000000
-78.340000	19.490000	-153.314896	20.481300	-0.102581	255.998026	1927.749565	0.000000
-78.340000	19.490000	-153.314896	20.731300	0.470728	256.087564	1926.179944	1.000000
-78.340000	19.490000	-153.314896	20.981300	0.586046	256.177398	1924.654233	1.000000
-78.340000	19.490000	-153.314896	21.231300	0.517354	256.267582	1923.128522	1.000000
-78.340000	19.490000	-153.314896	21.481300	0.448614	256.358060	1921.602811	1.000000
-78.340000	19.490000	-153.314896	21.731300	0.379775	256.448885	1920.077100	0.000000
-78.340000	19.490000	-153.314896	21.981300	0.310890	256.540001	1918.551389	0.000000
-78.340000	19.490000	-153.314896	22.231300	0.241908	256.631460	1917.025678	0.000000
-78.340000	19.490000	-153.314896	22.481300	0.172882	256.723208	1915.499967	0.000000
-78.340000	19.490000	-153.314896	22.731300	0.103762	256.815295	1913.974256	0.000000
-78.340000	19.490000	-153.314896	22.981300	0.034601	256.907669	1912.448545	0.000000
-78.340000	19.490000	-153.314896	23.231300	-0.033870	257.000378	1910.922834	0.000000
-78.340000	19.490000	-153.314896	23.481300	-0.092066	257.093370	1909.397123	0.000000
-78.340000	19.490000	-153.314896	23.731300	-0.146318	257.186695	1907.871412	0.000000
-78.340000	19.490000	-153.314896	23.981300	-0.160927	257.280299	1906.346697	0.000000
-78.340000	19.490000	-153.314896	24.231300	-0.179961	257.374232	1904.831690	0.000000
-78.340000	19.490000	-153.314896	24.481300	-0.238856	257.468442	1903.316683	0.000000
-78.340000	19.490000	-153.314896	24.731300	-0.299149	257.562977	1901.801676	1.000000
-78.340000	19.490000	-153.314896	24.981300	-0.369076	257.657786	1900.286669	1.000000
-78.340000	19.490000	-153.314896	25.231300	-1.037097	257.752916	1898.771662	1.000000
-78.340000	19.490000	-153.064896	16.481300	-1.082060	254.659524	1949.995463	0.000000
-78.340000	19.490000	-153.064896	16.731300	-1.147085	254.744756	1948.116264	0.000000
-78.340000	19.490000	-153.064896	16.981300	-1.212214	254.830394	1946.237065	0.000000
-78.340000	19.490000	-153.064896	17.231300	-1.277331	254.916317	1944.357867	0.000000
-78.340000	19.490000	-153.064896	17.481300	-1.342551	255.002644	1942.478668	0.000000
-78.340000	19.490000	-153.064896	17.731300	-0.896085	255.089254	1940.599469	0.000000
-78.340000	19.490000	-153.064896	17.981300	-0.198309	255.176265	1938.832645	0.000000
-78.340000	19.490000	-153.064896	18.231300	-0.104101	255.263556	1937.105076	0.000000
-78.340000	19.490000	-153.064896	18.481300	-0.171266	255.351245	1935.377507	0.000000
-78.340000	19.490000	-153.064896	18.731300	-0.238434	255.439212	1933.649938	0.000000
-78.340000	19.490000	-153.064896	18.981300	-0.305725	255.527575	1931.922369	0.000000
-78.340000	19.490000	-153.064896	19.231300	-0.373016	255.616212	1930.194800	0.000000
-78.340000	19.490000	-153.064896	19.481300	-0.440429	255.705243	1928.467231	0.000000
-78.340000	19.490000	-153.064896	19.731300	-0.507840	255.794545	1926.739662	0.000000
-78.340000	19.490000	-153.064896	19.981300	-0.575369	255.884237	1925.012093	0.000000
-78.340000	19.490000	-153.064896	20.231300	-0.296534	255.974198	1923.284524	0.000000
-78.340000	19.490000	-153.064896	20.481300	0.246136	256.064547	1921.649428	0.000000
-78.340000	19.490000	-153.064896	20.731300	0.587037	256.155161	1920.123717	0.000000
-78.340000	19.490000	-153.064896	20.981300	0.517283	256.246161	1918.598006	0.000000
-78.340000	19.490000	-153.064896	21.231300	0.447514	256.337421	1917.072295	0.000000
-78.340000	19.490000	-153.064896	21.481300	0.377609	256.429065	1915.546584	0.000000
-78.340000	19.490000	-153.064896	21.731300	0.307693	256.520967	1914.020873	0.000000
-78.340000	19.490000	-153.064896	21.981300	0.237642	256.613249	1912.495163	0.000000
-78.340000	19.490000	-153.064896	22.231300	0.167582	256.705786	1910.969452	0.000000
-78.340000	19.490000	-153.064896	22.481300	0.097391	256.798700	1909.443741	0.000000
-78.340000	19.490000	-153.064896	22.731300	0.027193	256.891864	1907.918030	0.000000
-78.340000	19.490000	-153.064896	22.981300	-0.043134	256.985404	1906.392319	0.000000
-78.340000	19.490000	-153.064896	23.231300	-0.113463	257.079190	1904.866608	0.000000
-78.340000	19.490000	-153.064896	23.481300	-0.183921	257.173348	1903.340897	0.000000
-78.340000	19.490000	-153.064896	23.731300	-0.254377	257.267749	1901.815186	0.000000
-78.340000	19.490000	-153.064896	23.981300	-0.323929	257.362520	1900.289475	0.000000
-78.340000	19.490000	-153.064896	24.231300	-0.383471	257.457529	1898.763764	0.000000
-78.340000	19.490000	-153.064896	24.481300	-0.438127	257.552904	1897.238053	0.000000
-78.340000	19.490000	-153.064896	24.731300	-0.454311	257.648515	1895.713583	1.000000
-78.340000	19.490000	-153.064896	24.981300	-0.475932	257.744489	1894.198575	1.000000
-78.340000	19.490000	-153.064896	25.231300	-0.536163	257.840693	1892.683568	1.000000
-78.340000	19.490000	-153.064896	25.481300	-0.748701	257.937258	1891.168561	1.000000
-78.340000	19.490000	-152.814896	16.731300	-1.196680	254.794351	1942.002517	0.000000
-78.340000	19.490000	-152.814896	16.981300	-1.262882	254.881061	1940.123318	0.000000
-78.340000	19.490000	-152.814896	17.231300	-1.329160	254.968147	1938.244120	0.000000
-78.340000	19.490000	-152.814896	17.481300	-1.395454	255.055547	1936.364921	0.000000
-78.340000	19.490000	-152.814896	17.731300	-1.323967	255.143321	1934.485722	0.000000
-78.340000	19.490000	-152.814896	17.981300	-0.630385	255.231406	1932.640034	0.000000
-78.340000	19.490000	-152.814896	18.231300	-0.160407	255.319862	1930.912465	0.000000
-78.340000	19.490000	-152.814896	18.481300	-0.228648	255.408628	1929.184896	0.000000
-78.340000	19.490000	-152.814896	18.731300	-0.296982	255.497761	1927.457327	0.000000
-78.340000	19.490000	-152.814896	18.981300	-0.365350	255.587201	1925.729758	0.000000
-78.340000	19.490000	-152.814896	19.231300	-0.433809	255.677005	1924.002189	0.000000
-78.340000	19.490000	-152.814896	19.481300	-0.502300	255.767114	1922.274620	0.000000
-78.340000	19.490000	-152.814896	19.731300	-0.570879	255.857583	1920.547051	0.000000
-78.340000	19.490000	-152.814896	19.981300	-0.529595	255.948355	1918.819482	0.000000
-78.340000	19.490000	-152.814896	20.231300	0.048883	256.039484	1917.118913	0.000000
-78.340000	19.490000	-152.814896	20.481300	0.590286	256.130913	1915.593202	0.000000
-78.340000	19.490000	-152.814896	20.731300	0.519502	256.222696	1914.067491	0.000000
-78.340000	19.490000	-152.814896	20.981300	0.448667	256.314776	1912.541780	0.000000
-78.340000	19.490000	-152.814896	21.231300	0.377729	256.407207	1911.016069	0.000000
-78.340000	19.490000	-152.814896	21.481300	0.306743	256.499931	1909.490358	0.000000
-78.340000	19.490000	-152.814896	21.731300	0.235657	256.593003	1907.964647	0.000000
-78.340000	19.490000	-152.814896	21.981300	0.164525	256.686366	1906.438936	0.000000
-78.340000	19.490000	-152.814896	22.231300	0.093295	256.780073	1904.913225	0.000000
-78.340000	19.490000	-152.814896	22.481300	0.022022	256.874068	1903.387514	0.000000
-78.340000	19.490000	-152.814896	22.731300	-0.049345	256.968403	1901.861803	0.000000
-78.340000	19.490000	-152.814896	22.981300	-0.120753	257.063023	1900.336092	0.000000
-78.340000	19.490000	-152.814896	23.231300	-0.192253	257.157980	1898.810381	0.000000
-78.340000	19.490000	-152.814896	23.481300	-0.263791	257.253219	1897.284670	0.000000
-78.340000	19.490000	-152.814896	23.731300	-0.335418	257.348790	1895.758959	0.000000
-78.340000	19.490000	-152.814896	23.981300	-0.407080	257.444641	1894.233248	0.000000
-78.340000	19.490000	-152.814896	24.231300	-0.478828	257.540820	1892.707538	0.000000
-78.340000	19.490000	-152.814896	24.481300	-0.550609	257.637275	1891.181827	0.000000
-78.340000	19.490000	-152.814896	24.731300	-0.621196	257.734055	1889.656116	1.000000
-78.340000	19.490000	-152.564896	17.231300	-1.380692	255.019678	1932.130373	0.000000
-78.340000	19.490000	-152.564896	17.481300	-1.448152	255.108245	1930.251174	0.000000
-78.340000	19.490000	-152.564896	17.731300	-1.515598	255.197097	1928.371975	0.000000
-78.340000	19.490000	-152.564896	17.981300	-1.104635	255.286351	1926.492776	0.000000
-78.340000	19.490000	-152.564896	18.231300	-0.402473	255.375886	1924.719855	0.000000
-78.340000	19.490000	-152.564896	18.481300	-0.285842	255.465821	1922.992286	0.000000
-78.340000	19.490000	-152.564896	18.731300	-0.355256	255.556035	1921.264717	0.000000
-78.340000	19.490000	-152.564896	18.981300	-0.424795	255.646645	1919.537148	0.000000
-78.340000	19.490000	-152.564896	19.231300	-0.494335	255.737531	1917.809579	0.000000
-78.340000	19.490000	-152.564896	19.481300	-0.563998	255.828812	1916.082010	0.000000
-78.340000	19.490000	-152.564896	19.731300	-0.633659	255.920364	1914.354441	0.000000
-78.340000	19.490000	-152.564896	19.981300	-0.144081	256.012308	1912.626872	0.000000
-78.340000	19.490000	-152.564896	20.231300	0.434309	256.104520	1911.062687	0.000000
-78.340000	19.490000	-152.564896	20.481300	0.524077	256.197123	1909.536976	0.000000
-78.340000	19.490000	-152.564896	20.731300	0.452208	256.289989	1908.011265	0.000000
-78.340000	19.490000	-152.564896	20.981300	0.380200	256.383243	1906.485554	0.000000
-78.340000	19.490000	-152.564896	21.231300	0.308178	256.476758	1904.959843	0.000000
-78.340000	19.490000	-152.564896	21.481300	0.236017	256.570657	1903.434132	0.000000
-78.340000	19.490000	-152.564896	21.731300	0.163846	256.664814	1901.908421	0.000000
-78.340000	19.490000	-152.564896	21.981300	0.091539	256.759352	1900.382710	0.000000
-78.340000	19.490000	-152.564896	22.231300	0.019225	256.854143	1898.856999	0.000000
-78.340000	19.490000	-152.564896	22.481300	-0.053223	256.949313	1897.331288	0.000000
-78.340000	19.490000	-152.564896	22.731300	-0.125675	257.044733	1895.805577	0.000000
-78.340000	19.490000	-152.564896	22.981300	-0.198258	257.140528	1894.279866	0.000000
-78.340000	19.490000	-152.564896	23.231300	-0.270843	257.236570	1892.754155	0.000000
-78.340000	19.490000	-152.564896	23.481300	-0.343556	257.332983	1891.228444	0.000000
-78.340000	19.490000	-152.564896	23.731300	-0.416267	257.429639	1889.702733	0.000000
-78.340000	19.490000	-152.314896	17.481300	-1.500651	255.160744	1924.137427	0.000000
-78.340000	19.490000	-152.314896	17.731300	-1.569268	255.250767	1922.258228	0.000000
-78.340000	19.490000	-152.314896	17.981300	-1.525276	255.341103	1920.379029	0.000000
-78.340000	19.490000	-152.314896	18.231300	-0.842125	255.431812	1918.527244	0.000000
-78.340000	19.490000	-152.314896	18.481300	-0.342851	255.522831	1916.799675	0.000000
-78.340000	19.490000	-152.314896	18.731300	-0.413439	255.614218	1915.072106	0.000000
-78.340000	19.490000	-152.314896	18.981300	-0.484063	255.705914	1913.344537	0.000000
-78.340000	19.490000	-152.314896	19.231300	-0.554779	255.797974	1911.616968	0.000000
-78.340000	19.490000	-152.314896	19.481300	-0.625527	255.890341	1909.889399	0.000000
-78.340000	19.490000	-152.314896	19.731300	-0.332825	255.983069	1908.161830	0.000000
-78.340000	19.490000	-152.314896	19.981300	0.208978	256.076100	1906.532172	0.000000
-78.340000	19.490000	-152.314896	20.231300	0.530959	256.169490	1905.006461	0.000000
-78.340000	19.490000	-152.314896	20.481300	0.458020	256.263180	1903.480750	0.000000
-78.340000	19.490000	-152.314896	20.731300	0.384974	256.357224	1901.955039	0.000000
-78.340000	19.490000	-152.314896	20.981300	0.311877	256.451566	1900.429328	0.000000
-78.340000	19.490000	-152.314896	21.231300	0.238676	256.546259	1898.903617	0.000000
-78.340000	19.490000	-152.314896	21.481300	0.165428	256.641247	1897.377906	0.000000
-78.340000	19.490000	-152.314896	21.731300	0.092078	256.736582	1895.852195	0.000000
-78.340000	19.490000	-152.314896	21.981300	0.018682	256.832209	1894.326484	0.000000
-78.340000	19.490000	-152.314896	22.231300	-0.054811	256.928179	1892.800773	0.000000
-78.340000	19.490000	-152.314896	22.481300	-0.128348	257.024438	1891.275062	0.000000
-78.340000	19.490000	-152.314896	22.731300	-0.201979	257.121037	1889.749351	0.000000
-78.340000	19.490000	-152.314896	22.981300	-0.275652	257.217921	1888.223640	0.000000
-78.340000	19.490000	-152.064896	17.731300	-1.622648	255.304148	1916.144481	0.000000
-78.340000	19.490000	-152.064896	17.981300	-1.692457	255.395661	1914.265282	0.000000
-78.340000	19.490000	-152.064896	18.231300	-1.316846	255.487456	1912.386084	0.000000
-78.340000	19.490000	-152.064896	18.481300	-0.610437	255.579652	1910.607064	0.000000
-78.340000	19.490000	-152.064896	18.731300	-0.471350	255.672128	1908.879495	0.000000
-78.340000	19.490000	-152.064896	18.981300	-0.543152	255.765003	1907.151926	0.000000
-78.340000	19.490000	-152.064896	19.231300	-0.614957	255.858153	1905.424357	0.000000
-78.340000	19.490000	-152.064896	19.481300	-0.554489	255.951700	1903.696788	0.000000
-78.340000	19.490000	-152.064896	19.731300	0.017004	256.045518	1902.001657	0.000000
-78.340000	19.490000	-152.064896	19.981300	0.540215	256.139730	1900.475946	0.000000
-78.340000	19.490000	-152.064896	20.231300	0.466238	256.234211	1898.950235	0.000000
-78.340000	19.490000	-152.064896	20.481300	0.392117	256.329083	1897.424524	0.000000
-78.340000	19.490000	-152.064896	20.731300	0.317979	256.424219	1895.898813	0.000000
-78.340000	19.490000	-152.064896	20.981300	0.243700	256.519743	1894.373102	0.000000
-78.340000	19.490000	-152.064896	21.231300	0.169407	256.615529	1892.847391	0.000000
-78.340000	19.490000	-152.064896	21.481300	0.094975	256.711700	1891.321680	0.000000
-78.340000	19.490000	-152.064896	21.731300	0.020532	256.808127	1889.795969	0.000000
-78.340000	19.490000	-152.064896	21.981300	-0.054047	256.904938	1888.270258	0.000000
-78.340000	19.490000	-151.814896	18.231300	-1.730339	255.543004	1906.272337	0.000000
-78.340000	19.490000	-151.814896	18.481300	-1.057599	255.636292	1904.414454	1.000000
-78.340000	19.490000	-151.814896	18.731300	-0.529172	255.729950	1902.686885	1.000000
-78.340000	19.490000	-151.814896	18.981300	-0.602067	255.823918	1900.959316	1.000000
-78.340000	19.490000	-151.814896	19.231300	-0.675056	255.918251	1899.231747	1.000000
-78.340000	19.490000	-151.814896	19.481300	-0.170726	256.012892	1897.504178	0.000000
-78.340000	19.490000	-151.814896	19.731300	0.412610	256.107895	1895.945431	0.000000
-78.340000	19.490000	-151.814896	19.981300	0.476743	256.203202	1894.419720	0.000000
-78.340000	19.490000	-151.814896	20.231300	0.401580	256.298869	1892.894009	0.000000
-78.340000	19.490000	-151.814896	20.481300	0.326364	256.394836	1891.368298	0.000000
-78.340000	19.490000	-151.814896	20.731300	0.251039	256.491158	1889.842587	0.000000
-78.340000	19.490000	-151.814896	20.981300	0.175664	256.587779	1888.316876	0.000000
-78.340000	19.490000	-151.814896	21.231300	0.100184	256.684752	1886.791165	0.000000
-78.340000	19.490000	-151.564896	18.481300	-1.532895	255.692746	1898.279391	1.000000
-78.340000	19.490000	-151.564896	18.731300	-0.822137	255.787500	1896.494274	1.000000
-78.340000	19.490000	-151.564896	18.981300	-0.660805	255.882656	1894.766705	1.000000
-78.340000	19.490000	-151.564896	19.231300	-0.354092	255.978087	1893.039136	1.000000
-78.340000	19.490000	-151.564896	19.481300	0.186690	256.073916	1891.414915	1.000000
-78.340000	19.490000	-151.564896	19.731300	0.489673	256.170017	1889.889204	0.000000
-78.340000	19.490000	-151.564896	19.981300	0.413431	256.266514	1888.363493	0.000000
-78.340000	19.490000	-151.564896	20.231300	0.337169	256.363280	1886.837782	0.000000
-78.340000	19.490000	-151.314896	18.731300	-1.276922	255.844965	1890.301664	1.000000
-78.340000	19.490000	-151.314896	18.981300	-0.564355	255.941221	1888.574095	1.000000
-78.340000	19.490000	-151.314896	19.231300	-0.000024	256.037845	1886.884400	1.000000
-78.340000	19.490000	-151.064896	18.981300	-0.324418	255.999612	1882.381484	1.000000
