-158.903000	21.298401	2465.441000	0.491756
-161.314896	21.956301	2451.406000	0.116722
-158.933105	24.573799	2542.467000	0.171934
-155.765305	26.776699	2634.395000	-0.388217
-155.772995	19.079000	2448.318000	-0.248454
-155.996994	20.771000	2488.300000	0.330816
-156.658005	20.891001	2482.310000	-0.285616
-159.664993	22.122999	2474.277000	0.018745
-158.903000	21.298401	2465.291000	0.491756
-160.047501	19.823400	2412.282000	0.136017
-161.314896	21.956301	2451.281000	0.116722
-161.095001	23.997200	2504.280000	-1.215136
-158.933105	24.573799	2542.292000	0.171934
-155.765305	26.776699	2634.295000	-0.388217
-152.765793	25.592800	2642.295000	NaN
-156.964600	24.312099	2560.293000	1.641381
-158.185394	22.620199	2504.298000	0.940168
-155.636200	22.299900	2530.291000	1.492476
-154.251801	21.168699	2518.284000	-2.296604
-157.700806	16.348400	2357.295000	NaN
-158.982498	15.574000	2322.281000	NaN
-158.179504	20.377800	2449.280000	0.250187
