-155.996994	20.771000	1994.227000	-78.340000	19.490000
-156.658005	20.891001	2010.218000	-78.340000	19.490000
-159.664993	22.122999	2075.209000	-78.340000	19.490000
-161.314896	21.956301	2116.217000	-78.340000	19.490000
-161.095001	23.997200	2093.217000	-78.340000	19.490000
-152.765793	25.592800	1883.209000	-78.340000	19.490000
-156.964600	24.312099	1993.221000	-78.340000	19.490000
-158.185394	22.620199	2032.210000	-78.340000	19.490000
-154.251801	21.168699	1946.207000	-78.340000	19.490000
-150.914993	18.914200	1879.132000	-78.340000	19.490000
-153.967499	14.731300	1985.223000	-78.340000	19.490000
-156.206604	16.162001	2029.226000	-78.340000	19.490000
-157.700806	16.348400	2065.213000	-78.340000	19.490000
-158.982498	15.574000	2102.206000	-78.340000	19.490000
-158.760193	18.564699	2079.223000	-78.340000	19.490000
-158.179504	20.377800	2050.747000	-78.340000	19.490000
