-155.772995	19.079000	1159.368000	-3.791522
-155.996994	20.771000	1145.348000	-0.823912
-156.658005	20.891001	1163.355000	-2.227093
-159.664993	22.122999	1227.354000	-1.346076
-160.047501	19.823400	1255.326000	-1.081759
-161.314896	21.956301	1268.346000	-0.871181
-158.933105	24.573799	1190.335000	NaN
-155.765305	26.776699	1101.344000	NaN
-152.765793	25.592800	1035.330000	NaN
-158.185394	22.620199	1187.356000	-0.610270
-155.636200	22.299900	1125.518000	-1.685384
-154.251801	21.168699	1102.355000	-4.226568
-149.000900	16.989000	1007.345000	NaN
-153.967499	14.731300	1153.341000	NaN
-157.700806	16.348400	1226.333000	NaN
-158.982498	15.574000	1263.346000	NaN
-158.760193	18.564699	1236.345000	2.838201
-158.179504	20.377800	1205.323000	-1.472131
-152.765793	25.592800	1035.130000	NaN
