-158.933105	24.573799	2199.448000	4.397489
-155.636200	22.299900	2109.386000	-2.992164
-157.859100	14.659600	2166.644000	NaN
-155.996994	20.771000	2121.260000	-3.316336
-156.658005	20.891001	2138.282000	-2.735937
-159.664993	22.122999	2214.265000	1.397569
-160.047501	19.823400	2227.256000	NaN
-161.095001	23.997200	2249.253000	2.570914
-158.933105	24.573799	2199.249000	4.397489
-152.765793	25.592800	2044.006000	NaN
-158.185394	22.620199	2176.264000	1.984272
-155.636200	22.299900	2109.236000	-2.992164
-150.914993	18.914200	1989.291000	NaN
-153.967499	14.731300	2066.251000	NaN
-157.859100	14.659600	2166.244000	NaN
-157.700806	16.348400	2162.158000	NaN
