-155.772995	19.079000	2113.696000	2.081632
-155.996994	20.771000	2120.675000	-0.507075
-156.658005	20.891001	2137.695000	-0.426000
-159.664993	22.122999	2214.683000	-0.789979
-161.314896	21.956301	2256.632000	-1.281762
-161.095001	23.997200	2246.665000	-2.616034
-158.933105	24.573799	2194.865000	-0.041924
-155.765305	26.776699	2118.107000	1.890139
-152.765793	25.592800	2044.673000	NaN
-156.964600	24.312099	2143.635000	0.681898
-158.185394	22.620199	2176.666000	-0.704988
-155.636200	22.299900	2109.802000	-1.683763
-154.251801	21.168699	2074.677000	-0.063774
-150.914993	18.914200	1987.706000	NaN
-153.967499	14.731300	2065.668000	NaN
-156.206604	16.162001	2121.667000	1.411503
-157.859100	14.659600	2166.060000	NaN
-158.982498	15.574000	2193.674000	4.002681
-158.760193	18.564699	2191.668000	3.664282
-158.179504	20.377800	2178.117000	0.455333
-160.047501	19.823400	2225.273000	0.916631
-152.765793	25.592800	2044.423000	NaN
