-157.859100	14.659600	2093.904000	-123.610000	-55.940000
-155.772995	19.079000	2189.526000	-123.610000	-55.940000
-155.996994	20.771000	2237.504000	-123.610000	-55.940000
-159.401001	21.971001	2295.520000	-123.610000	-55.940000
-156.658005	20.891001	2246.526000	-123.610000	-55.940000
-159.664993	22.122999	2301.523000	-123.610000	-55.940000
-158.903000	21.298401	2275.493000	-123.610000	-55.940000
-161.095001	23.997200	2363.499000	-123.610000	-55.940000
-152.765793	25.592800	2344.483000	-123.610000	-55.940000
-158.185394	22.620199	2305.481000	-123.610000	-55.940000
-155.636200	22.299900	2279.486000	-123.610000	-55.940000
-154.251801	21.168699	2235.493000	-123.610000	-55.940000
-157.859100	14.659600	2094.504000	-123.610000	-55.940000
-157.700806	16.348400	2133.490000	-123.610000	-55.940000
-158.982498	15.574000	2123.497000	-123.610000	-55.940000
-158.760193	18.564699	2201.504000	-123.610000	-55.940000
