157.700000	-8.910000	-160.814896	21.409600	4.651725	57.660209	1378.782662	1.000000
157.700000	-8.910000	-160.814896	21.659600	4.124770	57.488349	1381.808055	1.000000
157.700000	-8.910000	-160.814896	21.909600	1.621220	57.317554	1385.047050	1.000000
157.700000	-8.910000	-160.814896	22.159600	-1.650472	57.147985	1389.013220	1.000000
157.700000	-8.910000	-160.814896	22.409600	-2.148493	56.979476	1393.199150	1.000000
157.700000	-8.910000	-160.814896	22.659600	-1.932376	56.812186	1397.385080	1.000000
157.700000	-8.910000	-160.814896	22.909600	-1.716742	56.645950	1401.571010	0.000000
157.700000	-8.910000	-160.814896	23.159600	-1.501744	56.480925	1405.756940	1.000000
157.700000	-8.910000	-160.814896	23.409600	-1.442582	56.316950	1409.942870	1.000000
157.700000	-8.910000	-160.814896	23.659600	-1.051115	56.154175	1414.101651	1.000000
157.700000	-8.910000	-160.564896	20.659600	2.981737	58.372567	1374.542559	0.000000
157.700000	-8.910000	-160.564896	20.909600	3.546222	58.198071	1378.025355	0.000000
157.700000	-8.910000	-160.564896	21.159600	4.496140	58.024740	1381.144071	0.000000
157.700000	-8.910000	-160.564896	21.409600	4.543524	57.852527	1384.169464	1.000000
157.700000	-8.910000	-160.564896	21.659600	3.313976	57.681474	1387.194857	2.000000
157.700000	-8.910000	-160.564896	21.909600	1.058533	57.511533	1390.596266	2.000000
157.700000	-8.910000	-160.564896	22.159600	-1.657485	57.342748	1394.505339	2.000000
157.700000	-8.910000	-160.564896	22.409600	-2.344083	57.175066	1398.691269	2.000000
157.700000	-8.910000	-160.564896	22.659600	-2.128726	57.008536	1402.877199	2.000000
157.700000	-8.910000	-160.564896	22.909600	-1.913894	56.843103	1407.063129	0.000000
157.700000	-8.910000	-160.564896	23.159600	-1.800787	56.678814	1411.249059	1.000000
157.700000	-8.910000	-160.564896	23.409600	-1.406767	56.515616	1415.336403	1.000000
157.700000	-8.910000	-160.564896	23.659600	-1.271014	56.353556	1419.292352	1.000000
157.700000	-8.910000	-160.564896	23.909600	-0.790200	56.192579	1423.248300	1.000000
157.700000	-8.910000	-160.314896	19.909600	2.262972	59.088619	1370.088218	0.000000
157.700000	-8.910000	-160.314896	20.159600	2.478279	58.911652	1373.571013	0.000000
157.700000	-8.910000	-160.314896	20.409600	2.470672	58.735735	1377.053809	0.000000
157.700000	-8.910000	-160.314896	20.659600	3.377736	58.561040	1380.480087	0.000000
157.700000	-8.910000	-160.314896	20.909600	4.131921	58.387392	1383.505480	0.000000
157.700000	-8.910000	-160.314896	21.159600	4.141081	58.214959	1386.530873	0.000000
157.700000	-8.910000	-160.314896	21.409600	4.352481	58.043569	1389.556266	1.000000
157.700000	-8.910000	-160.314896	21.659600	2.750789	57.873388	1392.581659	2.000000
157.700000	-8.910000	-160.314896	21.909600	0.499988	57.704247	1396.145482	2.000000
157.700000	-8.910000	-160.314896	22.159600	-1.662453	57.536307	1399.997458	2.000000
157.700000	-8.910000	-160.314896	22.409600	-2.538419	57.369402	1404.183388	1.000000
157.700000	-8.910000	-160.314896	22.659600	-2.352078	57.203691	1408.369318	1.000000
157.700000	-8.910000	-160.314896	22.909600	-2.155883	57.039011	1412.555248	1.000000
157.700000	-8.910000	-160.314896	23.159600	-1.759377	56.875517	1416.571155	0.000000
157.700000	-8.910000	-160.314896	23.409600	-1.681629	56.713050	1420.527103	1.000000
157.700000	-8.910000	-160.314896	23.659600	-1.469218	56.551760	1424.483052	1.000000
157.700000	-8.910000	-160.314896	23.909600	-1.257253	56.391492	1428.439000	1.000000
157.700000	-8.910000	-160.064896	19.409600	1.647702	59.628669	1369.116672	0.000000
157.700000	-8.910000	-160.064896	19.659600	1.863401	59.450336	1372.599468	0.000000
157.700000	-8.910000	-160.064896	19.909600	2.078476	59.273115	1376.082263	0.000000
157.700000	-8.910000	-160.064896	20.159600	2.290723	59.097038	1379.565059	0.000000
157.700000	-8.910000	-160.064896	20.409600	3.219453	58.922067	1382.841496	0.000000
157.700000	-8.910000	-160.064896	20.659600	3.529214	58.748237	1385.866889	0.000000
157.700000	-8.910000	-160.064896	20.909600	3.741000	58.575507	1388.892282	0.000000
157.700000	-8.910000	-160.064896	21.159600	3.952125	58.403915	1391.917675	0.000000
157.700000	-8.910000	-160.064896	21.409600	3.754258	58.233417	1394.943068	1.000000
157.700000	-8.910000	-160.064896	21.659600	2.326121	58.064053	1398.073886	1.000000
157.700000	-8.910000	-160.064896	21.909600	0.308832	57.895777	1401.694698	1.000000
157.700000	-8.910000	-160.064896	22.159600	-1.665339	57.728630	1405.489577	1.000000
157.700000	-8.910000	-160.064896	22.409600	-2.899157	57.562565	1409.675507	1.000000
157.700000	-8.910000	-160.064896	22.659600	-2.507938	57.397624	1413.849958	1.000000
157.700000	-8.910000	-160.064896	22.909600	-2.147842	57.233759	1417.805906	1.000000
157.700000	-8.910000	-160.064896	23.159600	-2.090137	57.071013	1421.761855	0.000000
157.700000	-8.910000	-160.064896	23.409600	-1.877914	56.909335	1425.717803	0.000000
157.700000	-8.910000	-160.064896	23.659600	-1.666229	56.748771	1429.673752	0.000000
157.700000	-8.910000	-160.064896	23.909600	-1.455029	56.589269	1433.629701	1.000000
157.700000	-8.910000	-160.064896	24.159600	0.542553	56.430875	1437.585649	1.000000
157.700000	-8.910000	-159.814896	18.659600	0.818275	60.348910	1364.662331	0.000000
157.700000	-8.910000	-159.814896	18.909600	1.034973	60.168122	1368.145126	0.000000
157.700000	-8.910000	-159.814896	19.159600	1.250946	59.988544	1371.627922	0.000000
157.700000	-8.910000	-159.814896	19.409600	1.466375	59.809995	1375.110718	0.000000
157.700000	-8.910000	-159.814896	19.659600	1.582889	59.632652	1378.593513	0.000000
157.700000	-8.910000	-159.814896	19.909600	2.120370	59.456337	1382.076309	0.000000
157.700000	-8.910000	-159.814896	20.159600	3.071663	59.281222	1385.202905	0.000000
157.700000	-8.910000	-159.814896	20.409600	3.131738	59.107133	1388.228298	0.000000
157.700000	-8.910000	-159.814896	20.659600	3.343213	58.934238	1391.253691	0.000000
157.700000	-8.910000	-159.814896	20.909600	3.554142	58.762365	1394.279084	1.000000
157.700000	-8.910000	-159.814896	21.159600	3.764359	58.591681	1397.304477	1.000000
157.700000	-8.910000	-159.814896	21.409600	2.942547	58.422016	1400.329870	2.000000
157.700000	-8.910000	-159.814896	21.659600	1.676120	58.253534	1403.623102	2.000000
157.700000	-8.910000	-159.814896	21.909600	0.316518	58.086068	1407.243914	1.000000
157.700000	-8.910000	-159.814896	22.159600	-1.702045	57.919777	1410.981696	1.000000
157.700000	-8.910000	-159.814896	22.409600	-2.846559	57.754498	1415.084709	1.000000
157.700000	-8.910000	-159.814896	22.659600	-2.708882	57.590388	1419.040658	1.000000
157.700000	-8.910000	-159.814896	22.909600	-2.496383	57.427287	1422.996606	1.000000
157.700000	-8.910000	-159.814896	23.159600	-2.284472	57.265347	1426.952555	0.000000
157.700000	-8.910000	-159.814896	23.409600	-2.072990	57.104411	1430.908504	0.000000
157.700000	-8.910000	-159.814896	23.659600	-1.862088	56.944629	1434.864452	0.000000
157.700000	-8.910000	-159.814896	23.909600	-1.651608	56.785847	1438.820401	0.000000
157.700000	-8.910000	-159.814896	24.159600	-0.529657	56.628212	1442.776349	1.000000
157.700000	-8.910000	-159.814896	24.409600	4.211082	56.471572	1446.466525	1.000000
157.700000	-8.910000	-159.564896	17.909600	-0.009549	61.071917	1360.207989	0.000000
157.700000	-8.910000	-159.564896	18.159600	0.207973	60.888850	1363.690785	1.000000
157.700000	-8.910000	-159.564896	18.409600	0.424881	60.706880	1367.173581	1.000000
157.700000	-8.910000	-159.564896	18.659600	0.641151	60.526034	1370.656377	1.000000
157.700000	-8.910000	-159.564896	18.909600	0.856812	60.346283	1374.139172	1.000000
157.700000	-8.910000	-159.564896	19.159600	1.071837	60.167653	1377.621968	1.000000
157.700000	-8.910000	-159.564896	19.409600	1.051715	59.990114	1381.104764	0.000000
157.700000	-8.910000	-159.564896	19.659600	1.959873	59.813694	1384.538921	0.000000
157.700000	-8.910000	-159.564896	19.909600	2.745399	59.638360	1387.564314	0.000000
157.700000	-8.910000	-159.564896	20.159600	2.736625	59.464143	1390.589707	0.000000
157.700000	-8.910000	-159.564896	20.409600	2.947863	59.291008	1393.615100	0.000000
157.700000	-8.910000	-159.564896	20.659600	3.158464	59.118986	1396.640493	1.000000
157.700000	-8.910000	-159.564896	20.909600	3.368466	58.948041	1399.665886	1.000000
157.700000	-8.910000	-159.564896	21.159600	3.577833	58.778207	1402.691279	2.000000
157.700000	-8.910000	-159.564896	21.409600	2.139322	58.609443	1405.716672	2.000000
157.700000	-8.910000	-159.564896	21.659600	0.907691	58.441787	1409.172318	2.000000
157.700000	-8.910000	-159.564896	21.909600	0.584648	58.275196	1412.793129	2.000000
157.700000	-8.910000	-159.564896	22.159600	-0.890557	58.109708	1416.344165	1.000000
157.700000	-8.910000	-159.564896	22.409600	-2.838945	57.945280	1420.279429	1.000000
157.700000	-8.910000	-159.564896	22.659600	-2.750631	57.781951	1424.231358	1.000000
157.700000	-8.910000	-159.564896	22.909600	-2.606111	57.619675	1428.187307	1.000000
157.700000	-8.910000	-159.564896	23.159600	-2.448511	57.458493	1432.143255	0.000000
157.700000	-8.910000	-159.564896	23.409600	-2.266938	57.298359	1436.099204	0.000000
157.700000	-8.910000	-159.564896	23.659600	-2.056772	57.139313	1440.055152	0.000000
157.700000	-8.910000	-159.564896	23.909600	-1.847070	56.981309	1444.011101	1.000000
157.700000	-8.910000	-159.564896	24.159600	-1.583115	56.824389	1447.967050	1.000000
157.700000	-8.910000	-159.564896	24.409600	2.568654	56.668503	1451.906876	1.000000
157.700000	-8.910000	-159.314896	17.409600	-0.617181	61.612095	1359.236444	0.000000
157.700000	-8.910000	-159.314896	17.659600	-0.399511	61.427910	1362.719240	0.000000
157.700000	-8.910000	-159.314896	17.909600	-0.182365	61.244734	1366.202035	1.000000
157.700000	-8.910000	-159.314896	18.159600	0.034076	61.062747	1369.684831	1.000000
157.700000	-8.910000	-159.314896	18.409600	0.249995	60.881767	1373.167627	1.000000
157.700000	-8.910000	-159.314896	18.659600	0.465212	60.701973	1376.650422	1.000000
157.700000	-8.910000	-159.314896	18.909600	0.679909	60.523186	1380.133218	1.000000
157.700000	-8.910000	-159.314896	19.159600	0.879941	60.345580	1383.616014	1.000000
157.700000	-8.910000	-159.314896	19.409600	1.809699	60.168980	1386.900330	1.000000
157.700000	-8.910000	-159.314896	19.659600	2.132435	59.993557	1389.925723	0.000000
157.700000	-8.910000	-159.314896	19.909600	2.344005	59.819137	1392.951116	0.000000
157.700000	-8.910000	-159.314896	20.159600	2.554879	59.645890	1395.976509	0.000000
157.700000	-8.910000	-159.314896	20.409600	2.765228	59.473644	1399.001902	1.000000
157.700000	-8.910000	-159.314896	20.659600	2.974885	59.302565	1402.027295	1.000000
157.700000	-8.910000	-159.314896	20.909600	3.184021	59.132486	1405.052688	1.000000
157.700000	-8.910000	-159.314896	21.159600	3.392472	58.963568	1408.078081	1.000000
157.700000	-8.910000	-159.314896	21.409600	1.707232	58.795647	1411.103474	2.000000
157.700000	-8.910000	-159.314896	21.659600	0.228270	58.628882	1414.721534	2.000000
157.700000	-8.910000	-159.314896	21.909600	0.590973	58.463110	1418.256670	2.000000
157.700000	-8.910000	-159.314896	22.159600	-0.253065	58.298488	1421.748032	2.000000
157.700000	-8.910000	-159.314896	22.409600	-2.311722	58.134856	1425.539392	1.000000
157.700000	-8.910000	-159.314896	22.659600	-2.636214	57.972368	1429.474657	1.000000
157.700000	-8.910000	-159.314896	22.909600	-2.478423	57.810866	1433.409921	1.000000
157.700000	-8.910000	-159.314896	23.159600	-2.353460	57.650502	1437.345186	0.000000
157.700000	-8.910000	-159.314896	23.409600	-2.267130	57.491120	1441.289904	0.000000
157.700000	-8.910000	-159.314896	23.659600	-2.149235	57.332869	1445.245853	1.000000
157.700000	-8.910000	-159.314896	23.909600	-1.993677	57.175596	1449.201801	1.000000
157.700000	-8.910000	-159.314896	24.159600	-1.832932	57.019446	1453.157750	1.000000
157.700000	-8.910000	-159.314896	24.409600	0.867514	56.864271	1457.113698	1.000000
157.700000	-8.910000	-159.314896	24.659600	5.636311	56.710212	1460.367135	1.000000
157.700000	-8.910000	-159.064896	16.659600	-1.660824	62.337576	1354.782103	0.000000
157.700000	-8.910000	-159.064896	16.909600	-1.394820	62.151154	1358.264898	0.000000
157.700000	-8.910000	-159.064896	17.159600	-1.129630	61.965826	1361.747694	0.000000
157.700000	-8.910000	-159.064896	17.409600	-0.865241	61.781577	1365.230490	0.000000
157.700000	-8.910000	-159.064896	17.659600	-0.601668	61.598424	1368.713285	1.000000
157.700000	-8.910000	-159.064896	17.909600	-0.353979	61.416347	1372.196081	1.000000
157.700000	-8.910000	-159.064896	18.159600	-0.138542	61.235365	1375.678877	1.000000
157.700000	-8.910000	-159.064896	18.409600	0.076305	61.055457	1379.161672	1.000000
157.700000	-8.910000	-159.064896	18.659600	0.208028	60.876642	1382.644468	1.000000
157.700000	-8.910000	-159.064896	18.909600	0.717901	60.698898	1386.127264	1.000000
157.700000	-8.910000	-159.064896	19.159600	1.670159	60.522247	1389.261739	1.000000
157.700000	-8.910000	-159.064896	19.409600	1.742655	60.346662	1392.287132	1.000000
157.700000	-8.910000	-159.064896	19.659600	1.950149	60.172169	1395.312525	0.000000
157.700000	-8.910000	-159.064896	19.909600	2.141499	59.998737	1398.337918	1.000000
157.700000	-8.910000	-159.064896	20.159600	2.332245	59.826396	1401.363311	1.000000
157.700000	-8.910000	-159.064896	20.409600	2.522421	59.655112	1404.388704	2.000000
157.700000	-8.910000	-159.064896	20.659600	2.711998	59.484915	1407.414097	2.000000
157.700000	-8.910000	-159.064896	20.909600	2.901011	59.315771	1410.439490	2.000000
157.700000	-8.910000	-159.064896	21.159600	2.469823	59.147712	1413.464883	1.000000
157.700000	-8.910000	-159.064896	21.409600	1.482226	58.980700	1416.649939	2.000000
157.700000	-8.910000	-159.064896	21.659600	0.208785	58.814770	1420.174439	2.000000
157.700000	-8.910000	-159.064896	21.909600	0.435335	58.649883	1423.665801	2.000000
157.700000	-8.910000	-159.064896	22.159600	0.101765	58.486074	1427.157163	3.000000
157.700000	-8.910000	-159.064896	22.409600	-1.982968	58.323302	1430.799356	2.000000
157.700000	-8.910000	-159.064896	22.659600	-2.782969	58.161604	1434.734620	2.000000
157.700000	-8.910000	-159.064896	22.909600	-2.573222	58.000939	1438.669885	2.000000
157.700000	-8.910000	-159.064896	23.159600	-2.363976	57.841343	1442.605149	1.000000
157.700000	-8.910000	-159.064896	23.409600	-2.179228	57.682773	1446.540413	0.000000
157.700000	-8.910000	-159.064896	23.659600	-2.023584	57.525269	1450.475678	1.000000
157.700000	-8.910000	-159.064896	23.909600	-1.876080	57.368785	1454.410942	1.000000
157.700000	-8.910000	-159.064896	24.159600	-1.791724	57.213362	1458.348450	1.000000
157.700000	-8.910000	-159.064896	24.409600	-0.161379	57.058952	1462.304399	1.000000
157.700000	-8.910000	-159.064896	24.659600	4.511600	56.905599	1465.807487	1.000000
157.700000	-8.910000	-158.814896	15.909600	-3.319324	63.064873	1350.150696	1.000000
157.700000	-8.910000	-158.814896	16.159600	-3.179096	62.876391	1353.656557	1.000000
157.700000	-8.910000	-158.814896	16.409600	-2.909939	62.688892	1357.162418	1.000000
157.700000	-8.910000	-158.814896	16.659600	-2.641664	62.502558	1360.668279	0.000000
157.700000	-8.910000	-158.814896	16.909600	-2.374090	62.317207	1364.174140	0.000000
157.700000	-8.910000	-158.814896	17.159600	-2.107398	62.133021	1367.680001	0.000000
157.700000	-8.910000	-158.814896	17.409600	-1.841408	61.949819	1371.185862	0.000000
157.700000	-8.910000	-158.814896	17.659600	-1.550009	61.767779	1374.691723	1.000000
157.700000	-8.910000	-158.814896	17.909600	-1.204385	61.586722	1378.190127	1.000000
157.700000	-8.910000	-158.814896	18.159600	-0.887253	61.406826	1381.672923	1.000000
157.700000	-8.910000	-158.814896	18.409600	-0.565338	61.227912	1385.155718	1.000000
157.700000	-8.910000	-158.814896	18.659600	0.952087	61.050155	1388.597754	1.000000
157.700000	-8.910000	-158.814896	18.909600	1.428673	60.873380	1391.623147	1.000000
157.700000	-8.910000	-158.814896	19.159600	1.038415	60.697760	1394.648540	1.000000
157.700000	-8.910000	-158.814896	19.409600	1.215691	60.523119	1397.673934	1.000000
157.700000	-8.910000	-158.814896	19.659600	1.441025	60.349630	1400.697655	1.000000
157.700000	-8.910000	-158.814896	19.909600	1.659260	60.177119	1403.714297	1.000000
157.700000	-8.910000	-158.814896	20.159600	1.848854	60.005754	1406.730938	1.000000
157.700000	-8.910000	-158.814896	20.409600	2.037963	59.835367	1409.747580	2.000000
157.700000	-8.910000	-158.814896	20.659600	2.226420	59.666121	1412.764221	2.000000
157.700000	-8.910000	-158.814896	20.909600	2.568967	59.497850	1415.780862	2.000000
157.700000	-8.910000	-158.814896	21.159600	2.465905	59.330717	1418.797504	2.000000
157.700000	-8.910000	-158.814896	21.409600	1.420970	59.164555	1422.127583	1.000000
157.700000	-8.910000	-158.814896	21.659600	0.586872	58.999526	1425.583570	2.000000
157.700000	-8.910000	-158.814896	21.909600	0.268450	58.835466	1429.074932	3.000000
157.700000	-8.910000	-158.814896	22.159600	0.451253	58.672533	1432.566294	2.000000
157.700000	-8.910000	-158.814896	22.409600	-1.282595	58.510567	1436.059319	2.000000
157.700000	-8.910000	-158.814896	22.659600	-2.971085	58.349721	1439.994584	2.000000
157.700000	-8.910000	-158.814896	22.909600	-2.762121	58.189838	1443.929848	1.000000
157.700000	-8.910000	-158.814896	23.159600	-2.553704	58.031071	1447.865112	1.000000
157.700000	-8.910000	-158.814896	23.409600	-2.345677	57.873263	1451.800377	1.000000
157.700000	-8.910000	-158.814896	23.659600	-2.146022	57.716564	1455.735641	1.000000
157.700000	-8.910000	-158.814896	23.909600	-1.979865	57.560821	1459.670905	1.000000
157.700000	-8.910000	-158.814896	24.159600	-1.788325	57.406180	1463.606170	1.000000
157.700000	-8.910000	-158.814896	24.409600	-0.923172	57.252491	1467.532111	1.000000
157.700000	-8.910000	-158.814896	24.659600	2.893065	57.099898	1471.247838	1.000000
157.700000	-8.910000	-158.814896	24.909600	6.328518	56.948253	1474.267746	1.000000
157.700000	-8.910000	-158.564896	15.659600	0.833721	63.413625	1352.714992	1.000000
157.700000	-8.910000	-158.564896	15.909600	-2.161884	63.225193	1355.834442	2.000000
157.700000	-8.910000	-158.564896	16.159600	-3.682519	63.037824	1359.340303	2.000000
157.700000	-8.910000	-158.564896	16.409600	-3.464191	62.851513	1362.846164	2.000000
157.700000	-8.910000	-158.564896	16.659600	-3.246427	62.666265	1366.352025	1.000000
157.700000	-8.910000	-158.564896	16.909600	-3.029220	62.482075	1369.857886	0.000000
157.700000	-8.910000	-158.564896	17.159600	-2.812578	62.298949	1373.363747	0.000000
157.700000	-8.910000	-158.564896	17.409600	-2.596489	62.116878	1376.869608	0.000000
157.700000	-8.910000	-158.564896	17.659600	-2.390377	61.935873	1380.375469	1.000000
157.700000	-8.910000	-158.564896	17.909600	-2.245927	61.755920	1383.881330	1.000000
157.700000	-8.910000	-158.564896	18.159600	-1.925328	61.577032	1387.386630	1.000000
157.700000	-8.910000	-158.564896	18.409600	-1.071941	61.399194	1390.852160	1.000000
157.700000	-8.910000	-158.564896	18.659600	1.338444	61.222422	1394.169662	1.000000
157.700000	-8.910000	-158.564896	18.909600	2.974505	61.046696	1397.031268	1.000000
157.700000	-8.910000	-158.564896	19.159600	2.270235	60.872036	1399.892873	1.000000
157.700000	-8.910000	-158.564896	19.409600	1.518260	60.698417	1402.900287	1.000000
157.700000	-8.910000	-158.564896	19.659600	1.331796	60.525863	1405.916928	1.000000
157.700000	-8.910000	-158.564896	19.909600	1.189197	60.354348	1408.933570	1.000000
157.700000	-8.910000	-158.564896	20.159600	1.333092	60.183895	1411.950211	1.000000
157.700000	-8.910000	-158.564896	20.409600	1.541225	60.014477	1414.966853	2.000000
157.700000	-8.910000	-158.564896	20.659600	1.891269	59.846120	1417.983494	2.000000
157.700000	-8.910000	-158.564896	20.909600	1.435747	59.678793	1421.069073	2.000000
157.700000	-8.910000	-158.564896	21.159600	1.562637	59.512525	1424.501865	2.000000
157.700000	-8.910000	-158.564896	21.409600	2.185722	59.347283	1427.855592	1.000000
157.700000	-8.910000	-158.564896	21.659600	2.228691	59.183096	1431.173835	1.000000
157.700000	-8.910000	-158.564896	21.909600	1.461724	59.019931	1434.492077	2.000000
157.700000	-8.910000	-158.564896	22.159600	0.655705	58.857818	1437.975425	2.000000
157.700000	-8.910000	-158.564896	22.409600	-0.584042	58.696722	1441.466787	1.000000
157.700000	-8.910000	-158.564896	22.659600	-2.652948	58.536675	1445.254547	1.000000
157.700000	-8.910000	-158.564896	22.909600	-2.949922	58.377639	1449.189811	1.000000
157.700000	-8.910000	-158.564896	23.159600	-2.775261	58.219649	1453.125076	1.000000
157.700000	-8.910000	-158.564896	23.409600	-2.598608	58.062664	1457.060340	1.000000
157.700000	-8.910000	-158.564896	23.659600	-2.378115	57.906721	1460.992521	1.000000
157.700000	-8.910000	-158.564896	23.909600	-2.168534	57.751779	1464.911672	1.000000
157.700000	-8.910000	-158.564896	24.159600	-2.003836	57.597874	1468.830824	1.000000
157.700000	-8.910000	-158.564896	24.409600	-0.913299	57.444963	1472.749975	1.000000
157.700000	-8.910000	-158.564896	24.659600	1.190212	57.293085	1476.406991	1.000000
157.700000	-8.910000	-158.564896	24.909600	4.731921	57.142197	1479.708098	1.000000
157.700000	-8.910000	-158.314896	15.409600	1.181024	63.759864	1355.822427	2.000000
157.700000	-8.910000	-158.314896	15.659600	1.395938	63.571603	1358.748841	2.000000
157.700000	-8.910000	-158.314896	15.909600	-0.324495	63.384297	1361.675255	2.000000
157.700000	-8.910000	-158.314896	16.159600	-3.276713	63.198129	1365.024048	2.000000
157.700000	-8.910000	-158.314896	16.409600	-3.625596	63.012918	1368.529909	1.000000
157.700000	-8.910000	-158.314896	16.659600	-3.409006	62.828844	1372.035770	1.000000
157.700000	-8.910000	-158.314896	16.909600	-3.192873	62.645728	1375.541631	1.000000
157.700000	-8.910000	-158.314896	17.159600	-2.994992	62.463747	1379.047492	0.000000
157.700000	-8.910000	-158.314896	17.409600	-2.853834	62.282725	1382.553353	0.000000
157.700000	-8.910000	-158.314896	17.659600	-2.584167	62.102837	1386.054941	1.000000
157.700000	-8.910000	-158.314896	17.909600	-2.329993	61.923907	1389.520470	1.000000
157.700000	-8.910000	-158.314896	18.159600	-2.205358	61.746110	1392.986000	1.000000
157.700000	-8.910000	-158.314896	18.409600	-1.833171	61.569271	1396.451529	1.000000
157.700000	-8.910000	-158.314896	18.659600	0.923714	61.393561	1399.873008	1.000000
157.700000	-8.910000	-158.314896	18.909600	3.389225	61.218809	1402.734614	1.000000
157.700000	-8.910000	-158.314896	19.159600	3.596246	61.045185	1405.596219	1.000000
157.700000	-8.910000	-158.314896	19.409600	3.516592	60.872517	1408.457825	2.000000
157.700000	-8.910000	-158.314896	19.659600	3.412039	60.700973	1411.319430	1.000000
157.700000	-8.910000	-158.314896	19.909600	2.800032	60.530384	1414.181036	1.000000
157.700000	-8.910000	-158.314896	20.159600	2.067016	60.360915	1417.169484	1.000000
157.700000	-8.910000	-158.314896	20.409600	1.337569	60.192400	1420.186126	1.000000
157.700000	-8.910000	-158.314896	20.659600	0.878707	60.025002	1423.385078	2.000000
157.700000	-8.910000	-158.314896	20.909600	0.988323	59.858555	1426.817870	2.000000
157.700000	-8.910000	-158.314896	21.159600	1.537154	59.693221	1430.250661	2.000000
157.700000	-8.910000	-158.314896	21.409600	2.079022	59.528836	1433.583601	1.000000
157.700000	-8.910000	-158.314896	21.659600	2.336486	59.365559	1436.901844	2.000000
157.700000	-8.910000	-158.314896	21.909600	2.540501	59.203229	1440.220086	2.000000
157.700000	-8.910000	-158.314896	22.159600	2.325916	59.042001	1443.538329	1.000000
157.700000	-8.910000	-158.314896	22.409600	1.000557	58.881719	1446.875918	1.000000
157.700000	-8.910000	-158.314896	22.659600	-1.899323	58.722533	1450.514510	1.000000
157.700000	-8.910000	-158.314896	22.909600	-3.191770	58.564289	1454.449775	1.000000
157.700000	-8.910000	-158.314896	23.159600	-2.971166	58.407137	1458.372082	1.000000
157.700000	-8.910000	-158.314896	23.409600	-2.795165	58.250924	1462.291233	1.000000
157.700000	-8.910000	-158.314896	23.659600	-2.622574	58.095797	1466.210385	0.000000
157.700000	-8.910000	-158.314896	23.909600	-2.416949	57.941605	1470.129536	1.000000
157.700000	-8.910000	-158.314896	24.159600	-2.211831	57.788493	1474.048688	1.000000
157.700000	-8.910000	-158.314896	24.409600	-0.879126	57.636313	1477.967840	1.000000
157.700000	-8.910000	-158.314896	24.659600	0.737876	57.485207	1481.560201	1.000000
157.700000	-8.910000	-158.314896	24.909600	2.801168	57.335029	1484.993022	1.000000
157.700000	-8.910000	-158.314896	25.159600	5.485580	57.185918	1488.168357	1.000000
157.700000	-8.910000	-158.064896	15.159600	0.811068	64.103596	1358.929861	2.000000
157.700000	-8.910000	-158.064896	15.409600	1.025443	63.915445	1361.856275	2.000000
157.700000	-8.910000	-158.064896	15.659600	1.239217	63.728323	1364.782689	2.000000
157.700000	-8.910000	-158.064896	15.909600	1.181936	63.542236	1367.709103	2.000000
157.700000	-8.910000	-158.064896	16.159600	-1.570152	63.357182	1370.707794	1.000000
157.700000	-8.910000	-158.064896	16.409600	-3.785839	63.173161	1374.213655	1.000000
157.700000	-8.910000	-158.064896	16.659600	-3.596183	62.990175	1377.719516	1.000000
157.700000	-8.910000	-158.064896	16.909600	-3.441911	62.808221	1381.225377	1.000000
157.700000	-8.910000	-158.064896	17.159600	-3.172105	62.627303	1384.723252	1.000000
157.700000	-8.910000	-158.064896	17.409600	-2.931310	62.447415	1388.188781	0.000000
157.700000	-8.910000	-158.064896	17.659600	-2.798470	62.268565	1391.654310	0.000000
157.700000	-8.910000	-158.064896	17.909600	-2.585570	62.090742	1395.119840	1.000000
157.700000	-8.910000	-158.064896	18.159600	-2.373206	61.913958	1398.585369	1.000000
157.700000	-8.910000	-158.064896	18.409600	-2.161364	61.738199	1402.050898	1.000000
157.700000	-8.910000	-158.064896	18.659600	0.145552	61.563479	1405.516428	1.000000
157.700000	-8.910000	-158.064896	18.909600	2.986298	61.389781	1408.437960	1.000000
157.700000	-8.910000	-158.064896	19.159600	3.424310	61.217121	1411.299565	1.000000
157.700000	-8.910000	-158.064896	19.409600	3.629787	61.045481	1414.161171	1.000000
157.700000	-8.910000	-158.064896	19.659600	3.834668	60.874878	1417.022776	1.000000
157.700000	-8.910000	-158.064896	19.909600	4.038975	60.705291	1419.884381	1.000000
157.700000	-8.910000	-158.064896	20.159600	3.600820	60.536740	1422.745987	1.000000
157.700000	-8.910000	-158.064896	20.409600	1.868076	60.369202	1425.709303	1.000000
157.700000	-8.910000	-158.064896	20.659600	0.633011	60.202698	1429.133875	1.000000
157.700000	-8.910000	-158.064896	20.909600	0.831299	60.037203	1432.566666	2.000000
157.700000	-8.910000	-158.064896	21.159600	1.388240	59.872741	1435.993368	2.000000
157.700000	-8.910000	-158.064896	21.409600	1.951564	59.709283	1439.311611	1.000000
157.700000	-8.910000	-158.064896	21.659600	2.155188	59.546856	1442.629853	2.000000
157.700000	-8.910000	-158.064896	21.909600	2.358300	59.385429	1445.948096	2.000000
157.700000	-8.910000	-158.064896	22.159600	2.560872	59.225030	1449.266338	1.000000
157.700000	-8.910000	-158.064896	22.409600	2.547979	59.065627	1452.584580	1.000000
157.700000	-8.910000	-158.064896	22.659600	0.751620	58.907249	1455.944660	1.000000
157.700000	-8.910000	-158.064896	22.909600	-1.910411	58.749861	1459.670794	1.000000
157.700000	-8.910000	-158.064896	23.159600	-3.221423	58.593495	1463.589946	1.000000
157.700000	-8.910000	-158.064896	23.409600	-3.015753	58.438115	1467.509098	1.000000
157.700000	-8.910000	-158.064896	23.659600	-2.810531	58.283753	1471.428249	0.000000
157.700000	-8.910000	-158.064896	23.909600	-2.605717	58.130373	1475.347401	0.000000
157.700000	-8.910000	-158.064896	24.159600	-2.401344	57.978006	1479.266552	1.000000
157.700000	-8.910000	-158.064896	24.409600	-0.842736	57.826615	1483.185704	1.000000
157.700000	-8.910000	-158.064896	24.659600	0.783514	57.676234	1486.713411	1.000000
157.700000	-8.910000	-158.064896	24.909600	1.333551	57.526824	1490.146232	1.000000
157.700000	-8.910000	-158.064896	25.159600	3.573011	57.378419	1493.579053	1.000000
157.700000	-8.910000	-157.814896	15.159600	-0.015440	64.256839	1364.963709	1.000000
157.700000	-8.910000	-157.814896	15.409600	0.352537	64.069840	1367.890123	2.000000
157.700000	-8.910000	-157.814896	15.659600	0.620639	63.883949	1370.816537	1.000000
157.700000	-8.910000	-157.814896	15.909600	0.887940	63.698989	1373.742951	1.000000
157.700000	-8.910000	-157.814896	16.159600	-0.116528	63.515137	1376.669365	1.000000
157.700000	-8.910000	-157.814896	16.409600	-2.880188	63.332217	1379.897401	1.000000
157.700000	-8.910000	-157.814896	16.659600	-3.756660	63.150406	1383.391563	1.000000
157.700000	-8.910000	-157.814896	16.909600	-3.529253	62.969528	1386.857092	1.000000
157.700000	-8.910000	-157.814896	17.159600	-3.388310	62.789757	1390.322621	1.000000
157.700000	-8.910000	-157.814896	17.409600	-3.175400	62.610921	1393.788150	0.000000
157.700000	-8.910000	-157.814896	17.659600	-2.963096	62.433191	1397.253680	0.000000
157.700000	-8.910000	-157.814896	17.909600	-2.751223	62.256395	1400.719209	0.000000
157.700000	-8.910000	-157.814896	18.159600	-2.539952	62.080705	1404.184738	1.000000
157.700000	-8.910000	-157.814896	18.409600	-2.329113	61.905948	1407.650268	1.000000
157.700000	-8.910000	-157.814896	18.659600	-0.505906	61.732295	1411.115797	1.000000
157.700000	-8.910000	-157.814896	18.909600	2.416174	61.559576	1414.141305	1.000000
157.700000	-8.910000	-157.814896	19.159600	3.253473	61.387957	1417.002911	0.000000
157.700000	-8.910000	-157.814896	19.409600	3.457996	61.217272	1419.864516	0.000000
157.700000	-8.910000	-157.814896	19.659600	3.661861	61.047685	1422.726122	1.000000
157.700000	-8.910000	-157.814896	19.909600	3.865235	60.879030	1425.587727	1.000000
157.700000	-8.910000	-157.814896	20.159600	3.360501	60.711470	1428.449333	1.000000
157.700000	-8.910000	-157.814896	20.409600	2.190819	60.544841	1431.559182	1.000000
157.700000	-8.910000	-157.814896	20.659600	0.817062	60.379303	1434.882671	1.000000
157.700000	-8.910000	-157.814896	20.909600	0.727695	60.214695	1438.315463	1.000000
157.700000	-8.910000	-157.814896	21.159600	1.253375	60.051174	1441.721377	1.000000
157.700000	-8.910000	-157.814896	21.409600	1.772267	59.888581	1445.039620	0.000000
157.700000	-8.910000	-157.814896	21.659600	1.974974	59.727071	1448.357862	0.000000
157.700000	-8.910000	-157.814896	21.909600	2.177243	59.566487	1451.676105	1.000000
157.700000	-8.910000	-157.814896	22.159600	2.392707	59.406982	1454.994347	1.000000
157.700000	-8.910000	-157.814896	22.409600	2.322618	59.248400	1458.300957	1.000000
157.700000	-8.910000	-157.814896	22.659600	1.808730	59.090892	1461.686640	1.000000
157.700000	-8.910000	-157.814896	22.909600	0.928633	58.934305	1465.227615	1.000000
157.700000	-8.910000	-157.814896	23.159600	-1.046030	58.778787	1468.807810	1.000000
157.700000	-8.910000	-157.814896	23.409600	-2.929926	58.624187	1472.726962	1.000000
157.700000	-8.910000	-157.814896	23.659600	-2.997428	58.470651	1476.646113	0.000000
157.700000	-8.910000	-157.814896	23.909600	-2.793374	58.318030	1480.565265	1.000000
157.700000	-8.910000	-157.814896	24.159600	-2.589805	58.166467	1484.484417	1.000000
157.700000	-8.910000	-157.814896	24.409600	-0.890316	58.015816	1488.403568	1.000000
157.700000	-8.910000	-157.814896	24.659600	0.831403	57.866217	1491.866620	1.000000
157.700000	-8.910000	-157.814896	24.909600	1.142847	57.717527	1495.299442	1.000000
157.700000	-8.910000	-157.814896	25.159600	1.698164	57.569884	1498.732263	0.000000
157.700000	-8.910000	-157.814896	25.409600	4.335491	57.423146	1502.068967	0.000000
157.700000	-8.910000	-157.564896	15.159600	-0.809965	64.408849	1370.689098	1.000000
157.700000	-8.910000	-157.564896	15.409600	-0.629887	64.223096	1373.644736	2.000000
157.700000	-8.910000	-157.564896	15.659600	-0.359509	64.038345	1376.600373	1.000000
157.700000	-8.910000	-157.564896	15.909600	-0.090017	63.854603	1379.556011	1.000000
157.700000	-8.910000	-157.564896	16.159600	-0.285847	63.671865	1382.511648	1.000000
157.700000	-8.910000	-157.564896	16.409600	-1.959058	63.490137	1385.588896	1.000000
157.700000	-8.910000	-157.564896	16.659600	-3.491343	63.309415	1388.990932	1.000000
157.700000	-8.910000	-157.564896	16.909600	-3.761825	63.129700	1392.456461	1.000000
157.700000	-8.910000	-157.564896	17.159600	-3.549547	62.950994	1395.921991	1.000000
157.700000	-8.910000	-157.564896	17.409600	-3.337775	62.773295	1399.387520	0.000000
157.700000	-8.910000	-157.564896	17.659600	-3.126510	62.596605	1402.853049	0.000000
157.700000	-8.910000	-157.564896	17.909600	-2.915748	62.420920	1406.318578	0.000000
157.700000	-8.910000	-157.564896	18.159600	-2.705494	62.246246	1409.784108	0.000000
157.700000	-8.910000	-157.564896	18.409600	-2.495739	62.072574	1413.249637	0.000000
157.700000	-8.910000	-157.564896	18.659600	-1.059319	61.899913	1416.715166	0.000000
157.700000	-8.910000	-157.564896	18.909600	1.849881	61.728253	1419.844651	0.000000
157.700000	-8.910000	-157.564896	19.159600	3.083827	61.557603	1422.706257	0.000000
157.700000	-8.910000	-157.564896	19.409600	3.287317	61.387951	1425.567862	0.000000
157.700000	-8.910000	-157.564896	19.659600	3.490236	61.219310	1428.429468	1.000000
157.700000	-8.910000	-157.564896	19.909600	3.218275	61.051663	1431.291073	1.000000
157.700000	-8.910000	-157.564896	20.159600	2.924343	60.885026	1434.275949	1.000000
157.700000	-8.910000	-157.564896	20.409600	2.299214	60.719380	1437.409060	2.000000
157.700000	-8.910000	-157.564896	20.659600	1.029367	60.554743	1440.631468	2.000000
157.700000	-8.910000	-157.564896	20.909600	0.625289	60.391094	1444.064259	2.000000
157.700000	-8.910000	-157.564896	21.159600	1.150752	60.228452	1447.449387	2.000000
157.700000	-8.910000	-157.564896	21.409600	1.594054	60.066793	1450.767629	1.000000
157.700000	-8.910000	-157.564896	21.659600	1.793006	59.906141	1454.085871	0.000000
157.700000	-8.910000	-157.564896	21.909600	2.013855	59.746468	1457.404114	1.000000
157.700000	-8.910000	-157.564896	22.159600	2.235835	59.587799	1460.708884	1.000000
157.700000	-8.910000	-157.564896	22.409600	2.033944	59.430105	1464.013201	1.000000
157.700000	-8.910000	-157.564896	22.659600	1.521794	59.273412	1467.428620	1.000000
157.700000	-8.910000	-157.564896	22.909600	1.284084	59.117690	1470.969595	1.000000
157.700000	-8.910000	-157.564896	23.159600	1.400262	58.962967	1474.510570	1.000000
157.700000	-8.910000	-157.564896	23.409600	-0.183085	58.809209	1478.051545	1.000000
157.700000	-8.910000	-157.564896	23.659600	-2.183367	58.656447	1481.863978	1.000000
157.700000	-8.910000	-157.564896	23.909600	-2.979991	58.504647	1485.783129	1.000000
157.700000	-8.910000	-157.564896	24.159600	-2.659676	58.353839	1489.702281	1.000000
157.700000	-8.910000	-157.564896	24.409600	-1.011620	58.203987	1493.587009	1.000000
157.700000	-8.910000	-157.564896	24.659600	0.754135	58.055123	1497.019830	1.000000
157.700000	-8.910000	-157.564896	24.909600	0.953163	57.907211	1500.452651	1.000000
157.700000	-8.910000	-157.564896	25.159600	1.151746	57.760284	1503.885473	0.000000
157.700000	-8.910000	-157.564896	25.409600	2.405726	57.614303	1507.318294	0.000000
157.700000	-8.910000	-157.314896	15.159600	0.796075	64.559797	1376.411168	1.000000
157.700000	-8.910000	-157.314896	15.409600	-0.846850	64.375195	1379.366805	1.000000
157.700000	-8.910000	-157.314896	15.659600	-0.635609	64.191674	1382.322443	1.000000
157.700000	-8.910000	-157.314896	15.909600	-0.424826	64.009059	1385.278081	1.000000
157.700000	-8.910000	-157.314896	16.159600	-0.867482	63.827524	1388.233718	1.000000
157.700000	-8.910000	-157.314896	16.409600	-1.918264	63.646897	1391.359493	1.000000
157.700000	-8.910000	-157.314896	16.659600	-2.656625	63.467351	1394.704135	1.000000
157.700000	-8.910000	-157.314896	16.909600	-3.145180	63.288714	1398.055831	1.000000
157.700000	-8.910000	-157.314896	17.159600	-3.612954	63.111158	1401.521360	1.000000
157.700000	-8.910000	-157.314896	17.409600	-3.498992	62.934512	1404.986889	0.000000
157.700000	-8.910000	-157.314896	17.659600	-3.288850	62.758945	1408.452418	0.000000
157.700000	-8.910000	-157.314896	17.909600	-3.079117	62.584290	1411.917948	0.000000
157.700000	-8.910000	-157.314896	18.159600	-2.869960	62.410713	1415.383477	0.000000
157.700000	-8.910000	-157.314896	18.409600	-2.661211	62.238046	1418.849006	0.000000
157.700000	-8.910000	-157.314896	18.659600	-1.608780	62.066457	1422.314535	0.000000
157.700000	-8.910000	-157.314896	18.909600	1.287462	61.895779	1425.547997	0.000000
157.700000	-8.910000	-157.314896	19.159600	2.915255	61.726176	1428.409603	0.000000
157.700000	-8.910000	-157.314896	19.409600	3.117785	61.557483	1431.271208	0.000000
157.700000	-8.910000	-157.314896	19.659600	3.319683	61.389863	1434.132814	0.000000
157.700000	-8.910000	-157.314896	19.909600	2.773785	61.223153	1436.994419	1.000000
157.700000	-8.910000	-157.314896	20.159600	2.256689	61.057513	1440.125827	2.000000
157.700000	-8.910000	-157.314896	20.409600	2.452235	60.892782	1443.258938	2.000000
157.700000	-8.910000	-157.314896	20.659600	1.427882	60.729117	1446.392050	2.000000
157.700000	-8.910000	-157.314896	20.909600	0.566181	60.566360	1449.813055	2.000000
157.700000	-8.910000	-157.314896	21.159600	1.049299	60.404667	1453.177396	1.000000
157.700000	-8.910000	-157.314896	21.409600	1.415229	60.243880	1456.495638	1.000000
157.700000	-8.910000	-157.314896	21.659600	1.637299	60.084152	1459.812493	1.000000
157.700000	-8.910000	-157.314896	21.909600	1.853958	59.925329	1463.116811	0.000000
157.700000	-8.910000	-157.314896	22.159600	2.052920	59.767562	1466.421128	1.000000
157.700000	-8.910000	-157.314896	22.409600	1.747056	59.610697	1469.725446	1.000000
157.700000	-8.910000	-157.314896	22.659600	1.236119	59.454883	1473.170600	1.000000
157.700000	-8.910000	-157.314896	22.909600	1.101804	59.299970	1476.711575	1.000000
157.700000	-8.910000	-157.314896	23.159600	1.301300	59.146103	1480.252550	1.000000
157.700000	-8.910000	-157.314896	23.409600	1.500408	58.993134	1483.793525	1.000000
157.700000	-8.910000	-157.314896	23.659600	0.670241	58.841207	1487.334499	1.000000
157.700000	-8.910000	-157.314896	23.909600	-1.312134	58.690175	1491.000994	1.000000
157.700000	-8.910000	-157.314896	24.159600	-2.572471	58.540180	1494.920145	1.000000
157.700000	-8.910000	-157.314896	24.409600	-1.043760	58.391077	1498.740219	1.000000
157.700000	-8.910000	-157.314896	24.659600	0.566252	58.243006	1502.173040	1.000000
157.700000	-8.910000	-157.314896	24.909600	0.764550	58.095824	1505.605861	1.000000
157.700000	-8.910000	-157.314896	25.159600	0.962362	57.949668	1509.038683	1.000000
157.700000	-8.910000	-157.314896	25.409600	1.159826	57.804399	1512.471504	0.000000
157.700000	-8.910000	-157.314896	25.659600	3.176678	57.660149	1515.904325	0.000000
157.700000	-8.910000	-157.064896	15.159600	2.381858	64.709537	1382.432297	1.000000
157.700000	-8.910000	-157.064896	15.409600	0.679982	64.526181	1385.088875	0.000000
157.700000	-8.910000	-157.064896	15.659600	-0.787733	64.343798	1388.044513	2.000000
157.700000	-8.910000	-157.064896	15.909600	-0.578169	64.162401	1391.000150	2.000000
157.700000	-8.910000	-157.064896	16.159600	-1.206762	63.981981	1393.955788	2.000000
157.700000	-8.910000	-157.064896	16.409600	-2.252866	63.802546	1397.130090	2.000000
157.700000	-8.910000	-157.064896	16.659600	-2.666271	63.624090	1400.474732	2.000000
157.700000	-8.910000	-157.064896	16.909600	-2.471666	63.446619	1403.819374	1.000000
157.700000	-8.910000	-157.064896	17.159600	-2.801908	63.270129	1407.164016	0.000000
157.700000	-8.910000	-157.064896	17.409600	-3.294358	63.094622	1410.586258	0.000000
157.700000	-8.910000	-157.064896	17.659600	-3.450003	62.920098	1414.051788	0.000000
157.700000	-8.910000	-157.064896	17.909600	-3.241383	62.746556	1417.517317	0.000000
157.700000	-8.910000	-157.064896	18.159600	-3.033245	62.573998	1420.982846	0.000000
157.700000	-8.910000	-157.064896	18.409600	-2.825584	62.402419	1424.448376	0.000000
157.700000	-8.910000	-157.064896	18.659600	-2.154186	62.231826	1427.913905	0.000000
157.700000	-8.910000	-157.064896	18.909600	0.728871	62.062211	1431.251343	0.000000
157.700000	-8.910000	-157.064896	19.159600	2.747850	61.893581	1434.112949	0.000000
157.700000	-8.910000	-157.064896	19.409600	2.949342	61.725926	1436.974554	0.000000
157.700000	-8.910000	-157.064896	19.659600	2.631919	61.559257	1439.836160	0.000000
157.700000	-8.910000	-157.064896	19.909600	2.341667	61.393560	1442.842594	0.000000
157.700000	-8.910000	-157.064896	20.159600	2.079103	61.228848	1445.975705	1.000000
157.700000	-8.910000	-157.064896	20.409600	2.279911	61.065106	1449.108817	1.000000
157.700000	-8.910000	-157.064896	20.659600	1.800107	60.902348	1452.241928	1.000000
157.700000	-8.910000	-157.064896	20.909600	0.828890	60.740556	1455.561852	1.000000
157.700000	-8.910000	-157.064896	21.159600	0.950099	60.579748	1458.905405	1.000000
157.700000	-8.910000	-157.064896	21.409600	1.263171	60.419902	1462.220420	1.000000
157.700000	-8.910000	-157.064896	21.659600	1.475652	60.261039	1465.524737	1.000000
157.700000	-8.910000	-157.064896	21.909600	1.675208	60.103134	1468.829055	0.000000
157.700000	-8.910000	-157.064896	22.159600	1.874272	59.946210	1472.133373	0.000000
157.700000	-8.910000	-157.064896	22.409600	1.461430	59.790241	1475.437691	0.000000
157.700000	-8.910000	-157.064896	22.659600	0.951761	59.635250	1478.912580	0.000000
157.700000	-8.910000	-157.064896	22.909600	0.920564	59.481210	1482.453555	0.000000
157.700000	-8.910000	-157.064896	23.159600	1.119257	59.328145	1485.994530	0.000000
157.700000	-8.910000	-157.064896	23.409600	1.317514	59.176028	1489.535504	1.000000
157.700000	-8.910000	-157.064896	23.659600	1.515307	59.024884	1493.076479	1.000000
157.700000	-8.910000	-157.064896	23.909600	1.442526	58.874682	1496.617454	1.000000
157.700000	-8.910000	-157.064896	24.159600	-0.053342	58.725450	1500.158429	1.000000
157.700000	-8.910000	-157.064896	24.409600	-0.717984	58.577156	1503.893429	1.000000
157.700000	-8.910000	-157.064896	24.659600	0.379429	58.429829	1507.326250	1.000000
157.700000	-8.910000	-157.064896	24.909600	0.576940	58.283435	1510.759071	1.000000
157.700000	-8.910000	-157.064896	25.159600	0.774025	58.138005	1514.191892	1.000000
157.700000	-8.910000	-157.064896	25.409600	0.970722	57.993503	1517.624714	0.000000
157.700000	-8.910000	-157.064896	25.659600	1.390415	57.849961	1521.057535	0.000000
157.700000	-8.910000	-156.814896	15.159600	2.391733	64.858242	1388.460464	0.000000
157.700000	-8.910000	-156.814896	15.409600	2.268544	64.676037	1391.079424	1.000000
157.700000	-8.910000	-156.814896	15.659600	0.561850	64.494884	1393.766582	1.000000
157.700000	-8.910000	-156.814896	15.909600	-0.730381	64.314613	1396.722220	2.000000
157.700000	-8.910000	-156.814896	16.159600	-1.544390	64.135396	1399.677857	2.000000
157.700000	-8.910000	-156.814896	16.409600	-2.585732	63.957064	1402.900687	2.000000
157.700000	-8.910000	-156.814896	16.659600	-2.821966	63.779785	1406.245329	2.000000
157.700000	-8.910000	-156.814896	16.909600	-2.613580	63.603392	1409.589971	1.000000
157.700000	-8.910000	-156.814896	17.159600	-2.405767	63.428053	1412.934613	0.000000
157.700000	-8.910000	-156.814896	17.409600	-2.461500	63.253601	1416.279255	0.000000
157.700000	-8.910000	-156.814896	17.659600	-2.953151	63.080203	1419.651157	0.000000
157.700000	-8.910000	-156.814896	17.909600	-3.350963	62.907692	1423.116686	0.000000
157.700000	-8.910000	-156.814896	18.159600	-3.195482	62.736234	1426.582216	0.000000
157.700000	-8.910000	-156.814896	18.409600	-2.988829	62.565665	1430.047745	0.000000
157.700000	-8.910000	-156.814896	18.659600	-2.695665	62.396147	1433.513274	0.000000
157.700000	-8.910000	-156.814896	18.909600	0.008540	62.227517	1436.954689	1.000000
157.700000	-8.910000	-156.814896	19.159600	2.581493	62.059938	1439.816294	1.000000
157.700000	-8.910000	-156.814896	19.409600	2.705215	61.893246	1442.677900	0.000000
157.700000	-8.910000	-156.814896	19.659600	2.194848	61.727603	1445.559361	0.000000
157.700000	-8.910000	-156.814896	19.909600	1.708499	61.562848	1448.692473	1.000000
157.700000	-8.910000	-156.814896	20.159600	1.908813	61.399138	1451.825584	1.000000
157.700000	-8.910000	-156.814896	20.409600	2.108701	61.236316	1454.958695	1.000000
157.700000	-8.910000	-156.814896	20.659600	1.994887	61.074537	1458.091807	1.000000
157.700000	-8.910000	-156.814896	20.909600	1.168469	60.913643	1461.310648	1.000000
157.700000	-8.910000	-156.814896	21.159600	0.875032	60.753790	1464.628347	1.000000
157.700000	-8.910000	-156.814896	21.409600	1.100705	60.594822	1467.932664	1.000000
157.700000	-8.910000	-156.814896	21.659600	1.299801	60.436890	1471.236982	1.000000
157.700000	-8.910000	-156.814896	21.909600	1.498501	60.279842	1474.541300	0.000000
157.700000	-8.910000	-156.814896	22.159600	1.696655	60.123827	1477.845617	0.000000
157.700000	-8.910000	-156.814896	22.409600	1.177111	59.968694	1481.149935	0.000000
157.700000	-8.910000	-156.814896	22.659600	0.668642	59.814590	1484.654560	0.000000
157.700000	-8.910000	-156.814896	22.909600	0.740408	59.661366	1488.195535	0.000000
157.700000	-8.910000	-156.814896	23.159600	0.938236	59.509167	1491.736509	0.000000
157.700000	-8.910000	-156.814896	23.409600	1.135696	59.357846	1495.277484	1.000000
157.700000	-8.910000	-156.814896	23.659600	1.332645	59.207545	1498.818459	1.000000
157.700000	-8.910000	-156.814896	23.909600	1.352004	59.058120	1502.359434	1.000000
157.700000	-8.910000	-156.814896	24.159600	1.854577	58.909711	1505.826865	1.000000
157.700000	-8.910000	-156.814896	24.409600	1.475251	58.762175	1509.128889	1.000000
157.700000	-8.910000	-156.814896	24.659600	0.946992	58.615649	1512.479460	1.000000
157.700000	-8.910000	-156.814896	24.909600	0.604682	58.469995	1515.912281	1.000000
157.700000	-8.910000	-156.814896	25.159600	0.586684	58.325346	1519.345102	1.000000
157.700000	-8.910000	-156.814896	25.409600	0.782660	58.181564	1522.777923	0.000000
157.700000	-8.910000	-156.814896	25.659600	0.978175	58.038784	1526.210745	0.000000
157.700000	-8.910000	-156.814896	25.909600	2.009464	57.896868	1529.643566	0.000000
157.700000	-8.910000	-156.564896	15.159600	2.244209	65.005766	1394.488631	0.000000
157.700000	-8.910000	-156.564896	15.409600	2.449525	64.824805	1397.107591	1.000000
157.700000	-8.910000	-156.564896	15.659600	2.153230	64.644790	1399.726551	1.000000
157.700000	-8.910000	-156.564896	15.909600	0.441856	64.465738	1402.444289	1.000000
157.700000	-8.910000	-156.564896	16.159600	-1.880228	64.287635	1405.399927	1.000000
157.700000	-8.910000	-156.564896	16.409600	-2.916908	64.110494	1408.671285	1.000000
157.700000	-8.910000	-156.564896	16.659600	-2.976487	63.934306	1412.015927	1.000000
157.700000	-8.910000	-156.564896	16.909600	-2.769268	63.759080	1415.360569	1.000000
157.700000	-8.910000	-156.564896	17.159600	-2.562522	63.584808	1418.705210	0.000000
157.700000	-8.910000	-156.564896	17.409600	-2.356253	63.411497	1422.049852	0.000000
157.700000	-8.910000	-156.564896	17.659600	-2.207834	63.239143	1425.394494	0.000000
157.700000	-8.910000	-156.564896	17.909600	-2.614706	63.067748	1428.739136	0.000000
157.700000	-8.910000	-156.564896	18.159600	-3.110038	62.897312	1432.181585	0.000000
157.700000	-8.910000	-156.564896	18.409600	-3.150998	62.727834	1435.647114	0.000000
157.700000	-8.910000	-156.564896	18.659600	-2.945893	62.559315	1439.112643	1.000000
157.700000	-8.910000	-156.564896	18.909600	-0.764266	62.391752	1442.578173	1.000000
157.700000	-8.910000	-156.564896	19.159600	2.107653	62.225149	1445.519640	1.000000
157.700000	-8.910000	-156.564896	19.409600	2.056809	62.059500	1448.381246	1.000000
157.700000	-8.910000	-156.564896	19.659600	1.728169	61.894811	1451.409240	1.000000
157.700000	-8.910000	-156.564896	19.909600	1.540273	61.731074	1454.542351	1.000000
157.700000	-8.910000	-156.564896	20.159600	1.739653	61.568298	1457.675462	2.000000
157.700000	-8.910000	-156.564896	20.409600	1.944378	61.406470	1460.808574	2.000000
157.700000	-8.910000	-156.564896	20.659600	2.110109	61.245602	1463.941685	2.000000
157.700000	-8.910000	-156.564896	20.909600	1.735878	61.085680	1467.085518	2.000000
157.700000	-8.910000	-156.564896	21.159600	1.097078	60.926718	1470.340591	2.000000
157.700000	-8.910000	-156.564896	21.409600	0.926829	60.768698	1473.644909	2.000000
157.700000	-8.910000	-156.564896	21.659600	1.125055	60.611636	1476.949227	1.000000
157.700000	-8.910000	-156.564896	21.909600	1.322829	60.455514	1480.253544	1.000000
157.700000	-8.910000	-156.564896	22.159600	1.520133	60.300348	1483.557862	1.000000
157.700000	-8.910000	-156.564896	22.409600	0.943082	60.146119	1486.862180	1.000000
157.700000	-8.910000	-156.564896	22.659600	0.386821	59.992844	1490.396540	1.000000
157.700000	-8.910000	-156.564896	22.909600	0.561272	59.840502	1493.937514	0.000000
157.700000	-8.910000	-156.564896	23.159600	0.758290	59.689113	1497.478489	0.000000
157.700000	-8.910000	-156.564896	23.409600	0.781062	59.538651	1501.019464	1.000000
157.700000	-8.910000	-156.564896	23.659600	1.145526	59.389141	1504.560439	1.000000
157.700000	-8.910000	-156.564896	23.909600	1.688079	59.240555	1507.900433	1.000000
157.700000	-8.910000	-156.564896	24.159600	1.662909	59.092917	1511.193838	1.000000
157.700000	-8.910000	-156.564896	24.409600	1.699281	58.946199	1514.487243	1.000000
157.700000	-8.910000	-156.564896	24.659600	1.666421	58.800427	1517.818156	1.000000
157.700000	-8.910000	-156.564896	24.909600	1.581784	58.655570	1521.153127	1.000000
157.700000	-8.910000	-156.564896	25.159600	1.184949	58.511655	1524.498312	1.000000
157.700000	-8.910000	-156.564896	25.409600	0.822520	58.368651	1527.931133	0.000000
157.700000	-8.910000	-156.564896	25.659600	0.790372	58.226587	1531.363955	0.000000
157.700000	-8.910000	-156.564896	25.909600	0.984805	58.085429	1534.796776	0.000000
157.700000	-8.910000	-156.314896	15.159600	2.097692	65.152283	1400.516798	0.000000
157.700000	-8.910000	-156.314896	15.409600	2.301859	64.972471	1403.135758	1.000000
157.700000	-8.910000	-156.314896	15.659600	2.505397	64.793685	1405.754718	1.000000
157.700000	-8.910000	-156.314896	15.909600	2.035960	64.615758	1408.373678	1.000000
157.700000	-8.910000	-156.314896	16.159600	-0.644143	64.438858	1411.121997	1.000000
157.700000	-8.910000	-156.314896	16.409600	-2.675248	64.262820	1414.441882	1.000000
157.700000	-8.910000	-156.314896	16.659600	-2.758335	64.087810	1417.786524	1.000000
157.700000	-8.910000	-156.314896	16.909600	-2.755119	63.913662	1421.131166	1.000000
157.700000	-8.910000	-156.314896	17.159600	-2.718257	63.740543	1424.475808	0.000000
157.700000	-8.910000	-156.314896	17.409600	-2.513044	63.568288	1427.820450	0.000000
157.700000	-8.910000	-156.314896	17.659600	-2.308376	63.397062	1431.165091	0.000000
157.700000	-8.910000	-156.314896	17.909600	-2.104090	63.226701	1434.509733	0.000000
157.700000	-8.910000	-156.314896	18.159600	-2.279160	63.057368	1437.854375	0.000000
157.700000	-8.910000	-156.314896	18.409600	-2.773528	62.888900	1441.246483	1.000000
157.700000	-8.910000	-156.314896	18.659600	-3.101623	62.721460	1444.712013	1.000000
157.700000	-8.910000	-156.314896	18.909600	-1.366768	62.554886	1448.177542	1.000000
157.700000	-8.910000	-156.314896	19.159600	1.385680	62.389338	1451.222986	1.000000
157.700000	-8.910000	-156.314896	19.409600	1.623859	62.224656	1454.126007	1.000000
157.700000	-8.910000	-156.314896	19.659600	1.174207	62.060998	1457.259118	1.000000
157.700000	-8.910000	-156.314896	19.909600	1.379296	61.898207	1460.392229	2.000000
157.700000	-8.910000	-156.314896	20.159600	1.573365	61.736437	1463.525341	2.000000
157.700000	-8.910000	-156.314896	20.409600	1.765618	61.575534	1466.661422	2.000000
157.700000	-8.910000	-156.314896	20.659600	1.902293	61.415650	1469.797892	2.000000
157.700000	-8.910000	-156.314896	20.909600	1.937253	61.256632	1472.952386	2.000000
157.700000	-8.910000	-156.314896	21.159600	1.798732	61.098630	1476.144563	2.000000
157.700000	-8.910000	-156.314896	21.409600	1.363349	60.941493	1479.357154	2.000000
157.700000	-8.910000	-156.314896	21.659600	0.997413	60.785371	1482.661471	3.000000
157.700000	-8.910000	-156.314896	21.909600	1.148232	60.630111	1485.965789	1.000000
157.700000	-8.910000	-156.314896	22.159600	1.261245	60.475862	1489.270107	1.000000
157.700000	-8.910000	-156.314896	22.409600	0.724406	60.322475	1492.597545	1.000000
157.700000	-8.910000	-156.314896	22.659600	0.186559	60.170095	1496.138519	1.000000
157.700000	-8.910000	-156.314896	22.909600	0.383198	60.018575	1499.679494	1.000000
157.700000	-8.910000	-156.314896	23.159600	0.411350	59.868060	1503.220469	0.000000
157.700000	-8.910000	-156.314896	23.409600	0.946241	59.718402	1506.680595	0.000000
157.700000	-8.910000	-156.314896	23.659600	1.197365	59.569744	1509.974000	1.000000
157.700000	-8.910000	-156.314896	23.909600	1.286336	59.421942	1513.267405	1.000000
157.700000	-8.910000	-156.314896	24.159600	1.480690	59.275136	1516.560811	1.000000
157.700000	-8.910000	-156.314896	24.409600	1.582814	59.129184	1519.854216	1.000000
157.700000	-8.910000	-156.314896	24.659600	1.565157	58.984222	1523.172450	1.000000
157.700000	-8.910000	-156.314896	24.909600	1.697051	58.840113	1526.507422	1.000000
157.700000	-8.910000	-156.314896	25.159600	1.866758	58.696989	1529.842394	0.000000
157.700000	-8.910000	-156.314896	25.409600	1.816121	58.554715	1533.177365	0.000000
157.700000	-8.910000	-156.314896	25.659600	1.419116	58.413422	1536.517164	0.000000
157.700000	-8.910000	-156.314896	25.909600	1.036777	58.272975	1539.949986	1.000000
157.700000	-8.910000	-156.314896	26.159600	1.083600	58.133505	1543.382807	1.000000
157.700000	-8.910000	-156.064896	15.159600	1.952332	65.297644	1406.544965	0.000000
157.700000	-8.910000	-156.064896	15.409600	2.155256	65.119074	1409.163925	1.000000
157.700000	-8.910000	-156.064896	15.659600	2.357657	64.941425	1411.782885	1.000000
157.700000	-8.910000	-156.064896	15.909600	1.703716	64.764715	1414.401845	1.000000
157.700000	-8.910000	-156.064896	16.159600	0.431203	64.588929	1417.242144	1.000000
157.700000	-8.910000	-156.064896	16.409600	-0.945391	64.414083	1420.488872	1.000000
157.700000	-8.910000	-156.064896	16.659600	-0.922521	64.240164	1423.735601	1.000000
157.700000	-8.910000	-156.064896	16.909600	-0.963774	64.067184	1426.982329	1.000000
157.700000	-8.910000	-156.064896	17.159600	-1.294075	63.895133	1430.246405	0.000000
157.700000	-8.910000	-156.064896	17.409600	-1.566113	63.724020	1433.591047	0.000000
157.700000	-8.910000	-156.064896	17.659600	-1.556110	63.553840	1436.935689	0.000000
157.700000	-8.910000	-156.064896	17.909600	-1.548741	63.384597	1440.280331	0.000000
157.700000	-8.910000	-156.064896	18.159600	-1.544037	63.216287	1443.624973	1.000000
157.700000	-8.910000	-156.064896	18.409600	-1.639860	63.048913	1446.969614	1.000000
157.700000	-8.910000	-156.064896	18.659600	-2.323803	62.882475	1450.314256	1.000000
157.700000	-8.910000	-156.064896	18.909600	-1.787696	62.716970	1453.776911	1.000000
157.700000	-8.910000	-156.064896	19.159600	0.401955	62.552402	1456.926332	1.000000
157.700000	-8.910000	-156.064896	19.409600	1.127803	62.388766	1459.975885	1.000000
157.700000	-8.910000	-156.064896	19.659600	1.054057	62.226067	1463.108996	1.000000
157.700000	-8.910000	-156.064896	19.909600	1.287056	62.064298	1466.245237	2.000000
157.700000	-8.910000	-156.064896	20.159600	1.530821	61.903466	1469.381707	2.000000
157.700000	-8.910000	-156.064896	20.409600	1.768954	61.743563	1472.518177	2.000000
157.700000	-8.910000	-156.064896	20.659600	1.903372	61.584596	1475.654647	2.000000
157.700000	-8.910000	-156.064896	20.909600	1.903068	61.426554	1478.819254	2.000000
157.700000	-8.910000	-156.064896	21.159600	1.931258	61.269449	1482.011431	2.000000
157.700000	-8.910000	-156.064896	21.409600	2.018254	61.113266	1485.203608	3.000000
157.700000	-8.910000	-156.064896	21.659600	1.627173	60.958019	1488.395785	3.000000
157.700000	-8.910000	-156.064896	21.909600	1.188488	60.803691	1491.678034	1.000000
157.700000	-8.910000	-156.064896	22.159600	0.979772	60.650298	1494.982351	1.000000
157.700000	-8.910000	-156.064896	22.409600	0.458108	60.497822	1498.339525	1.000000
157.700000	-8.910000	-156.064896	22.659600	-0.179790	60.346278	1501.880499	1.000000
157.700000	-8.910000	-156.064896	22.909600	0.210606	60.195648	1505.421474	1.000000
157.700000	-8.910000	-156.064896	23.159600	0.754294	60.045949	1508.754163	1.000000
157.700000	-8.910000	-156.064896	23.409600	0.717551	59.897159	1512.047568	0.000000
157.700000	-8.910000	-156.064896	23.659600	0.911941	59.749299	1515.340973	0.000000
157.700000	-8.910000	-156.064896	23.909600	1.105934	59.602344	1518.634378	1.000000
157.700000	-8.910000	-156.064896	24.159600	1.299509	59.456317	1521.927783	1.000000
157.700000	-8.910000	-156.064896	24.409600	1.447706	59.311192	1525.221189	1.000000
157.700000	-8.910000	-156.064896	24.659600	1.430364	59.166991	1528.526744	1.000000
157.700000	-8.910000	-156.064896	24.909600	1.513476	59.023688	1531.861716	0.000000
157.700000	-8.910000	-156.064896	25.159600	1.705833	58.881307	1535.196688	0.000000
157.700000	-8.910000	-156.064896	25.409600	1.897813	58.739820	1538.531660	0.000000
157.700000	-8.910000	-156.064896	25.659600	2.078362	58.599252	1541.866632	0.000000
157.700000	-8.910000	-156.064896	25.909600	2.044620	58.459574	1545.201603	1.000000
157.700000	-8.910000	-156.064896	26.159600	1.649631	58.320811	1548.536575	1.000000
157.700000	-8.910000	-155.814896	15.159600	1.807952	65.442023	1412.573132	0.000000
157.700000	-8.910000	-155.814896	15.409600	2.009729	65.264602	1415.192092	1.000000
157.700000	-8.910000	-155.814896	15.659600	2.210903	65.088180	1417.811052	1.000000
157.700000	-8.910000	-155.814896	15.909600	0.735674	64.912595	1420.430012	1.000000
157.700000	-8.910000	-155.814896	16.159600	-0.594775	64.738012	1423.671430	1.000000
157.700000	-8.910000	-155.814896	16.409600	-0.410767	64.564267	1426.918159	1.000000
157.700000	-8.910000	-155.814896	16.659600	-0.208918	64.391526	1430.164887	1.000000
157.700000	-8.910000	-155.814896	16.909600	-0.007467	64.219625	1433.411615	1.000000
157.700000	-8.910000	-155.814896	17.159600	0.163135	64.048728	1436.658344	0.000000
157.700000	-8.910000	-155.814896	17.409600	0.191599	63.878673	1439.905072	0.000000
157.700000	-8.910000	-155.814896	17.659600	0.217645	63.709621	1443.151801	0.000000
157.700000	-8.910000	-155.814896	17.909600	0.241404	63.541413	1446.398529	0.000000
157.700000	-8.910000	-155.814896	18.159600	0.262690	63.374209	1449.645257	1.000000
157.700000	-8.910000	-155.814896	18.409600	0.281630	63.207848	1452.891986	1.000000
157.700000	-8.910000	-155.814896	18.659600	-0.003280	63.042491	1456.138714	1.000000
157.700000	-8.910000	-155.814896	18.909600	-0.747514	62.877979	1459.429495	1.000000
157.700000	-8.910000	-155.814896	19.159600	-0.270339	62.714468	1462.692652	1.000000
157.700000	-8.910000	-155.814896	19.409600	0.240435	62.551803	1465.830230	1.000000
157.700000	-8.910000	-155.814896	19.659600	0.295006	62.390139	1468.987578	1.000000
157.700000	-8.910000	-155.814896	19.909600	0.579472	62.229320	1472.144926	2.000000
157.700000	-8.910000	-155.814896	20.159600	0.862278	62.069500	1475.302274	1.000000
157.700000	-8.910000	-155.814896	20.409600	1.144043	61.910525	1478.459622	1.000000
157.700000	-8.910000	-155.814896	20.659600	1.424617	61.752547	1481.616969	1.000000
157.700000	-8.910000	-155.814896	20.909600	1.648869	61.595413	1484.774317	1.000000
157.700000	-8.910000	-155.814896	21.159600	1.818265	61.439275	1487.931665	1.000000
157.700000	-8.910000	-155.814896	21.409600	1.927937	61.283980	1491.089013	2.000000
157.700000	-8.910000	-155.814896	21.659600	1.969837	61.129678	1494.262653	2.000000
157.700000	-8.910000	-155.814896	21.909600	1.717613	60.976219	1497.454830	1.000000
157.700000	-8.910000	-155.814896	22.159600	0.950537	60.823749	1500.694596	1.000000
157.700000	-8.910000	-155.814896	22.409600	0.029060	60.672121	1504.081504	1.000000
157.700000	-8.910000	-155.814896	22.659600	0.017064	60.521480	1507.534325	1.000000
157.700000	-8.910000	-155.814896	22.909600	0.241073	60.371679	1510.827730	1.000000
157.700000	-8.910000	-155.814896	23.159600	0.345828	60.222860	1514.121135	1.000000
157.700000	-8.910000	-155.814896	23.409600	0.539829	60.074881	1517.414541	0.000000
157.700000	-8.910000	-155.814896	23.659600	0.733358	59.927881	1520.707946	0.000000
157.700000	-8.910000	-155.814896	23.909600	0.926560	59.781718	1524.001351	0.000000
157.700000	-8.910000	-155.814896	24.159600	1.119295	59.636531	1527.294756	0.000000
157.700000	-8.910000	-155.814896	24.409600	1.311705	59.492179	1530.588161	0.000000
157.700000	-8.910000	-155.814896	24.659600	1.324323	59.348798	1533.881566	0.000000
157.700000	-8.910000	-155.814896	24.909600	1.332856	59.206251	1537.216010	0.000000
157.700000	-8.910000	-155.814896	25.159600	1.522470	59.064670	1540.550982	0.000000
157.700000	-8.910000	-155.814896	25.409600	1.713712	58.923921	1543.885954	0.000000
157.700000	-8.910000	-155.814896	25.659600	1.904509	58.784134	1547.220926	0.000000
157.700000	-8.910000	-155.814896	25.909600	2.094994	58.645176	1550.555898	1.000000
157.700000	-8.910000	-155.814896	26.159600	2.285039	58.507175	1553.890870	1.000000
157.700000	-8.910000	-155.814896	26.409600	2.251762	58.370001	1557.225841	1.000000
157.700000	-8.910000	-155.564896	15.159600	1.664705	65.585271	1418.601299	0.000000
157.700000	-8.910000	-155.564896	15.409600	1.865240	65.409090	1421.220259	1.000000
157.700000	-8.910000	-155.564896	15.659600	0.838684	65.233804	1423.839219	1.000000
157.700000	-8.910000	-155.564896	15.909600	-0.162159	65.059435	1426.853988	1.000000
157.700000	-8.910000	-155.564896	16.159600	-0.761130	64.885965	1430.100717	1.000000
157.700000	-8.910000	-155.564896	16.409600	-0.559912	64.713412	1433.347445	1.000000
157.700000	-8.910000	-155.564896	16.659600	-0.359154	64.541762	1436.594174	1.000000
157.700000	-8.910000	-155.564896	16.909600	-0.158871	64.371029	1439.840902	1.000000
157.700000	-8.910000	-155.564896	17.159600	0.040950	64.201200	1443.087630	0.000000
157.700000	-8.910000	-155.564896	17.409600	0.240296	64.032288	1446.334359	0.000000
157.700000	-8.910000	-155.564896	17.659600	0.439177	63.864284	1449.581087	0.000000
157.700000	-8.910000	-155.564896	17.909600	0.637584	63.697196	1452.827816	0.000000
157.700000	-8.910000	-155.564896	18.159600	0.531349	63.531016	1456.074544	1.000000
157.700000	-8.910000	-155.564896	18.409600	0.575286	63.365752	1459.321272	1.000000
157.700000	-8.910000	-155.564896	18.659600	1.183800	63.201399	1462.491010	1.000000
157.700000	-8.910000	-155.564896	18.909600	1.443497	63.037959	1465.502177	1.000000
157.700000	-8.910000	-155.564896	19.159600	1.161453	62.875432	1468.513345	1.000000
157.700000	-8.910000	-155.564896	19.409600	0.783607	62.713816	1471.524512	1.000000
157.700000	-8.910000	-155.564896	19.659600	0.057301	62.553114	1474.622996	1.000000
157.700000	-8.910000	-155.564896	19.909600	-0.351158	62.393321	1477.802284	2.000000
157.700000	-8.910000	-155.564896	20.159600	-0.338286	62.234443	1480.981571	1.000000
157.700000	-8.910000	-155.564896	20.409600	-0.095318	62.076472	1484.160858	1.000000
157.700000	-8.910000	-155.564896	20.659600	0.146990	61.919415	1487.340146	1.000000
157.700000	-8.910000	-155.564896	20.909600	0.388644	61.763264	1490.519433	1.000000
157.700000	-8.910000	-155.564896	21.159600	0.629636	61.608026	1493.698720	1.000000
157.700000	-8.910000	-155.564896	21.409600	0.869976	61.453692	1496.878008	2.000000
157.700000	-8.910000	-155.564896	21.659600	1.075733	61.300271	1500.057295	2.000000
157.700000	-8.910000	-155.564896	21.909600	1.242415	61.147750	1503.236582	1.000000
157.700000	-8.910000	-155.564896	22.159600	1.261783	60.996142	1506.415869	1.000000
157.700000	-8.910000	-155.564896	22.409600	0.586761	60.845431	1509.607893	1.000000
157.700000	-8.910000	-155.564896	22.659600	-0.208170	60.695632	1512.901298	1.000000
157.700000	-8.910000	-155.564896	22.909600	-0.023552	60.546727	1516.194703	1.000000
157.700000	-8.910000	-155.564896	23.159600	0.169957	60.398732	1519.488108	1.000000
157.700000	-8.910000	-155.564896	23.409600	0.363082	60.251628	1522.781513	0.000000
157.700000	-8.910000	-155.564896	23.659600	0.555807	60.105433	1526.074919	0.000000
157.700000	-8.910000	-155.564896	23.909600	0.748153	59.960125	1529.368324	0.000000
157.700000	-8.910000	-155.564896	24.159600	0.940102	59.815724	1532.661729	0.000000
157.700000	-8.910000	-155.564896	24.409600	1.131676	59.672208	1535.955134	0.000000
157.700000	-8.910000	-155.564896	24.659600	1.218025	59.529595	1539.248539	0.000000
157.700000	-8.910000	-155.564896	24.909600	1.197907	59.387863	1542.570304	0.000000
157.700000	-8.910000	-155.564896	25.159600	1.340107	59.247034	1545.905276	0.000000
157.700000	-8.910000	-155.564896	25.409600	1.530553	59.107080	1549.240248	0.000000
157.700000	-8.910000	-155.564896	25.659600	1.720616	58.968027	1552.575220	0.000000
157.700000	-8.910000	-155.564896	25.909600	1.910324	58.829846	1555.910192	1.000000
157.700000	-8.910000	-155.564896	26.159600	2.099652	58.692561	1559.245164	1.000000
157.700000	-8.910000	-155.564896	26.409600	2.288631	58.556145	1562.580136	1.000000
157.700000	-8.910000	-155.314896	15.159600	1.522413	65.727563	1424.629466	0.000000
157.700000	-8.910000	-155.314896	15.409600	1.065650	65.552528	1427.248426	0.000000
157.700000	-8.910000	-155.314896	15.659600	-0.090660	65.378468	1430.036546	1.000000
157.700000	-8.910000	-155.314896	15.909600	-1.108612	65.205223	1433.283275	1.000000
157.700000	-8.910000	-155.314896	16.159600	-0.908120	65.032954	1436.530003	1.000000
157.700000	-8.910000	-155.314896	16.409600	-0.708004	64.861504	1439.776732	1.000000
157.700000	-8.910000	-155.314896	16.659600	-0.508423	64.691031	1443.023460	1.000000
157.700000	-8.910000	-155.314896	16.909600	-0.309220	64.521377	1446.270188	0.000000
157.700000	-8.910000	-155.314896	17.159600	-0.110553	64.352703	1449.516917	0.000000
157.700000	-8.910000	-155.314896	17.409600	0.028950	64.184849	1452.763645	0.000000
157.700000	-8.910000	-155.314896	17.659600	-0.191331	64.017975	1456.010374	0.000000
157.700000	-8.910000	-155.314896	17.909600	0.190284	63.851923	1459.257102	0.000000
157.700000	-8.910000	-155.314896	18.159600	0.806910	63.686851	1462.330722	0.000000
157.700000	-8.910000	-155.314896	18.409600	0.795447	63.522602	1465.341890	1.000000
157.700000	-8.910000	-155.314896	18.659600	0.689820	63.359333	1468.353057	1.000000
157.700000	-8.910000	-155.314896	18.909600	0.885708	63.196888	1471.364224	1.000000
157.700000	-8.910000	-155.314896	19.159600	1.081066	63.035421	1474.375391	1.000000
157.700000	-8.910000	-155.314896	19.409600	1.276046	62.874779	1477.386559	1.000000
157.700000	-8.910000	-155.314896	19.659600	1.302207	62.715115	1480.397726	1.000000
157.700000	-8.910000	-155.314896	19.909600	0.943032	62.556276	1483.408893	1.000000
157.700000	-8.910000	-155.314896	20.159600	0.164346	62.398413	1486.479459	1.000000
157.700000	-8.910000	-155.314896	20.409600	-0.402413	62.241375	1489.658746	1.000000
157.700000	-8.910000	-155.314896	20.659600	-0.502568	62.085312	1492.838033	1.000000
157.700000	-8.910000	-155.314896	20.909600	-0.307632	61.930074	1496.017320	1.000000
157.700000	-8.910000	-155.314896	21.159600	-0.113183	61.775808	1499.196608	1.000000
157.700000	-8.910000	-155.314896	21.409600	0.080929	61.622367	1502.375895	2.000000
157.700000	-8.910000	-155.314896	21.659600	0.274556	61.469896	1505.555182	1.000000
157.700000	-8.910000	-155.314896	21.909600	0.467848	61.318249	1508.734470	1.000000
157.700000	-8.910000	-155.314896	22.159600	0.660658	61.167570	1511.913757	1.000000
157.700000	-8.910000	-155.314896	22.409600	0.825516	61.017714	1515.093044	1.000000
157.700000	-8.910000	-155.314896	22.659600	0.355157	60.868823	1518.272332	1.000000
157.700000	-8.910000	-155.314896	22.909600	-0.134836	60.720754	1521.561676	1.000000
157.700000	-8.910000	-155.314896	23.159600	-0.004959	60.573647	1524.855081	1.000000
157.700000	-8.910000	-155.314896	23.409600	0.187349	60.427361	1528.148486	0.000000
157.700000	-8.910000	-155.314896	23.659600	0.379206	60.282033	1531.441891	0.000000
157.700000	-8.910000	-155.314896	23.909600	0.570754	60.137524	1534.735296	0.000000
157.700000	-8.910000	-155.314896	24.159600	0.761855	59.993971	1538.028702	0.000000
157.700000	-8.910000	-155.314896	24.409600	0.952648	59.851235	1541.322107	0.000000
157.700000	-8.910000	-155.314896	24.659600	1.085008	59.709451	1544.615512	0.000000
157.700000	-8.910000	-155.314896	24.909600	1.063995	59.568482	1547.924599	0.000000
157.700000	-8.910000	-155.314896	25.159600	1.158679	59.428461	1551.259571	0.000000
157.700000	-8.910000	-155.314896	25.409600	1.348379	59.289254	1554.594542	0.000000
157.700000	-8.910000	-155.314896	25.659600	1.537653	59.150990	1557.929514	0.000000
157.700000	-8.910000	-155.314896	25.909600	1.726632	59.013538	1561.264486	1.000000
157.700000	-8.910000	-155.314896	26.159600	1.915189	58.877024	1564.599458	1.000000
157.700000	-8.910000	-155.064896	15.159600	1.381229	65.868747	1430.657633	0.000000
157.700000	-8.910000	-155.064896	15.409600	0.002740	65.694951	1433.276593	0.000000
157.700000	-8.910000	-155.064896	15.659600	-1.253372	65.522025	1436.465833	0.000000
157.700000	-8.910000	-155.064896	15.909600	-1.253384	65.349995	1439.712561	0.000000
157.700000	-8.910000	-155.064896	16.159600	-1.054004	65.178839	1442.959290	0.000000
157.700000	-8.910000	-155.064896	16.409600	-0.855079	65.008579	1446.206018	0.000000
157.700000	-8.910000	-155.064896	16.659600	-0.656589	64.839197	1449.452747	0.000000
157.700000	-8.910000	-155.064896	16.909600	-0.686945	64.670711	1452.699475	0.000000
157.700000	-8.910000	-155.064896	17.159600	-0.794651	64.503105	1455.946203	0.000000
157.700000	-8.910000	-155.064896	17.409600	-0.187568	64.336396	1459.159267	0.000000
157.700000	-8.910000	-155.064896	17.659600	0.312797	64.170570	1462.170434	0.000000
157.700000	-8.910000	-155.064896	17.909600	0.065769	64.005639	1465.181602	0.000000
157.700000	-8.910000	-155.064896	18.159600	0.142017	63.841594	1468.192769	0.000000
157.700000	-8.910000	-155.064896	18.409600	0.337715	63.678443	1471.203936	1.000000
157.700000	-8.910000	-155.064896	18.659600	0.532974	63.516179	1474.215104	1.000000
157.700000	-8.910000	-155.064896	18.909600	0.727786	63.354809	1477.226271	1.000000
157.700000	-8.910000	-155.064896	19.159600	0.922158	63.194328	1480.237438	1.000000
157.700000	-8.910000	-155.064896	19.409600	1.116086	63.034739	1483.248605	1.000000
157.700000	-8.910000	-155.064896	19.659600	1.309573	62.876040	1486.259773	1.000000
157.700000	-8.910000	-155.064896	19.909600	1.502617	62.718231	1489.270940	0.000000
157.700000	-8.910000	-155.064896	20.159600	1.581184	62.561313	1492.282107	0.000000
157.700000	-8.910000	-155.064896	20.409600	1.327508	62.405284	1495.293274	1.000000
157.700000	-8.910000	-155.064896	20.659600	0.550715	62.250146	1498.335921	1.000000
157.700000	-8.910000	-155.064896	20.909600	-0.118996	62.095894	1501.515208	1.000000
157.700000	-8.910000	-155.064896	21.159600	-0.279909	61.942534	1504.694495	1.000000
157.700000	-8.910000	-155.064896	21.409600	-0.086763	61.790058	1507.873783	0.000000
157.700000	-8.910000	-155.064896	21.659600	0.105979	61.638474	1511.053070	1.000000
157.700000	-8.910000	-155.064896	21.909600	0.298326	61.487771	1514.232357	1.000000
157.700000	-8.910000	-155.064896	22.159600	0.490269	61.337959	1517.411645	1.000000
157.700000	-8.910000	-155.064896	22.409600	0.681821	61.189026	1520.590932	1.000000
157.700000	-8.910000	-155.064896	22.659600	0.872971	61.040983	1523.770219	1.000000
157.700000	-8.910000	-155.064896	22.909600	0.474428	60.893817	1526.949506	1.000000
157.700000	-8.910000	-155.064896	23.159600	-0.015496	60.747540	1530.222054	0.000000
157.700000	-8.910000	-155.064896	23.409600	0.012574	60.602136	1533.515459	0.000000
157.700000	-8.910000	-155.064896	23.659600	0.203620	60.457619	1536.808864	0.000000
157.700000	-8.910000	-155.064896	23.909600	0.394305	60.313974	1540.102269	0.000000
157.700000	-8.910000	-155.064896	24.159600	0.584613	60.171214	1543.395674	0.000000
157.700000	-8.910000	-155.064896	24.409600	0.774563	60.029321	1546.689080	0.000000
157.700000	-8.910000	-155.064896	24.659600	0.953028	59.888312	1549.982485	0.000000
157.700000	-8.910000	-155.064896	24.909600	0.953148	59.748167	1553.278893	0.000000
157.700000	-8.910000	-155.064896	25.159600	0.978236	59.608905	1556.613865	0.000000
157.700000	-8.910000	-155.064896	25.409600	1.167131	59.470502	1559.948837	0.000000
157.700000	-8.910000	-155.064896	25.659600	1.355663	59.332979	1563.283809	0.000000
157.700000	-8.910000	-155.064896	25.909600	1.543856	59.196313	1566.618780	0.000000
157.700000	-8.910000	-155.064896	26.159600	1.731689	59.060524	1569.953752	1.000000
157.700000	-8.910000	-154.814896	15.159600	0.119141	66.009001	1436.685800	1.000000
157.700000	-8.910000	-154.814896	15.409600	-0.898289	65.836349	1439.648391	0.000000
157.700000	-8.910000	-154.814896	15.659600	-1.595817	65.664647	1442.895120	0.000000
157.700000	-8.910000	-154.814896	15.909600	-1.397128	65.493739	1446.141848	0.000000
157.700000	-8.910000	-154.814896	16.159600	-1.198949	65.323784	1449.388576	0.000000
157.700000	-8.910000	-154.814896	16.409600	-1.401748	65.154625	1452.635305	0.000000
157.700000	-8.910000	-154.814896	16.659600	-1.173110	64.986420	1455.882033	0.000000
157.700000	-8.910000	-154.814896	16.909600	-0.558035	64.819014	1458.998979	0.000000
157.700000	-8.910000	-154.814896	17.159600	-0.409755	64.652563	1462.010147	0.000000
157.700000	-8.910000	-154.814896	17.409600	-0.598255	64.486912	1465.021314	0.000000
157.700000	-8.910000	-154.814896	17.659600	-0.402356	64.322217	1468.032481	0.000000
157.700000	-8.910000	-154.814896	17.909600	-0.206812	64.158324	1471.043648	0.000000
157.700000	-8.910000	-154.814896	18.159600	-0.011776	63.995387	1474.054816	0.000000
157.700000	-8.910000	-154.814896	18.409600	0.182905	63.833253	1477.065983	0.000000
157.700000	-8.910000	-154.814896	18.659600	0.377077	63.672076	1480.077150	1.000000
157.700000	-8.910000	-154.814896	18.909600	0.570894	63.511702	1483.088318	1.000000
157.700000	-8.910000	-154.814896	19.159600	0.764202	63.352285	1486.099485	1.000000
157.700000	-8.910000	-154.814896	19.409600	0.957154	63.193672	1489.110652	1.000000
157.700000	-8.910000	-154.814896	19.659600	1.149599	63.036014	1492.121819	0.000000
157.700000	-8.910000	-154.814896	19.909600	1.341687	62.879162	1495.132987	0.000000
157.700000	-8.910000	-154.814896	20.159600	1.533269	62.723263	1498.144154	0.000000
157.700000	-8.910000	-154.814896	20.409600	1.724494	62.568171	1501.155321	0.000000
157.700000	-8.910000	-154.814896	20.659600	1.855019	62.414031	1504.166488	0.000000
157.700000	-8.910000	-154.814896	20.909600	1.706437	62.260696	1507.177656	0.000000
157.700000	-8.910000	-154.814896	21.159600	0.931581	62.108313	1510.192383	0.000000
157.700000	-8.910000	-154.814896	21.409600	0.159573	61.956735	1513.371670	0.000000
157.700000	-8.910000	-154.814896	21.659600	-0.008816	61.806106	1516.550957	1.000000
157.700000	-8.910000	-154.814896	21.909600	0.129815	61.656282	1519.730245	1.000000
157.700000	-8.910000	-154.814896	22.159600	0.320823	61.507406	1522.909532	1.000000
157.700000	-8.910000	-154.814896	22.409600	0.511515	61.359333	1526.088819	1.000000
157.700000	-8.910000	-154.814896	22.659600	0.701750	61.212205	1529.268107	1.000000
157.700000	-8.910000	-154.814896	22.909600	0.891669	61.065880	1532.447394	1.000000
157.700000	-8.910000	-154.814896	23.159600	0.592193	60.920497	1535.626681	0.000000
157.700000	-8.910000	-154.814896	23.409600	0.102448	60.775916	1538.882432	0.000000
157.700000	-8.910000	-154.814896	23.659600	0.028965	60.632275	1542.175837	0.000000
157.700000	-8.910000	-154.814896	23.909600	0.218844	60.489434	1545.469242	0.000000
157.700000	-8.910000	-154.814896	24.159600	0.408297	60.347530	1548.762647	0.000000
157.700000	-8.910000	-154.814896	24.409600	0.597459	60.206424	1552.056052	0.000000
157.700000	-8.910000	-154.814896	24.659600	0.786199	60.066252	1555.349457	0.000000
157.700000	-8.910000	-154.814896	24.909600	0.850077	59.926877	1558.642863	0.000000
157.700000	-8.910000	-154.814896	25.159600	0.834277	59.788432	1561.968159	0.000000
157.700000	-8.910000	-154.814896	25.409600	0.986851	59.650782	1565.303131	0.000000
157.700000	-8.910000	-154.814896	25.659600	1.174585	59.514058	1568.638103	0.000000
157.700000	-8.910000	-154.814896	25.909600	1.362041	59.378128	1571.973075	0.000000
157.700000	-8.910000	-154.564896	15.159600	-0.813885	66.148170	1442.830949	1.000000
157.700000	-8.910000	-154.564896	15.409600	-1.935264	65.976754	1446.077678	1.000000
157.700000	-8.910000	-154.564896	15.659600	-1.889682	65.806184	1449.324406	0.000000
157.700000	-8.910000	-154.564896	15.909600	-2.115371	65.636490	1452.571134	0.000000
157.700000	-8.910000	-154.564896	16.159600	-1.544096	65.467646	1455.817863	0.000000
157.700000	-8.910000	-154.564896	16.409600	-0.920937	65.299677	1458.838692	0.000000
157.700000	-8.910000	-154.564896	16.659600	-1.131514	65.132562	1461.849859	0.000000
157.700000	-8.910000	-154.564896	16.909600	-1.138733	64.966324	1464.861026	0.000000
157.700000	-8.910000	-154.564896	17.159600	-0.943042	64.800942	1467.872193	0.000000
157.700000	-8.910000	-154.564896	17.409600	-0.747779	64.636435	1470.883361	0.000000
157.700000	-8.910000	-154.564896	17.659600	-0.552929	64.472789	1473.894528	0.000000
157.700000	-8.910000	-154.564896	17.909600	-0.358506	64.310018	1476.905695	0.000000
157.700000	-8.910000	-154.564896	18.159600	-0.164498	64.148109	1479.916862	0.000000
157.700000	-8.910000	-154.564896	18.409600	0.029083	63.987075	1482.928030	0.000000
157.700000	-8.910000	-154.564896	18.659600	0.222248	63.826905	1485.939197	0.000000
157.700000	-8.910000	-154.564896	18.909600	0.414986	63.667609	1488.950364	0.000000
157.700000	-8.910000	-154.564896	19.159600	0.607307	63.509179	1491.961532	0.000000
157.700000	-8.910000	-154.564896	19.409600	0.799204	63.351622	1494.972699	0.000000
157.700000	-8.910000	-154.564896	19.659600	0.990681	63.194932	1497.983866	0.000000
157.700000	-8.910000	-154.564896	19.909600	1.181735	63.039114	1500.995033	0.000000
157.700000	-8.910000	-154.564896	20.159600	1.372369	62.884163	1504.006201	0.000000
157.700000	-8.910000	-154.564896	20.409600	1.562582	62.730083	1507.017368	0.000000
157.700000	-8.910000	-154.564896	20.659600	1.752374	62.576872	1510.028535	0.000000
157.700000	-8.910000	-154.564896	20.909600	1.941747	62.424529	1513.039702	0.000000
157.700000	-8.910000	-154.564896	21.159600	2.123919	62.273055	1516.050870	0.000000
157.700000	-8.910000	-154.564896	21.409600	1.988748	62.122447	1519.062037	0.000000
157.700000	-8.910000	-154.564896	21.659600	1.307118	61.972709	1522.073204	0.000000
157.700000	-8.910000	-154.564896	21.909600	0.523856	61.823835	1525.228132	0.000000
157.700000	-8.910000	-154.564896	22.159600	0.265354	61.675830	1528.407420	0.000000
157.700000	-8.910000	-154.564896	22.409600	0.342161	61.528686	1531.586707	1.000000
157.700000	-8.910000	-154.564896	22.659600	0.531543	61.382412	1534.765994	0.000000
157.700000	-8.910000	-154.564896	22.909600	0.720553	61.236996	1537.945281	0.000000
157.700000	-8.910000	-154.564896	23.159600	0.909184	61.092449	1541.124569	0.000000
157.700000	-8.910000	-154.564896	23.409600	0.708551	60.948757	1544.303856	0.000000
157.700000	-8.910000	-154.564896	23.659600	0.218940	60.805933	1547.542809	0.000000
157.700000	-8.910000	-154.564896	23.909600	0.044316	60.663962	1550.836215	0.000000
157.700000	-8.910000	-154.564896	24.159600	0.232969	60.522858	1554.129620	0.000000
157.700000	-8.910000	-154.564896	24.409600	0.421281	60.382603	1557.423025	0.000000
157.700000	-8.910000	-154.564896	24.659600	0.609238	60.243213	1560.716430	0.000000
157.700000	-8.910000	-154.564896	24.909600	0.725892	60.104670	1564.009835	0.000000
157.700000	-8.910000	-154.564896	25.159600	0.702364	59.966990	1567.322453	0.000000
157.700000	-8.910000	-154.564896	25.409600	0.807480	59.830154	1570.657425	0.000000
157.700000	-8.910000	-154.564896	25.659600	0.994465	59.694178	1573.992397	0.000000
157.700000	-8.910000	-154.564896	25.909600	1.181126	59.559043	1577.327369	0.000000
157.700000	-8.910000	-154.314896	15.159600	-2.210228	66.286433	1449.260236	1.000000
157.700000	-8.910000	-154.314896	15.409600	-2.520547	66.116159	1452.506964	1.000000
157.700000	-8.910000	-154.314896	15.659600	-1.907562	65.946812	1455.667237	1.000000
157.700000	-8.910000	-154.314896	15.909600	-1.599412	65.778238	1458.678404	0.000000
157.700000	-8.910000	-154.314896	16.159600	-1.852523	65.610593	1461.689571	0.000000
157.700000	-8.910000	-154.314896	16.409600	-1.675410	65.443725	1464.700738	0.000000
157.700000	-8.910000	-154.314896	16.659600	-1.480057	65.277786	1467.711906	0.000000
157.700000	-8.910000	-154.314896	16.909600	-1.285036	65.112627	1470.723073	0.000000
157.700000	-8.910000	-154.314896	17.159600	-1.090499	64.948399	1473.734240	0.000000
157.700000	-8.910000	-154.314896	17.409600	-0.896295	64.784952	1476.745407	0.000000
157.700000	-8.910000	-154.314896	17.659600	-0.702577	64.622437	1479.756575	0.000000
157.700000	-8.910000	-154.314896	17.909600	-0.509193	64.460704	1482.767742	0.000000
157.700000	-8.910000	-154.314896	18.159600	-0.316294	64.299905	1485.778909	0.000000
157.700000	-8.910000	-154.314896	18.409600	-0.123731	64.139889	1488.790076	0.000000
157.700000	-8.910000	-154.314896	18.659600	0.068346	63.980807	1491.801244	0.000000
157.700000	-8.910000	-154.314896	18.909600	0.260086	63.822510	1494.812411	0.000000
157.700000	-8.910000	-154.314896	19.159600	0.451341	63.665146	1497.823578	0.000000
157.700000	-8.910000	-154.314896	19.409600	0.642258	63.508567	1500.834746	0.000000
157.700000	-8.910000	-154.314896	19.659600	0.832691	63.352922	1503.845913	0.000000
157.700000	-8.910000	-154.314896	19.909600	1.022786	63.198062	1506.857080	0.000000
157.700000	-8.910000	-154.314896	20.159600	1.212397	63.044136	1509.868247	0.000000
157.700000	-8.910000	-154.314896	20.409600	1.401670	62.890995	1512.879415	0.000000
157.700000	-8.910000	-154.314896	20.659600	1.590460	62.738786	1515.890582	0.000000
157.700000	-8.910000	-154.314896	20.909600	1.778912	62.587364	1518.901749	0.000000
157.700000	-8.910000	-154.314896	21.159600	1.966882	62.436871	1521.912916	0.000000
157.700000	-8.910000	-154.314896	21.409600	2.154515	62.287165	1524.924084	0.000000
157.700000	-8.910000	-154.314896	21.659600	2.341668	62.138388	1527.935251	0.000000
157.700000	-8.910000	-154.314896	21.909600	2.252882	61.990397	1530.946418	0.000000
157.700000	-8.910000	-154.314896	22.159600	1.677293	61.843333	1533.957585	0.000000
157.700000	-8.910000	-154.314896	22.409600	0.896221	61.697054	1537.084594	0.000000
157.700000	-8.910000	-154.314896	22.659600	0.534845	61.551701	1540.263882	0.000000
157.700000	-8.910000	-154.314896	22.909600	0.550417	61.407132	1543.443169	0.000000
157.700000	-8.910000	-154.314896	23.159600	0.738147	61.263485	1546.622456	0.000000
157.700000	-8.910000	-154.314896	23.409600	0.925581	61.120623	1549.801744	0.000000
157.700000	-8.910000	-154.314896	23.659600	0.823414	60.978681	1552.981031	0.000000
157.700000	-8.910000	-154.314896	23.909600	0.334045	60.837521	1556.203187	0.000000
157.700000	-8.910000	-154.314896	24.159600	0.058547	60.697279	1559.496593	0.000000
157.700000	-8.910000	-154.314896	24.409600	0.246065	60.557818	1562.789998	0.000000
157.700000	-8.910000	-154.314896	24.659600	0.433179	60.419272	1566.083403	0.000000
157.700000	-8.910000	-154.314896	24.909600	0.595876	60.281506	1569.376808	0.000000
157.700000	-8.910000	-154.314896	25.159600	0.585410	60.144651	1572.676748	0.000000
157.700000	-8.910000	-154.314896	25.409600	0.629058	60.008575	1576.011719	0.000000
157.700000	-8.910000	-154.314896	25.659600	0.815236	59.873406	1579.346691	0.000000
157.700000	-8.910000	-154.314896	25.909600	1.001154	59.739015	1582.681663	0.000000
157.700000	-8.910000	-154.064896	16.159600	-2.013132	65.752479	1467.551618	0.000000
157.700000	-8.910000	-154.064896	16.409600	-1.818485	65.586800	1470.562785	0.000000
157.700000	-8.910000	-154.064896	16.659600	-1.624222	65.421951	1473.573952	0.000000
157.700000	-8.910000	-154.064896	16.909600	-1.430368	65.257959	1476.585120	0.000000
157.700000	-8.910000	-154.064896	17.159600	-1.236900	65.094800	1479.596287	0.000000
157.700000	-8.910000	-154.064896	17.409600	-1.043841	64.932497	1482.607454	0.000000
157.700000	-8.910000	-154.064896	17.659600	-0.851171	64.771031	1485.618621	0.000000
157.700000	-8.910000	-154.064896	17.909600	-0.658910	64.610421	1488.629789	0.000000
157.700000	-8.910000	-154.064896	18.159600	-0.467040	64.450651	1491.640956	0.000000
157.700000	-8.910000	-154.064896	18.409600	-0.275578	64.291736	1494.652123	0.000000
157.700000	-8.910000	-154.064896	18.659600	-0.084511	64.133663	1497.663290	0.000000
157.700000	-8.910000	-154.064896	18.909600	0.106150	63.976445	1500.674458	0.000000
157.700000	-8.910000	-154.064896	19.159600	0.296416	63.820071	1503.685625	0.000000
157.700000	-8.910000	-154.064896	19.409600	0.486275	63.664550	1506.696792	0.000000
157.700000	-8.910000	-154.064896	19.659600	0.675738	63.509875	1509.707960	0.000000
157.700000	-8.910000	-154.064896	19.909600	0.864796	63.356053	1512.719127	0.000000
157.700000	-8.910000	-154.064896	20.159600	1.053456	63.203077	1515.730294	0.000000
157.700000	-8.910000	-154.064896	20.409600	1.241712	63.050952	1518.741461	0.000000
157.700000	-8.910000	-154.064896	20.659600	1.429570	62.899675	1521.752629	0.000000
157.700000	-8.910000	-154.064896	20.909600	1.617027	62.749248	1524.763796	0.000000
157.700000	-8.910000	-154.064896	21.159600	1.804084	62.599669	1527.774963	0.000000
157.700000	-8.910000	-154.064896	21.409600	1.990742	62.450938	1530.786130	0.000000
157.700000	-8.910000	-154.064896	21.659600	2.177001	62.303056	1533.797298	0.000000
157.700000	-8.910000	-154.064896	21.909600	2.362862	62.156019	1536.808465	0.000000
157.700000	-8.910000	-154.064896	22.159600	2.548324	62.009832	1539.819632	0.000000
157.700000	-8.910000	-154.064896	22.409600	2.512240	61.864488	1542.830799	0.000000
157.700000	-8.910000	-154.064896	22.659600	2.042266	61.719993	1545.841967	0.000000
157.700000	-8.910000	-154.064896	22.909600	1.263431	61.576339	1548.941057	0.000000
157.700000	-8.910000	-154.064896	23.159600	0.799838	61.433533	1552.120344	0.000000
157.700000	-8.910000	-154.064896	23.409600	0.754638	61.291567	1555.299631	0.000000
157.700000	-8.910000	-154.064896	23.659600	0.940818	61.150447	1558.478918	0.000000
157.700000	-8.910000	-154.064896	23.909600	0.936879	61.010165	1561.658206	0.000000
157.700000	-8.910000	-154.064896	24.159600	0.447708	60.870728	1564.863565	0.000000
157.700000	-8.910000	-154.064896	24.409600	0.071758	60.732126	1568.156970	0.000000
157.700000	-8.910000	-154.064896	24.659600	0.258083	60.594368	1571.450376	0.000000
157.700000	-8.910000	-154.064896	24.909600	0.444088	60.457441	1574.743781	0.000000
157.700000	-8.910000	-154.064896	25.159600	0.484280	60.321359	1578.037186	0.000000
157.700000	-8.910000	-154.064896	25.409600	0.474089	60.186103	1581.366014	0.000000
157.700000	-8.910000	-154.064896	25.659600	0.636952	60.051691	1584.700986	0.000000
157.700000	-8.910000	-153.814896	18.409600	-0.426440	64.442598	1500.514170	0.000000
157.700000	-8.910000	-153.814896	18.659600	-0.236462	64.285615	1503.525337	0.000000
157.700000	-8.910000	-153.814896	18.909600	-0.046801	64.129397	1506.536504	0.000000
157.700000	-8.910000	-153.814896	19.159600	0.142396	63.974090	1509.547672	0.000000
157.700000	-8.910000	-153.814896	19.409600	0.331275	63.819550	1512.558839	0.000000
157.700000	-8.910000	-153.814896	19.659600	0.519690	63.665922	1515.570006	0.000000
157.700000	-8.910000	-153.814896	19.909600	0.707787	63.513062	1518.581174	0.000000
157.700000	-8.910000	-153.814896	20.159600	0.895420	63.361112	1521.592341	0.000000
157.700000	-8.910000	-153.814896	20.409600	1.082734	63.209930	1524.603508	0.000000
157.700000	-8.910000	-153.814896	20.659600	1.269586	63.059659	1527.614675	0.000000
157.700000	-8.910000	-153.814896	20.909600	1.456119	62.910156	1530.625843	0.000000
157.700000	-8.910000	-153.814896	21.159600	1.642191	62.761563	1533.637010	0.000000
157.700000	-8.910000	-153.814896	21.409600	1.827943	62.613738	1536.648177	0.000000
157.700000	-8.910000	-153.814896	21.659600	2.013236	62.466821	1539.659344	0.000000
157.700000	-8.910000	-153.814896	21.909600	2.198209	62.320672	1542.670512	0.000000
157.700000	-8.910000	-153.814896	22.159600	2.382725	62.175430	1545.681679	0.000000
157.700000	-8.910000	-153.814896	22.409600	2.566922	62.030956	1548.692846	0.000000
157.700000	-8.910000	-153.814896	22.659600	2.750664	61.887387	1551.704013	0.000000
157.700000	-8.910000	-153.814896	22.909600	2.766948	61.744585	1554.715181	0.000000
157.700000	-8.910000	-153.814896	23.159600	2.402005	61.602686	1557.726348	0.000000
157.700000	-8.910000	-153.814896	23.409600	1.625589	61.461554	1560.797519	0.000000
157.700000	-8.910000	-153.814896	23.659600	1.060330	61.321323	1563.976806	0.000000
157.700000	-8.910000	-153.814896	23.909600	0.954958	61.181857	1567.156093	0.000000
157.700000	-8.910000	-153.814896	24.159600	1.048859	61.043290	1570.335381	0.000000
157.700000	-8.910000	-153.814896	24.409600	0.559990	60.905488	1573.523943	0.000000
157.700000	-8.910000	-153.814896	24.659600	0.100940	60.768581	1576.817348	0.000000
157.700000	-8.910000	-153.814896	24.909600	0.269091	60.632438	1580.110754	0.000000
157.700000	-8.910000	-153.814896	25.159600	0.370020	60.497188	1583.404159	0.000000
157.700000	-8.910000	-153.814896	25.409600	0.344077	60.362700	1586.720308	1.000000
157.700000	-8.910000	-153.814896	25.659600	0.459541	60.229101	1590.055280	1.000000
157.700000	-8.910000	-153.564896	20.659600	1.110609	63.218637	1533.476722	0.000000
157.700000	-8.910000	-153.564896	20.909600	1.296142	63.070133	1536.487889	0.000000
157.700000	-8.910000	-153.564896	21.159600	1.481297	62.922456	1539.499057	0.000000
157.700000	-8.910000	-153.564896	21.409600	1.666071	62.775610	1542.510224	0.000000
157.700000	-8.910000	-153.564896	21.659600	1.850465	62.629592	1545.521391	0.000000
157.700000	-8.910000	-153.564896	21.909600	2.034479	62.484403	1548.532558	0.000000
157.700000	-8.910000	-153.564896	22.159600	2.218114	62.340041	1551.543726	0.000000
157.700000	-8.910000	-153.564896	22.409600	2.401371	62.196507	1554.554893	0.000000
157.700000	-8.910000	-153.564896	22.659600	2.584249	62.053801	1557.566060	0.000000
157.700000	-8.910000	-153.564896	22.909600	2.766752	61.911920	1560.577227	0.000000
157.700000	-8.910000	-153.564896	23.159600	2.948875	61.770867	1563.588395	0.000000
157.700000	-8.910000	-153.564896	23.409600	3.017052	61.630637	1566.599562	0.000000
157.700000	-8.910000	-153.564896	23.659600	2.756657	61.491234	1569.610729	0.000000
157.700000	-8.910000	-153.564896	23.909600	1.982709	61.352652	1572.653981	0.000000
157.700000	-8.910000	-153.564896	24.159600	1.316489	61.214896	1575.833268	0.000000
157.700000	-8.910000	-153.564896	24.409600	1.131487	61.077958	1579.012555	0.000000
157.700000	-8.910000	-153.564896	24.659600	0.670840	60.941847	1582.191843	0.000000
157.700000	-8.910000	-153.564896	24.909600	0.177820	60.806550	1585.477726	1.000000
157.700000	-8.910000	-153.564896	25.159600	0.241888	60.672078	1588.771131	1.000000
157.700000	-8.910000	-153.564896	25.409600	0.220942	60.538419	1592.074602	1.000000
157.700000	-8.910000	-153.314896	22.909600	2.600358	62.078314	1566.439274	0.000000
157.700000	-8.910000	-153.314896	23.159600	2.781569	61.938173	1569.450441	0.000000
157.700000	-8.910000	-153.314896	23.409600	2.962480	61.798782	1572.461609	0.000000
157.700000	-8.910000	-153.314896	23.659600	3.142958	61.660274	1575.472776	0.000000
157.700000	-8.910000	-153.314896	23.909600	3.262674	61.522514	1578.483943	0.000000
157.700000	-8.910000	-153.314896	24.159600	3.106189	61.385634	1581.495111	0.000000
157.700000	-8.910000	-153.314896	24.409600	2.334885	61.249502	1584.510443	0.000000
157.700000	-8.910000	-153.314896	24.659600	1.568314	61.114248	1587.689730	0.000000
157.700000	-8.910000	-153.314896	24.909600	0.832327	60.979741	1590.869018	1.000000
157.700000	-8.910000	-153.314896	25.159600	0.287583	60.846109	1594.138104	1.000000
157.700000	-8.910000	-153.314896	25.409600	0.121653	60.713223	1597.431509	1.000000
157.700000	-8.910000	-153.064896	25.159600	1.447629	61.019216	1599.546192	1.000000
157.700000	-8.910000	-153.064896	25.409600	0.414622	60.887165	1602.798482	1.000000
