-155.996994	20.771000	2768.247000	-72.950000	-45.480000
-159.401001	21.971001	2856.177000	-72.950000	-45.480000
-156.658005	20.891001	2782.268000	-72.950000	-45.480000
-159.664993	22.122999	2864.231000	-72.950000	-45.480000
-160.047501	19.823400	2824.222000	-72.950000	-45.480000
-161.314896	21.956301	2888.091000	-72.950000	-45.480000
-161.095001	23.997200	2926.240000	-72.950000	-45.480000
-158.933105	24.573799	2896.451000	-72.950000	-45.480000
-152.765793	25.592800	2801.227000	-72.950000	-45.480000
-158.185394	22.620199	2845.243000	-72.950000	-45.480000
-154.251801	21.168699	2741.245000	-72.950000	-45.480000
-150.914993	18.914200	2640.384000	-72.950000	-45.480000
-151.637604	16.737801	2608.221000	-72.950000	-45.480000
-156.206604	16.162001	2682.229000	-72.950000	-45.480000
-157.859100	14.659600	2686.669000	-72.950000	-45.480000
-157.700806	16.348400	2715.238000	-72.950000	-45.480000
-158.982498	15.574000	2724.231000	-72.950000	-45.480000
-158.760193	18.564699	2776.228000	-72.950000	-45.480000
-158.179504	20.377800	2802.619000	-72.950000	-45.480000
-160.047501	19.823400	2824.797000	-72.950000	-45.480000
-152.765793	25.592800	2800.752000	-72.950000	-45.480000
-151.637604	16.737801	2607.921000	-72.950000	-45.480000
