-155.772995	19.079000	1354.121000	-0.953718
-155.996994	20.771000	1380.101000	0.200659
-159.401001	21.971001	1337.099000	1.532146
-156.658005	20.891001	1369.121000	0.201976
-159.664993	22.122999	1335.100000	1.753144
-161.314896	21.956301	1303.084000	2.933351
-161.095001	23.997200	1344.077000	2.780066
-158.933105	24.573799	1394.082000	2.125034
-155.765305	26.776699	1492.085000	NaN
-156.964600	24.312099	1425.099000	1.762447
-158.185394	22.620199	1372.099000	0.967112
-154.251801	21.168699	1422.097000	-0.065886
-151.637604	16.737801	1399.076000	35.028434
-151.686600	14.689100	1369.084000	1.589310
-153.967499	14.731300	1320.088000	0.833234
-156.206604	16.162001	1295.084000	-0.405140
-157.859100	14.659600	1239.078000	NaN
-157.700806	16.348400	1269.078000	-1.189392
-158.760193	18.564699	1288.087000	-0.890436
-158.179504	20.377800	1331.093000	0.726811
-151.637604	16.737801	1399.751000	35.028434
-151.686600	14.689100	1369.584000	1.589310
