166.650000	-14.280000	-160.814896	21.659600	2.505710	44.477172	1306.648791	1.000000
166.650000	-14.280000	-160.814896	21.909600	2.506632	44.320507	1311.075418	1.000000
166.650000	-14.280000	-160.814896	22.159600	2.211045	44.165301	1315.565950	1.000000
166.650000	-14.280000	-160.814896	22.409600	2.233861	44.011455	1320.114213	1.000000
166.650000	-14.280000	-160.814896	22.659600	2.438088	43.859043	1324.662477	1.000000
166.650000	-14.280000	-160.814896	22.909600	2.641607	43.707973	1329.210740	0.000000
166.650000	-14.280000	-160.814896	23.159600	2.844356	43.558311	1333.759003	1.000000
166.650000	-14.280000	-160.814896	23.409600	3.161564	43.409973	1338.307266	1.000000
166.650000	-14.280000	-160.814896	23.659600	3.373886	43.263018	1342.868837	1.000000
166.650000	-14.280000	-160.564896	20.909600	1.192142	45.195442	1297.857998	0.000000
166.650000	-14.280000	-160.564896	21.159600	1.426191	45.034769	1302.204702	0.000000
166.650000	-14.280000	-160.564896	21.409600	2.058182	44.875488	1306.631329	1.000000
166.650000	-14.280000	-160.564896	21.659600	2.265202	44.717679	1311.057956	2.000000
166.650000	-14.280000	-160.564896	21.909600	2.322071	44.561242	1315.484583	2.000000
166.650000	-14.280000	-160.564896	22.159600	2.025559	44.406252	1319.957611	2.000000
166.650000	-14.280000	-160.564896	22.409600	1.992702	44.252614	1324.505874	2.000000
166.650000	-14.280000	-160.564896	22.659600	2.196729	44.100401	1329.054137	2.000000
166.650000	-14.280000	-160.564896	22.909600	2.400061	43.949519	1333.602400	0.000000
166.650000	-14.280000	-160.564896	23.159600	2.721232	43.800040	1338.150663	1.000000
166.650000	-14.280000	-160.564896	23.409600	2.934042	43.651871	1342.747251	1.000000
166.650000	-14.280000	-160.564896	23.659600	3.251818	43.505084	1347.408244	1.000000
166.650000	-14.280000	-160.564896	23.909600	3.480200	43.359586	1352.069237	1.000000
166.650000	-14.280000	-160.314896	20.409600	0.516145	45.758826	1293.677305	0.000000
166.650000	-14.280000	-160.314896	20.659600	0.753223	45.595541	1297.760613	0.000000
166.650000	-14.280000	-160.314896	20.909600	1.143100	45.433651	1302.187240	0.000000
166.650000	-14.280000	-160.314896	21.159600	1.611831	45.273251	1306.613867	0.000000
166.650000	-14.280000	-160.314896	21.409600	1.819442	45.114229	1311.040494	1.000000
166.650000	-14.280000	-160.314896	21.659600	2.026210	44.956671	1315.467121	2.000000
166.650000	-14.280000	-160.314896	21.909600	2.139117	44.800472	1319.893748	2.000000
166.650000	-14.280000	-160.314896	22.159600	1.841666	44.645715	1324.349271	2.000000
166.650000	-14.280000	-160.314896	22.409600	1.753019	44.492297	1328.897534	1.000000
166.650000	-14.280000	-160.314896	22.659600	1.975163	44.340296	1333.445797	1.000000
166.650000	-14.280000	-160.314896	22.909600	2.282002	44.189617	1337.994061	1.000000
166.650000	-14.280000	-160.314896	23.159600	2.495207	44.040331	1342.625664	0.000000
166.650000	-14.280000	-160.314896	23.409600	2.810210	43.892349	1347.286658	1.000000
166.650000	-14.280000	-160.314896	23.659600	3.011165	43.745737	1351.947651	1.000000
166.650000	-14.280000	-160.314896	23.909600	3.211476	43.600411	1356.608644	1.000000
166.650000	-14.280000	-160.064896	19.909600	-0.614140	46.325377	1289.496612	0.000000
166.650000	-14.280000	-160.064896	20.159600	0.078468	46.159485	1293.531519	0.000000
166.650000	-14.280000	-160.064896	20.409600	0.315300	45.995006	1297.743151	0.000000
166.650000	-14.280000	-160.064896	20.659600	0.957742	45.832022	1302.169778	0.000000
166.650000	-14.280000	-160.064896	20.909600	1.166683	45.670431	1306.596405	0.000000
166.650000	-14.280000	-160.064896	21.159600	1.374770	45.510312	1311.023032	0.000000
166.650000	-14.280000	-160.064896	21.409600	1.582105	45.351566	1315.449659	1.000000
166.650000	-14.280000	-160.064896	21.659600	1.788611	45.194270	1319.876286	1.000000
166.650000	-14.280000	-160.064896	21.909600	1.957643	45.038327	1324.302913	1.000000
166.650000	-14.280000	-160.064896	22.159600	1.659240	44.883812	1328.740931	1.000000
166.650000	-14.280000	-160.064896	22.409600	1.629111	44.730629	1333.289195	1.000000
166.650000	-14.280000	-160.064896	22.659600	1.843725	44.578853	1337.843085	1.000000
166.650000	-14.280000	-160.064896	22.909600	2.074652	44.428390	1342.504078	1.000000
166.650000	-14.280000	-160.064896	23.159600	2.369545	44.279312	1347.165071	0.000000
166.650000	-14.280000	-160.064896	23.409600	2.571032	44.131528	1351.826065	0.000000
166.650000	-14.280000	-160.064896	23.659600	2.771794	43.985107	1356.487058	0.000000
166.650000	-14.280000	-160.064896	23.909600	2.971926	43.839960	1361.148051	1.000000
166.650000	-14.280000	-160.064896	24.159600	3.354549	43.696157	1365.809045	1.000000
166.650000	-14.280000	-159.814896	19.409600	-1.272907	46.894854	1285.315920	0.000000
166.650000	-14.280000	-159.814896	19.659600	-0.907142	46.726383	1289.350826	0.000000
166.650000	-14.280000	-159.814896	19.909600	-0.358051	46.559319	1293.385732	0.000000
166.650000	-14.280000	-159.814896	20.159600	-0.121554	46.393774	1297.725689	0.000000
166.650000	-14.280000	-159.814896	20.409600	0.513412	46.229619	1302.152316	0.000000
166.650000	-14.280000	-159.814896	20.659600	0.722805	46.066959	1306.578943	0.000000
166.650000	-14.280000	-159.814896	20.909600	0.931443	45.905671	1311.005570	0.000000
166.650000	-14.280000	-159.814896	21.159600	1.139228	45.745854	1315.432197	1.000000
166.650000	-14.280000	-159.814896	21.409600	1.346280	45.587391	1319.858824	1.000000
166.650000	-14.280000	-159.814896	21.659600	1.552507	45.430375	1324.285451	1.000000
166.650000	-14.280000	-159.814896	21.909600	1.777758	45.274695	1328.712078	1.000000
166.650000	-14.280000	-159.814896	22.159600	1.780388	45.120440	1333.132592	1.000000
166.650000	-14.280000	-159.814896	22.409600	1.436636	44.967503	1337.721498	1.000000
166.650000	-14.280000	-159.814896	22.659600	1.727401	44.815966	1342.382492	1.000000
166.650000	-14.280000	-159.814896	22.909600	1.930063	44.665732	1347.043485	1.000000
166.650000	-14.280000	-159.814896	23.159600	2.131983	44.516874	1351.704478	0.000000
166.650000	-14.280000	-159.814896	23.409600	2.333258	44.369301	1356.365472	0.000000
166.650000	-14.280000	-159.814896	23.659600	2.533819	44.223083	1361.026465	0.000000
166.650000	-14.280000	-159.814896	23.909600	2.733754	44.078132	1365.687458	0.000000
166.650000	-14.280000	-159.814896	24.159600	3.027326	43.934513	1370.348452	1.000000
166.650000	-14.280000	-159.814896	24.409600	3.741254	43.792146	1374.978734	1.000000
166.650000	-14.280000	-159.564896	18.909600	-1.932152	47.467255	1281.135227	1.000000
166.650000	-14.280000	-159.564896	19.159600	-1.717988	47.296207	1285.170133	1.000000
166.650000	-14.280000	-159.564896	19.409600	-1.033051	47.126591	1289.205040	0.000000
166.650000	-14.280000	-159.564896	19.659600	-0.793562	46.958489	1293.281600	0.000000
166.650000	-14.280000	-159.564896	19.909600	-0.422951	46.791799	1297.708227	0.000000
166.650000	-14.280000	-159.564896	20.159600	0.070312	46.626602	1302.134854	0.000000
166.650000	-14.280000	-159.564896	20.409600	0.280235	46.462797	1306.561481	0.000000
166.650000	-14.280000	-159.564896	20.659600	0.489301	46.300463	1310.988108	0.000000
166.650000	-14.280000	-159.564896	20.909600	0.697613	46.139501	1315.414735	0.000000
166.650000	-14.280000	-159.564896	21.159600	0.905093	45.979989	1319.841362	2.000000
166.650000	-14.280000	-159.564896	21.409600	1.111841	45.821830	1324.267989	2.000000
166.650000	-14.280000	-159.564896	21.659600	1.381659	45.665101	1328.694616	2.000000
166.650000	-14.280000	-159.564896	21.909600	1.424340	45.509704	1333.121242	2.000000
166.650000	-14.280000	-159.564896	22.159600	1.913047	45.355716	1337.657735	2.000000
166.650000	-14.280000	-159.564896	22.409600	2.001487	45.203041	1342.270314	2.000000
166.650000	-14.280000	-159.564896	22.659600	1.905638	45.051754	1346.921899	2.000000
166.650000	-14.280000	-159.564896	22.909600	1.928362	44.901762	1351.582892	2.000000
166.650000	-14.280000	-159.564896	23.159600	1.978400	44.753138	1356.243886	0.000000
166.650000	-14.280000	-159.564896	23.409600	2.096771	44.605789	1360.904879	0.000000
166.650000	-14.280000	-159.564896	23.659600	2.297115	44.459787	1365.565872	0.000000
166.650000	-14.280000	-159.564896	23.909600	2.496844	44.315042	1370.226866	1.000000
166.650000	-14.280000	-159.564896	24.159600	2.701605	44.171624	1374.887859	1.000000
166.650000	-14.280000	-159.564896	24.409600	3.330000	44.029445	1379.546989	1.000000
166.650000	-14.280000	-159.314896	18.409600	-2.591637	48.042328	1276.954534	1.000000
166.650000	-14.280000	-159.314896	18.659600	-2.376151	47.868744	1280.989441	1.000000
166.650000	-14.280000	-159.314896	18.909600	-2.161475	47.696577	1285.024347	1.000000
166.650000	-14.280000	-159.314896	19.159600	-1.466965	47.525954	1289.059253	1.000000
166.650000	-14.280000	-159.314896	19.409600	-1.227789	47.356731	1293.264138	1.000000
166.650000	-14.280000	-159.314896	19.659600	-0.582511	47.189028	1297.690765	0.000000
166.650000	-14.280000	-159.314896	19.909600	-0.371298	47.022708	1302.117392	0.000000
166.650000	-14.280000	-159.314896	20.159600	-0.160972	46.857886	1306.544019	0.000000
166.650000	-14.280000	-159.314896	20.409600	0.146925	46.694428	1310.970646	0.000000
166.650000	-14.280000	-159.314896	20.659600	0.464343	46.532446	1315.397273	0.000000
166.650000	-14.280000	-159.314896	20.909600	0.780564	46.371811	1319.823900	0.000000
166.650000	-14.280000	-159.314896	21.159600	1.095484	46.212628	1324.250527	1.000000
166.650000	-14.280000	-159.314896	21.409600	1.345670	46.054777	1328.677153	1.000000
166.650000	-14.280000	-159.314896	21.659600	1.667568	45.898354	1333.123514	1.000000
166.650000	-14.280000	-159.314896	21.909600	1.576836	45.743245	1337.609069	1.000000
166.650000	-14.280000	-159.314896	22.159600	1.391251	45.589543	1342.304971	1.000000
166.650000	-14.280000	-159.314896	22.409600	2.187738	45.437139	1346.971842	1.000000
166.650000	-14.280000	-159.314896	22.659600	2.439205	45.286118	1351.584421	1.000000
166.650000	-14.280000	-159.314896	22.909600	2.493368	45.136378	1356.197000	1.000000
166.650000	-14.280000	-159.314896	23.159600	2.477635	44.988000	1360.809578	0.000000
166.650000	-14.280000	-159.314896	23.409600	2.379712	44.840888	1365.444286	0.000000
166.650000	-14.280000	-159.314896	23.659600	2.348676	44.695114	1370.105279	1.000000
166.650000	-14.280000	-159.314896	23.909600	2.396881	44.550590	1374.766273	1.000000
166.650000	-14.280000	-159.314896	24.159600	2.460133	44.407383	1379.427266	1.000000
166.650000	-14.280000	-159.314896	24.409600	2.914165	44.265409	1384.088259	1.000000
166.650000	-14.280000	-159.314896	24.659600	3.622684	44.124731	1388.668075	1.000000
166.650000	-14.280000	-159.064896	17.909600	-3.251363	48.620061	1272.773841	1.000000
166.650000	-14.280000	-159.064896	18.159600	-3.034549	48.443941	1276.808748	1.000000
166.650000	-14.280000	-159.064896	18.409600	-2.818578	48.269268	1280.843654	1.000000
166.650000	-14.280000	-159.064896	18.659600	-2.475280	48.096125	1284.878560	1.000000
166.650000	-14.280000	-159.064896	18.909600	-1.874185	47.924409	1288.913467	1.000000
166.650000	-14.280000	-159.064896	19.159600	-1.524621	47.754203	1293.246676	1.000000
166.650000	-14.280000	-159.064896	19.409600	-0.781802	47.585405	1297.673303	1.000000
166.650000	-14.280000	-159.064896	19.659600	-0.462052	47.418096	1302.099930	0.000000
166.650000	-14.280000	-159.064896	19.909600	-0.143540	47.252176	1306.526557	1.000000
166.650000	-14.280000	-159.064896	20.159600	0.075820	47.087725	1310.953184	1.000000
166.650000	-14.280000	-159.064896	20.409600	0.283639	46.924644	1315.410188	1.000000
166.650000	-14.280000	-159.064896	20.659600	0.587705	46.763011	1319.870535	1.000000
166.650000	-14.280000	-159.064896	20.909600	0.901287	46.602730	1324.330882	1.000000
166.650000	-14.280000	-159.064896	21.159600	1.213598	46.443876	1328.791230	1.000000
166.650000	-14.280000	-159.064896	21.409600	1.635619	46.286355	1333.251577	1.000000
166.650000	-14.280000	-159.064896	21.659600	1.871518	46.130243	1337.774803	1.000000
166.650000	-14.280000	-159.064896	21.909600	2.161100	45.975443	1342.358946	1.000000
166.650000	-14.280000	-159.064896	22.159600	1.598719	45.822032	1346.950221	2.000000
166.650000	-14.280000	-159.064896	22.409600	1.782421	45.669917	1351.673370	2.000000
166.650000	-14.280000	-159.064896	22.659600	2.324676	45.519169	1356.285949	2.000000
166.650000	-14.280000	-159.064896	22.909600	2.526389	45.369699	1360.898527	2.000000
166.650000	-14.280000	-159.064896	23.159600	2.727382	45.221577	1365.511106	1.000000
166.650000	-14.280000	-159.064896	23.409600	2.860613	45.074715	1370.123685	0.000000
166.650000	-14.280000	-159.064896	23.659600	2.912832	44.929181	1374.736264	1.000000
166.650000	-14.280000	-159.064896	23.909600	2.947430	44.784889	1379.348843	1.000000
166.650000	-14.280000	-159.064896	24.159600	2.847518	44.641906	1383.966673	1.000000
166.650000	-14.280000	-159.064896	24.409600	2.815304	44.500147	1388.627666	1.000000
166.650000	-14.280000	-159.064896	24.659600	3.297788	44.359678	1393.236330	1.000000
166.650000	-14.280000	-158.814896	17.409600	-3.911082	49.200193	1268.593149	0.000000
166.650000	-14.280000	-158.814896	17.659600	-3.692986	49.021590	1272.628055	1.000000
166.650000	-14.280000	-158.814896	17.909600	-3.392516	48.844409	1276.662961	1.000000
166.650000	-14.280000	-158.814896	18.159600	-3.049675	48.668794	1280.697868	1.000000
166.650000	-14.280000	-158.814896	18.409600	-1.577971	48.494585	1284.732774	1.000000
166.650000	-14.280000	-158.814896	18.659600	-1.438140	48.321919	1288.802587	1.000000
166.650000	-14.280000	-158.814896	18.909600	-1.311545	48.150643	1293.236514	1.000000
166.650000	-14.280000	-158.814896	19.159600	-0.963031	47.980888	1297.696861	1.000000
166.650000	-14.280000	-158.814896	19.409600	-0.655478	47.812506	1302.157209	1.000000
166.650000	-14.280000	-158.814896	19.659600	-0.338419	47.645622	1306.617556	1.000000
166.650000	-14.280000	-158.814896	19.909600	-0.022559	47.480095	1311.077903	1.000000
166.650000	-14.280000	-158.814896	20.159600	0.291983	47.316045	1315.538251	1.000000
166.650000	-14.280000	-158.814896	20.409600	0.511093	47.153336	1319.998598	1.000000
166.650000	-14.280000	-158.814896	20.659600	0.718964	46.992080	1324.458946	1.000000
166.650000	-14.280000	-158.814896	20.909600	0.970911	46.832150	1328.919293	1.000000
166.650000	-14.280000	-158.814896	21.159600	1.239109	46.673651	1333.379641	2.000000
166.650000	-14.280000	-158.814896	21.409600	1.432571	46.516461	1337.940538	1.000000
166.650000	-14.280000	-158.814896	21.659600	1.748347	46.360681	1342.524680	1.000000
166.650000	-14.280000	-158.814896	21.909600	1.952493	46.206193	1347.108823	2.000000
166.650000	-14.280000	-158.814896	22.159600	1.832255	46.053094	1351.692966	2.000000
166.650000	-14.280000	-158.814896	22.409600	1.526889	45.901272	1356.374897	2.000000
166.650000	-14.280000	-158.814896	22.659600	2.093029	45.750816	1360.987476	2.000000
166.650000	-14.280000	-158.814896	22.909600	2.294466	45.601622	1365.600055	1.000000
166.650000	-14.280000	-158.814896	23.159600	2.495187	45.453773	1370.212634	1.000000
166.650000	-14.280000	-158.814896	23.409600	2.695294	45.307169	1374.825213	1.000000
166.650000	-14.280000	-158.814896	23.659600	2.859814	45.161890	1379.437792	1.000000
166.650000	-14.280000	-158.814896	23.909600	2.875575	45.017840	1384.050371	1.000000
166.650000	-14.280000	-158.814896	24.159600	2.981048	44.875094	1388.662949	1.000000
166.650000	-14.280000	-158.814896	24.409600	2.994230	44.733562	1393.240725	1.000000
166.650000	-14.280000	-158.814896	24.659600	3.142757	44.593313	1397.804585	1.000000
166.650000	-14.280000	-158.814896	24.909600	3.434952	44.454264	1402.357417	1.000000
166.650000	-14.280000	-158.564896	16.909600	-4.451362	49.782701	1264.412456	0.000000
166.650000	-14.280000	-158.564896	17.159600	-4.123735	49.601612	1268.447362	0.000000
166.650000	-14.280000	-158.564896	17.409600	-3.797387	49.421981	1272.482269	0.000000
166.650000	-14.280000	-158.564896	17.659600	-3.415605	49.243893	1276.517175	1.000000
166.650000	-14.280000	-158.564896	17.909600	-1.958752	49.067243	1280.574705	1.000000
166.650000	-14.280000	-158.564896	18.159600	-1.697837	48.892117	1284.644150	1.000000
166.650000	-14.280000	-158.564896	18.409600	-1.387871	48.718411	1289.066086	1.000000
166.650000	-14.280000	-158.564896	18.659600	-0.034046	48.546209	1293.483307	1.000000
166.650000	-14.280000	-158.564896	18.909600	0.131683	48.375409	1297.886005	1.000000
166.650000	-14.280000	-158.564896	19.159600	-0.005516	48.206094	1302.288703	1.000000
166.650000	-14.280000	-158.564896	19.409600	-0.154844	48.038162	1306.745619	1.000000
166.650000	-14.280000	-158.564896	19.659600	-0.132439	47.871695	1311.205967	1.000000
166.650000	-14.280000	-158.564896	19.909600	-0.100990	47.706594	1315.666314	1.000000
166.650000	-14.280000	-158.564896	20.159600	0.075486	47.542938	1320.126662	1.000000
166.650000	-14.280000	-158.564896	20.409600	0.283798	47.380630	1324.587009	1.000000
166.650000	-14.280000	-158.564896	20.659600	0.606640	47.219748	1329.047356	1.000000
166.650000	-14.280000	-158.564896	20.909600	0.801000	47.060196	1333.522130	1.000000
166.650000	-14.280000	-158.564896	21.159600	1.039706	46.902050	1338.106272	1.000000
166.650000	-14.280000	-158.564896	21.409600	1.314771	46.745216	1342.690415	1.000000
166.650000	-14.280000	-158.564896	21.659600	1.519258	46.589769	1347.274557	1.000000
166.650000	-14.280000	-158.564896	21.909600	1.723070	46.435616	1351.858700	2.000000
166.650000	-14.280000	-158.564896	22.159600	1.926134	46.282832	1356.442843	2.000000
166.650000	-14.280000	-158.564896	22.409600	1.592750	46.131324	1361.026985	2.000000
166.650000	-14.280000	-158.564896	22.659600	1.710273	45.981164	1365.689004	1.000000
166.650000	-14.280000	-158.564896	22.909600	2.063823	45.832264	1370.301583	1.000000
166.650000	-14.280000	-158.564896	23.159600	2.117264	45.684695	1374.914162	1.000000
166.650000	-14.280000	-158.564896	23.409600	2.168802	45.538366	1379.526741	1.000000
166.650000	-14.280000	-158.564896	23.659600	2.369644	45.393350	1384.127808	1.000000
166.650000	-14.280000	-158.564896	23.909600	2.533847	45.249557	1388.680238	1.000000
166.650000	-14.280000	-158.564896	24.159600	2.544246	45.107058	1393.232668	1.000000
166.650000	-14.280000	-158.564896	24.409600	2.613037	44.965766	1397.785098	1.000000
166.650000	-14.280000	-158.564896	24.659600	2.773043	44.825749	1402.353250	1.000000
166.650000	-14.280000	-158.564896	24.909600	3.107223	44.686923	1406.925672	1.000000
166.650000	-14.280000	-158.314896	16.159600	-5.188128	50.552428	1256.196857	1.000000
166.650000	-14.280000	-158.314896	16.409600	-4.869171	50.367315	1260.231763	1.000000
166.650000	-14.280000	-158.314896	16.659600	-4.645999	50.183806	1264.269591	1.000000
166.650000	-14.280000	-158.314896	16.909600	-4.413384	50.001721	1268.334069	1.000000
166.650000	-14.280000	-158.314896	17.159600	-3.834882	49.821219	1272.398546	0.000000
166.650000	-14.280000	-158.314896	17.409600	-2.405123	49.642126	1276.463024	0.000000
166.650000	-14.280000	-158.314896	17.659600	-2.129139	49.464595	1280.565375	1.000000
166.650000	-14.280000	-158.314896	17.909600	-1.807141	49.288457	1284.987312	1.000000
166.650000	-14.280000	-158.314896	18.159600	-0.518523	49.113859	1289.409248	1.000000
166.650000	-14.280000	-158.314896	18.409600	-0.299820	48.940640	1293.831185	1.000000
166.650000	-14.280000	-158.314896	18.659600	-0.010629	48.768940	1298.251718	1.000000
166.650000	-14.280000	-158.314896	18.909600	0.264989	48.598602	1302.654416	1.000000
166.650000	-14.280000	-158.314896	19.159600	0.476559	48.429762	1307.057114	1.000000
166.650000	-14.280000	-158.314896	19.409600	0.525534	48.262269	1311.459812	2.000000
166.650000	-14.280000	-158.314896	19.659600	0.562304	48.096252	1315.862510	1.000000
166.650000	-14.280000	-158.314896	19.909600	0.445281	47.931567	1320.265208	1.000000
166.650000	-14.280000	-158.314896	20.159600	0.293287	47.768337	1324.715072	1.000000
166.650000	-14.280000	-158.314896	20.409600	0.118066	47.606423	1329.175420	1.000000
166.650000	-14.280000	-158.314896	20.659600	0.297536	47.445943	1333.687864	1.000000
166.650000	-14.280000	-158.314896	20.909600	0.610624	47.286764	1338.272007	1.000000
166.650000	-14.280000	-158.314896	21.159600	0.815835	47.128998	1342.856149	1.000000
166.650000	-14.280000	-158.314896	21.409600	1.020374	46.972518	1347.440292	0.000000
166.650000	-14.280000	-158.314896	21.659600	1.224140	46.817428	1352.024435	1.000000
166.650000	-14.280000	-158.314896	21.909600	1.427254	46.663610	1356.608577	1.000000
166.650000	-14.280000	-158.314896	22.159600	1.629619	46.511162	1361.192720	1.000000
166.650000	-14.280000	-158.314896	22.409600	1.739790	46.359970	1365.776862	1.000000
166.650000	-14.280000	-158.314896	22.659600	1.446360	46.210128	1370.390532	1.000000
166.650000	-14.280000	-158.314896	22.909600	1.540156	46.061526	1375.003111	1.000000
166.650000	-14.280000	-158.314896	23.159600	1.741998	45.914254	1379.567320	1.000000
166.650000	-14.280000	-158.314896	23.409600	1.791317	45.768207	1384.119750	1.000000
166.650000	-14.280000	-158.314896	23.659600	1.837979	45.623469	1388.672181	0.000000
166.650000	-14.280000	-158.314896	23.909600	2.036390	45.479942	1393.224611	1.000000
166.650000	-14.280000	-158.314896	24.159600	2.234153	45.337704	1397.777041	1.000000
166.650000	-14.280000	-158.314896	24.409600	2.370013	45.196662	1402.329471	1.000000
166.650000	-14.280000	-158.314896	24.659600	2.499887	45.056889	1406.901501	1.000000
166.650000	-14.280000	-158.314896	24.909600	2.750818	44.918298	1411.483098	1.000000
166.650000	-14.280000	-158.314896	25.159600	3.126025	44.780955	1416.046758	1.000000
166.650000	-14.280000	-158.064896	15.659600	-5.747710	51.141501	1252.028955	1.000000
166.650000	-14.280000	-158.064896	15.909600	-5.477306	50.954000	1256.093432	1.000000
166.650000	-14.280000	-158.064896	16.159600	-5.149094	50.768065	1260.157910	1.000000
166.650000	-14.280000	-158.064896	16.409600	-4.822166	50.583597	1264.222387	1.000000
166.650000	-14.280000	-158.064896	16.659600	-4.139934	50.400678	1268.286865	1.000000
166.650000	-14.280000	-158.064896	16.909600	-2.939664	50.219207	1272.351342	1.000000
166.650000	-14.280000	-158.064896	17.159600	-2.763134	50.039267	1276.486601	1.000000
166.650000	-14.280000	-158.064896	17.409600	-2.356586	49.860758	1280.908537	0.000000
166.650000	-14.280000	-158.064896	17.659600	-1.168599	49.683763	1285.330474	0.000000
166.650000	-14.280000	-158.064896	17.909600	-0.953226	49.508180	1289.752411	1.000000
166.650000	-14.280000	-158.064896	18.159600	-0.738756	49.334093	1294.174347	1.000000
166.650000	-14.280000	-158.064896	18.409600	-0.525090	49.161401	1298.596284	1.000000
166.650000	-14.280000	-158.064896	18.659600	-0.252404	48.990186	1303.018220	1.000000
166.650000	-14.280000	-158.064896	18.909600	0.037088	48.820349	1307.422827	1.000000
166.650000	-14.280000	-158.064896	19.159600	0.254350	48.651970	1311.825525	1.000000
166.650000	-14.280000	-158.064896	19.409600	0.464694	48.484952	1316.228223	1.000000
166.650000	-14.280000	-158.064896	19.659600	0.674197	48.319374	1320.630921	1.000000
166.650000	-14.280000	-158.064896	19.909600	0.882956	48.155139	1325.033619	1.000000
166.650000	-14.280000	-158.064896	20.159600	0.957129	47.992326	1329.436317	1.000000
166.650000	-14.280000	-158.064896	20.409600	0.412346	47.830838	1333.836881	1.000000
166.650000	-14.280000	-158.064896	20.659600	0.052919	47.670754	1338.415769	1.000000
166.650000	-14.280000	-158.064896	20.909600	0.242584	47.511978	1342.999787	1.000000
166.650000	-14.280000	-158.064896	21.159600	0.447441	47.354586	1347.583804	1.000000
166.650000	-14.280000	-158.064896	21.409600	0.651623	47.198487	1352.167822	0.000000
166.650000	-14.280000	-158.064896	21.659600	0.855056	47.043753	1356.751839	1.000000
166.650000	-14.280000	-158.064896	21.909600	1.057835	46.890294	1361.335857	1.000000
166.650000	-14.280000	-158.064896	22.159600	1.259887	46.738183	1365.919874	1.000000
166.650000	-14.280000	-158.064896	22.409600	1.434004	46.587330	1370.503892	1.000000
166.650000	-14.280000	-158.064896	22.659600	1.475891	46.437806	1375.031586	1.000000
166.650000	-14.280000	-158.064896	22.909600	1.261804	46.289523	1379.559263	1.000000
166.650000	-14.280000	-158.064896	23.159600	1.211043	46.142552	1384.111693	1.000000
166.650000	-14.280000	-158.064896	23.409600	1.410398	45.996805	1388.664123	1.000000
166.650000	-14.280000	-158.064896	23.659600	1.609096	45.852352	1393.216554	0.000000
166.650000	-14.280000	-158.064896	23.909600	1.807225	45.709107	1397.768984	0.000000
166.650000	-14.280000	-158.064896	24.159600	2.004719	45.567137	1402.321414	1.000000
166.650000	-14.280000	-158.064896	24.409600	2.128192	45.426360	1406.873844	1.000000
166.650000	-14.280000	-158.064896	24.659600	2.257851	45.286840	1411.449751	1.000000
166.650000	-14.280000	-158.064896	24.909600	2.435955	45.148496	1416.031349	1.000000
166.650000	-14.280000	-158.064896	25.159600	2.770606	45.011393	1420.612947	1.000000
166.650000	-14.280000	-157.814896	15.159600	-3.175833	51.732379	1247.917273	1.000000
166.650000	-14.280000	-157.814896	15.409600	-3.351248	51.542482	1251.981751	2.000000
166.650000	-14.280000	-157.814896	15.659600	-3.327804	51.354200	1256.046228	1.000000
166.650000	-14.280000	-157.814896	15.909600	-3.362126	51.167340	1260.110706	1.000000
166.650000	-14.280000	-157.814896	16.159600	-3.399954	50.982076	1264.175184	1.000000
166.650000	-14.280000	-157.814896	16.409600	-3.440558	50.798221	1268.239661	1.000000
166.650000	-14.280000	-157.814896	16.659600	-3.419237	50.615941	1272.407826	1.000000
166.650000	-14.280000	-157.814896	16.909600	-2.906007	50.435056	1276.829763	1.000000
166.650000	-14.280000	-157.814896	17.159600	-1.818377	50.255725	1281.251699	1.000000
166.650000	-14.280000	-157.814896	17.409600	-1.601814	50.077775	1285.673636	0.000000
166.650000	-14.280000	-157.814896	17.659600	-1.386196	49.901360	1290.095573	0.000000
166.650000	-14.280000	-157.814896	17.909600	-1.171355	49.726310	1294.517509	0.000000
166.650000	-14.280000	-157.814896	18.159600	-0.957438	49.552775	1298.939446	1.000000
166.650000	-14.280000	-157.814896	18.409600	-0.744280	49.380591	1303.361383	1.000000
166.650000	-14.280000	-157.814896	18.659600	-0.486959	49.209901	1307.783319	1.000000
166.650000	-14.280000	-157.814896	18.909600	-0.193785	49.040547	1312.191238	1.000000
166.650000	-14.280000	-157.814896	19.159600	0.033653	48.872668	1316.593936	0.000000
166.650000	-14.280000	-157.814896	19.409600	0.243537	48.706110	1320.996634	0.000000
166.650000	-14.280000	-157.814896	19.659600	0.452566	48.541006	1325.399332	1.000000
166.650000	-14.280000	-157.814896	19.909600	0.660886	48.377209	1329.802030	1.000000
166.650000	-14.280000	-157.814896	20.159600	0.877463	48.214844	1334.204728	1.000000
166.650000	-14.280000	-157.814896	20.409600	0.711264	48.053774	1338.602218	1.000000
166.650000	-14.280000	-157.814896	20.659600	-0.051130	47.894115	1343.118025	1.000000
166.650000	-14.280000	-157.814896	20.909600	-0.058470	47.735735	1347.702043	1.000000
166.650000	-14.280000	-157.814896	21.159600	0.146375	47.578746	1352.286060	1.000000
166.650000	-14.280000	-157.814896	21.409600	0.350571	47.423023	1356.870078	0.000000
166.650000	-14.280000	-157.814896	21.659600	0.554014	47.268670	1361.454095	0.000000
166.650000	-14.280000	-157.814896	21.909600	0.756828	47.115568	1366.038113	1.000000
166.650000	-14.280000	-157.814896	22.159600	0.931863	46.963818	1370.622130	1.000000
166.650000	-14.280000	-157.814896	22.409600	1.139466	46.813302	1375.139243	1.000000
166.650000	-14.280000	-157.814896	22.659600	1.308583	46.664119	1379.643174	1.000000
166.650000	-14.280000	-157.814896	22.909600	1.419407	46.516157	1384.147105	1.000000
166.650000	-14.280000	-157.814896	23.159600	1.315244	46.369507	1388.656066	1.000000
166.650000	-14.280000	-157.814896	23.409600	1.226091	46.224064	1393.208496	1.000000
166.650000	-14.280000	-157.814896	23.659600	1.381535	46.079913	1397.760927	0.000000
166.650000	-14.280000	-157.814896	23.909600	1.579377	45.936955	1402.313357	1.000000
166.650000	-14.280000	-157.814896	24.159600	1.776586	45.795270	1406.865787	1.000000
166.650000	-14.280000	-157.814896	24.409600	1.894150	45.654764	1411.418217	1.000000
166.650000	-14.280000	-157.814896	24.659600	2.017099	45.515512	1415.998002	1.000000
166.650000	-14.280000	-157.814896	24.909600	2.207027	45.377425	1420.579600	1.000000
166.650000	-14.280000	-157.814896	25.159600	2.422870	45.240572	1425.161197	0.000000
166.650000	-14.280000	-157.814896	25.409600	2.790629	45.104871	1429.736099	0.000000
166.650000	-14.280000	-157.564896	15.159600	-0.326127	51.942074	1252.756893	1.000000
166.650000	-14.280000	-157.564896	15.409600	-0.406776	51.752908	1256.743461	2.000000
166.650000	-14.280000	-157.564896	15.659600	-0.412904	51.565292	1260.730029	1.000000
166.650000	-14.280000	-157.564896	15.909600	-0.422069	51.379131	1264.716597	1.000000
166.650000	-14.280000	-157.564896	16.159600	-0.813169	51.194505	1268.703165	1.000000
166.650000	-14.280000	-157.564896	16.409600	-1.699377	51.011316	1272.797910	1.000000
166.650000	-14.280000	-157.564896	16.659600	-2.066727	50.829645	1277.172925	1.000000
166.650000	-14.280000	-157.564896	16.909600	-2.250075	50.649396	1281.594862	1.000000
166.650000	-14.280000	-157.564896	17.159600	-2.033300	50.470648	1286.016798	1.000000
166.650000	-14.280000	-157.564896	17.409600	-1.817343	50.293305	1290.438735	0.000000
166.650000	-14.280000	-157.564896	17.659600	-1.602282	50.117445	1294.860671	0.000000
166.650000	-14.280000	-157.564896	17.909600	-1.388019	49.942974	1299.282608	0.000000
166.650000	-14.280000	-157.564896	18.159600	-1.174632	49.769969	1303.704545	0.000000
166.650000	-14.280000	-157.564896	18.409600	-0.962025	49.598336	1308.126481	0.000000
166.650000	-14.280000	-157.564896	18.659600	-0.715864	49.428152	1312.548418	0.000000
166.650000	-14.280000	-157.564896	18.909600	-0.423231	49.259322	1316.959650	0.000000
166.650000	-14.280000	-157.564896	19.159600	-0.185605	49.091925	1321.362348	0.000000
166.650000	-14.280000	-157.564896	19.409600	0.023781	48.925866	1325.765046	0.000000
166.650000	-14.280000	-157.564896	19.659600	0.232350	48.761221	1330.167744	1.000000
166.650000	-14.280000	-157.564896	19.909600	0.448530	48.597898	1334.570442	1.000000
166.650000	-14.280000	-157.564896	20.159600	0.657099	48.435972	1338.970553	1.000000
166.650000	-14.280000	-157.564896	20.409600	0.692868	48.275350	1343.367554	2.000000
166.650000	-14.280000	-157.564896	20.659600	-0.052624	48.116108	1347.820281	2.000000
166.650000	-14.280000	-157.564896	20.909600	-0.280890	47.958155	1352.404298	2.000000
166.650000	-14.280000	-157.564896	21.159600	-0.076442	47.801563	1356.988316	2.000000
166.650000	-14.280000	-157.564896	21.409600	0.127350	47.646244	1361.572333	1.000000
166.650000	-14.280000	-157.564896	21.659600	0.306210	47.492268	1366.156351	0.000000
166.650000	-14.280000	-157.564896	21.909600	0.506598	47.339549	1370.740368	1.000000
166.650000	-14.280000	-157.564896	22.159600	0.714469	47.188157	1375.246900	1.000000
166.650000	-14.280000	-157.564896	22.409600	0.883107	47.038004	1379.750831	1.000000
166.650000	-14.280000	-157.564896	22.659600	1.083542	46.889161	1384.254762	1.000000
166.650000	-14.280000	-157.564896	22.909600	1.283380	46.741541	1388.758693	1.000000
166.650000	-14.280000	-157.564896	23.159600	1.467017	46.595214	1393.262624	1.000000
166.650000	-14.280000	-157.564896	23.409600	1.405413	46.450094	1397.766555	1.000000
166.650000	-14.280000	-157.564896	23.659600	1.299676	46.306249	1402.305300	1.000000
166.650000	-14.280000	-157.564896	23.909600	1.352735	46.163597	1406.857730	1.000000
166.650000	-14.280000	-157.564896	24.159600	1.543185	46.022202	1411.410160	1.000000
166.650000	-14.280000	-157.564896	24.409600	1.666986	45.881983	1415.964655	1.000000
166.650000	-14.280000	-157.564896	24.659600	1.783957	45.743006	1420.546252	1.000000
166.650000	-14.280000	-157.564896	24.909600	1.979262	45.605189	1425.127850	1.000000
166.650000	-14.280000	-157.564896	25.159600	2.173992	45.468597	1429.709448	0.000000
166.650000	-14.280000	-157.564896	25.409600	2.437362	45.333150	1434.291046	0.000000
166.650000	-14.280000	-157.314896	15.159600	1.303046	52.150144	1257.605362	1.000000
166.650000	-14.280000	-157.314896	15.409600	-0.364609	51.961667	1261.591930	1.000000
166.650000	-14.280000	-157.314896	15.659600	-0.143892	51.774775	1265.578498	1.000000
166.650000	-14.280000	-157.314896	15.909600	0.075997	51.589274	1269.565066	1.000000
166.650000	-14.280000	-157.314896	16.159600	-0.230251	51.405339	1273.551635	1.000000
166.650000	-14.280000	-157.314896	16.409600	-0.934051	51.222783	1277.689546	1.000000
166.650000	-14.280000	-157.314896	16.659600	-1.497510	51.041773	1282.022147	1.000000
166.650000	-14.280000	-157.314896	16.909600	-1.831957	50.862129	1286.359960	1.000000
166.650000	-14.280000	-157.314896	17.159600	-2.151375	50.684012	1290.781897	1.000000
166.650000	-14.280000	-157.314896	17.409600	-2.031285	50.507247	1295.203834	0.000000
166.650000	-14.280000	-157.314896	17.659600	-1.816826	50.331989	1299.625770	0.000000
166.650000	-14.280000	-157.314896	17.909600	-1.603116	50.158071	1304.047707	0.000000
166.650000	-14.280000	-157.314896	18.159600	-1.390304	49.985640	1308.469644	0.000000
166.650000	-14.280000	-157.314896	18.409600	-1.178224	49.814535	1312.891580	0.000000
166.650000	-14.280000	-157.314896	18.659600	-0.943262	49.644899	1317.313517	0.000000
166.650000	-14.280000	-157.314896	18.909600	-0.651150	49.476574	1321.728061	0.000000
166.650000	-14.280000	-157.314896	19.159600	-0.403377	49.309698	1326.130759	0.000000
166.650000	-14.280000	-157.314896	19.409600	-0.194473	49.144120	1330.533457	0.000000
166.650000	-14.280000	-157.314896	19.659600	0.013600	48.979972	1334.936155	0.000000
166.650000	-14.280000	-157.314896	19.909600	0.230190	48.817107	1339.338853	1.000000
166.650000	-14.280000	-157.314896	20.159600	0.445877	48.655653	1343.735889	2.000000
166.650000	-14.280000	-157.314896	20.409600	0.651899	48.495469	1348.132891	2.000000
166.650000	-14.280000	-157.314896	20.659600	0.116313	48.336676	1352.529892	2.000000
166.650000	-14.280000	-157.314896	20.909600	-0.478984	48.179139	1357.106554	2.000000
166.650000	-14.280000	-157.314896	21.159600	-0.297853	48.022974	1361.690572	1.000000
166.650000	-14.280000	-157.314896	21.409600	-0.125962	47.868051	1366.274589	1.000000
166.650000	-14.280000	-157.314896	21.659600	0.082757	47.714481	1370.850625	1.000000
166.650000	-14.280000	-157.314896	21.909600	0.265701	47.562139	1375.354557	0.000000
166.650000	-14.280000	-157.314896	22.159600	0.459015	47.411130	1379.858488	1.000000
166.650000	-14.280000	-157.314896	22.409600	0.659775	47.261337	1384.362419	1.000000
166.650000	-14.280000	-157.314896	22.659600	0.859845	47.112857	1388.866350	1.000000
166.650000	-14.280000	-157.314896	22.909600	1.059342	46.965579	1393.370281	1.000000
166.650000	-14.280000	-157.314896	23.159600	1.258172	46.819596	1397.874212	1.000000
166.650000	-14.280000	-157.314896	23.409600	1.456445	46.674801	1402.378143	1.000000
166.650000	-14.280000	-157.314896	23.659600	1.495527	46.531282	1406.882074	1.000000
166.650000	-14.280000	-157.314896	23.909600	1.389078	46.388937	1411.402103	1.000000
166.650000	-14.280000	-157.314896	24.159600	1.313610	46.247851	1415.954533	1.000000
166.650000	-14.280000	-157.314896	24.409600	1.434625	46.107924	1420.512905	1.000000
166.650000	-14.280000	-157.314896	24.659600	1.557726	45.969238	1425.094503	1.000000
166.650000	-14.280000	-157.314896	24.909600	1.752753	45.831698	1429.676101	1.000000
166.650000	-14.280000	-157.314896	25.159600	1.947209	45.695380	1434.257699	1.000000
166.650000	-14.280000	-157.314896	25.409600	2.141182	45.560196	1438.839296	0.000000
166.650000	-14.280000	-157.314896	25.659600	2.458468	45.426215	1443.420894	0.000000
166.650000	-14.280000	-157.064896	15.159600	2.908112	52.356612	1262.735283	1.000000
166.650000	-14.280000	-157.064896	15.409600	1.134951	52.168885	1266.440399	0.000000
166.650000	-14.280000	-157.064896	15.659600	-0.351794	51.982677	1270.426967	2.000000
166.650000	-14.280000	-157.064896	15.909600	-0.132624	51.797895	1274.413536	2.000000
166.650000	-14.280000	-157.064896	16.159600	-0.587907	51.614616	1278.400104	2.000000
166.650000	-14.280000	-157.064896	16.409600	-1.287230	51.432747	1282.581182	2.000000
166.650000	-14.280000	-157.064896	16.659600	-1.568239	51.252366	1286.913783	2.000000
166.650000	-14.280000	-157.064896	16.909600	-1.367117	51.073378	1291.246384	1.000000
166.650000	-14.280000	-157.064896	17.159600	-1.598111	50.895863	1295.578985	0.000000
166.650000	-14.280000	-157.064896	17.409600	-1.935214	50.719726	1299.968932	0.000000
166.650000	-14.280000	-157.064896	17.659600	-2.029880	50.545044	1304.390869	0.000000
166.650000	-14.280000	-157.064896	17.909600	-1.816770	50.371725	1308.812806	0.000000
166.650000	-14.280000	-157.064896	18.159600	-1.604508	50.199845	1313.234742	0.000000
166.650000	-14.280000	-157.064896	18.409600	-1.393002	50.029312	1317.656679	0.000000
166.650000	-14.280000	-157.064896	18.659600	-1.169212	49.860202	1322.078616	0.000000
166.650000	-14.280000	-157.064896	18.909600	-0.877664	49.692423	1326.496472	0.000000
166.650000	-14.280000	-157.064896	19.159600	-0.619730	49.526050	1330.899170	0.000000
166.650000	-14.280000	-157.064896	19.409600	-0.411346	49.360993	1335.301868	0.000000
166.650000	-14.280000	-157.064896	19.659600	-0.195200	49.197325	1339.704566	0.000000
166.650000	-14.280000	-157.064896	19.909600	0.013104	49.034956	1344.104225	0.000000
166.650000	-14.280000	-157.064896	20.159600	0.227685	48.873960	1348.501226	1.000000
166.650000	-14.280000	-157.064896	20.409600	0.433120	48.714248	1352.898227	1.000000
166.650000	-14.280000	-157.064896	20.659600	0.264203	48.555893	1357.295228	1.000000
166.650000	-14.280000	-157.064896	20.909600	-0.501642	48.398805	1361.808810	1.000000
166.650000	-14.280000	-157.064896	21.159600	-0.548652	48.243057	1366.392828	1.000000
166.650000	-14.280000	-157.064896	21.409600	-0.339612	48.088561	1370.958282	1.000000
166.650000	-14.280000	-157.064896	21.659600	-0.165305	47.935389	1375.462213	1.000000
166.650000	-14.280000	-157.064896	21.909600	0.036351	47.783453	1379.966144	0.000000
166.650000	-14.280000	-157.064896	22.159600	0.237323	47.632823	1384.470076	0.000000
166.650000	-14.280000	-157.064896	22.409600	0.437697	47.483415	1388.974007	0.000000
166.650000	-14.280000	-157.064896	22.659600	0.644657	47.335296	1393.477938	0.000000
166.650000	-14.280000	-157.064896	22.909600	0.944522	47.188383	1397.981869	0.000000
166.650000	-14.280000	-157.064896	23.159600	1.243307	47.042744	1402.485800	0.000000
166.650000	-14.280000	-157.064896	23.409600	1.541097	46.898295	1406.989731	1.000000
166.650000	-14.280000	-157.064896	23.659600	1.837824	46.755103	1411.493662	1.000000
166.650000	-14.280000	-157.064896	23.909600	2.087466	46.613086	1415.997594	1.000000
166.650000	-14.280000	-157.064896	24.159600	2.037618	46.472310	1420.501525	1.000000
166.650000	-14.280000	-157.064896	24.409600	1.599999	46.332694	1425.061156	1.000000
166.650000	-14.280000	-157.064896	24.659600	1.332661	46.194303	1429.642754	1.000000
166.650000	-14.280000	-157.064896	24.909600	1.527395	46.057057	1434.224352	1.000000
166.650000	-14.280000	-157.064896	25.159600	1.721570	45.921019	1438.805949	1.000000
166.650000	-14.280000	-157.064896	25.409600	1.915267	45.786112	1443.387547	0.000000
166.650000	-14.280000	-157.064896	25.659600	2.121548	45.652398	1447.969145	0.000000
166.650000	-14.280000	-156.814896	15.159600	2.849498	52.561488	1267.871828	0.000000
166.650000	-14.280000	-156.814896	15.409600	2.742298	52.374469	1271.541541	1.000000
166.650000	-14.280000	-156.814896	15.659600	0.965964	52.189003	1275.275437	1.000000
166.650000	-14.280000	-156.814896	15.909600	-0.339629	52.004900	1279.262005	2.000000
166.650000	-14.280000	-156.814896	16.159600	-0.943383	51.822332	1283.248573	2.000000
166.650000	-14.280000	-156.814896	16.409600	-1.638216	51.641114	1287.472818	2.000000
166.650000	-14.280000	-156.814896	16.659600	-1.777286	51.461413	1291.805419	2.000000
166.650000	-14.280000	-156.814896	16.909600	-1.561726	51.283049	1296.138020	1.000000
166.650000	-14.280000	-156.814896	17.159600	-1.347086	51.106185	1300.470621	0.000000
166.650000	-14.280000	-156.814896	17.409600	-1.365003	50.930645	1304.803222	0.000000
166.650000	-14.280000	-156.814896	17.659600	-1.703109	50.756587	1309.155968	0.000000
166.650000	-14.280000	-156.814896	17.909600	-1.978058	50.583840	1313.577904	0.000000
166.650000	-14.280000	-156.814896	18.159600	-1.817219	50.412556	1317.999841	0.000000
166.650000	-14.280000	-156.814896	18.409600	-1.606259	50.242570	1322.421778	0.000000
166.650000	-14.280000	-156.814896	18.659600	-1.393683	50.074029	1326.843714	0.000000
166.650000	-14.280000	-156.814896	18.909600	-1.110251	49.906774	1331.264883	1.000000
166.650000	-14.280000	-156.814896	19.159600	-0.834623	49.740944	1335.667581	1.000000
166.650000	-14.280000	-156.814896	19.409600	-0.625398	49.576387	1340.070279	0.000000
166.650000	-14.280000	-156.814896	19.659600	-0.410350	49.413238	1344.472560	0.000000
166.650000	-14.280000	-156.814896	19.909600	-0.194823	49.251348	1348.869561	1.000000
166.650000	-14.280000	-156.814896	20.159600	0.010799	49.090846	1353.266562	1.000000
166.650000	-14.280000	-156.814896	20.409600	0.215776	48.931592	1357.663563	1.000000
166.650000	-14.280000	-156.814896	20.659600	0.248012	48.773707	1362.060565	1.000000
166.650000	-14.280000	-156.814896	20.909600	-0.133050	48.617056	1366.511066	1.000000
166.650000	-14.280000	-156.814896	21.159600	-0.240587	48.461757	1371.065939	1.000000
166.650000	-14.280000	-156.814896	21.409600	0.035437	48.307678	1375.569870	1.000000
166.650000	-14.280000	-156.814896	21.659600	0.335615	48.154933	1380.073801	1.000000
166.650000	-14.280000	-156.814896	21.909600	0.634780	48.003395	1384.577732	0.000000
166.650000	-14.280000	-156.814896	22.159600	0.932825	47.853171	1389.081664	0.000000
166.650000	-14.280000	-156.814896	22.409600	1.222475	47.704142	1393.585595	0.000000
166.650000	-14.280000	-156.814896	22.659600	1.415706	47.556410	1398.091873	0.000000
166.650000	-14.280000	-156.814896	22.909600	1.616823	47.409859	1402.628491	0.000000
166.650000	-14.280000	-156.814896	23.159600	1.915243	47.264586	1407.165108	0.000000
166.650000	-14.280000	-156.814896	23.409600	2.212658	47.120482	1411.701726	1.000000
166.650000	-14.280000	-156.814896	23.659600	2.506259	46.977638	1416.238343	1.000000
166.650000	-14.280000	-156.814896	23.909600	2.749542	46.835949	1420.775832	1.000000
166.650000	-14.280000	-156.814896	24.159600	3.066370	46.695504	1425.304965	1.000000
166.650000	-14.280000	-156.814896	24.409600	3.117286	46.556200	1429.735982	1.000000
166.650000	-14.280000	-156.814896	24.659600	2.384536	46.418122	1434.191004	1.000000
166.650000	-14.280000	-156.814896	24.909600	1.722883	46.281174	1438.772602	1.000000
166.650000	-14.280000	-156.814896	25.159600	1.497157	46.145432	1443.354200	1.000000
166.650000	-14.280000	-156.814896	25.409600	1.690570	46.010808	1447.935798	0.000000
166.650000	-14.280000	-156.814896	25.659600	1.883448	45.877374	1452.517395	0.000000
166.650000	-14.280000	-156.814896	25.909600	2.129491	45.745045	1457.098993	0.000000
166.650000	-14.280000	-156.564896	15.159600	2.646196	52.764789	1273.008372	0.000000
166.650000	-14.280000	-156.564896	15.409600	2.864368	52.578539	1276.678085	1.000000
166.650000	-14.280000	-156.564896	15.659600	2.575497	52.393776	1280.347798	1.000000
166.650000	-14.280000	-156.564896	15.909600	0.796180	52.210409	1284.110474	1.000000
166.650000	-14.280000	-156.564896	16.159600	-1.296709	52.028515	1288.097042	1.000000
166.650000	-14.280000	-156.564896	16.409600	-1.987133	51.848004	1292.364454	1.000000
166.650000	-14.280000	-156.564896	16.659600	-1.984822	51.668949	1296.697055	1.000000
166.650000	-14.280000	-156.564896	16.909600	-1.769939	51.491262	1301.029656	1.000000
166.650000	-14.280000	-156.564896	17.159600	-1.555919	51.315018	1305.362257	0.000000
166.650000	-14.280000	-156.564896	17.409600	-1.342671	51.140126	1309.694858	0.000000
166.650000	-14.280000	-156.564896	17.659600	-1.188489	50.966662	1314.027459	0.000000
166.650000	-14.280000	-156.564896	17.909600	-1.471769	50.794535	1318.360060	0.000000
166.650000	-14.280000	-156.564896	18.159600	-1.812360	50.623820	1322.764940	0.000000
166.650000	-14.280000	-156.564896	18.409600	-1.818117	50.454428	1327.186877	0.000000
166.650000	-14.280000	-156.564896	18.659600	-1.608554	50.286432	1331.608813	1.000000
166.650000	-14.280000	-156.564896	18.909600	-1.343747	50.119744	1336.030750	1.000000
166.650000	-14.280000	-156.564896	19.159600	-1.056315	49.954437	1340.435992	1.000000
166.650000	-14.280000	-156.564896	19.409600	-0.832108	49.790422	1344.838690	1.000000
166.650000	-14.280000	-156.564896	19.659600	-0.622881	49.627772	1349.237897	1.000000
166.650000	-14.280000	-156.564896	19.909600	-0.409875	49.466399	1353.634898	1.000000
166.650000	-14.280000	-156.564896	20.159600	-0.204731	49.306376	1358.031899	2.000000
166.650000	-14.280000	-156.564896	20.409600	0.260075	49.147615	1362.428900	2.000000
166.650000	-14.280000	-156.564896	20.659600	0.470119	48.990188	1366.825901	2.000000
166.650000	-14.280000	-156.564896	20.909600	0.402889	48.834008	1371.311865	2.000000
166.650000	-14.280000	-156.564896	21.159600	0.393640	48.679146	1375.848482	2.000000
166.650000	-14.280000	-156.564896	21.409600	0.690250	48.525516	1380.385100	2.000000
166.650000	-14.280000	-156.564896	21.659600	0.985760	48.373188	1384.921717	1.000000
166.650000	-14.280000	-156.564896	21.909600	1.280252	48.222078	1389.458335	0.000000
166.650000	-14.280000	-156.564896	22.159600	1.577517	48.072253	1393.994953	0.000000
166.650000	-14.280000	-156.564896	22.409600	1.874170	47.923631	1398.531570	0.000000
166.650000	-14.280000	-156.564896	22.659600	2.161942	47.776280	1403.068188	0.000000
166.650000	-14.280000	-156.564896	22.909600	2.359412	47.630116	1407.605166	0.000000
166.650000	-14.280000	-156.564896	23.159600	2.557366	47.485207	1412.143282	0.000000
166.650000	-14.280000	-156.564896	23.409600	2.758296	47.341471	1416.681397	1.000000
166.650000	-14.280000	-156.564896	23.659600	2.917540	47.198974	1421.219513	1.000000
166.650000	-14.280000	-156.564896	23.909600	3.144456	47.057635	1425.731646	1.000000
166.650000	-14.280000	-156.564896	24.159600	3.313002	46.917520	1430.162664	1.000000
166.650000	-14.280000	-156.564896	24.409600	3.507425	46.778549	1434.593681	1.000000
166.650000	-14.280000	-156.564896	24.659600	3.631609	46.640786	1439.024699	1.000000
166.650000	-14.280000	-156.564896	24.909600	3.333450	46.504153	1443.455717	1.000000
166.650000	-14.280000	-156.564896	25.159600	2.600087	46.368712	1447.902451	1.000000
166.650000	-14.280000	-156.564896	25.409600	1.911981	46.234387	1452.484048	0.000000
166.650000	-14.280000	-156.564896	25.659600	1.659584	46.101239	1457.065646	0.000000
166.650000	-14.280000	-156.564896	25.909600	1.851729	45.969193	1461.647244	0.000000
166.650000	-14.280000	-156.314896	15.159600	2.444452	52.966534	1278.144916	0.000000
166.650000	-14.280000	-156.314896	15.409600	2.661900	52.781007	1281.814630	1.000000
166.650000	-14.280000	-156.314896	15.659600	2.878360	52.597004	1285.484343	1.000000
166.650000	-14.280000	-156.314896	15.909600	2.407914	52.414334	1289.154056	1.000000
166.650000	-14.280000	-156.314896	16.159600	-0.363739	52.233169	1292.945511	1.000000
166.650000	-14.280000	-156.314896	16.409600	-2.001550	52.053325	1297.256090	1.000000
166.650000	-14.280000	-156.314896	16.659600	-1.975669	51.874971	1301.588691	1.000000
166.650000	-14.280000	-156.314896	16.909600	-1.879256	51.697925	1305.921292	1.000000
166.650000	-14.280000	-156.314896	17.159600	-1.763253	51.522352	1310.253893	0.000000
166.650000	-14.280000	-156.314896	17.409600	-1.550620	51.348076	1314.586494	0.000000
166.650000	-14.280000	-156.314896	17.659600	-1.338860	51.175254	1318.919095	0.000000
166.650000	-14.280000	-156.314896	17.909600	-1.127802	51.003718	1323.251696	0.000000
166.650000	-14.280000	-156.314896	18.159600	-1.241260	50.833619	1327.584297	0.000000
166.650000	-14.280000	-156.314896	18.409600	-1.582645	50.664792	1331.951975	1.000000
166.650000	-14.280000	-156.314896	18.659600	-1.813176	50.497386	1336.373912	1.000000
166.650000	-14.280000	-156.314896	18.909600	-1.568188	50.331240	1340.795849	1.000000
166.650000	-14.280000	-156.314896	19.159600	-1.276248	50.166497	1345.204403	1.000000
166.650000	-14.280000	-156.314896	19.409600	-1.043924	50.003002	1349.606232	1.000000
166.650000	-14.280000	-156.314896	19.659600	-0.828886	49.840891	1354.003233	1.000000
166.650000	-14.280000	-156.314896	19.909600	-0.349154	49.680016	1358.400234	2.000000
166.650000	-14.280000	-156.314896	20.159600	-0.135253	49.520509	1362.797235	2.000000
166.650000	-14.280000	-156.314896	20.409600	0.041555	49.362225	1367.282220	2.000000
166.650000	-14.280000	-156.314896	20.659600	0.452799	49.205290	1371.778708	2.000000
166.650000	-14.280000	-156.314896	20.909600	0.617256	49.049566	1376.288179	2.000000
166.650000	-14.280000	-156.314896	21.159600	0.736760	48.895174	1380.824797	2.000000
166.650000	-14.280000	-156.314896	21.409600	0.942262	48.741980	1385.361414	2.000000
166.650000	-14.280000	-156.314896	21.659600	1.147054	48.590101	1389.898032	2.000000
166.650000	-14.280000	-156.314896	21.909600	1.347065	48.439408	1394.434650	0.000000
166.650000	-14.280000	-156.314896	22.159600	1.545928	48.290011	1398.972616	0.000000
166.650000	-14.280000	-156.314896	22.409600	1.748426	48.141788	1403.510732	0.000000
166.650000	-14.280000	-156.314896	22.659600	1.950717	47.994845	1408.048847	0.000000
166.650000	-14.280000	-156.314896	22.909600	2.151435	47.849062	1412.586963	0.000000
166.650000	-14.280000	-156.314896	23.159600	2.348288	47.704541	1417.125078	0.000000
166.650000	-14.280000	-156.314896	23.409600	2.508198	47.561170	1421.663193	0.000000
166.650000	-14.280000	-156.314896	23.659600	2.733615	47.419042	1426.158327	1.000000
166.650000	-14.280000	-156.314896	23.909600	2.897643	47.278052	1430.589345	1.000000
166.650000	-14.280000	-156.314896	24.159600	3.092233	47.138289	1435.020363	1.000000
166.650000	-14.280000	-156.314896	24.409600	3.286324	46.999650	1439.451380	1.000000
166.650000	-14.280000	-156.314896	24.659600	3.479831	46.862221	1443.882398	1.000000
166.650000	-14.280000	-156.314896	24.909600	3.672853	46.725905	1448.313415	1.000000
166.650000	-14.280000	-156.314896	25.159600	3.819763	46.590782	1452.744433	0.000000
166.650000	-14.280000	-156.314896	25.409600	3.547415	46.456760	1457.175451	0.000000
166.650000	-14.280000	-156.314896	25.659600	2.813529	46.323913	1461.613897	0.000000
166.650000	-14.280000	-156.314896	25.909600	2.099080	46.192156	1466.195494	1.000000
166.650000	-14.280000	-156.314896	26.159600	1.828217	46.061558	1470.777092	1.000000
166.650000	-14.280000	-156.064896	15.159600	2.244256	53.166730	1283.281461	0.000000
166.650000	-14.280000	-156.064896	15.409600	2.460918	52.981990	1286.951174	1.000000
166.650000	-14.280000	-156.064896	15.659600	2.676660	52.798705	1290.620887	1.000000
166.650000	-14.280000	-156.064896	15.909600	2.708020	52.616789	1294.290601	1.000000
166.650000	-14.280000	-156.064896	16.159600	0.915419	52.436315	1298.010800	1.000000
166.650000	-14.280000	-156.064896	16.409600	-1.109232	52.257197	1302.263572	1.000000
166.650000	-14.280000	-156.064896	16.659600	-1.135345	52.079505	1306.555134	1.000000
166.650000	-14.280000	-156.064896	16.909600	-1.059629	51.903156	1310.846696	1.000000
166.650000	-14.280000	-156.064896	17.159600	-1.095351	51.728219	1315.145529	0.000000
166.650000	-14.280000	-156.064896	17.409600	-1.108357	51.554611	1319.478130	0.000000
166.650000	-14.280000	-156.064896	17.659600	-1.012943	51.382401	1323.810731	0.000000
166.650000	-14.280000	-156.064896	17.909600	-0.918768	51.211504	1328.143332	0.000000
166.650000	-14.280000	-156.064896	18.159600	-0.825904	51.041992	1332.475933	1.000000
166.650000	-14.280000	-156.064896	18.409600	-0.834894	50.873780	1336.808534	1.000000
166.650000	-14.280000	-156.064896	18.659600	-1.287689	50.706937	1341.141135	1.000000
166.650000	-14.280000	-156.064896	18.909600	-1.665223	50.541378	1345.560947	1.000000
166.650000	-14.280000	-156.064896	19.159600	-1.491625	50.377175	1349.972814	1.000000
166.650000	-14.280000	-156.064896	19.409600	-0.962980	50.214243	1354.371568	1.000000
166.650000	-14.280000	-156.064896	19.659600	-0.749409	50.052650	1358.768569	1.000000
166.650000	-14.280000	-156.064896	19.909600	-0.563586	49.892314	1363.258273	2.000000
166.650000	-14.280000	-156.064896	20.159600	-0.087899	49.733303	1367.754761	2.000000
166.650000	-14.280000	-156.064896	20.409600	0.156287	49.575533	1372.251249	2.000000
166.650000	-14.280000	-156.064896	20.659600	0.303432	49.419074	1376.747737	2.000000
166.650000	-14.280000	-156.064896	20.909600	0.391297	49.263843	1381.264494	2.000000
166.650000	-14.280000	-156.064896	21.159600	0.530312	49.109906	1385.801951	2.000000
166.650000	-14.280000	-156.064896	21.409600	0.733288	48.957183	1390.340066	2.000000
166.650000	-14.280000	-156.064896	21.659600	0.937640	48.805740	1394.878182	2.000000
166.650000	-14.280000	-156.064896	21.909600	1.141398	48.655496	1399.416297	0.000000
166.650000	-14.280000	-156.064896	22.159600	1.340675	48.506517	1403.954413	0.000000
166.650000	-14.280000	-156.064896	22.409600	1.538957	48.358723	1408.492528	0.000000
166.650000	-14.280000	-156.064896	22.659600	1.736602	48.212179	1413.030643	0.000000
166.650000	-14.280000	-156.064896	22.909600	1.933691	48.066806	1417.568759	0.000000
166.650000	-14.280000	-156.064896	23.159600	2.098411	47.922668	1422.106874	0.000000
166.650000	-14.280000	-156.064896	23.409600	2.324178	47.779686	1426.585009	0.000000
166.650000	-14.280000	-156.064896	23.659600	2.483566	47.637924	1431.016026	0.000000
166.650000	-14.280000	-156.064896	23.909600	2.678389	47.497305	1435.447044	1.000000
166.650000	-14.280000	-156.064896	24.159600	2.872630	47.357892	1439.878062	1.000000
166.650000	-14.280000	-156.064896	24.409600	3.066367	47.219607	1444.309079	1.000000
166.650000	-14.280000	-156.064896	24.659600	3.259540	47.082512	1448.740097	1.000000
166.650000	-14.280000	-156.064896	24.909600	3.452225	46.946533	1453.171114	0.000000
166.650000	-14.280000	-156.064896	25.159600	3.644365	46.811729	1457.602132	0.000000
166.650000	-14.280000	-156.064896	25.409600	3.836034	46.678027	1462.033150	0.000000
166.650000	-14.280000	-156.064896	25.659600	4.005675	46.545486	1466.464167	0.000000
166.650000	-14.280000	-156.064896	25.909600	3.756442	46.414033	1470.895185	1.000000
166.650000	-14.280000	-156.064896	26.159600	3.024872	46.283726	1475.326202	1.000000
166.650000	-14.280000	-155.814896	15.159600	2.045584	53.365402	1288.418005	0.000000
166.650000	-14.280000	-155.814896	15.409600	2.261506	53.181401	1292.087719	1.000000
166.650000	-14.280000	-155.814896	15.659600	2.476470	52.998894	1295.757432	1.000000
166.650000	-14.280000	-155.814896	15.909600	2.411759	52.817690	1299.427145	1.000000
166.650000	-14.280000	-155.814896	16.159600	1.036598	52.637963	1303.238838	1.000000
166.650000	-14.280000	-155.814896	16.409600	-0.677490	52.459529	1307.431288	1.000000
166.650000	-14.280000	-155.814896	16.659600	-0.788235	52.282556	1311.722850	1.000000
166.650000	-14.280000	-155.814896	16.909600	-0.575810	52.106864	1316.014412	1.000000
166.650000	-14.280000	-155.814896	17.159600	-0.383896	51.932618	1320.305974	0.000000
166.650000	-14.280000	-155.814896	17.409600	-0.284149	51.759641	1324.597536	0.000000
166.650000	-14.280000	-155.814896	17.659600	-0.185734	51.588093	1328.889098	0.000000
166.650000	-14.280000	-155.814896	17.909600	-0.088482	51.417804	1333.180660	0.000000
166.650000	-14.280000	-155.814896	18.159600	0.007451	51.248928	1337.472222	1.000000
166.650000	-14.280000	-155.814896	18.409600	0.102229	51.081298	1341.763784	1.000000
166.650000	-14.280000	-155.814896	18.659600	0.135524	50.915064	1346.055346	1.000000
166.650000	-14.280000	-155.814896	18.909600	-0.286665	50.750066	1350.365372	1.000000
166.650000	-14.280000	-155.814896	19.159600	-0.889609	50.586447	1354.739904	1.000000
166.650000	-14.280000	-155.814896	19.409600	-1.148739	50.424052	1359.234488	1.000000
166.650000	-14.280000	-155.814896	19.659600	-0.666394	50.263019	1363.733835	1.000000
166.650000	-14.280000	-155.814896	19.909600	-0.434820	50.103199	1368.233183	2.000000
166.650000	-14.280000	-155.814896	20.159600	-0.223264	49.944724	1372.732531	1.000000
166.650000	-14.280000	-155.814896	20.409600	-0.012317	49.787449	1377.231879	1.000000
166.650000	-14.280000	-155.814896	20.659600	0.150669	49.631503	1381.731226	1.000000
166.650000	-14.280000	-155.814896	20.909600	0.199238	49.476746	1386.245632	1.000000
166.650000	-14.280000	-155.814896	21.159600	0.328042	49.323301	1390.783747	1.000000
166.650000	-14.280000	-155.814896	21.409600	0.528360	49.171033	1395.321863	1.000000
166.650000	-14.280000	-155.814896	21.659600	0.727991	49.020059	1399.859978	1.000000
166.650000	-14.280000	-155.814896	21.909600	0.927065	48.870251	1404.398093	0.000000
166.650000	-14.280000	-155.814896	22.159600	1.125471	48.721721	1408.936209	0.000000
166.650000	-14.280000	-155.814896	22.409600	1.323335	48.574345	1413.474324	0.000000
166.650000	-14.280000	-155.814896	22.659600	1.520552	48.428229	1418.012440	0.000000
166.650000	-14.280000	-155.814896	22.909600	1.690172	48.283256	1422.550555	0.000000
166.650000	-14.280000	-155.814896	23.159600	1.916184	48.139527	1427.011690	0.000000
166.650000	-14.280000	-155.814896	23.409600	2.070979	47.996929	1431.442708	0.000000
166.650000	-14.280000	-155.814896	23.659600	2.265932	47.855558	1435.873725	0.000000
166.650000	-14.280000	-155.814896	23.909600	2.460389	47.715306	1440.304743	0.000000
166.650000	-14.280000	-155.814896	24.159600	2.654257	47.576265	1444.735760	0.000000
166.650000	-14.280000	-155.814896	24.409600	2.847643	47.438331	1449.166778	0.000000
166.650000	-14.280000	-155.814896	24.659600	3.040460	47.301592	1453.597796	0.000000
166.650000	-14.280000	-155.814896	24.909600	3.232810	47.165949	1458.028813	0.000000
166.650000	-14.280000	-155.814896	25.159600	3.424610	47.031484	1462.459831	0.000000
166.650000	-14.280000	-155.814896	25.409600	3.615959	46.898103	1466.890848	0.000000
166.650000	-14.280000	-155.814896	25.659600	3.806777	46.765884	1471.321866	0.000000
166.650000	-14.280000	-155.814896	25.909600	3.997158	46.634738	1475.752884	1.000000
166.650000	-14.280000	-155.814896	26.159600	4.533272	46.504739	1480.183901	1.000000
166.650000	-14.280000	-155.564896	15.159600	1.848433	53.562553	1293.554550	0.000000
166.650000	-14.280000	-155.564896	15.409600	2.063553	53.379355	1297.224263	1.000000
166.650000	-14.280000	-155.564896	15.659600	2.050647	53.197581	1300.893976	1.000000
166.650000	-14.280000	-155.564896	15.909600	2.121915	53.017149	1304.653972	1.000000
166.650000	-14.280000	-155.564896	16.159600	1.038897	52.838128	1308.466876	1.000000
166.650000	-14.280000	-155.564896	16.409600	-0.679850	52.660437	1312.599004	1.000000
166.650000	-14.280000	-155.564896	16.659600	-0.989822	52.484143	1316.890566	1.000000
166.650000	-14.280000	-155.564896	16.909600	-0.778111	52.309165	1321.182128	1.000000
166.650000	-14.280000	-155.564896	17.159600	-0.567215	52.135572	1325.473690	0.000000
166.650000	-14.280000	-155.564896	17.409600	-0.357052	51.963281	1329.765252	0.000000
166.650000	-14.280000	-155.564896	17.659600	-0.147689	51.792362	1334.056814	0.000000
166.650000	-14.280000	-155.564896	17.909600	0.060958	51.622732	1338.348376	0.000000
166.650000	-14.280000	-155.564896	18.159600	0.268819	51.454459	1342.639938	1.000000
166.650000	-14.280000	-155.564896	18.409600	0.475980	51.287462	1346.931500	1.000000
166.650000	-14.280000	-155.564896	18.659600	0.682372	51.121809	1351.223062	1.000000
166.650000	-14.280000	-155.564896	18.909600	0.749004	50.957418	1355.514624	1.000000
166.650000	-14.280000	-155.564896	19.159600	0.613529	50.794357	1359.850517	1.000000
166.650000	-14.280000	-155.564896	19.409600	-0.105886	50.632544	1364.225119	1.000000
166.650000	-14.280000	-155.564896	19.659600	-0.719802	50.472047	1368.724466	1.000000
166.650000	-14.280000	-155.564896	19.909600	-0.599852	50.312784	1373.223814	2.000000
166.650000	-14.280000	-155.564896	20.159600	-0.396931	50.154824	1377.723162	1.000000
166.650000	-14.280000	-155.564896	20.409600	-0.194633	49.998084	1382.222509	1.000000
166.650000	-14.280000	-155.564896	20.659600	-0.012546	49.842632	1386.721857	1.000000
166.650000	-14.280000	-155.564896	20.909600	0.024468	49.688387	1391.227428	1.000000
166.650000	-14.280000	-155.564896	21.159600	0.115927	49.535416	1395.765543	1.000000
166.650000	-14.280000	-155.564896	21.409600	0.315754	49.383638	1400.303659	1.000000
166.650000	-14.280000	-155.564896	21.659600	0.514930	49.233120	1404.841774	1.000000
166.650000	-14.280000	-155.564896	21.909600	0.713535	49.083781	1409.379890	0.000000
166.650000	-14.280000	-155.564896	22.159600	0.911505	48.935687	1413.918005	0.000000
166.650000	-14.280000	-155.564896	22.409600	1.097919	48.788760	1418.456121	0.000000
166.650000	-14.280000	-155.564896	22.659600	1.283351	48.643063	1422.994236	0.000000
166.650000	-14.280000	-155.564896	22.909600	1.509677	48.498519	1427.438371	0.000000
166.650000	-14.280000	-155.564896	23.159600	1.659753	48.355192	1431.869389	0.000000
166.650000	-14.280000	-155.564896	23.409600	1.854904	48.213003	1436.300407	0.000000
166.650000	-14.280000	-155.564896	23.659600	2.049473	48.072017	1440.731424	0.000000
166.650000	-14.280000	-155.564896	23.909600	2.243538	47.932157	1445.162442	0.000000
166.650000	-14.280000	-155.564896	24.159600	2.437037	47.793485	1449.593459	0.000000
166.650000	-14.280000	-155.564896	24.409600	2.630049	47.655925	1454.024477	0.000000
166.650000	-14.280000	-155.564896	24.659600	2.822513	47.519539	1458.455495	0.000000
166.650000	-14.280000	-155.564896	24.909600	3.014505	47.384253	1462.886512	0.000000
166.650000	-14.280000	-155.564896	25.159600	3.349779	47.250126	1467.317530	0.000000
166.650000	-14.280000	-155.564896	25.409600	4.222262	47.117086	1471.748547	0.000000
166.650000	-14.280000	-155.564896	25.659600	5.073936	46.985191	1476.179565	0.000000
166.650000	-14.280000	-155.314896	15.159600	1.652774	53.758212	1298.691094	0.000000
166.650000	-14.280000	-155.314896	15.409600	1.726666	53.575768	1302.360808	0.000000
166.650000	-14.280000	-155.314896	15.659600	1.761997	53.394788	1306.069105	1.000000
166.650000	-14.280000	-155.314896	15.909600	1.739784	53.215083	1309.882009	1.000000
166.650000	-14.280000	-155.314896	16.159600	1.047894	53.036826	1313.694913	1.000000
166.650000	-14.280000	-155.314896	16.409600	-0.679619	52.859834	1317.766720	1.000000
166.650000	-14.280000	-155.314896	16.659600	-1.189955	52.684276	1322.058282	1.000000
166.650000	-14.280000	-155.314896	16.909600	-0.978918	52.509972	1326.349844	0.000000
166.650000	-14.280000	-155.314896	17.159600	-0.768729	52.337086	1330.641406	0.000000
166.650000	-14.280000	-155.314896	17.409600	-0.559215	52.165444	1334.932968	0.000000
166.650000	-14.280000	-155.314896	17.659600	-0.350531	51.995205	1339.224530	0.000000
166.650000	-14.280000	-155.314896	17.909600	-0.142509	51.826198	1343.516092	0.000000
166.650000	-14.280000	-155.314896	18.159600	0.064699	51.658579	1347.807654	0.000000
166.650000	-14.280000	-155.314896	18.409600	0.271260	51.492183	1352.099216	1.000000
166.650000	-14.280000	-155.314896	18.659600	0.411888	51.327157	1356.390777	1.000000
166.650000	-14.280000	-155.314896	18.909600	0.575817	51.163344	1360.702436	1.000000
166.650000	-14.280000	-155.314896	19.159600	0.696287	51.000885	1365.049855	1.000000
166.650000	-14.280000	-155.314896	19.409600	0.827142	50.839627	1369.397274	1.000000
166.650000	-14.280000	-155.314896	19.659600	0.227098	50.679709	1373.744693	1.000000
166.650000	-14.280000	-155.314896	19.909600	-0.471768	50.520980	1378.214445	1.000000
166.650000	-14.280000	-155.314896	20.159600	-0.605682	50.363575	1382.713792	1.000000
166.650000	-14.280000	-155.314896	20.409600	-0.403897	50.207348	1387.213140	1.000000
166.650000	-14.280000	-155.314896	20.659600	-0.202818	50.052428	1391.712488	1.000000
166.650000	-14.280000	-155.314896	20.909600	-0.133167	49.898676	1396.211835	1.000000
166.650000	-14.280000	-155.314896	21.159600	-0.086738	49.746215	1400.747340	2.000000
166.650000	-14.280000	-155.314896	21.409600	0.104482	49.594911	1405.285455	1.000000
166.650000	-14.280000	-155.314896	21.659600	0.303169	49.444881	1409.823571	0.000000
166.650000	-14.280000	-155.314896	21.909600	0.501319	49.295997	1414.361686	0.000000
166.650000	-14.280000	-155.314896	22.159600	0.651649	49.148372	1418.899801	0.000000
166.650000	-14.280000	-155.314896	22.409600	0.878154	49.001881	1423.434035	0.000000
166.650000	-14.280000	-155.314896	22.659600	1.092323	48.856633	1427.865053	0.000000
166.650000	-14.280000	-155.314896	22.909600	1.250093	48.712507	1432.296070	0.000000
166.650000	-14.280000	-155.314896	23.159600	1.445336	48.569609	1436.727088	0.000000
166.650000	-14.280000	-155.314896	23.409600	1.640085	48.427822	1441.158105	0.000000
166.650000	-14.280000	-155.314896	23.659600	1.834244	48.287247	1445.589123	0.000000
166.650000	-14.280000	-155.314896	23.909600	2.027923	48.147772	1450.020141	0.000000
166.650000	-14.280000	-155.314896	24.159600	2.221029	48.009492	1454.451158	0.000000
166.650000	-14.280000	-155.314896	24.409600	3.041199	47.872302	1458.882176	0.000000
166.650000	-14.280000	-155.314896	24.659600	3.901529	47.736292	1463.313193	0.000000
166.650000	-14.280000	-155.314896	24.909600	4.586187	47.601360	1467.744211	0.000000
166.650000	-14.280000	-155.064896	15.159600	1.458610	53.952376	1303.827639	0.000000
166.650000	-14.280000	-155.064896	15.409600	1.404909	53.770751	1307.497352	0.000000
166.650000	-14.280000	-155.064896	15.659600	1.377481	53.590518	1311.297143	0.000000
166.650000	-14.280000	-155.064896	15.909600	1.543266	53.411601	1315.110047	0.000000
166.650000	-14.280000	-155.064896	16.159600	1.059446	53.234065	1318.922951	0.000000
166.650000	-14.280000	-155.064896	16.409600	-0.676903	53.057833	1322.934436	0.000000
166.650000	-14.280000	-155.064896	16.659600	-1.388647	52.882969	1327.225998	0.000000
166.650000	-14.280000	-155.064896	16.909600	-1.178341	52.709395	1331.517560	0.000000
166.650000	-14.280000	-155.064896	17.159600	-0.968822	52.537179	1335.809122	0.000000
166.650000	-14.280000	-155.064896	17.409600	-0.760011	52.366240	1340.100684	0.000000
166.650000	-14.280000	-155.064896	17.659600	-0.551972	52.196645	1344.392246	0.000000
166.650000	-14.280000	-155.064896	17.909600	-0.344626	52.028315	1348.683807	0.000000
166.650000	-14.280000	-155.064896	18.159600	-0.138038	51.861317	1352.975369	0.000000
166.650000	-14.280000	-155.064896	18.409600	0.067872	51.695570	1357.266931	1.000000
166.650000	-14.280000	-155.064896	18.659600	0.179674	51.531142	1361.558493	1.000000
166.650000	-14.280000	-155.064896	18.909600	0.300527	51.367954	1365.901775	1.000000
166.650000	-14.280000	-155.064896	19.159600	0.491102	51.206070	1370.249194	1.000000
166.650000	-14.280000	-155.064896	19.409600	0.694298	51.045413	1374.596613	1.000000
166.650000	-14.280000	-155.064896	19.659600	0.896784	50.886048	1378.944032	1.000000
166.650000	-14.280000	-155.064896	19.909600	0.558906	50.727896	1383.291451	0.000000
166.650000	-14.280000	-155.064896	20.159600	-0.139669	50.571022	1387.704423	0.000000
166.650000	-14.280000	-155.064896	20.409600	-0.611898	50.415349	1392.203771	1.000000
166.650000	-14.280000	-155.064896	20.659600	-0.411331	50.260941	1396.703119	2.000000
166.650000	-14.280000	-155.064896	20.909600	-0.296957	50.107721	1401.202466	2.000000
166.650000	-14.280000	-155.064896	21.159600	-0.268738	49.955752	1405.729136	2.000000
166.650000	-14.280000	-155.064896	21.409600	-0.105564	49.804957	1410.267252	1.000000
166.650000	-14.280000	-155.064896	21.659600	0.092650	49.655400	1414.805367	1.000000
166.650000	-14.280000	-155.064896	21.909600	0.247769	49.507005	1419.343482	0.000000
166.650000	-14.280000	-155.064896	22.159600	0.474455	49.359834	1423.860716	0.000000
166.650000	-14.280000	-155.064896	22.409600	0.645948	49.213811	1428.291734	0.000000
166.650000	-14.280000	-155.064896	22.659600	0.841872	49.069000	1432.722752	0.000000
166.650000	-14.280000	-155.064896	22.909600	1.037277	48.925323	1437.153769	0.000000
166.650000	-14.280000	-155.064896	23.159600	1.232100	48.782844	1441.584787	0.000000
166.650000	-14.280000	-155.064896	23.409600	1.853739	48.641488	1446.015804	0.000000
166.650000	-14.280000	-155.064896	23.659600	2.722696	48.501315	1450.446822	0.000000
166.650000	-14.280000	-155.064896	23.909600	3.571356	48.362252	1454.877840	0.000000
166.650000	-14.280000	-155.064896	24.159600	3.722204	48.224359	1459.308857	0.000000
166.650000	-14.280000	-155.064896	24.409600	3.811658	48.087563	1463.959266	0.000000
166.650000	-14.280000	-154.814896	15.159600	1.050615	54.145081	1308.964183	1.000000
166.650000	-14.280000	-154.814896	15.409600	1.120741	53.964223	1312.712277	0.000000
166.650000	-14.280000	-154.814896	15.659600	1.136837	53.784800	1316.525181	0.000000
166.650000	-14.280000	-154.814896	15.909600	1.348243	53.606624	1320.338085	0.000000
166.650000	-14.280000	-154.814896	16.159600	1.073534	53.429868	1324.150989	0.000000
166.650000	-14.280000	-154.814896	16.409600	-0.671616	53.254349	1328.102152	0.000000
166.650000	-14.280000	-154.814896	16.659600	-1.585916	53.080237	1332.393714	0.000000
166.650000	-14.280000	-154.814896	16.909600	-1.376299	52.907353	1336.685276	0.000000
166.650000	-14.280000	-154.814896	17.159600	-1.167503	52.735860	1340.976837	0.000000
166.650000	-14.280000	-154.814896	17.409600	-0.959356	52.565585	1345.268399	0.000000
166.650000	-14.280000	-154.814896	17.659600	-0.752014	52.396687	1349.559961	0.000000
166.650000	-14.280000	-154.814896	17.909600	-0.545308	52.228997	1353.851523	0.000000
166.650000	-14.280000	-154.814896	18.159600	-0.339391	52.062670	1358.143085	0.000000
166.650000	-14.280000	-154.814896	18.409600	-0.214415	51.897540	1362.434647	0.000000
166.650000	-14.280000	-154.814896	18.659600	-0.039902	51.733758	1366.753694	1.000000
166.650000	-14.280000	-154.814896	18.909600	0.084050	51.571163	1371.101113	1.000000
166.650000	-14.280000	-154.814896	19.159600	0.287272	51.409900	1375.448532	1.000000
166.650000	-14.280000	-154.814896	19.409600	0.489897	51.249814	1379.795952	1.000000
166.650000	-14.280000	-154.814896	19.659600	0.691786	51.091046	1384.143371	0.000000
166.650000	-14.280000	-154.814896	19.909600	0.893090	50.933445	1388.490790	0.000000
166.650000	-14.280000	-154.814896	20.159600	0.889450	50.777145	1392.838209	0.000000
166.650000	-14.280000	-154.814896	20.409600	0.191381	50.622002	1397.194402	1.000000
166.650000	-14.280000	-154.814896	20.659600	-0.483102	50.468145	1401.693749	1.000000
166.650000	-14.280000	-154.814896	20.909600	-0.477013	50.315434	1406.193097	1.000000
166.650000	-14.280000	-154.814896	21.159600	-0.449423	50.163994	1410.710932	1.000000
166.650000	-14.280000	-154.814896	21.409600	-0.314297	50.013690	1415.249048	1.000000
166.650000	-14.280000	-154.814896	21.659600	-0.154485	49.864642	1419.787163	1.000000
166.650000	-14.280000	-154.814896	21.909600	0.072457	49.716718	1424.287398	1.000000
166.650000	-14.280000	-154.814896	22.159600	0.239225	49.570035	1428.718415	0.000000
166.650000	-14.280000	-154.814896	22.409600	0.660043	49.424466	1433.149433	0.000000
166.650000	-14.280000	-154.814896	22.659600	1.537565	49.280122	1437.580450	0.000000
166.650000	-14.280000	-154.814896	22.909600	2.394737	49.136882	1442.011468	0.000000
166.650000	-14.280000	-154.814896	23.159600	2.769955	48.994852	1446.442486	0.000000
166.650000	-14.280000	-154.814896	23.409600	2.859463	48.853914	1451.022044	0.000000
166.650000	-14.280000	-154.814896	23.659600	3.392170	48.714172	1455.693482	0.000000
166.650000	-14.280000	-154.564896	15.159600	0.767623	54.336316	1314.127411	1.000000
166.650000	-14.280000	-154.564896	15.409600	0.732655	54.156291	1317.940315	1.000000
166.650000	-14.280000	-154.564896	15.659600	0.944007	53.977629	1321.753219	0.000000
166.650000	-14.280000	-154.564896	15.909600	1.154610	53.800257	1325.566123	0.000000
166.650000	-14.280000	-154.564896	16.159600	1.090160	53.624235	1329.379027	0.000000
166.650000	-14.280000	-154.564896	16.409600	-0.663861	53.449492	1333.269867	0.000000
166.650000	-14.280000	-154.564896	16.659600	-1.781767	53.276089	1337.561429	0.000000
166.650000	-14.280000	-154.564896	16.909600	-1.572897	53.103951	1341.852991	0.000000
166.650000	-14.280000	-154.564896	17.159600	-1.364786	52.933142	1346.144553	0.000000
166.650000	-14.280000	-154.564896	17.409600	-1.157358	52.763587	1350.436115	0.000000
166.650000	-14.280000	-154.564896	17.659600	-0.950676	52.595349	1354.727677	0.000000
166.650000	-14.280000	-154.564896	17.909600	-0.744663	52.428352	1359.019239	0.000000
166.650000	-14.280000	-154.564896	18.159600	-0.549934	52.262661	1363.310801	0.000000
166.650000	-14.280000	-154.564896	18.409600	-0.432127	52.098199	1367.605614	0.000000
166.650000	-14.280000	-154.564896	18.659600	-0.321198	51.935029	1371.953033	0.000000
166.650000	-14.280000	-154.564896	18.909600	-0.117865	51.773077	1376.300452	0.000000
166.650000	-14.280000	-154.564896	19.159600	0.084767	51.612405	1380.647871	0.000000
166.650000	-14.280000	-154.564896	19.409600	0.286773	51.452938	1384.995290	0.000000
166.650000	-14.280000	-154.564896	19.659600	0.488093	51.294739	1389.342709	0.000000
166.650000	-14.280000	-154.564896	19.909600	0.688802	51.137733	1393.690128	0.000000
166.650000	-14.280000	-154.564896	20.159600	0.888838	50.981981	1398.037547	0.000000
166.650000	-14.280000	-154.564896	20.409600	1.064796	50.827410	1402.384966	1.000000
166.650000	-14.280000	-154.564896	20.659600	0.521171	50.674082	1406.732385	1.000000
166.650000	-14.280000	-154.564896	20.909600	-0.210688	50.521921	1411.183728	1.000000
166.650000	-14.280000	-154.564896	21.159600	-0.628837	50.370990	1415.692729	1.000000
166.650000	-14.280000	-154.564896	21.409600	-0.535502	50.221214	1420.230844	1.000000
166.650000	-14.280000	-154.564896	21.659600	0.375683	50.072655	1424.714079	1.000000
166.650000	-14.280000	-154.564896	21.909600	1.211798	49.925240	1429.145097	1.000000
166.650000	-14.280000	-154.564896	22.159600	1.814255	49.779028	1433.576114	0.000000
166.650000	-14.280000	-154.564896	22.409600	1.903819	49.633946	1438.084823	0.000000
166.650000	-14.280000	-154.564896	22.659600	2.228766	49.490056	1442.756261	0.000000
166.650000	-14.280000	-154.564896	22.909600	3.027313	49.347284	1447.427699	0.000000
166.650000	-14.280000	-154.564896	23.159600	3.808602	49.205690	1452.099136	0.000000
166.650000	-14.280000	-154.314896	15.159600	0.419231	54.526124	1319.355449	1.000000
166.650000	-14.280000	-154.314896	15.409600	0.542066	54.346880	1323.168353	1.000000
166.650000	-14.280000	-154.314896	15.659600	0.752595	54.169041	1326.981257	1.000000
166.650000	-14.280000	-154.314896	15.909600	0.962444	53.992423	1330.794161	0.000000
166.650000	-14.280000	-154.314896	16.159600	1.109298	53.817197	1334.607065	0.000000
166.650000	-14.280000	-154.314896	16.409600	-0.540052	53.643181	1338.437583	0.000000
166.650000	-14.280000	-154.314896	16.659600	-1.976224	53.470545	1342.729145	0.000000
166.650000	-14.280000	-154.314896	16.909600	-1.768056	53.299110	1347.020707	0.000000
166.650000	-14.280000	-154.314896	17.159600	-1.560685	53.129041	1351.312269	0.000000
166.650000	-14.280000	-154.314896	17.409600	-1.353936	52.960165	1355.603831	0.000000
166.650000	-14.280000	-154.314896	17.659600	-1.147967	52.792640	1359.895393	0.000000
166.650000	-14.280000	-154.314896	17.909600	-0.942609	52.626298	1364.186955	0.000000
166.650000	-14.280000	-154.314896	18.159600	-0.822356	52.461294	1368.478517	0.000000
166.650000	-14.280000	-154.314896	18.409600	-0.657048	52.297464	1372.804953	0.000000
166.650000	-14.280000	-154.314896	18.659600	-0.521126	52.134957	1377.152372	0.000000
166.650000	-14.280000	-154.314896	18.909600	-0.318402	51.973614	1381.499791	0.000000
166.650000	-14.280000	-154.314896	19.159600	-0.116408	51.813580	1385.847210	0.000000
166.650000	-14.280000	-154.314896	19.409600	0.085011	51.654701	1390.194629	0.000000
166.650000	-14.280000	-154.314896	19.659600	0.285715	51.497116	1394.542048	0.000000
166.650000	-14.280000	-154.314896	19.909600	0.485858	51.340676	1398.889467	0.000000
166.650000	-14.280000	-154.314896	20.159600	0.685303	51.185517	1403.236886	0.000000
166.650000	-14.280000	-154.314896	20.409600	0.884198	51.031491	1407.584305	1.000000
166.650000	-14.280000	-154.314896	20.659600	1.082413	50.878732	1411.931724	1.000000
166.650000	-14.280000	-154.314896	20.909600	1.048933	50.727097	1416.279143	1.000000
166.650000	-14.280000	-154.314896	21.159600	1.281472	50.576714	1420.674525	1.000000
166.650000	-14.280000	-154.314896	21.409600	0.974172	50.427445	1425.147602	1.000000
166.650000	-14.280000	-154.314896	21.659600	1.059455	50.279413	1429.819040	1.000000
166.650000	-14.280000	-154.314896	21.909600	1.865713	50.132486	1434.490478	1.000000
166.650000	-14.280000	-154.314896	22.159600	2.654619	49.986780	1439.161915	1.000000
166.650000	-14.280000	-154.314896	22.409600	3.241627	49.842169	1443.833353	0.000000
166.650000	-14.280000	-154.064896	15.159600	0.142307	54.714487	1324.583486	1.000000
166.650000	-14.280000	-154.064896	15.409600	0.352856	54.536090	1328.396390	1.000000
166.650000	-14.280000	-154.064896	15.659600	0.562611	54.359026	1332.209295	1.000000
166.650000	-14.280000	-154.064896	15.909600	0.771642	54.183225	1336.022199	0.000000
166.650000	-14.280000	-154.064896	16.159600	0.979891	54.008746	1339.835103	0.000000
166.650000	-14.280000	-154.064896	16.409600	-0.368567	53.835521	1343.648007	0.000000
166.650000	-14.280000	-154.064896	16.659600	-2.030120	53.663607	1347.896861	0.000000
166.650000	-14.280000	-154.064896	16.909600	-1.961881	53.492935	1352.188423	0.000000
166.650000	-14.280000	-154.064896	17.159600	-1.755207	53.323564	1356.479985	0.000000
166.650000	-14.280000	-154.064896	17.409600	-1.549193	53.155423	1360.771547	0.000000
166.650000	-14.280000	-154.064896	17.659600	-1.343899	52.988572	1365.063109	0.000000
166.650000	-14.280000	-154.064896	17.909600	-1.173783	52.822939	1369.354671	0.000000
166.650000	-14.280000	-154.064896	18.159600	-1.036680	52.658586	1373.656872	0.000000
166.650000	-14.280000	-154.064896	18.409600	-0.922412	52.495440	1378.004291	0.000000
166.650000	-14.280000	-154.064896	18.659600	-0.719730	52.333561	1382.351710	0.000000
166.650000	-14.280000	-154.064896	18.909600	-0.517665	52.172878	1386.699129	0.000000
166.650000	-14.280000	-154.064896	19.159600	-0.316278	52.013450	1391.046548	0.000000
166.650000	-14.280000	-154.064896	19.409600	-0.115495	51.855206	1395.393967	0.000000
166.650000	-14.280000	-154.064896	19.659600	0.084625	51.698207	1399.741386	0.000000
166.650000	-14.280000	-154.064896	19.909600	0.284155	51.542379	1404.088806	0.000000
166.650000	-14.280000	-154.064896	20.159600	0.483037	51.387783	1408.436225	0.000000
166.650000	-14.280000	-154.064896	20.409600	0.681342	51.234348	1412.783644	1.000000
166.650000	-14.280000	-154.064896	20.659600	1.430265	51.082133	1417.131063	1.000000
166.650000	-14.280000	-154.064896	20.909600	1.448743	50.931066	1421.553256	1.000000
166.650000	-14.280000	-154.064896	21.159600	1.581263	50.781207	1426.224694	1.000000
166.650000	-14.280000	-154.064896	21.409600	2.257975	50.632485	1430.896132	1.000000
166.650000	-14.280000	-154.064896	21.659600	2.452957	50.484959	1435.567569	1.000000
166.650000	-14.280000	-154.064896	21.909600	2.647399	50.338557	1440.239007	1.000000
166.650000	-14.280000	-153.814896	15.159600	-0.044660	54.901454	1329.811524	1.000000
166.650000	-14.280000	-153.814896	15.409600	0.165096	54.723850	1333.624428	1.000000
166.650000	-14.280000	-153.814896	15.659600	0.374014	54.547623	1337.437332	1.000000
166.650000	-14.280000	-153.814896	15.909600	0.582278	54.372589	1341.250236	0.000000
166.650000	-14.280000	-153.814896	16.159600	0.789718	54.198919	1345.063140	0.000000
166.650000	-14.280000	-153.814896	16.409600	-0.307780	54.026435	1348.876045	0.000000
166.650000	-14.280000	-153.814896	16.659600	-2.024336	53.855303	1353.064577	0.000000
166.650000	-14.280000	-153.814896	16.909600	-2.154293	53.685347	1357.356139	0.000000
166.650000	-14.280000	-153.814896	17.159600	-1.948374	53.516731	1361.647701	0.000000
166.650000	-14.280000	-153.814896	17.409600	-1.743053	53.349282	1365.939263	0.000000
166.650000	-14.280000	-153.814896	17.659600	-1.538487	53.183160	1370.230825	0.000000
166.650000	-14.280000	-153.814896	17.909600	-1.422866	53.018197	1374.522387	0.000000
166.650000	-14.280000	-153.814896	18.159600	-1.278086	52.854547	1378.856211	0.000000
166.650000	-14.280000	-153.814896	18.409600	-1.119019	52.692047	1383.203630	0.000000
166.650000	-14.280000	-153.814896	18.659600	-0.917015	52.530847	1387.551049	0.000000
166.650000	-14.280000	-153.814896	18.909600	-0.715575	52.370787	1391.898468	0.000000
166.650000	-14.280000	-153.814896	19.159600	-0.514842	52.212014	1396.245887	0.000000
166.650000	-14.280000	-153.814896	19.409600	-0.314662	52.054373	1400.593306	0.000000
166.650000	-14.280000	-153.814896	19.659600	-0.115173	51.898005	1404.940725	0.000000
166.650000	-14.280000	-153.814896	19.909600	0.083776	51.742759	1409.288144	0.000000
166.650000	-14.280000	-153.814896	20.159600	0.813834	51.588772	1413.635563	0.000000
166.650000	-14.280000	-153.814896	20.409600	0.905974	51.435898	1417.982982	1.000000
166.650000	-14.280000	-153.814896	20.659600	0.932145	51.284269	1422.630348	1.000000
166.650000	-14.280000	-153.814896	20.909600	1.663554	51.133744	1427.301786	1.000000
166.650000	-14.280000	-153.814896	21.159600	1.859137	50.984451	1431.973224	1.000000
166.650000	-14.280000	-153.814896	21.409600	2.054209	50.836252	1436.644661	1.000000
166.650000	-14.280000	-153.564896	15.159600	0.795357	55.087002	1335.039562	1.000000
166.650000	-14.280000	-153.564896	15.409600	-0.021312	54.910258	1338.852466	1.000000
166.650000	-14.280000	-153.564896	15.659600	0.186820	54.734816	1342.665370	0.000000
166.650000	-14.280000	-153.564896	15.909600	0.394253	54.560613	1346.478274	0.000000
166.650000	-14.280000	-153.564896	16.159600	0.600933	54.387704	1350.291178	0.000000
166.650000	-14.280000	-153.564896	16.409600	-0.290776	54.216024	1354.104082	0.000000
166.650000	-14.280000	-153.564896	16.659600	-2.016104	54.045627	1358.232293	0.000000
166.650000	-14.280000	-153.564896	16.909600	-2.345394	53.876448	1362.523855	0.000000
166.650000	-14.280000	-153.564896	17.159600	-2.140186	53.708543	1366.815417	0.000000
166.650000	-14.280000	-153.564896	17.409600	-1.935615	53.541844	1371.106979	0.000000
166.650000	-14.280000	-153.564896	17.659600	-1.790250	53.376410	1375.398541	0.000000
166.650000	-14.280000	-153.564896	17.909600	-1.633853	53.212171	1379.708130	0.000000
166.650000	-14.280000	-153.564896	18.159600	-1.516385	53.049186	1384.055549	0.000000
166.650000	-14.280000	-153.564896	18.409600	-1.314358	52.887386	1388.402968	0.000000
166.650000	-14.280000	-153.564896	18.659600	-1.112997	52.726828	1392.750387	0.000000
166.650000	-14.280000	-153.564896	18.909600	-0.912232	52.567444	1397.097807	0.000000
166.650000	-14.280000	-153.564896	19.159600	-0.712120	52.409292	1401.445226	0.000000
166.650000	-14.280000	-153.564896	19.409600	-0.512591	52.252303	1405.792645	0.000000
166.650000	-14.280000	-153.564896	19.659600	-0.041509	52.096534	1410.140064	0.000000
166.650000	-14.280000	-153.564896	19.909600	0.365487	51.941917	1414.487483	0.000000
166.650000	-14.280000	-153.564896	20.159600	0.388776	51.788509	1419.036003	0.000000
166.650000	-14.280000	-153.564896	20.409600	1.012320	51.636242	1423.707440	1.000000
166.650000	-14.280000	-153.564896	20.659600	1.266417	51.485173	1428.378878	1.000000
166.650000	-14.280000	-153.314896	15.159600	2.033936	55.271184	1340.413623	1.000000
166.650000	-14.280000	-153.314896	15.409600	0.588176	55.095244	1344.080504	1.000000
166.650000	-14.280000	-153.314896	15.659600	0.000984	54.920652	1347.893408	0.000000
166.650000	-14.280000	-153.314896	15.909600	0.207639	54.747228	1351.706312	0.000000
166.650000	-14.280000	-153.314896	16.159600	0.413496	54.575142	1355.519216	0.000000
166.650000	-14.280000	-153.314896	16.409600	-0.271283	54.404214	1359.332120	0.000000
166.650000	-14.280000	-153.314896	16.659600	-2.005455	54.234613	1363.400009	0.000000
166.650000	-14.280000	-153.314896	16.909600	-2.535109	54.066163	1367.691571	0.000000
166.650000	-14.280000	-153.314896	17.159600	-2.330671	53.899027	1371.983132	0.000000
166.650000	-14.280000	-153.314896	17.409600	-2.126805	53.733034	1376.274694	0.000000
166.650000	-14.280000	-153.314896	17.659600	-2.016043	53.568343	1380.566256	0.000000
166.650000	-14.280000	-153.314896	17.909600	-1.891706	53.404787	1384.907469	0.000000
166.650000	-14.280000	-153.314896	18.159600	-1.709719	53.242520	1389.254888	0.000000
166.650000	-14.280000	-153.314896	18.409600	-1.508352	53.081380	1393.602307	0.000000
166.650000	-14.280000	-153.314896	18.659600	-1.307685	52.921517	1397.949726	0.000000
166.650000	-14.280000	-153.314896	18.909600	-1.107559	52.762771	1402.297145	0.000000
166.650000	-14.280000	-153.314896	19.159600	-0.898985	52.605289	1406.644564	0.000000
166.650000	-14.280000	-153.314896	19.409600	-0.172492	52.448917	1410.991983	0.000000
166.650000	-14.280000	-153.314896	19.659600	-0.152246	52.293795	1415.441657	0.000000
166.650000	-14.280000	-153.314896	19.909600	0.180646	52.139775	1420.113095	0.000000
166.650000	-14.280000	-153.314896	20.159600	0.674921	51.986992	1424.784532	0.000000
166.650000	-14.280000	-153.064896	15.159600	2.523663	55.453972	1345.876769	1.000000
166.650000	-14.280000	-153.064896	15.409600	1.829148	55.278903	1349.416672	0.000000
166.650000	-14.280000	-153.064896	15.659600	0.379719	55.105109	1353.121446	0.000000
166.650000	-14.280000	-153.064896	15.909600	0.022338	54.932529	1356.934350	0.000000
166.650000	-14.280000	-153.064896	16.159600	0.227423	54.761214	1360.747254	0.000000
166.650000	-14.280000	-153.064896	16.409600	-0.249394	54.591104	1364.560158	0.000000
166.650000	-14.280000	-153.064896	16.659600	-1.992372	54.422250	1368.567724	0.000000
166.650000	-14.280000	-153.064896	16.909600	-2.723536	54.254590	1372.859286	0.000000
166.650000	-14.280000	-153.064896	17.159600	-2.519821	54.088178	1377.150848	0.000000
166.650000	-14.280000	-153.064896	17.409600	-2.396021	53.922950	1381.442410	0.000000
166.650000	-14.280000	-153.064896	17.659600	-2.223650	53.758959	1385.759388	0.000000
166.650000	-14.280000	-153.064896	17.909600	-2.102992	53.596142	1390.106808	0.000000
166.650000	-14.280000	-153.064896	18.159600	-1.901752	53.434553	1394.454227	0.000000
166.650000	-14.280000	-153.064896	18.409600	-1.701100	53.274128	1398.801646	0.000000
166.650000	-14.280000	-153.064896	18.659600	-1.501089	53.114920	1403.149065	0.000000
166.650000	-14.280000	-153.064896	18.909600	-0.707907	52.956865	1407.496484	0.000000
166.650000	-14.280000	-153.064896	19.159600	-0.690791	52.800018	1411.847311	0.000000
166.650000	-14.280000	-153.064896	19.409600	-0.652724	52.644313	1416.518749	0.000000
166.650000	-14.280000	-152.814896	15.159600	2.342211	55.635423	1351.339915	0.000000
166.650000	-14.280000	-152.814896	15.409600	2.547172	55.461169	1354.879818	0.000000
166.650000	-14.280000	-152.814896	15.659600	1.623064	55.288237	1358.419721	0.000000
166.650000	-14.280000	-152.814896	15.909600	0.170146	55.116446	1362.162388	0.000000
166.650000	-14.280000	-152.814896	16.159600	0.042670	54.945967	1365.975292	0.000000
166.650000	-14.280000	-152.814896	16.409600	-0.225036	54.776622	1369.788196	0.000000
166.650000	-14.280000	-152.814896	16.659600	-1.976892	54.608576	1373.735440	0.000000
166.650000	-14.280000	-152.814896	16.909600	-2.910604	54.441658	1378.027002	0.000000
166.650000	-14.280000	-152.814896	17.159600	-2.711513	54.276028	1382.318564	0.000000
166.650000	-14.280000	-152.814896	17.409600	-2.601672	54.111518	1386.611308	0.000000
166.650000	-14.280000	-152.814896	17.659600	-2.494212	53.948285	1390.958727	0.000000
166.650000	-14.280000	-152.814896	17.909600	-2.293013	53.786163	1395.306146	0.000000
166.650000	-14.280000	-152.814896	18.159600	-2.092506	53.625307	1399.653565	0.000000
166.650000	-14.280000	-152.814896	18.409600	-1.547130	53.465555	1404.000984	0.000000
166.650000	-14.280000	-152.814896	18.659600	-1.226718	53.307056	1408.348403	0.000000
166.650000	-14.280000	-152.814896	18.909600	-1.201708	53.149653	1412.924403	0.000000
166.650000	-14.280000	-152.564896	15.159600	2.162130	55.815505	1356.803061	1.000000
166.650000	-14.280000	-152.564896	15.409600	2.366207	55.642134	1360.342964	0.000000
166.650000	-14.280000	-152.564896	15.659600	2.569550	55.470009	1363.882867	0.000000
166.650000	-14.280000	-152.564896	15.909600	1.415804	55.299075	1367.422770	0.000000
166.650000	-14.280000	-152.564896	16.159600	-0.026386	55.129378	1371.203330	0.000000
166.650000	-14.280000	-152.564896	16.409600	-0.198300	54.960862	1375.016234	1.000000
166.650000	-14.280000	-152.564896	16.659600	-1.958992	54.793576	1378.903156	1.000000
166.650000	-14.280000	-152.564896	16.909600	-3.096406	54.627461	1383.194718	1.000000
166.650000	-14.280000	-152.564896	17.159600	-2.977538	54.462567	1387.486280	1.000000
166.650000	-14.280000	-152.564896	17.409600	-2.809131	54.298834	1391.810647	0.000000
166.650000	-14.280000	-152.564896	17.659600	-2.682241	54.136314	1396.158066	0.000000
166.650000	-14.280000	-152.564896	17.909600	-2.399027	53.974945	1400.505485	0.000000
166.650000	-14.280000	-152.564896	18.159600	-1.759877	53.814780	1404.852904	0.000000
166.650000	-14.280000	-152.314896	15.159600	1.983355	55.994279	1362.266207	1.000000
166.650000	-14.280000	-152.314896	15.409600	2.186608	55.821733	1365.806110	1.000000
166.650000	-14.280000	-152.314896	15.659600	2.389077	55.650482	1369.346012	0.000000
166.650000	-14.280000	-152.314896	15.909600	2.570788	55.480347	1372.885915	0.000000
166.650000	-14.280000	-152.314896	16.159600	1.207293	55.311498	1376.431367	1.000000
166.650000	-14.280000	-152.314896	16.409600	-0.169116	55.143758	1380.244272	1.000000
166.650000	-14.280000	-152.314896	16.659600	-1.814888	54.977292	1384.070872	1.000000
166.650000	-14.280000	-152.314896	16.909600	-3.308730	54.811929	1388.362434	1.000000
166.650000	-14.280000	-152.314896	17.159600	-3.179863	54.647831	1392.662566	1.000000
166.650000	-14.280000	-152.314896	17.409600	-3.069258	54.484828	1397.009985	1.000000
166.650000	-14.280000	-152.314896	17.659600	-2.290133	54.323078	1401.357404	0.000000
166.650000	-14.280000	-152.064896	15.159600	1.805927	56.171708	1367.729352	1.000000
166.650000	-14.280000	-152.064896	15.409600	2.008286	56.000055	1371.269255	1.000000
166.650000	-14.280000	-152.064896	15.659600	2.209937	55.829622	1374.809158	0.000000
166.650000	-14.280000	-152.064896	15.909600	2.410934	55.660354	1378.349061	1.000000
166.650000	-14.280000	-152.064896	16.159600	2.440692	55.492298	1381.888964	1.000000
166.650000	-14.280000	-152.064896	16.409600	0.997646	55.325399	1385.472309	1.000000
166.650000	-14.280000	-152.064896	16.659600	-1.633661	55.159703	1389.285213	1.000000
166.650000	-14.280000	-152.064896	16.909600	-3.400139	54.995156	1393.530150	1.000000
166.650000	-14.280000	-152.064896	17.159600	-2.985407	54.831804	1397.861905	1.000000
166.650000	-14.280000	-151.814896	15.159600	1.629777	56.347858	1373.192498	1.000000
166.650000	-14.280000	-151.814896	15.409600	1.831302	56.177040	1376.732401	1.000000
166.650000	-14.280000	-151.814896	15.659600	2.032069	56.007490	1380.272304	1.000000
166.650000	-14.280000	-151.814896	15.909600	2.232256	55.839032	1383.812207	1.000000
166.650000	-14.280000	-151.814896	16.159600	2.431695	55.671834	1387.352110	1.000000
166.650000	-14.280000	-151.814896	16.409600	2.129915	55.505721	1390.892013	1.000000
166.650000	-14.280000	-151.814896	16.659600	-0.968653	55.340858	1394.513251	1.000000
166.650000	-14.280000	-151.814896	16.909600	-3.954486	55.177074	1398.713824	1.000000
