-155.772995	19.079000	1035.030000	-1.431776
-155.996994	20.771000	991.010000	-1.276788
-156.658005	20.891001	982.029000	-1.375687
-159.664993	22.122999	918.008000	-1.126206
-161.314896	21.956301	904.005000	-2.812461
-161.095001	23.997200	857.999000	1.079430
-158.933105	24.573799	862.992000	0.866190
-155.765305	26.776699	844.997000	2.252821
-152.765793	25.592800	907.987000	NaN
-156.964600	24.312099	893.007000	-1.630775
-158.185394	22.620199	920.008000	-1.378403
-154.251801	21.168699	1002.001000	-1.190135
-151.637604	16.737801	1136.008000	NaN
-157.700806	16.348400	1077.997000	NaN
-158.179504	20.377800	976.993000	-1.102158
-161.314896	21.956301	903.830000	-2.812461
-155.765305	26.776699	845.747000	2.252821
-151.637604	16.737801	1135.633000	NaN
