-155.996994	20.771000	2866.735000	0.881651
-154.983002	19.601000	2895.724000	-0.035332
-155.710999	20.046000	2876.739000	0.690974
-159.401001	21.971001	2776.727000	NaN
-156.658005	20.891001	2849.736000	0.761920
-157.270004	21.108999	2832.756000	0.498427
-155.679398	21.205500	2874.739000	0.435553
-154.994400	21.507000	2892.732000	-0.761389
-153.992294	18.797600	2922.732000	-4.134631
-154.691299	17.180099	2902.737000	-6.479643
-154.797394	18.803101	2901.720000	-2.568197
-155.714996	18.000299	2878.731000	-1.920454
-156.808197	18.404200	2850.730000	0.971262
-156.167007	18.301001	2867.726000	0.612293
-157.227295	18.984800	2838.745000	1.647167
-156.510101	19.477699	2856.726000	1.243992
-156.932007	19.832701	2843.738000	1.213268
-157.627594	20.346100	2823.730000	2.100936
-155.679398	21.205500	2874.414000	0.435553
-156.808197	18.404200	2851.254000	0.971262
-156.932007	19.832701	2844.413000	1.213268
