146.180000	-3.330000	-158.651001	21.430099	0.907805	72.244307	1621.457179	1.000000
146.180000	-3.330000	-158.401001	21.180099	0.677329	72.517442	1625.650844	0.000000
146.180000	-3.330000	-158.401001	21.430099	0.518783	72.377338	1627.752950	0.000000
146.180000	-3.330000	-158.151001	20.680099	1.248610	72.928243	1627.943620	1.000000
146.180000	-3.330000	-158.151001	20.930099	0.457188	72.788192	1629.844509	1.000000
146.180000	-3.330000	-158.151001	21.180099	0.057983	72.648711	1631.946615	1.000000
146.180000	-3.330000	-158.151001	21.430099	0.515844	72.509702	1634.048721	0.000000
146.180000	-3.330000	-157.901001	20.430099	1.039620	73.195867	1632.166221	1.000000
146.180000	-3.330000	-157.901001	20.680099	0.240476	73.056462	1634.038174	1.000000
146.180000	-3.330000	-157.901001	20.930099	-0.238252	72.917611	1636.140280	1.000000
146.180000	-3.330000	-157.901001	21.180099	0.005718	72.779230	1638.242386	1.000000
146.180000	-3.330000	-157.901001	21.430099	0.419754	72.641404	1640.324270	0.000000
146.180000	-3.330000	-157.651001	19.930099	1.111000	73.600279	1634.632265	2.000000
146.180000	-3.330000	-157.651001	20.180099	1.023178	73.461079	1636.388822	2.000000
146.180000	-3.330000	-157.651001	20.430099	0.056028	73.322329	1638.231839	1.000000
146.180000	-3.330000	-157.651001	20.680099	-0.531786	73.184128	1640.333945	2.000000
146.180000	-3.330000	-157.651001	20.930099	-0.367023	73.046382	1642.436051	1.000000
146.180000	-3.330000	-157.651001	21.180099	0.030961	72.909189	1644.538157	1.000000
146.180000	-3.330000	-157.651001	21.430099	0.217466	72.772456	1646.579984	0.000000
146.180000	-3.330000	-157.401001	19.680099	0.569892	73.862288	1638.891351	3.000000
146.180000	-3.330000	-157.401001	19.930099	0.628487	73.723769	1640.735129	2.000000
146.180000	-3.330000	-157.401001	20.180099	0.501016	73.585693	1642.579538	3.000000
146.180000	-3.330000	-157.401001	20.430099	-0.101790	73.448153	1644.550370	3.000000
146.180000	-3.330000	-157.401001	20.680099	-0.570399	73.311062	1646.629716	3.000000
146.180000	-3.330000	-157.401001	20.930099	-0.495152	73.174510	1648.731822	2.000000
146.180000	-3.330000	-157.401001	21.180099	0.008121	73.038414	1650.833928	2.000000
146.180000	-3.330000	-157.401001	21.430099	0.041157	72.902861	1652.835698	1.000000
146.180000	-3.330000	-157.151001	19.430099	0.587381	74.121853	1643.323343	2.000000
146.180000	-3.330000	-157.151001	19.680099	0.660306	73.984029	1645.167120	4.000000
146.180000	-3.330000	-157.151001	19.930099	0.411519	73.846638	1647.010898	3.000000
146.180000	-3.330000	-157.151001	20.180099	0.223010	73.709775	1648.949083	3.000000
146.180000	-3.330000	-157.151001	20.430099	0.122045	73.573349	1650.919916	3.000000
146.180000	-3.330000	-157.151001	20.680099	-0.360476	73.437457	1652.925487	3.000000
146.180000	-3.330000	-157.151001	20.930099	-0.472797	73.302007	1655.027593	2.000000
146.180000	-3.330000	-157.151001	21.180099	-0.015175	73.167096	1657.091043	2.000000
146.180000	-3.330000	-157.151001	21.430099	-0.284906	73.032631	1659.091413	1.000000
146.180000	-3.330000	-156.901001	18.930099	-1.226533	74.516494	1645.988669	3.000000
146.180000	-3.330000	-156.901001	19.180099	0.060780	74.378864	1648.007184	4.000000
146.180000	-3.330000	-156.901001	19.430099	1.416977	74.241751	1649.786805	3.000000
146.180000	-3.330000	-156.901001	19.680099	1.329702	74.105058	1651.535139	3.000000
146.180000	-3.330000	-156.901001	19.930099	0.515050	73.968886	1653.348706	4.000000
146.180000	-3.330000	-156.901001	20.180099	0.012046	73.833142	1655.318629	4.000000
146.180000	-3.330000	-156.901001	20.430099	0.156265	73.697922	1657.289461	2.000000
146.180000	-3.330000	-156.901001	20.680099	-0.095941	73.563136	1659.260294	2.000000
146.180000	-3.330000	-156.901001	20.930099	-0.313852	73.428877	1661.323364	2.000000
146.180000	-3.330000	-156.901001	21.180099	0.011888	73.295059	1663.346757	1.000000
146.180000	-3.330000	-156.901001	21.430099	-0.582727	73.161771	1665.347127	1.000000
146.180000	-3.330000	-156.651001	18.680099	-2.190554	74.770313	1650.276281	4.000000
146.180000	-3.330000	-156.651001	18.930099	-1.798837	74.633418	1652.344777	4.000000
146.180000	-3.330000	-156.651001	19.180099	-1.150848	74.497024	1654.371328	4.000000
146.180000	-3.330000	-156.651001	19.430099	0.531362	74.361047	1656.336634	3.000000
146.180000	-3.330000	-156.651001	19.680099	1.670410	74.225577	1658.074814	4.000000
146.180000	-3.330000	-156.651001	19.930099	1.117880	74.090528	1659.822693	4.000000
146.180000	-3.330000	-156.651001	20.180099	0.340887	73.955992	1661.718169	4.000000
146.180000	-3.330000	-156.651001	20.430099	0.157983	73.821882	1663.678840	4.000000
146.180000	-3.330000	-156.651001	20.680099	0.296929	73.688291	1665.639511	3.000000
146.180000	-3.330000	-156.651001	20.930099	0.061364	73.555130	1667.602102	3.000000
146.180000	-3.330000	-156.651001	21.180099	-0.123083	73.422493	1669.602472	3.000000
146.180000	-3.330000	-156.651001	21.430099	-0.843689	73.290290	1671.627788	2.000000
146.180000	-3.330000	-156.401001	18.430099	-4.159630	75.021555	1654.391937	3.000000
146.180000	-3.330000	-156.401001	18.680099	-2.364505	74.885400	1656.460433	3.000000
146.180000	-3.330000	-156.401001	18.930099	-2.199892	74.749745	1658.528930	3.000000
146.180000	-3.330000	-156.401001	19.180099	-2.101632	74.614491	1660.611047	3.000000
146.180000	-3.330000	-156.401001	19.430099	-0.946436	74.479741	1662.724013	3.000000
146.180000	-3.330000	-156.401001	19.680099	1.051587	74.345398	1664.599169	3.000000
146.180000	-3.330000	-156.401001	19.930099	1.242335	74.211564	1666.320091	3.000000
146.180000	-3.330000	-156.401001	20.180099	0.672786	74.078143	1668.192467	4.000000
146.180000	-3.330000	-156.401001	20.430099	0.387996	73.945234	1670.087633	4.000000
146.180000	-3.330000	-156.401001	20.680099	0.585586	73.812745	1672.048304	4.000000
146.180000	-3.330000	-156.401001	20.930099	0.630492	73.680771	1673.913268	3.000000
146.180000	-3.330000	-156.401001	21.180099	-0.235646	73.549223	1675.858186	3.000000
146.180000	-3.330000	-156.151001	18.430099	-4.098429	75.134914	1660.608818	1.000000
146.180000	-3.330000	-156.151001	18.680099	-2.628881	75.000003	1662.721783	2.000000
146.180000	-3.330000	-156.151001	18.930099	-2.411696	74.865492	1664.834749	2.000000
146.180000	-3.330000	-156.151001	19.180099	-2.212818	74.731468	1666.947715	3.000000
146.180000	-3.330000	-156.151001	19.430099	-1.655584	74.597849	1669.060681	2.000000
146.180000	-3.330000	-156.151001	19.680099	0.016231	74.464724	1671.071149	3.000000
146.180000	-3.330000	-156.151001	19.930099	1.052370	74.332008	1672.841584	2.000000
146.180000	-3.330000	-156.151001	20.180099	0.757795	74.199791	1674.689864	4.000000
146.180000	-3.330000	-156.151001	20.430099	0.707941	74.067988	1676.562241	4.000000
146.180000	-3.330000	-156.151001	20.680099	0.918541	73.936690	1678.457096	3.000000
146.180000	-3.330000	-156.151001	20.930099	1.159726	73.805810	1680.271408	3.000000
146.180000	-3.330000	-156.151001	21.180099	-0.163441	73.675440	1682.113900	3.000000
146.180000	-3.330000	-155.901001	18.180099	-6.918949	75.381842	1664.372846	1.000000
146.180000	-3.330000	-155.901001	18.430099	-5.146610	75.247696	1666.849527	1.000000
146.180000	-3.330000	-155.901001	18.680099	-3.164523	75.113932	1669.058451	2.000000
146.180000	-3.330000	-155.901001	18.930099	-2.486762	74.980655	1671.171417	2.000000
146.180000	-3.330000	-155.901001	19.180099	-2.329117	74.847766	1673.284383	3.000000
146.180000	-3.330000	-155.901001	19.430099	-1.819586	74.715370	1675.397349	2.000000
146.180000	-3.330000	-155.901001	19.680099	-0.982479	74.583367	1677.419748	4.000000
146.180000	-3.330000	-155.901001	19.930099	0.185997	74.451861	1679.365939	4.000000
146.180000	-3.330000	-155.901001	20.180099	0.692868	74.320755	1681.187262	3.000000
146.180000	-3.330000	-155.901001	20.430099	0.767288	74.190148	1683.059638	3.000000
146.180000	-3.330000	-155.901001	20.680099	1.212269	74.059949	1684.869496	3.000000
146.180000	-3.330000	-155.901001	20.930099	1.582344	73.930252	1686.629548	3.000000
146.180000	-3.330000	-155.901001	21.180099	-0.017193	73.800968	1688.369614	2.000000
146.180000	-3.330000	-155.651001	18.180099	-6.456017	75.492913	1670.372018	1.000000
146.180000	-3.330000	-155.651001	18.430099	-6.571497	75.359918	1672.889497	2.000000
146.180000	-3.330000	-155.651001	18.680099	-4.660637	75.227391	1675.284740	2.000000
146.180000	-3.330000	-155.651001	18.930099	-3.196443	75.095253	1677.508085	4.000000
146.180000	-3.330000	-155.651001	19.180099	-2.444939	74.963589	1679.621051	3.000000
146.180000	-3.330000	-155.651001	19.430099	-1.982993	74.832319	1681.734017	2.000000
146.180000	-3.330000	-155.651001	19.680099	-1.221527	74.701529	1683.768348	3.000000
146.180000	-3.330000	-155.651001	19.930099	-0.533538	74.571137	1685.733541	3.000000
146.180000	-3.330000	-155.651001	20.180099	0.628655	74.441230	1687.641029	3.000000
146.180000	-3.330000	-155.651001	20.430099	1.345032	74.311726	1689.401960	2.000000
146.180000	-3.330000	-155.651001	20.680099	1.444290	74.182713	1691.162891	2.000000
146.180000	-3.330000	-155.651001	20.930099	1.596662	74.054107	1692.923822	3.000000
146.180000	-3.330000	-155.651001	21.180099	0.169192	73.925996	1694.684752	3.000000
146.180000	-3.330000	-155.401001	17.930099	-6.178723	75.735555	1674.050268	2.000000
146.180000	-3.330000	-155.401001	18.180099	-6.446807	75.603329	1676.371190	2.000000
146.180000	-3.330000	-155.401001	18.430099	-7.489594	75.471576	1678.858455	3.000000
146.180000	-3.330000	-155.401001	18.680099	-5.790896	75.340190	1681.459782	3.000000
146.180000	-3.330000	-155.401001	18.930099	-4.165895	75.209282	1683.719952	3.000000
146.180000	-3.330000	-155.401001	19.180099	-3.230133	75.078748	1685.957719	3.000000
146.180000	-3.330000	-155.401001	19.430099	-2.145803	74.948695	1688.070685	3.000000
146.180000	-3.330000	-155.401001	19.680099	-1.432822	74.819023	1690.116947	2.000000
146.180000	-3.330000	-155.401001	19.930099	-1.077678	74.689836	1692.094239	2.000000
146.180000	-3.330000	-155.401001	20.180099	-0.374498	74.561036	1694.100535	3.000000
146.180000	-3.330000	-155.401001	20.430099	0.999357	74.432723	1695.966650	3.000000
146.180000	-3.330000	-155.401001	20.680099	1.607247	74.304805	1697.727581	3.000000
146.180000	-3.330000	-155.401001	20.930099	1.779635	74.177378	1699.488512	3.000000
146.180000	-3.330000	-155.401001	21.180099	1.295696	74.050350	1701.243563	4.000000
146.180000	-3.330000	-155.151001	17.930099	-6.052147	75.844278	1680.049440	2.000000
146.180000	-3.330000	-155.151001	18.180099	-6.436958	75.713296	1682.370362	2.000000
146.180000	-3.330000	-155.151001	18.430099	-8.285590	75.582687	1684.827414	3.000000
146.180000	-3.330000	-155.151001	18.680099	-6.997829	75.452534	1687.634825	2.000000
146.180000	-3.330000	-155.151001	18.930099	-4.419681	75.322759	1689.894995	2.000000
146.180000	-3.330000	-155.151001	19.180099	-4.200439	75.193445	1692.155165	2.000000
146.180000	-3.330000	-155.151001	19.430099	-3.148348	75.064514	1694.407353	3.000000
146.180000	-3.330000	-155.151001	19.680099	-1.780537	74.936049	1696.465546	2.000000
146.180000	-3.330000	-155.151001	19.930099	-1.277645	74.807972	1698.467963	2.000000
146.180000	-3.330000	-155.151001	20.180099	-1.140295	74.680367	1700.474259	3.000000
146.180000	-3.330000	-155.151001	20.430099	-0.068836	74.553153	1702.480555	4.000000
146.180000	-3.330000	-155.151001	20.680099	1.290742	74.426417	1704.292271	3.000000
146.180000	-3.330000	-155.151001	20.930099	1.700614	74.300077	1706.053202	3.000000
146.180000	-3.330000	-155.151001	21.180099	2.082769	74.174219	1707.796870	4.000000
146.180000	-3.330000	-154.901001	17.680099	-6.316549	76.082638	1683.727690	2.000000
146.180000	-3.330000	-154.901001	17.930099	-6.160325	75.952455	1686.048612	2.000000
146.180000	-3.330000	-154.901001	18.180099	-6.426277	75.822621	1688.369533	2.000000
146.180000	-3.330000	-154.901001	18.430099	-8.336821	75.693249	1690.796372	2.000000
146.180000	-3.330000	-154.901001	18.680099	-8.325805	75.564232	1693.618692	3.000000
146.180000	-3.330000	-154.901001	18.930099	-5.727295	75.435681	1696.070038	2.000000
146.180000	-3.330000	-154.901001	19.180099	-4.673326	75.307492	1698.330208	2.000000
146.180000	-3.330000	-154.901001	19.430099	-4.414936	75.179773	1700.519144	2.000000
146.180000	-3.330000	-154.901001	19.680099	-3.490312	75.052422	1702.745280	4.000000
146.180000	-3.330000	-154.901001	19.930099	-2.219575	74.925545	1704.841687	3.000000
146.180000	-3.330000	-154.901001	20.180099	-1.519289	74.799042	1706.847982	3.000000
146.180000	-3.330000	-154.901001	20.430099	-1.167625	74.673016	1708.854278	2.000000
146.180000	-3.330000	-154.901001	20.680099	0.232671	74.547371	1710.856962	3.000000
146.180000	-3.330000	-154.901001	20.930099	1.622180	74.422205	1712.617892	2.000000
146.180000	-3.330000	-154.651001	17.680099	-6.805890	76.189139	1689.726862	2.000000
146.180000	-3.330000	-154.651001	17.930099	-6.575473	76.060106	1692.047783	3.000000
146.180000	-3.330000	-154.651001	18.180099	-6.652102	75.931510	1694.368705	3.000000
146.180000	-3.330000	-154.651001	18.430099	-8.277855	75.803277	1696.765331	3.000000
146.180000	-3.330000	-154.651001	18.680099	-8.476334	75.675487	1699.541848	3.000000
146.180000	-3.330000	-154.651001	18.930099	-5.929583	75.548065	1701.948424	3.000000
146.180000	-3.330000	-154.651001	19.180099	-5.145778	75.421091	1704.110535	3.000000
146.180000	-3.330000	-154.651001	19.430099	-5.466451	75.294489	1706.340073	4.000000
146.180000	-3.330000	-154.651001	19.680099	-4.952250	75.168340	1708.673614	2.000000
146.180000	-3.330000	-154.651001	19.930099	-3.859002	75.042569	1710.855871	2.000000
146.180000	-3.330000	-154.651001	20.180099	-3.384784	74.917257	1713.011793	3.000000
146.180000	-3.330000	-154.651001	20.430099	-2.668698	74.792325	1715.167714	3.000000
146.180000	-3.330000	-154.651001	20.680099	-1.493019	74.667858	1717.234298	3.000000
146.180000	-3.330000	-154.401001	17.930099	-7.528914	76.167226	1697.851164	3.000000
146.180000	-3.330000	-154.401001	18.180099	-7.507087	76.039772	1700.218053	3.000000
146.180000	-3.330000	-154.401001	18.430099	-8.211084	75.912770	1702.659765	4.000000
146.180000	-3.330000	-154.401001	18.680099	-8.317345	75.786111	1705.298772	4.000000
146.180000	-3.330000	-154.401001	18.930099	-6.370171	75.659907	1707.701925	3.000000
146.180000	-3.330000	-154.401001	19.180099	-5.653605	75.534053	1709.899052	4.000000
146.180000	-3.330000	-154.401001	19.430099	-5.887488	75.408659	1712.232593	4.000000
146.180000	-3.330000	-154.401001	19.680099	-5.374298	75.283620	1714.566135	3.000000
146.180000	-3.330000	-154.401001	19.930099	-4.314054	75.159043	1716.810541	2.000000
146.180000	-3.330000	-154.401001	20.180099	-3.804132	75.034829	1718.966463	3.000000
146.180000	-3.330000	-154.151001	18.180099	-7.960634	76.147611	1705.986095	3.000000
146.180000	-3.330000	-154.151001	18.430099	-8.125396	76.021743	1708.519004	4.000000
146.180000	-3.330000	-154.151001	18.680099	-7.654344	75.896305	1711.055696	4.000000
146.180000	-3.330000	-154.151001	18.930099	-6.672050	75.771225	1713.458031	2.000000
146.180000	-3.330000	-154.151001	19.180099	-6.054251	75.646581	1715.791572	4.000000
146.180000	-3.330000	-154.151001	19.430099	-5.931776	75.522298	1718.125114	4.000000
146.180000	-3.330000	-154.151001	19.680099	-5.701028	75.398457	1720.458656	3.000000
146.180000	-3.330000	-154.151001	19.930099	-4.725727	75.274983	1722.765211	2.000000
146.180000	-3.330000	-153.901001	18.430099	-7.643567	76.130193	1714.502169	3.000000
146.180000	-3.330000	-153.901001	18.680099	-7.096846	76.005881	1717.021614	3.000000
146.180000	-3.330000	-153.901001	18.930099	-6.125744	75.882014	1719.432690	2.000000
146.180000	-3.330000	-153.901001	19.180099	-5.621851	75.758486	1721.746995	3.000000
146.180000	-3.330000	-153.901001	19.430099	-5.499917	75.635405	1724.061299	3.000000
146.180000	-3.330000	-153.651001	18.680099	-6.781816	76.115040	1723.166014	3.000000
146.180000	-3.330000	-153.651001	18.930099	-5.981026	75.992292	1725.578063	2.000000
