-153.292099	20.892599	1519.970000	-3.857360
-155.996994	20.771000	1474.521000	-0.099374
-154.983002	19.601000	1465.515000	-2.449360
-155.710999	20.046000	1462.524000	0.389088
-159.401001	21.971001	1444.527000	NaN
-156.658005	20.891001	1465.518000	0.854359
-157.270004	21.108999	1459.540000	1.780028
-154.617798	20.088900	1482.424000	-2.853306
-154.994400	21.507000	1506.845000	-2.081686
-154.482803	21.001900	1505.508000	-4.408072
-153.292099	20.892599	1520.519000	-3.857360
-153.992294	18.797600	1464.366000	-3.402688
-153.295898	18.800900	1475.763000	-3.380813
-152.132401	18.481400	1489.660000	-3.478418
-153.700806	17.297501	1434.853000	-4.384311
-154.691299	17.180099	1415.521000	-4.893357
-154.030502	17.988400	1445.272000	-3.381531
-154.495895	18.401699	1446.551000	-4.787632
-156.808197	18.404200	1409.035000	1.126871
-156.465103	18.775000	1425.141000	1.773383
-157.227295	18.984800	1413.526000	3.434423
-156.510101	19.477699	1438.764000	1.551919
-156.932007	19.832701	1437.193000	1.680895
-157.627594	20.346100	1436.818000	2.259528
