-172.730000	-15.220000	-158.901001	21.750299	2.912348	21.317063	1073.613265	1.000000
-172.730000	-15.220000	-158.651001	21.500299	4.033907	21.785405	1069.795065	1.000000
-172.730000	-15.220000	-158.651001	21.750299	1.909999	21.672521	1076.277452	1.000000
-172.730000	-15.220000	-158.401001	21.250299	2.826826	22.256634	1065.976864	0.000000
-172.730000	-15.220000	-158.401001	21.500299	3.802831	22.140758	1072.781126	0.000000
-172.730000	-15.220000	-158.151001	21.000299	2.154062	22.730688	1062.158664	2.000000
-172.730000	-15.220000	-158.151001	21.250299	2.824777	22.611950	1068.962925	1.000000
-172.730000	-15.220000	-157.901001	20.750299	1.477079	23.207551	1058.340463	2.000000
-172.730000	-15.220000	-157.901001	21.000299	2.091242	23.085784	1065.144725	2.000000
-172.730000	-15.220000	-157.901001	21.250299	3.136225	22.965753	1071.948986	1.000000
-172.730000	-15.220000	-157.651001	20.500299	0.486559	23.687183	1054.522262	2.000000
-172.730000	-15.220000	-157.651001	20.750299	1.506498	23.562506	1061.326524	2.000000
-172.730000	-15.220000	-157.651001	21.000299	1.737564	23.439462	1068.130786	2.000000
-172.730000	-15.220000	-157.651001	21.250299	2.139391	23.318015	1074.935047	1.000000
-172.730000	-15.220000	-157.401001	20.250299	0.624190	24.169535	1050.810689	2.000000
-172.730000	-15.220000	-157.401001	20.500299	0.904179	24.041796	1057.428029	2.000000
-172.730000	-15.220000	-157.401001	20.750299	0.543460	23.915858	1064.293263	2.000000
-172.730000	-15.220000	-157.401001	21.000299	1.589474	23.791421	1071.116847	3.000000
-172.730000	-15.220000	-157.401001	21.250299	0.889049	23.668734	1077.577304	2.000000
-172.730000	-15.220000	-157.151001	20.000299	0.947994	24.654589	1047.281898	1.000000
-172.730000	-15.220000	-157.151001	20.250299	1.335309	24.523898	1053.788576	2.000000
-172.730000	-15.220000	-157.151001	20.500299	1.085376	24.394917	1060.396644	3.000000
-172.730000	-15.220000	-157.151001	20.750299	-0.093967	24.267602	1067.149244	3.000000
-172.730000	-15.220000	-157.151001	21.000299	0.912826	24.141942	1074.014477	3.000000
-172.730000	-15.220000	-157.151001	21.250299	0.878879	24.017896	1080.169668	2.000000
-172.730000	-15.220000	-156.901001	19.750299	0.790073	25.142265	1043.753107	1.000000
-172.730000	-15.220000	-156.901001	20.000299	0.945623	25.008484	1050.259785	2.000000
-172.730000	-15.220000	-156.901001	20.250299	1.018243	24.876569	1056.774425	2.000000
-172.730000	-15.220000	-156.901001	20.500299	1.044944	24.746235	1063.391877	3.000000
-172.730000	-15.220000	-156.901001	20.750299	0.415692	24.617715	1070.009328	3.000000
-172.730000	-15.220000	-156.901001	21.000299	-0.245624	24.490721	1076.799243	3.000000
-172.730000	-15.220000	-156.651001	19.250299	-0.856106	25.771130	1033.717638	1.000000
-172.730000	-15.220000	-156.651001	19.500299	0.264729	25.632567	1040.224316	1.000000
-172.730000	-15.220000	-156.651001	19.750299	0.436544	25.495795	1046.730994	2.000000
-172.730000	-15.220000	-156.651001	20.000299	0.563295	25.360811	1053.237673	2.000000
-172.730000	-15.220000	-156.651001	20.250299	0.672824	25.227561	1059.769658	2.000000
-172.730000	-15.220000	-156.651001	20.500299	0.695137	25.096042	1066.387109	3.000000
-172.730000	-15.220000	-156.651001	20.750299	0.627670	24.966204	1073.004560	2.000000
-172.730000	-15.220000	-156.651001	21.000299	-0.751238	24.838041	1079.376356	3.000000
-172.730000	-15.220000	-156.401001	19.000299	0.584382	26.266989	1030.188847	2.000000
-172.730000	-15.220000	-156.401001	19.250299	-0.042665	26.125381	1036.695525	2.000000
-172.730000	-15.220000	-156.401001	19.500299	-0.088201	25.985497	1043.202203	3.000000
-172.730000	-15.220000	-156.401001	19.750299	0.084795	25.847544	1049.708882	3.000000
-172.730000	-15.220000	-156.401001	20.000299	0.182917	25.711253	1056.215560	2.000000
-172.730000	-15.220000	-156.401001	20.250299	0.293883	25.576838	1062.764890	2.000000
-172.730000	-15.220000	-156.401001	20.500299	0.187612	25.444028	1069.382341	3.000000
-172.730000	-15.220000	-156.401001	20.750299	-0.704528	25.313039	1075.827444	3.000000
-172.730000	-15.220000	-156.401001	21.000299	-0.736049	25.183602	1081.953470	3.000000
-172.730000	-15.220000	-156.151001	18.750299	-0.293748	26.765501	1026.871771	3.000000
-172.730000	-15.220000	-156.151001	19.000299	2.180266	26.620734	1033.494738	2.000000
-172.730000	-15.220000	-156.151001	19.250299	1.896867	26.477827	1039.731767	3.000000
-172.730000	-15.220000	-156.151001	19.500299	0.576305	26.336785	1046.180091	3.000000
-172.730000	-15.220000	-156.151001	19.750299	-0.265207	26.197546	1052.686769	2.000000
-172.730000	-15.220000	-156.151001	20.000299	-0.195813	26.060111	1059.193447	2.000000
-172.730000	-15.220000	-156.151001	20.250299	-0.132902	25.924424	1065.760122	2.000000
-172.730000	-15.220000	-156.151001	20.500299	-1.106696	25.790484	1072.257596	3.000000
-172.730000	-15.220000	-156.151001	20.750299	-1.586009	25.658238	1078.388844	3.000000
-172.730000	-15.220000	-156.151001	21.000299	-1.201037	25.527685	1084.520092	2.000000
-172.730000	-15.220000	-155.901001	18.500299	-1.192744	27.266321	1023.213435	3.000000
-172.730000	-15.220000	-155.901001	18.750299	-1.014149	27.118481	1030.043607	3.000000
-172.730000	-15.220000	-155.901001	19.000299	0.841680	26.972446	1036.873779	2.000000
-172.730000	-15.220000	-155.901001	19.250299	3.360111	26.828405	1043.164133	3.000000
-172.730000	-15.220000	-155.901001	19.500299	2.813732	26.686107	1049.401162	3.000000
-172.730000	-15.220000	-155.901001	19.750299	1.470040	26.545745	1055.664657	2.000000
-172.730000	-15.220000	-155.901001	20.000299	0.173370	26.407068	1062.171335	2.000000
-172.730000	-15.220000	-155.901001	20.250299	-0.731968	26.270271	1068.687747	3.000000
-172.730000	-15.220000	-155.901001	20.500299	-1.444414	26.135102	1074.818995	3.000000
-172.730000	-15.220000	-155.901001	20.750299	-1.368534	26.001760	1080.950244	3.000000
-172.730000	-15.220000	-155.901001	21.000299	-1.149673	25.869992	1087.081492	3.000000
-172.730000	-15.220000	-155.651001	18.500299	-1.589694	27.618668	1026.380490	3.000000
-172.730000	-15.220000	-155.651001	18.750299	-1.409898	27.469584	1033.209955	3.000000
-172.730000	-15.220000	-155.651001	19.000299	-0.833715	27.322441	1040.039420	4.000000
-172.730000	-15.220000	-155.651001	19.250299	2.048321	27.177167	1046.612040	4.000000
-172.730000	-15.220000	-155.651001	19.500299	3.427150	27.033772	1052.846825	3.000000
-172.730000	-15.220000	-155.651001	19.750299	3.503537	26.892188	1059.081610	3.000000
-172.730000	-15.220000	-155.651001	20.000299	2.654157	26.752425	1065.316396	3.000000
-172.730000	-15.220000	-155.651001	20.250299	1.522981	26.614418	1071.429608	3.000000
-172.730000	-15.220000	-155.651001	20.500299	1.618799	26.478175	1077.538266	2.000000
-172.730000	-15.220000	-155.651001	20.750299	0.669771	26.343636	1083.646924	2.000000
-172.730000	-15.220000	-155.401001	18.500299	-2.267638	27.968900	1029.539177	3.000000
-172.730000	-15.220000	-155.401001	18.750299	-1.770777	27.818732	1036.368642	3.000000
-172.730000	-15.220000	-155.401001	19.000299	-1.564866	27.670390	1043.188640	3.000000
-172.730000	-15.220000	-155.401001	19.250299	-0.025871	27.524042	1049.928798	4.000000
-172.730000	-15.220000	-155.401001	19.500299	2.859833	27.379457	1056.314187	4.000000
-172.730000	-15.220000	-155.401001	19.750299	3.402887	27.236810	1062.548973	3.000000
-172.730000	-15.220000	-155.401001	20.000299	3.314287	27.095867	1068.711215	3.000000
-172.730000	-15.220000	-155.401001	20.250299	2.262771	26.956807	1074.819873	3.000000
-172.730000	-15.220000	-155.401001	20.500299	1.597546	26.819395	1080.928531	3.000000
-172.730000	-15.220000	-155.151001	18.750299	-2.076154	28.165998	1039.527328	3.000000
-172.730000	-15.220000	-155.151001	19.000299	-1.925847	28.016609	1046.322071	3.000000
-172.730000	-15.220000	-155.151001	19.250299	-1.620288	27.869094	1053.062228	4.000000
-172.730000	-15.220000	-155.151001	19.500299	0.369154	27.723471	1059.781550	4.000000
-172.730000	-15.220000	-155.151001	19.750299	1.190086	27.579666	1065.992822	3.000000
-172.730000	-15.220000	-155.151001	20.000299	0.691186	27.437694	1072.084253	2.000000
-172.730000	-15.220000	-155.151001	20.250299	0.105946	27.297487	1077.840733	2.000000
-172.730000	-15.220000	-155.151001	20.500299	-1.211057	27.159056	1083.597212	3.000000
-172.730000	-15.220000	-154.901001	19.000299	-3.611546	28.360771	1049.455501	2.000000
-172.730000	-15.220000	-154.901001	19.250299	-3.624381	28.212243	1056.194830	3.000000
-172.730000	-15.220000	-154.901001	19.500299	-2.704167	28.065495	1062.820433	3.000000
-172.730000	-15.220000	-154.901001	19.750299	-1.687084	27.920685	1068.906617	3.000000
-172.730000	-15.220000	-154.901001	20.000299	-2.288522	27.777596	1074.663096	2.000000
-172.730000	-15.220000	-154.901001	20.250299	-2.111713	27.636392	1080.419575	1.000000
-172.730000	-15.220000	-154.651001	19.000299	-7.424708	28.703192	1052.210208	2.000000
-172.730000	-15.220000	-154.651001	19.250299	-5.663635	28.553563	1058.835812	2.000000
-172.730000	-15.220000	-154.651001	19.500299	-4.514076	28.405836	1065.461416	2.000000
-172.730000	-15.220000	-154.651001	19.750299	-3.313065	28.259932	1071.485460	1.000000
-172.730000	-15.220000	-154.651001	20.000299	-2.626797	28.115871	1077.241939	2.000000
-172.730000	-15.220000	-154.401001	19.250299	-6.189084	28.892967	1061.476794	3.000000
-172.730000	-15.220000	-154.401001	19.500299	-4.747764	28.744178	1068.102398	3.000000
-172.730000	-15.220000	-154.401001	19.750299	-3.534379	28.597326	1074.064302	2.000000
-172.730000	-15.220000	-154.151001	19.500299	-4.978893	29.080828	1070.743380	3.000000
-172.730000	-15.220000	-154.151001	19.750299	-3.752903	28.932945	1076.643145	2.000000
-172.730000	-15.220000	-153.901001	19.500299	-5.652075	29.415474	1073.384363	1.000000
