-126.420000	41.150000	-157.127594	19.680099	-1.365073	223.757539	926.044350	4.000000
-126.420000	41.150000	-157.127594	19.930099	-1.340003	224.017613	920.687841	3.000000
-126.420000	41.150000	-157.127594	20.180099	-1.579013	224.280543	915.556526	3.000000
-126.420000	41.150000	-157.127594	20.430099	-2.028679	224.546686	910.477296	3.000000
-126.420000	41.150000	-156.877594	18.930099	1.010431	222.822036	937.371219	3.000000
-126.420000	41.150000	-156.877594	19.180099	-0.131881	223.073862	932.207104	4.000000
-126.420000	41.150000	-156.877594	19.430099	-1.503249	223.328707	926.855441	4.000000
-126.420000	41.150000	-156.877594	19.680099	-1.639680	223.586447	921.462568	3.000000
-126.420000	41.150000	-156.877594	19.930099	-1.740902	223.847279	916.223409	4.000000
-126.420000	41.150000	-156.877594	20.180099	-1.521867	224.111074	911.134474	4.000000
-126.420000	41.150000	-156.877594	20.430099	-1.645526	224.378033	906.055244	2.000000
-126.420000	41.150000	-156.877594	20.680099	-3.371331	224.648024	900.976015	2.000000
-126.420000	41.150000	-156.627594	18.680099	1.915900	222.396699	937.838285	4.000000
-126.420000	41.150000	-156.627594	18.930099	1.093081	222.646398	932.691714	4.000000
-126.420000	41.150000	-156.627594	19.180099	0.738078	222.898886	927.527599	4.000000
-126.420000	41.150000	-156.627594	19.430099	-0.438546	223.154489	922.333152	4.000000
-126.420000	41.150000	-156.627594	19.680099	-1.619060	223.412946	917.047242	3.000000
-126.420000	41.150000	-156.627594	19.930099	-1.911953	223.674596	911.912639	3.000000
-126.420000	41.150000	-156.627594	20.180099	-1.886476	223.939165	906.783713	4.000000
-126.420000	41.150000	-156.627594	20.430099	-1.866128	224.207007	901.682967	4.000000
-126.420000	41.150000	-156.627594	20.680099	-2.405941	224.477832	896.582222	3.000000
-126.420000	41.150000	-156.377594	18.430099	2.527872	221.970873	938.076227	4.000000
-126.420000	41.150000	-156.377594	18.680099	2.647205	222.218189	933.082029	4.000000
-126.420000	41.150000	-156.377594	18.930099	1.364570	222.468507	928.038152	4.000000
-126.420000	41.150000	-156.377594	19.180099	0.850326	222.721706	922.878299	3.000000
-126.420000	41.150000	-156.377594	19.430099	0.628812	222.977983	917.730135	3.000000
-126.420000	41.150000	-156.377594	19.680099	-0.189399	223.237210	912.691667	3.000000
-126.420000	41.150000	-156.377594	19.930099	-0.986967	223.499590	907.607665	3.000000
-126.420000	41.150000	-156.377594	20.180099	-1.626877	223.764992	902.473062	3.000000
-126.420000	41.150000	-156.377594	20.430099	-1.959689	224.033623	897.344016	3.000000
-126.420000	41.150000	-156.377594	20.680099	-2.799510	224.305347	892.243271	3.000000
-126.420000	41.150000	-156.127594	18.430099	4.683019	221.789387	933.315983	4.000000
-126.420000	41.150000	-156.127594	18.680099	3.370249	222.037281	928.373576	4.000000
-126.420000	41.150000	-156.127594	18.930099	1.964865	222.288267	923.425209	3.000000
-126.420000	41.150000	-156.127594	19.180099	1.033114	222.542097	918.265356	3.000000
-126.420000	41.150000	-156.127594	19.430099	0.817914	222.799098	913.182849	3.000000
-126.420000	41.150000	-156.127594	19.680099	0.727155	223.059012	908.144381	3.000000
-126.420000	41.150000	-156.127594	19.930099	0.362444	223.322178	903.105913	3.000000
-126.420000	41.150000	-156.127594	20.180099	-0.175600	223.588324	898.067445	3.000000
-126.420000	41.150000	-156.127594	20.430099	-0.945244	223.857807	893.028977	3.000000
-126.420000	41.150000	-156.127594	20.680099	-3.004803	224.130336	887.904320	2.000000
-126.420000	41.150000	-155.877594	18.180099	1.903903	221.359993	933.236502	3.000000
-126.420000	41.150000	-155.877594	18.430099	4.418745	221.605644	928.407270	4.000000
-126.420000	41.150000	-155.877594	18.680099	3.663642	221.854159	923.578039	4.000000
-126.420000	41.150000	-155.877594	18.930099	2.314852	222.105731	918.722716	4.000000
-126.420000	41.150000	-155.877594	19.180099	1.307820	222.360238	913.674030	3.000000
-126.420000	41.150000	-155.877594	19.430099	1.056180	222.617881	908.635562	3.000000
-126.420000	41.150000	-155.877594	19.680099	0.830752	222.878531	903.597094	2.000000
-126.420000	41.150000	-155.877594	19.930099	0.610689	223.142396	898.559532	3.000000
-126.420000	41.150000	-155.877594	20.180099	0.385590	223.409342	893.524773	2.000000
-126.420000	41.150000	-155.877594	20.430099	0.149844	223.679583	888.490014	2.000000
-126.420000	41.150000	-155.877594	20.680099	-1.456941	223.952980	883.455255	2.000000
-126.420000	41.150000	-155.877594	20.930099	-3.638141	224.229753	877.648165	3.000000
-126.420000	41.150000	-155.627594	18.180099	2.539552	221.173304	928.606650	2.000000
-126.420000	41.150000	-155.627594	18.430099	2.482145	221.419531	923.819249	3.000000
-126.420000	41.150000	-155.627594	18.680099	2.137712	221.668590	919.031848	3.000000
-126.420000	41.150000	-155.627594	18.930099	0.862396	221.920793	914.244446	3.000000
-126.420000	41.150000	-155.627594	19.180099	0.414444	222.175898	909.171103	3.000000
-126.420000	41.150000	-155.627594	19.430099	1.097023	222.434230	904.109779	2.000000
-126.420000	41.150000	-155.627594	19.680099	0.943715	222.695534	899.075021	1.000000
-126.420000	41.150000	-155.627594	19.930099	0.715188	222.960150	894.040262	3.000000
-126.420000	41.150000	-155.627594	20.180099	0.493115	223.227809	889.005503	2.000000
-126.420000	41.150000	-155.627594	20.430099	-0.640068	223.498867	883.970744	1.000000
-126.420000	41.150000	-155.627594	20.680099	-0.887675	223.773039	878.611012	1.000000
-126.420000	41.150000	-155.377594	17.930099	-0.430966	220.740698	929.365966	2.000000
-126.420000	41.150000	-155.377594	18.180099	0.650671	220.984392	924.492454	3.000000
-126.420000	41.150000	-155.377594	18.430099	0.996837	221.231119	919.665308	3.000000
-126.420000	41.150000	-155.377594	18.680099	1.006794	221.480762	914.877906	3.000000
-126.420000	41.150000	-155.377594	18.930099	-0.218904	221.733517	910.090505	3.000000
-126.420000	41.150000	-155.377594	19.180099	-1.083727	221.989262	904.875013	2.000000
-126.420000	41.150000	-155.377594	19.430099	-0.058334	222.248201	899.590509	3.000000
-126.420000	41.150000	-155.377594	19.680099	1.120167	222.510206	894.555751	2.000000
-126.420000	41.150000	-155.377594	19.930099	0.899851	222.775487	889.520992	2.000000
-126.420000	41.150000	-155.377594	20.180099	0.677013	223.043911	884.486233	2.000000
-126.420000	41.150000	-155.377594	20.430099	-0.655531	223.315694	879.451474	2.000000
-126.420000	41.150000	-155.127594	17.930099	0.786390	220.548870	925.287362	3.000000
-126.420000	41.150000	-155.127594	18.180099	0.582656	220.793023	920.413850	3.000000
-126.420000	41.150000	-155.127594	18.430099	0.704869	221.040287	915.540338	3.000000
-126.420000	41.150000	-155.127594	18.680099	0.848365	221.290438	910.723965	3.000000
-126.420000	41.150000	-155.127594	18.930099	0.048154	221.543785	905.868972	2.000000
-126.420000	41.150000	-155.127594	19.180099	-1.109937	221.800092	900.578924	2.000000
-126.420000	41.150000	-155.127594	19.430099	-1.206906	222.059683	895.288875	3.000000
-126.420000	41.150000	-155.127594	19.680099	0.104287	222.322306	890.036481	3.000000
-126.420000	41.150000	-155.127594	19.930099	1.087037	222.588301	885.001722	1.000000
-126.420000	41.150000	-155.127594	20.180099	-0.018264	222.857403	879.966963	1.000000
-126.420000	41.150000	-154.877594	19.930099	0.576152	222.398650	880.482452	1.000000
