91.880000	7.920000	-158.651001	21.430099	-5.259864	104.923173	2881.857056	2.000000
91.880000	7.920000	-158.401001	21.180099	-5.298200	104.965224	2890.564459	1.000000
91.880000	7.920000	-158.401001	21.430099	-5.307718	105.030639	2889.210842	1.000000
91.880000	7.920000	-158.151001	20.680099	-5.400735	104.938446	2900.604757	2.000000
91.880000	7.920000	-158.151001	20.930099	-5.334915	105.005436	2899.271863	2.000000
91.880000	7.920000	-158.151001	21.180099	-5.332934	105.072096	2897.918245	2.000000
91.880000	7.920000	-158.151001	21.430099	-5.415536	105.138457	2896.564628	2.000000
91.880000	7.920000	-157.901001	20.430099	-5.434793	104.975403	2909.309180	2.000000
91.880000	7.920000	-157.901001	20.680099	-5.212550	105.043647	2907.979266	3.000000
91.880000	7.920000	-157.901001	20.930099	-5.022032	105.111668	2906.625649	3.000000
91.880000	7.920000	-157.901001	21.180099	-4.924626	105.179278	2905.272032	2.000000
91.880000	7.920000	-157.901001	21.430099	-0.996315	105.246663	2903.918414	2.000000
91.880000	7.920000	-157.651001	19.930099	-5.262320	104.940475	2919.331634	2.000000
91.880000	7.920000	-157.651001	20.180099	-5.201215	105.010392	2918.013604	2.000000
91.880000	7.920000	-157.651001	20.430099	-3.835598	105.080006	2916.686670	2.000000
91.880000	7.920000	-157.651001	20.680099	-2.533764	105.149286	2915.092827	2.000000
91.880000	7.920000	-157.651001	20.930099	-2.292711	105.218261	2913.482246	3.000000
91.880000	7.920000	-157.651001	21.180099	-2.127328	105.286898	2911.871665	2.000000
91.880000	7.920000	-157.651001	21.430099	2.614764	105.355230	2910.259595	2.000000
91.880000	7.920000	-157.401001	19.680099	-4.111914	104.972175	2927.964844	3.000000
91.880000	7.920000	-157.401001	19.930099	-3.694965	105.043472	2926.476572	2.000000
91.880000	7.920000	-157.401001	20.180099	-1.783639	105.114352	2924.986203	3.000000
91.880000	7.920000	-157.401001	20.430099	-0.467661	105.185006	2923.076312	3.000000
91.880000	7.920000	-157.401001	20.680099	-1.360680	105.255242	2921.374286	3.000000
91.880000	7.920000	-157.401001	20.930099	-1.768945	105.325249	2919.735108	4.000000
91.880000	7.920000	-157.401001	21.180099	-1.755419	105.394837	2918.124526	3.000000
91.880000	7.920000	-157.401001	21.430099	3.796733	105.464194	2916.486327	2.000000
91.880000	7.920000	-157.151001	19.430099	-3.313365	105.002001	2936.260565	2.000000
91.880000	7.920000	-157.151001	19.680099	-3.365635	105.074572	2934.772292	4.000000
91.880000	7.920000	-157.151001	19.930099	-2.160581	105.146836	2933.284020	3.000000
91.880000	7.920000	-157.151001	20.180099	-0.209385	105.218759	2931.482463	3.000000
91.880000	7.920000	-157.151001	20.430099	-0.143096	105.290373	2929.572571	4.000000
91.880000	7.920000	-157.151001	20.680099	-0.988549	105.361645	2927.729225	4.000000
91.880000	7.920000	-157.151001	20.930099	-1.489133	105.432606	2926.070798	3.000000
91.880000	7.920000	-157.151001	21.180099	-1.395925	105.503223	2924.355802	3.000000
91.880000	7.920000	-157.151001	21.430099	4.727128	105.573527	2922.713058	3.000000
91.880000	7.920000	-156.901001	18.930099	-3.940475	104.955595	2945.603890	3.000000
91.880000	7.920000	-156.901001	19.180099	-3.859157	105.029786	2944.267631	4.000000
91.880000	7.920000	-156.901001	19.430099	-3.833625	105.103750	2942.881032	3.000000
91.880000	7.920000	-156.901001	19.680099	-3.073488	105.177292	2941.487841	3.000000
91.880000	7.920000	-156.901001	19.930099	-0.926342	105.250603	2939.887634	4.000000
91.880000	7.920000	-156.901001	20.180099	0.136281	105.323491	2937.978722	4.000000
91.880000	7.920000	-156.901001	20.430099	0.031228	105.396146	2936.068831	3.000000
91.880000	7.920000	-156.901001	20.680099	-0.685280	105.468375	2934.158939	3.000000
91.880000	7.920000	-156.901001	20.930099	-0.758363	105.540370	2932.425736	3.000000
91.880000	7.920000	-156.901001	21.180099	-0.983570	105.611937	2930.582534	2.000000
91.880000	7.920000	-156.901001	21.430099	5.727845	105.683267	2928.939789	3.000000
91.880000	7.920000	-156.651001	18.680099	-4.044479	104.980090	2953.409527	4.000000
91.880000	7.920000	-156.651001	18.930099	-4.078492	105.055684	2952.095601	4.000000
91.880000	7.920000	-156.651001	19.180099	-4.023651	105.130934	2950.762932	4.000000
91.880000	7.920000	-156.651001	19.430099	-3.397558	105.205873	2949.415460	4.000000
91.880000	7.920000	-156.651001	19.680099	-1.840788	105.280466	2947.915381	3.000000
91.880000	7.920000	-156.651001	19.930099	-0.808639	105.354746	2946.203475	3.000000
91.880000	7.920000	-156.651001	20.180099	-0.382850	105.428678	2944.442640	4.000000
91.880000	7.920000	-156.651001	20.430099	-0.111398	105.502294	2942.543705	4.000000
91.880000	7.920000	-156.651001	20.680099	-0.159622	105.575561	2940.644770	3.000000
91.880000	7.920000	-156.651001	20.930099	0.201289	105.648510	2938.729889	4.000000
91.880000	7.920000	-156.651001	21.180099	-0.523038	105.721107	2936.809265	3.000000
91.880000	7.920000	-156.651001	21.430099	6.767497	105.793385	2935.101723	2.000000
91.880000	7.920000	-156.401001	18.430099	-6.072745	105.002638	2961.138329	4.000000
91.880000	7.920000	-156.401001	18.680099	-3.929909	105.079527	2959.824403	4.000000
91.880000	7.920000	-156.401001	18.930099	-3.777156	105.156184	2958.510476	4.000000
91.880000	7.920000	-156.401001	19.180099	-3.276578	105.232413	2957.161442	3.000000
91.880000	7.920000	-156.401001	19.430099	-2.229736	105.308408	2955.725896	3.000000
91.880000	7.920000	-156.401001	19.680099	-1.240806	105.383974	2954.143911	3.000000
91.880000	7.920000	-156.401001	19.930099	-0.946158	105.459302	2952.469729	3.000000
91.880000	7.920000	-156.401001	20.180099	-0.894791	105.534199	2950.757824	3.000000
91.880000	7.920000	-156.401001	20.430099	-0.576835	105.608857	2948.997646	3.000000
91.880000	7.920000	-156.401001	20.680099	0.307585	105.683082	2947.098711	3.000000
91.880000	7.920000	-156.401001	20.930099	0.896632	105.757065	2945.043892	4.000000
91.880000	7.920000	-156.401001	21.180099	0.080501	105.830614	2943.035997	3.000000
91.880000	7.920000	-156.401001	21.430099	7.693257	105.903918	2941.236636	2.000000
91.880000	7.920000	-156.151001	18.430099	-5.260313	105.101468	2967.468851	3.000000
91.880000	7.920000	-156.151001	18.680099	-2.636369	105.179424	2966.040309	4.000000
91.880000	7.920000	-156.151001	18.930099	-2.689787	105.257065	2964.611766	3.000000
91.880000	7.920000	-156.151001	19.180099	-2.300280	105.334354	2963.183224	3.000000
91.880000	7.920000	-156.151001	19.430099	-1.581597	105.411325	2961.664681	2.000000
91.880000	7.920000	-156.151001	19.680099	-1.407391	105.487944	2960.082696	3.000000
91.880000	7.920000	-156.151001	19.930099	-1.608963	105.564241	2958.500712	3.000000
91.880000	7.920000	-156.151001	20.180099	-1.827192	105.640184	2956.918727	3.000000
91.880000	7.920000	-156.151001	20.430099	-1.538475	105.715804	2955.312173	3.000000
91.880000	7.920000	-156.151001	20.680099	0.004615	105.791067	2953.552652	2.000000
91.880000	7.920000	-156.151001	20.930099	1.589187	105.866006	2951.415333	3.000000
91.880000	7.920000	-156.151001	21.180099	0.884965	105.940585	2949.262728	3.000000
91.880000	7.920000	-156.151001	21.430099	8.559170	106.014838	2947.371548	2.000000
91.880000	7.920000	-155.901001	18.180099	-5.659982	105.121339	2974.599190	3.000000
91.880000	7.920000	-155.901001	18.430099	-3.510287	105.200717	2973.294453	3.000000
91.880000	7.920000	-155.901001	18.680099	-3.553326	105.279661	2971.989716	4.000000
91.880000	7.920000	-155.901001	18.930099	-3.211093	105.358366	2970.633549	4.000000
91.880000	7.920000	-155.901001	19.180099	-2.537604	105.436636	2969.185451	4.000000
91.880000	7.920000	-155.901001	19.430099	-2.160326	105.514665	2967.603466	3.000000
91.880000	7.920000	-155.901001	19.680099	-2.395408	105.592256	2966.021482	3.000000
91.880000	7.920000	-155.901001	19.930099	-2.917957	105.669604	2964.439497	3.000000
91.880000	7.920000	-155.901001	20.180099	-3.680726	105.746513	2962.930422	2.000000
91.880000	7.920000	-155.901001	20.430099	-3.827242	105.823176	2961.484269	2.000000
91.880000	7.920000	-155.901001	20.680099	-0.562061	105.899399	2959.986240	2.000000
91.880000	7.920000	-155.901001	20.930099	2.469441	105.975372	2957.786773	2.000000
91.880000	7.920000	-155.901001	21.180099	1.638363	106.050904	2955.504809	2.000000
91.880000	7.920000	-155.651001	18.180099	-5.502381	105.219984	2980.682247	2.000000
91.880000	7.920000	-155.651001	18.430099	-4.933258	105.300353	2979.433300	3.000000
91.880000	7.920000	-155.651001	18.680099	-5.071556	105.380366	2978.184354	3.000000
91.880000	7.920000	-155.651001	18.930099	-5.222083	105.460056	2976.935407	4.000000
91.880000	7.920000	-155.651001	19.180099	-4.704817	105.539388	2975.679836	4.000000
91.880000	7.920000	-155.651001	19.430099	-4.273689	105.618394	2974.233682	3.000000
91.880000	7.920000	-155.651001	19.680099	-4.478651	105.697040	2972.787528	2.000000
91.880000	7.920000	-155.651001	19.930099	-4.681124	105.775359	2971.341375	4.000000
91.880000	7.920000	-155.651001	20.180099	-4.051258	105.853315	2969.895221	2.000000
91.880000	7.920000	-155.651001	20.430099	-0.907871	105.930941	2968.296729	1.000000
91.880000	7.920000	-155.651001	20.680099	2.170668	106.008202	2966.165258	1.000000
91.880000	7.920000	-155.651001	20.930099	2.227578	106.085132	2963.965327	2.000000
91.880000	7.920000	-155.651001	21.180099	1.184662	106.161695	2961.776824	2.000000
91.880000	7.920000	-155.401001	17.930099	-8.089105	105.237288	2988.130381	2.000000
91.880000	7.920000	-155.401001	18.180099	-7.513752	105.318974	2987.319960	3.000000
91.880000	7.920000	-155.401001	18.430099	-6.145382	105.400418	2986.248245	4.000000
91.880000	7.920000	-155.401001	18.680099	-5.632373	105.481420	2984.999298	4.000000
91.880000	7.920000	-155.401001	18.930099	-5.795042	105.562177	2983.750352	4.000000
91.880000	7.920000	-155.401001	19.180099	-5.635634	105.642490	2982.518499	3.000000
91.880000	7.920000	-155.401001	19.430099	-5.076487	105.722556	2981.198481	3.000000
91.880000	7.920000	-155.401001	19.680099	-4.739879	105.802177	2979.752327	3.000000
91.880000	7.920000	-155.401001	19.930099	-3.595137	105.881546	2978.306173	3.000000
91.880000	7.920000	-155.401001	20.180099	-0.538865	105.960470	2976.607218	2.000000
91.880000	7.920000	-155.401001	20.430099	1.897987	106.039139	2974.508091	2.000000
91.880000	7.920000	-155.401001	20.680099	1.999689	106.117362	2972.326766	3.000000
91.880000	7.920000	-155.401001	20.930099	-0.535268	106.195327	2970.171400	3.000000
91.880000	7.920000	-155.401001	21.180099	1.115871	106.272844	2968.412854	3.000000
91.880000	7.920000	-155.151001	17.930099	-8.382746	105.335676	2994.550320	3.000000
91.880000	7.920000	-155.151001	18.180099	-8.635128	105.418442	2993.727439	3.000000
91.880000	7.920000	-155.151001	18.430099	-7.614062	105.500879	2992.944363	4.000000
91.880000	7.920000	-155.151001	18.680099	-6.161537	105.582952	2991.814243	4.000000
91.880000	7.920000	-155.151001	18.930099	-5.924288	105.664695	2990.567534	3.000000
91.880000	7.920000	-155.151001	19.180099	-6.093813	105.746072	2989.339302	3.000000
91.880000	7.920000	-155.151001	19.430099	-5.451433	105.827117	2988.111071	3.000000
91.880000	7.920000	-155.151001	19.680099	-3.268327	105.907793	2986.717126	3.000000
91.880000	7.920000	-155.151001	19.930099	-0.037061	105.988135	2984.917707	2.000000
91.880000	7.920000	-155.151001	20.180099	1.653944	106.068106	2982.818580	2.000000
91.880000	7.920000	-155.151001	20.430099	1.598281	106.147741	2980.688205	3.000000
91.880000	7.920000	-155.151001	20.680099	-1.463332	106.227003	2978.565975	3.000000
91.880000	7.920000	-155.151001	20.930099	-2.107080	106.305925	2977.005638	4.000000
91.880000	7.920000	-155.151001	21.180099	3.830020	106.384474	2974.863298	3.000000
91.880000	7.920000	-154.901001	17.680099	-8.387706	105.350291	3001.793141	3.000000
91.880000	7.920000	-154.901001	17.930099	-8.481571	105.434501	3000.970259	3.000000
91.880000	7.920000	-154.901001	18.180099	-8.685363	105.518264	3000.147378	3.000000
91.880000	7.920000	-154.901001	18.430099	-8.935039	105.601778	2999.350879	3.000000
91.880000	7.920000	-154.901001	18.680099	-7.657711	105.684842	2998.568766	3.000000
91.880000	7.920000	-154.901001	18.930099	-5.702740	105.767653	2997.388337	3.000000
91.880000	7.920000	-154.901001	19.180099	-4.277148	105.850014	2996.160106	4.000000
91.880000	7.920000	-154.901001	19.430099	-2.739203	105.932119	2994.704198	4.000000
91.880000	7.920000	-154.901001	19.680099	-0.237416	106.013772	2993.160731	3.000000
91.880000	7.920000	-154.901001	19.930099	1.603610	106.095166	2991.129069	3.000000
91.880000	7.920000	-154.901001	20.180099	1.156906	106.176106	2989.029942	3.000000
91.880000	7.920000	-154.901001	20.430099	-1.708361	106.256785	2986.960551	3.000000
91.880000	7.920000	-154.901001	20.680099	-4.279769	106.337009	2985.400213	3.000000
91.880000	7.920000	-154.901001	20.930099	-0.814920	106.416968	2983.839876	3.000000
91.880000	7.920000	-154.901001	21.180099	6.225584	106.496471	2981.313741	3.000000
91.880000	7.920000	-154.651001	17.680099	-8.627971	105.448516	3008.213080	3.000000
91.880000	7.920000	-154.651001	17.930099	-8.697462	105.533729	3007.390199	3.000000
91.880000	7.920000	-154.651001	18.180099	-8.818391	105.618574	3006.567318	3.000000
91.880000	7.920000	-154.651001	18.430099	-9.119470	105.703082	3005.757396	3.000000
91.880000	7.920000	-154.651001	18.680099	-6.009965	105.787220	3004.997549	3.000000
91.880000	7.920000	-154.651001	18.930099	-1.952860	105.871019	3003.403859	4.000000
91.880000	7.920000	-154.651001	19.180099	-0.862572	105.954445	3001.719320	4.000000
91.880000	7.920000	-154.651001	19.430099	-1.261000	106.037530	3000.177386	4.000000
91.880000	7.920000	-154.651001	19.680099	-1.554787	106.120240	2998.632134	3.000000
91.880000	7.920000	-154.651001	19.930099	-1.628769	106.202608	2997.086882	3.000000
91.880000	7.920000	-154.651001	20.180099	-2.436137	106.284597	2995.355126	3.000000
91.880000	7.920000	-154.651001	20.430099	-3.835059	106.366242	2993.794789	3.000000
91.880000	7.920000	-154.651001	20.680099	-4.039957	106.447506	2992.234452	2.000000
91.880000	7.920000	-154.651001	20.930099	1.061314	106.528424	2990.674114	3.000000
91.880000	7.920000	-154.651001	21.180099	8.532046	106.608960	2987.764185	3.000000
91.880000	7.920000	-154.401001	17.680099	-8.566078	105.547104	3014.906230	4.000000
91.880000	7.920000	-154.401001	17.930099	-8.544450	105.633404	3014.031401	4.000000
91.880000	7.920000	-154.401001	18.180099	-8.492321	105.719248	3013.156573	3.000000
91.880000	7.920000	-154.401001	18.430099	-9.038003	105.804835	3012.254461	4.000000
91.880000	7.920000	-154.401001	18.680099	-6.174926	105.889965	3011.507142	4.000000
91.880000	7.920000	-154.401001	18.930099	0.437193	105.974834	3009.901588	4.000000
91.880000	7.920000	-154.401001	19.180099	1.505030	106.059245	3007.460546	4.000000
91.880000	7.920000	-154.401001	19.430099	-2.365489	106.143393	3005.741578	4.000000
91.880000	7.920000	-154.401001	19.680099	-3.796642	106.227080	3004.359993	4.000000
91.880000	7.920000	-154.401001	19.930099	-3.924255	106.310502	3002.978408	4.000000
91.880000	7.920000	-154.401001	20.180099	-4.054606	106.393461	3001.564397	3.000000
91.880000	7.920000	-154.401001	20.430099	-4.093871	106.476152	3000.117686	3.000000
91.880000	7.920000	-154.401001	20.680099	-2.632614	106.558379	2998.670976	4.000000
91.880000	7.920000	-154.401001	20.930099	3.916461	106.640334	2997.010289	3.000000
91.880000	7.920000	-154.401001	21.180099	10.817782	106.721825	2994.214628	2.000000
91.880000	7.920000	-154.151001	17.680099	-8.979686	105.646186	3021.607770	4.000000
91.880000	7.920000	-154.151001	17.930099	-8.833760	105.733490	3020.776097	4.000000
91.880000	7.920000	-154.151001	18.180099	-8.278223	105.820418	3019.880762	3.000000
91.880000	7.920000	-154.151001	18.430099	-8.236636	105.907002	3018.945397	4.000000
91.880000	7.920000	-154.151001	18.680099	-5.458511	105.993207	3018.016735	4.000000
91.880000	7.920000	-154.151001	18.930099	-0.528033	106.079066	3016.399317	4.000000
91.880000	7.920000	-154.151001	19.180099	0.661774	106.164544	3014.132230	4.000000
91.880000	7.920000	-154.151001	19.430099	-1.228554	106.249673	3012.101512	4.000000
91.880000	7.920000	-154.151001	19.680099	-3.515227	106.334420	3010.435745	4.000000
91.880000	7.920000	-154.151001	19.930099	-4.247878	106.418815	3009.054160	4.000000
91.880000	7.920000	-154.151001	20.180099	-3.256261	106.502825	3007.630153	3.000000
91.880000	7.920000	-154.151001	20.430099	0.877420	106.586483	3006.145251	3.000000
91.880000	7.920000	-154.151001	20.680099	5.046086	106.669752	3003.959200	4.000000
91.880000	7.920000	-154.151001	20.930099	5.826321	106.752667	3001.773149	4.000000
91.880000	7.920000	-154.151001	21.180099	6.778609	106.835191	2999.587098	2.000000
91.880000	7.920000	-153.901001	17.680099	-9.899683	105.745641	3028.270447	4.000000
91.880000	7.920000	-153.901001	17.930099	-8.103957	105.834033	3027.610051	2.000000
91.880000	7.920000	-153.901001	18.180099	-6.814458	105.921962	3026.293199	4.000000
91.880000	7.920000	-153.901001	18.430099	-8.193958	106.009627	3025.385128	4.000000
91.880000	7.920000	-153.901001	18.680099	-6.350589	106.096826	3024.477056	4.000000
91.880000	7.920000	-153.901001	18.930099	-1.339962	106.183757	3023.105412	4.000000
91.880000	7.920000	-153.901001	19.180099	0.962553	106.270222	3020.883099	4.000000
91.880000	7.920000	-153.901001	19.430099	-0.860098	106.356416	3018.732211	4.000000
91.880000	7.920000	-153.901001	19.680099	-2.285181	106.442141	3016.969928	3.000000
91.880000	7.920000	-153.901001	19.930099	-0.461705	106.527592	3015.207645	3.000000
91.880000	7.920000	-153.901001	20.180099	1.812460	106.612573	3013.162850	3.000000
91.880000	7.920000	-153.901001	20.430099	3.171714	106.697278	3011.052133	2.000000
91.880000	7.920000	-153.901001	20.680099	3.158780	106.781511	3008.941416	2.000000
91.880000	7.920000	-153.901001	20.930099	3.159133	106.865464	3006.830699	2.000000
91.880000	7.920000	-153.651001	17.680099	-10.776996	105.845598	3035.269950	3.000000
91.880000	7.920000	-153.651001	17.930099	-7.422407	105.934998	3034.635093	4.000000
91.880000	7.920000	-153.651001	18.180099	-3.739948	106.024012	3033.066950	4.000000
91.880000	7.920000	-153.651001	18.430099	-5.837961	106.112676	3031.498024	4.000000
91.880000	7.920000	-153.651001	18.680099	-6.229077	106.200952	3030.589952	4.000000
91.880000	7.920000	-153.651001	18.930099	-2.641269	106.288875	3029.226494	4.000000
91.880000	7.920000	-153.651001	19.180099	-0.509962	106.376408	3027.448578	4.000000
91.880000	7.920000	-153.651001	19.430099	-0.814113	106.463585	3025.411657	4.000000
91.880000	7.920000	-153.651001	19.680099	-0.056507	106.550371	3023.592620	3.000000
91.880000	7.920000	-153.651001	19.930099	1.778734	106.636798	3021.481903	3.000000
91.880000	7.920000	-153.651001	20.180099	2.509938	106.722831	3019.338159	2.000000
91.880000	7.920000	-153.651001	20.430099	3.020655	106.808503	3017.091811	3.000000
91.880000	7.920000	-153.401001	17.930099	-7.951112	106.036429	3041.613706	4.000000
91.880000	7.920000	-153.401001	18.180099	-3.006923	106.126447	3039.981152	4.000000
91.880000	7.920000	-153.401001	18.430099	-3.048985	106.216193	3038.348597	4.000000
91.880000	7.920000	-153.401001	18.680099	-3.486541	106.305466	3036.716043	4.000000
91.880000	7.920000	-153.401001	18.930099	-2.542627	106.394463	3035.343512	3.000000
91.880000	7.920000	-153.401001	19.180099	-0.604704	106.482984	3033.559973	3.000000
91.880000	7.920000	-153.401001	19.430099	1.349612	106.571227	3031.712882	3.000000
91.880000	7.920000	-153.401001	19.680099	3.521544	106.658993	3029.466534	3.000000
91.880000	7.920000	-153.401001	19.930099	3.625580	106.746477	3027.220186	2.000000
91.880000	7.920000	-153.151001	18.180099	-4.060642	106.229397	3046.376951	2.000000
91.880000	7.920000	-153.151001	18.430099	-2.235039	106.320144	3044.738966	3.000000
91.880000	7.920000	-153.151001	18.680099	-1.806253	106.410496	3043.100982	3.000000
91.880000	7.920000	-153.151001	18.930099	-0.586570	106.500486	3041.333467	2.000000
91.880000	7.920000	-153.151001	19.180099	1.284139	106.590078	3039.503855	2.000000
91.880000	7.920000	-153.151001	19.430099	3.538195	106.679306	3037.348560	2.000000
91.880000	7.920000	-153.151001	19.680099	3.803546	106.768133	3035.102212	2.000000
91.880000	7.920000	-152.901001	18.180099	-9.081190	106.332743	3052.373454	3.000000
91.880000	7.920000	-152.901001	18.430099	-1.896181	106.424575	3050.735470	3.000000
91.880000	7.920000	-152.901001	18.680099	-1.185413	106.515924	3049.097486	3.000000
91.880000	7.920000	-152.901001	18.930099	0.644059	106.606990	3047.277349	3.000000
91.880000	7.920000	-152.901001	19.180099	2.941936	106.697572	3045.230586	2.000000
91.880000	7.920000	-152.651001	18.430099	-3.725504	106.529448	3056.731974	3.000000
91.880000	7.920000	-152.651001	18.680099	-0.545167	106.621879	3055.050843	3.000000
