-155.772995	19.079000	3014.491000	-49.438260
-157.931000	21.646000	2925.520000	-48.955907
-155.996994	20.771000	2971.500000	-50.685357
-155.710999	20.046000	2993.497000	-130.407381
-159.401001	21.971001	2889.490000	NaN
-156.658005	20.891001	2958.495000	-129.927547
-159.664993	22.122999	2882.512000	NaN
-156.755997	21.136000	2950.478000	-130.019009
-154.617798	20.088900	3008.121000	-131.902713
-155.679398	21.205500	2966.444000	-51.492694
-154.482803	21.001900	2991.478000	-52.906377
-153.982697	21.519699	2983.905000	-134.041259
-153.292099	20.892599	3008.481000	-134.424262
-153.902405	19.979099	3020.594000	-132.768911
-153.503204	19.495199	3037.485000	-132.870531
-153.992294	18.797600	3047.926000	-131.560142
-153.295898	18.800900	3056.130000	-132.513051
-152.132401	18.481400	3077.818000	-133.825412
-153.290604	17.906200	3077.733000	-131.681453
-153.700806	17.297501	3086.312000	-130.540990
-154.691299	17.180099	3072.501000	-49.088665
-154.030502	17.988400	3066.489000	-130.749778
-154.495895	18.401699	3050.485000	-130.509911
-154.797394	18.803101	3036.341000	-50.479731
-155.714996	18.000299	3038.484000	-48.506338
-156.808197	18.404200	3009.843000	-47.454400
-156.167007	18.301001	3023.643000	-48.194459
-157.227295	18.984800	2990.481000	-127.452405
-156.510101	19.477699	2993.171000	-128.838328
-156.932007	19.832701	2977.331000	-128.614270
-157.627594	20.346100	2954.340000	-128.182750
