-155.772995	19.079000	1544.269000	-4.668733
-155.996994	20.771000	1516.283000	-2.782551
-155.710999	20.046000	1533.279000	-4.137924
-159.401001	21.971001	1422.286000	NaN
-156.658005	20.891001	1499.288000	-3.176557
-155.679398	21.205500	1516.280000	2.077709
-154.482803	21.001900	1546.263000	1.669661
-153.982697	21.519699	1544.264000	5.369369
-153.292099	20.892599	1569.274000	NaN
-152.132401	18.481400	1632.259000	NaN
-154.691299	17.180099	1592.274000	-7.711150
-154.030502	17.988400	1598.278000	-4.482301
-154.797394	18.803101	1571.266000	-7.888709
-155.714996	18.000299	1560.269000	-5.220206
-156.808197	18.404200	1528.267000	-7.245049
-157.227295	18.984800	1512.266000	-4.498118
-157.627594	20.346100	1485.269000	-3.845623
-153.992294	18.797600	1588.257000	-6.129119
