142.380000	38.110000	-158.651001	21.430099	-2.506592	122.304835	1446.838615	1.000000
142.380000	38.110000	-158.401001	21.180099	-2.798406	122.460541	1456.015633	0.000000
142.380000	38.110000	-158.401001	21.430099	-1.487040	122.302510	1452.454576	0.000000
142.380000	38.110000	-158.151001	20.680099	-5.158545	122.768599	1468.550838	1.000000
142.380000	38.110000	-158.151001	20.930099	-3.076809	122.613719	1465.192651	1.000000
142.380000	38.110000	-158.151001	21.180099	-1.863549	122.457772	1461.631594	1.000000
142.380000	38.110000	-158.151001	21.430099	-1.151952	122.300821	1458.070536	0.000000
142.380000	38.110000	-157.901001	20.430099	-5.431355	122.917061	1477.698682	1.000000
142.380000	38.110000	-157.901001	20.680099	-3.353032	122.764234	1474.369670	1.000000
142.380000	38.110000	-157.901001	20.930099	-1.974098	122.610502	1470.808612	1.000000
142.380000	38.110000	-157.901001	21.180099	-1.733561	122.455623	1467.247555	1.000000
142.380000	38.110000	-157.901001	21.430099	-0.281367	122.299836	1463.650177	0.000000
142.380000	38.110000	-157.651001	19.930099	-5.878109	123.212596	1490.059194	1.000000
142.380000	38.110000	-157.651001	20.180099	-5.185771	123.062932	1486.846526	1.000000
142.380000	38.110000	-157.651001	20.430099	-3.546315	122.912286	1483.546688	1.000000
142.380000	38.110000	-157.651001	20.680099	-2.082524	122.760595	1479.985630	2.000000
142.380000	38.110000	-157.651001	20.930099	-1.971515	122.607920	1476.424573	1.000000
142.380000	38.110000	-157.651001	21.180099	-1.479904	122.454193	1472.863515	1.000000
142.380000	38.110000	-157.651001	21.430099	1.344433	122.299477	1469.194195	0.000000
142.380000	38.110000	-157.401001	19.680099	-4.667527	123.353897	1499.152674	2.000000
142.380000	38.110000	-157.401001	19.930099	-4.003321	123.206379	1495.810042	2.000000
142.380000	38.110000	-157.401001	20.180099	-3.609225	123.057744	1492.467410	2.000000
142.380000	38.110000	-157.401001	20.430099	-2.745729	122.908222	1489.124778	2.000000
142.380000	38.110000	-157.401001	20.680099	-2.213376	122.757576	1485.601591	2.000000
142.380000	38.110000	-157.401001	20.930099	-1.969636	122.606040	1482.040534	2.000000
142.380000	38.110000	-157.401001	21.180099	-1.070471	122.453372	1478.479476	2.000000
142.380000	38.110000	-157.401001	21.430099	2.833498	122.299811	1474.738213	1.000000
142.380000	38.110000	-157.151001	19.430099	-4.373376	123.492837	1507.988513	1.000000
142.380000	38.110000	-157.151001	19.680099	-3.950432	123.347300	1504.645881	2.000000
142.380000	38.110000	-157.151001	19.930099	-3.583288	123.200801	1501.303249	2.000000
142.380000	38.110000	-157.151001	20.180099	-3.320495	123.053279	1497.960617	2.000000
142.380000	38.110000	-157.151001	20.430099	-2.999109	122.904791	1494.617986	2.000000
142.380000	38.110000	-157.151001	20.680099	-2.503147	122.755273	1491.217552	2.000000
142.380000	38.110000	-157.151001	20.930099	-1.724109	122.604785	1487.656494	2.000000
142.380000	38.110000	-157.151001	21.180099	-0.654402	122.453261	1484.026010	2.000000
142.380000	38.110000	-157.151001	21.430099	4.053387	122.300762	1480.282231	1.000000
142.380000	38.110000	-156.901001	18.930099	-7.737253	123.771864	1520.292182	2.000000
142.380000	38.110000	-156.901001	19.180099	-5.636891	123.629296	1517.211979	2.000000
142.380000	38.110000	-156.901001	19.430099	-4.417208	123.485860	1513.785448	1.000000
142.380000	38.110000	-156.901001	19.680099	-3.945920	123.341332	1510.325503	2.000000
142.380000	38.110000	-156.901001	19.930099	-3.760512	123.195933	1506.865558	3.000000
142.380000	38.110000	-156.901001	20.180099	-3.822295	123.049434	1503.453825	2.000000
142.380000	38.110000	-156.901001	20.430099	-3.711299	122.902061	1500.111193	2.000000
142.380000	38.110000	-156.901001	20.680099	-2.914791	122.753580	1496.768561	2.000000
142.380000	38.110000	-156.901001	20.930099	-1.630107	122.604223	1493.272455	2.000000
142.380000	38.110000	-156.901001	21.180099	-0.399388	122.453749	1489.570027	1.000000
142.380000	38.110000	-156.901001	21.430099	5.692624	122.302396	1485.826249	1.000000
142.380000	38.110000	-156.651001	18.680099	-8.261522	123.903950	1528.762580	3.000000
142.380000	38.110000	-156.651001	18.930099	-7.833419	123.763451	1525.974237	3.000000
142.380000	38.110000	-156.651001	19.180099	-6.086929	123.621958	1522.921170	2.000000
142.380000	38.110000	-156.651001	19.430099	-4.946042	123.479521	1519.671464	2.000000
142.380000	38.110000	-156.651001	19.680099	-4.372069	123.336082	1516.211519	2.000000
142.380000	38.110000	-156.651001	19.930099	-4.265812	123.191696	1512.751575	2.000000
142.380000	38.110000	-156.651001	20.180099	-4.059472	123.046301	1509.291630	3.000000
142.380000	38.110000	-156.651001	20.430099	-3.707622	122.899954	1505.831685	4.000000
142.380000	38.110000	-156.651001	20.680099	-3.141902	122.752593	1502.371740	3.000000
142.380000	38.110000	-156.651001	20.930099	-1.419717	122.604275	1498.857824	3.000000
142.380000	38.110000	-156.651001	21.180099	0.373561	122.454937	1495.114045	3.000000
142.380000	38.110000	-156.651001	21.430099	7.840879	122.304638	1491.186030	2.000000
142.380000	38.110000	-156.401001	18.430099	-8.608263	124.033773	1537.801639	4.000000
142.380000	38.110000	-156.401001	18.680099	-7.492392	123.895188	1534.444635	4.000000
142.380000	38.110000	-156.401001	18.930099	-7.930484	123.755752	1531.656291	3.000000
142.380000	38.110000	-156.401001	19.180099	-6.340022	123.615247	1528.630361	2.000000
142.380000	38.110000	-156.401001	19.430099	-5.213580	123.473888	1525.423073	3.000000
142.380000	38.110000	-156.401001	19.680099	-4.721116	123.331452	1522.097536	2.000000
142.380000	38.110000	-156.401001	19.930099	-4.262274	123.188158	1518.637591	2.000000
142.380000	38.110000	-156.401001	20.180099	-4.156515	123.043779	1515.177646	3.000000
142.380000	38.110000	-156.401001	20.430099	-4.019023	122.898539	1511.717701	3.000000
142.380000	38.110000	-156.401001	20.680099	-2.569187	122.752207	1508.248791	3.000000
142.380000	38.110000	-156.401001	20.930099	-0.474718	122.605011	1504.472411	3.000000
142.380000	38.110000	-156.401001	21.180099	1.887561	122.456715	1500.658063	3.000000
142.380000	38.110000	-156.401001	21.430099	9.494972	122.307553	1496.347243	2.000000
142.380000	38.110000	-156.151001	18.430099	-6.161103	124.024677	1543.870574	3.000000
142.380000	38.110000	-156.151001	18.680099	-6.826240	123.887146	1540.488721	3.000000
142.380000	38.110000	-156.151001	18.930099	-6.957934	123.748689	1537.338346	2.000000
142.380000	38.110000	-156.151001	19.180099	-6.435719	123.609252	1534.339552	3.000000
142.380000	38.110000	-156.151001	19.430099	-5.555051	123.468885	1531.132264	2.000000
142.380000	38.110000	-156.151001	19.680099	-4.985993	123.327530	1527.924977	2.000000
142.380000	38.110000	-156.151001	19.930099	-4.465083	123.185242	1524.523608	2.000000
142.380000	38.110000	-156.151001	20.180099	-4.154695	123.041959	1521.063663	3.000000
142.380000	38.110000	-156.151001	20.430099	-3.421699	122.897738	1517.603718	3.000000
142.380000	38.110000	-156.151001	20.680099	-1.326072	122.752517	1514.026230	3.000000
142.380000	38.110000	-156.151001	20.930099	0.172690	122.606353	1510.146780	3.000000
142.380000	38.110000	-156.151001	21.180099	3.536992	122.459183	1506.202081	3.000000
142.380000	38.110000	-156.151001	21.430099	10.571896	122.311066	1501.508457	2.000000
142.380000	38.110000	-155.901001	18.180099	-10.710063	124.151807	1553.321362	3.000000
142.380000	38.110000	-155.901001	18.430099	-6.078511	124.016292	1549.939510	3.000000
142.380000	38.110000	-155.901001	18.680099	-5.965194	123.879730	1546.557657	3.000000
142.380000	38.110000	-155.901001	18.930099	-6.300688	123.742330	1543.175804	2.000000
142.380000	38.110000	-155.901001	19.180099	-6.231230	123.603875	1540.048743	2.000000
142.380000	38.110000	-155.901001	19.430099	-5.793666	123.464578	1536.841455	2.000000
142.380000	38.110000	-155.901001	19.680099	-5.587615	123.324219	1533.634168	2.000000
142.380000	38.110000	-155.901001	19.930099	-4.926994	123.183015	1530.409625	3.000000
142.380000	38.110000	-155.901001	20.180099	-3.246092	123.040740	1526.949680	2.000000
142.380000	38.110000	-155.901001	20.430099	-1.440173	122.897618	1523.385299	3.000000
142.380000	38.110000	-155.901001	20.680099	0.202094	122.753418	1519.666220	3.000000
142.380000	38.110000	-155.901001	20.930099	1.367907	122.608368	1515.821148	3.000000
142.380000	38.110000	-155.901001	21.180099	5.080584	122.462232	1511.746099	2.000000
142.380000	38.110000	-155.651001	18.180099	-6.935151	124.143096	1559.358201	2.000000
142.380000	38.110000	-155.651001	18.430099	-5.814481	124.008541	1555.970491	3.000000
142.380000	38.110000	-155.651001	18.680099	-5.702246	123.873026	1552.582781	3.000000
142.380000	38.110000	-155.651001	18.930099	-5.898426	123.736598	1549.195072	3.000000
142.380000	38.110000	-155.651001	19.180099	-6.120106	123.599203	1545.894913	3.000000
142.380000	38.110000	-155.651001	19.430099	-6.246108	123.460892	1542.668619	2.000000
142.380000	38.110000	-155.651001	19.680099	-5.928998	123.321607	1539.442325	2.000000
142.380000	38.110000	-155.651001	19.930099	-3.507187	123.181401	1536.216031	2.000000
142.380000	38.110000	-155.651001	20.180099	-0.950205	123.040215	1532.578398	2.000000
142.380000	38.110000	-155.651001	20.430099	0.172823	122.898104	1528.760221	2.000000
142.380000	38.110000	-155.651001	20.680099	0.510673	122.755007	1524.942044	2.000000
142.380000	38.110000	-155.651001	20.930099	0.546405	122.610980	1521.123867	2.000000
142.380000	38.110000	-155.651001	21.180099	5.813381	122.465962	1517.305690	2.000000
142.380000	38.110000	-155.401001	17.930099	-10.029384	124.267707	1567.999466	1.000000
142.380000	38.110000	-155.401001	18.180099	-7.055294	124.135010	1565.123806	3.000000
142.380000	38.110000	-155.401001	18.430099	-6.097038	124.001491	1561.930493	3.000000
142.380000	38.110000	-155.401001	18.680099	-5.566045	123.866938	1558.542784	3.000000
142.380000	38.110000	-155.401001	18.930099	-5.972588	123.731560	1555.155074	3.000000
142.380000	38.110000	-155.401001	19.180099	-6.591373	123.595141	1551.900564	3.000000
142.380000	38.110000	-155.401001	19.430099	-5.815303	123.457892	1548.674270	3.000000
142.380000	38.110000	-155.401001	19.680099	-3.456389	123.319595	1545.359038	2.000000
142.380000	38.110000	-155.401001	19.930099	-1.359407	123.180466	1541.734499	2.000000
142.380000	38.110000	-155.401001	20.180099	-0.901047	123.040281	1538.109960	2.000000
142.380000	38.110000	-155.401001	20.430099	-0.581719	122.899261	1534.374793	2.000000
142.380000	38.110000	-155.401001	20.680099	-0.291436	122.757178	1530.556616	3.000000
142.380000	38.110000	-155.401001	20.930099	0.462229	122.614256	1526.738439	3.000000
142.380000	38.110000	-155.401001	21.180099	7.979148	122.470265	1522.726328	3.000000
142.380000	38.110000	-155.151001	17.930099	-7.860888	124.259301	1573.511481	3.000000
142.380000	38.110000	-155.151001	18.180099	-7.761659	124.127631	1570.635821	2.000000
142.380000	38.110000	-155.151001	18.430099	-6.836486	123.995065	1567.760160	3.000000
142.380000	38.110000	-155.151001	18.680099	-5.952907	123.861553	1564.502786	3.000000
142.380000	38.110000	-155.151001	18.930099	-6.220378	123.727140	1561.132508	2.000000
142.380000	38.110000	-155.151001	19.180099	-5.104939	123.591775	1557.906214	2.000000
142.380000	38.110000	-155.151001	19.430099	-2.725965	123.455505	1554.447442	3.000000
142.380000	38.110000	-155.151001	19.680099	-1.328689	123.318275	1550.822903	3.000000
142.380000	38.110000	-155.151001	19.930099	-1.230989	123.180137	1547.198364	1.000000
142.380000	38.110000	-155.151001	20.180099	-1.132849	123.041032	1543.573825	2.000000
142.380000	38.110000	-155.151001	20.430099	-0.753911	122.901016	1539.949286	3.000000
142.380000	38.110000	-155.151001	20.680099	-0.430686	122.760027	1536.171189	3.000000
142.380000	38.110000	-155.151001	20.930099	1.697061	122.618122	1532.353012	3.000000
142.380000	38.110000	-155.151001	21.180099	9.753976	122.475238	1527.965380	3.000000
142.380000	38.110000	-154.901001	17.680099	-8.105208	124.381306	1581.899157	3.000000
142.380000	38.110000	-154.901001	17.930099	-8.041647	124.251593	1579.023496	3.000000
142.380000	38.110000	-154.901001	18.180099	-7.977381	124.120867	1576.147836	3.000000
142.380000	38.110000	-154.901001	18.430099	-7.912612	123.989331	1573.272175	3.000000
142.380000	38.110000	-154.901001	18.680099	-7.018677	123.856775	1570.396515	2.000000
142.380000	38.110000	-154.901001	18.930099	-4.034934	123.723406	1567.138159	2.000000
142.380000	38.110000	-154.901001	19.180099	-1.803552	123.589009	1563.535846	2.000000
142.380000	38.110000	-154.901001	19.430099	-1.310416	123.453795	1559.911307	3.000000
142.380000	38.110000	-154.901001	19.680099	-1.286051	123.317546	1556.286768	2.000000
142.380000	38.110000	-154.901001	19.930099	-1.231330	123.180477	1552.662229	1.000000
142.380000	38.110000	-154.901001	20.180099	-1.134184	123.042367	1549.037690	2.000000
142.380000	38.110000	-154.901001	20.430099	-1.026638	122.903433	1545.413151	2.000000
142.380000	38.110000	-154.901001	20.680099	-0.609511	122.763450	1541.785761	3.000000
142.380000	38.110000	-154.901001	20.930099	2.895735	122.622642	1537.967584	2.000000
142.380000	38.110000	-154.901001	21.180099	10.990694	122.480777	1533.204432	3.000000
142.380000	38.110000	-154.651001	17.680099	-8.744209	124.373285	1587.486064	2.000000
142.380000	38.110000	-154.651001	17.930099	-8.679660	124.244507	1584.627173	3.000000
142.380000	38.110000	-154.651001	18.180099	-8.614488	124.114802	1581.768283	3.000000
142.380000	38.110000	-154.651001	18.430099	-8.119652	123.984214	1578.909392	3.000000
142.380000	38.110000	-154.651001	18.680099	-4.666070	123.852691	1575.987404	3.000000
142.380000	38.110000	-154.651001	18.930099	-1.555696	123.720281	1572.515327	2.000000
142.380000	38.110000	-154.651001	19.180099	-1.037581	123.586930	1568.921172	2.000000
142.380000	38.110000	-154.651001	19.430099	-1.017070	123.452688	1565.327018	2.000000
142.380000	38.110000	-154.651001	19.680099	-0.950334	123.317499	1561.732864	1.000000
142.380000	38.110000	-154.651001	19.930099	-0.819352	123.181414	1558.126094	0.000000
142.380000	38.110000	-154.651001	20.180099	-0.733247	123.044377	1554.501555	1.000000
142.380000	38.110000	-154.651001	20.430099	-0.709988	122.906439	1550.877016	1.000000
142.380000	38.110000	-154.651001	20.680099	-0.455434	122.767543	1547.252477	1.000000
142.380000	38.110000	-154.651001	20.930099	4.560185	122.627743	1543.582156	2.000000
142.380000	38.110000	-154.651001	21.180099	12.177706	122.486978	1538.443484	3.000000
142.380000	38.110000	-154.401001	17.680099	-9.321599	124.365878	1593.254619	2.000000
142.380000	38.110000	-154.401001	17.930099	-8.992864	124.238110	1590.395729	3.000000
142.380000	38.110000	-154.401001	18.180099	-8.295032	124.109344	1587.536838	3.000000
142.380000	38.110000	-154.401001	18.430099	-5.319477	123.979778	1584.584607	3.000000
142.380000	38.110000	-154.401001	18.680099	-2.268792	123.849206	1581.240608	3.000000
142.380000	38.110000	-154.401001	18.930099	-1.239066	123.717832	1577.766822	2.000000
142.380000	38.110000	-154.401001	19.180099	-0.706212	123.585444	1574.172667	2.000000
142.380000	38.110000	-154.401001	19.430099	-0.612932	123.452250	1570.578513	2.000000
142.380000	38.110000	-154.401001	19.680099	-0.230349	123.318036	1566.984359	2.000000
142.380000	38.110000	-154.401001	19.930099	0.265561	123.183013	1563.390204	0.000000
142.380000	38.110000	-154.401001	20.180099	0.723499	123.046962	1559.796050	1.000000
142.380000	38.110000	-154.401001	20.430099	1.303661	122.910099	1556.201895	1.000000
142.380000	38.110000	-154.401001	20.680099	2.403053	122.772202	1552.576521	2.000000
142.380000	38.110000	-154.401001	20.930099	7.897814	122.633490	1548.811985	2.000000
142.380000	38.110000	-154.401001	21.180099	13.878748	122.493736	1543.682537	2.000000
142.380000	38.110000	-154.151001	17.930099	-8.981680	124.232328	1596.164284	2.000000
142.380000	38.110000	-154.151001	18.180099	-5.324958	124.104575	1593.181811	3.000000
142.380000	38.110000	-154.151001	18.430099	-2.943919	123.975951	1589.837812	3.000000
142.380000	38.110000	-154.151001	18.680099	-2.346209	123.846406	1586.493812	3.000000
142.380000	38.110000	-154.151001	18.930099	-0.654646	123.715985	1583.018317	2.000000
142.380000	38.110000	-154.151001	19.180099	0.688643	123.584636	1579.424162	2.000000
142.380000	38.110000	-154.151001	19.430099	1.669370	123.452408	1575.830008	2.000000
142.380000	38.110000	-154.151001	19.680099	2.862474	123.319245	1572.120482	1.000000
142.380000	38.110000	-154.151001	19.930099	3.643854	123.185199	1568.355946	0.000000
142.380000	38.110000	-154.151001	20.180099	4.236185	123.050214	1564.591411	1.000000
142.380000	38.110000	-154.151001	20.430099	4.840176	122.914340	1560.826875	2.000000
142.380000	38.110000	-154.151001	20.680099	5.359184	122.777521	1557.062340	2.000000
142.380000	38.110000	-154.151001	20.930099	9.543140	122.639811	1553.297804	3.000000
142.380000	38.110000	-154.151001	21.180099	14.537974	122.501148	1548.357871	3.000000
142.380000	38.110000	-153.901001	17.930099	-8.467333	124.227225	1601.437698	1.000000
142.380000	38.110000	-153.901001	18.180099	-4.721505	124.100405	1598.479404	2.000000
142.380000	38.110000	-153.901001	18.430099	-3.127675	123.972798	1595.131054	2.000000
142.380000	38.110000	-153.901001	18.680099	-1.565010	123.844196	1591.782705	2.000000
142.380000	38.110000	-153.901001	18.930099	1.486144	123.714805	1588.040248	1.000000
142.380000	38.110000	-153.901001	19.180099	2.790045	123.584412	1584.135371	1.000000
142.380000	38.110000	-153.901001	19.430099	3.569989	123.453225	1580.370836	1.000000
142.380000	38.110000	-153.901001	19.680099	4.568579	123.321030	1576.606300	1.000000
142.380000	38.110000	-153.901001	19.930099	5.083537	123.188039	1572.841765	0.000000
142.380000	38.110000	-153.901001	20.180099	5.173172	123.054033	1569.077230	2.000000
142.380000	38.110000	-153.901001	20.430099	5.263022	122.919226	1565.312694	2.000000
142.380000	38.110000	-153.901001	20.680099	5.353306	122.783399	1561.548159	2.000000
142.380000	38.110000	-153.901001	20.930099	10.038532	122.646768	1557.783623	2.000000
142.380000	38.110000	-153.901001	21.180099	15.115180	122.509110	1552.714416	3.000000
142.380000	38.110000	-153.651001	18.180099	-5.906098	124.096916	1603.824739	2.000000
142.380000	38.110000	-153.651001	18.430099	-3.248177	123.970244	1600.476390	2.000000
142.380000	38.110000	-153.651001	18.680099	-1.290205	123.842663	1597.128040	2.000000
142.380000	38.110000	-153.651001	18.930099	1.712534	123.714218	1593.272419	1.000000
142.380000	38.110000	-153.651001	19.180099	2.627573	123.584858	1589.258436	1.000000
142.380000	38.110000	-153.651001	19.430099	3.384108	123.454630	1585.244453	1.000000
142.380000	38.110000	-153.651001	19.680099	3.777013	123.323480	1581.230470	1.000000
142.380000	38.110000	-153.651001	19.930099	3.690054	123.191459	1577.327584	0.000000
142.380000	38.110000	-153.651001	20.180099	4.002137	123.058510	1573.563048	1.000000
142.380000	38.110000	-153.651001	20.430099	4.838357	122.924686	1569.798513	2.000000
142.380000	38.110000	-153.651001	20.680099	5.441486	122.789929	1566.033978	2.000000
142.380000	38.110000	-153.651001	20.930099	10.862347	122.654292	1562.243786	2.000000
142.380000	38.110000	-153.401001	18.180099	-6.661371	124.094017	1609.170075	2.000000
142.380000	38.110000	-153.401001	18.430099	-3.246289	123.968356	1605.821725	2.000000
142.380000	38.110000	-153.401001	18.680099	-0.715882	123.841713	1602.473375	2.000000
142.380000	38.110000	-153.401001	18.930099	2.099750	123.714291	1598.504590	1.000000
142.380000	38.110000	-153.401001	19.180099	2.340759	123.585880	1594.490607	1.000000
142.380000	38.110000	-153.401001	19.430099	2.428353	123.456686	1590.476624	1.000000
142.380000	38.110000	-153.401001	19.680099	2.516380	123.326498	1586.462641	0.000000
142.380000	38.110000	-153.401001	19.930099	2.895254	123.195524	1582.448658	1.000000
142.380000	38.110000	-153.401001	20.180099	3.651079	123.063547	1578.434676	1.000000
142.380000	38.110000	-153.401001	20.430099	4.036707	122.930783	1574.420693	1.000000
142.380000	38.110000	-153.151001	18.430099	-3.576389	123.967060	1611.167060	3.000000
142.380000	38.110000	-153.151001	18.680099	-0.028788	123.841431	1607.750744	2.000000
142.380000	38.110000	-153.151001	18.930099	2.252727	123.714949	1603.736761	1.000000
142.380000	38.110000	-153.151001	19.180099	2.339074	123.587564	1599.722778	1.000000
142.380000	38.110000	-153.151001	19.430099	2.425717	123.459323	1595.708795	0.000000
142.380000	38.110000	-153.151001	19.680099	2.512706	123.330172	1591.694813	0.000000
142.380000	38.110000	-153.151001	19.930099	2.599992	123.200161	1587.680830	1.000000
142.380000	38.110000	-152.901001	18.430099	-4.193730	123.966421	1616.512396	1.000000
142.380000	38.110000	-152.901001	18.680099	0.487393	123.841724	1612.982915	1.000000
142.380000	38.110000	-152.901001	18.930099	2.251418	123.716258	1608.968932	1.000000
142.380000	38.110000	-152.901001	19.180099	2.336822	123.589817	1604.954950	0.000000
142.380000	38.110000	-152.901001	19.430099	2.422437	123.462603	1600.940967	0.000000
142.380000	38.110000	-152.651001	18.680099	0.884827	123.842677	1618.215086	1.000000
142.380000	38.110000	-152.651001	18.930099	2.249530	123.718146	1614.201104	1.000000
