-178.430000	-15.040000	-158.651001	21.430099	0.953129	29.672111	1128.126253	1.000000
-178.430000	-15.040000	-158.401001	21.180099	0.515329	30.135185	1125.531217	0.000000
-178.430000	-15.040000	-158.401001	21.430099	-0.333027	29.992708	1131.258627	0.000000
-178.430000	-15.040000	-158.151001	20.680099	0.651915	30.746433	1116.938312	1.000000
-178.430000	-15.040000	-158.151001	20.930099	0.075935	30.599782	1122.936181	1.000000
-178.430000	-15.040000	-158.151001	21.180099	-0.061903	30.454800	1128.663591	1.000000
-178.430000	-15.040000	-158.151001	21.430099	-2.897420	30.311592	1134.391002	0.000000
-178.430000	-15.040000	-157.901001	20.430099	0.202297	31.215169	1114.304383	1.000000
-178.430000	-15.040000	-157.901001	20.680099	-0.365137	31.065993	1120.341145	1.000000
-178.430000	-15.040000	-157.901001	20.930099	-0.567629	30.918543	1126.068556	1.000000
-178.430000	-15.040000	-157.901001	21.180099	-0.379959	30.772855	1131.795966	1.000000
-178.430000	-15.040000	-157.901001	21.430099	-4.063390	30.628848	1137.523377	0.000000
-178.430000	-15.040000	-157.651001	19.930099	-0.582544	31.838799	1105.478586	1.000000
-178.430000	-15.040000	-157.651001	20.180099	-0.295715	31.685273	1111.670453	1.000000
-178.430000	-15.040000	-157.651001	20.430099	0.225066	31.533604	1117.746109	1.000000
-178.430000	-15.040000	-157.651001	20.680099	-1.074151	31.383661	1123.473520	2.000000
-178.430000	-15.040000	-157.651001	20.930099	-0.884616	31.235530	1129.200930	2.000000
-178.430000	-15.040000	-157.651001	21.180099	-1.062036	31.089074	1134.928341	1.000000
-178.430000	-15.040000	-157.401001	19.680099	-1.297684	32.312944	1102.830039	2.000000
-178.430000	-15.040000	-157.401001	19.930099	-1.175162	32.156903	1108.986964	2.000000
-178.430000	-15.040000	-157.401001	20.180099	-1.244239	32.002725	1115.138089	2.000000
-178.430000	-15.040000	-157.401001	20.430099	0.216185	31.850315	1121.151229	2.000000
-178.430000	-15.040000	-157.401001	20.680099	0.817933	31.699717	1126.605894	2.000000
-178.430000	-15.040000	-157.401001	20.930099	-1.199928	31.550842	1132.333305	3.000000
-178.430000	-15.040000	-157.401001	21.180099	-3.675347	31.403729	1138.060716	2.000000
-178.430000	-15.040000	-157.151001	19.430099	-2.075525	32.788343	1100.112223	2.000000
-178.430000	-15.040000	-157.151001	19.680099	-1.952198	32.629784	1106.269148	3.000000
-178.430000	-15.040000	-157.151001	19.930099	-1.829314	32.473117	1112.426073	3.000000
-178.430000	-15.040000	-157.151001	20.180099	-1.851781	32.318231	1118.465462	3.000000
-178.430000	-15.040000	-157.151001	20.430099	-0.859835	32.165193	1124.478602	2.000000
-178.430000	-15.040000	-157.151001	20.680099	3.044741	32.013883	1130.142812	2.000000
-178.430000	-15.040000	-157.151001	20.930099	0.624517	31.864376	1135.465680	3.000000
-178.430000	-15.040000	-157.151001	21.180099	-5.982529	31.716549	1141.193090	2.000000
-178.430000	-15.040000	-156.901001	18.930099	1.290799	33.428049	1091.734780	3.000000
-178.430000	-15.040000	-156.901001	19.180099	-0.307257	33.265127	1097.446017	3.000000
-178.430000	-15.040000	-156.901001	19.430099	-2.359803	33.104061	1103.551332	2.000000
-178.430000	-15.040000	-156.901001	19.680099	-2.288251	32.944906	1109.708256	3.000000
-178.430000	-15.040000	-156.901001	19.930099	-2.328913	32.787560	1115.779696	4.000000
-178.430000	-15.040000	-156.901001	20.180099	-2.110997	32.632073	1121.792836	3.000000
-178.430000	-15.040000	-156.901001	20.430099	-1.916788	32.478349	1127.805975	2.000000
-178.430000	-15.040000	-156.901001	20.680099	1.670392	32.326434	1133.819114	2.000000
-178.430000	-15.040000	-156.901001	20.930099	5.039395	32.176237	1138.905788	3.000000
-178.430000	-15.040000	-156.901001	21.180099	-3.816298	32.027802	1144.325465	1.000000
-178.430000	-15.040000	-156.651001	18.680099	0.237409	33.908470	1089.739780	4.000000
-178.430000	-15.040000	-156.651001	18.930099	0.582198	33.743024	1095.476151	4.000000
-178.430000	-15.040000	-156.651001	19.180099	0.779395	33.579466	1101.191429	3.000000
-178.430000	-15.040000	-156.651001	19.430099	-1.036994	33.417833	1106.990440	3.000000
-178.430000	-15.040000	-156.651001	19.680099	-1.928933	33.258033	1113.093930	3.000000
-178.430000	-15.040000	-156.651001	19.930099	-1.644932	33.100113	1119.107069	3.000000
-178.430000	-15.040000	-156.651001	20.180099	-1.287086	32.943975	1125.120209	3.000000
-178.430000	-15.040000	-156.651001	20.430099	-0.930817	32.789671	1131.133348	4.000000
-178.430000	-15.040000	-156.651001	20.680099	-0.051593	32.637099	1137.146487	3.000000
-178.430000	-15.040000	-156.651001	20.930099	2.446373	32.486319	1142.918456	3.000000
-178.430000	-15.040000	-156.651001	21.180099	-0.888041	32.337222	1148.590616	2.000000
-178.430000	-15.040000	-156.401001	18.430099	0.083603	34.390129	1087.658314	4.000000
-178.430000	-15.040000	-156.401001	18.680099	-0.021728	34.222183	1093.394684	4.000000
-178.430000	-15.040000	-156.401001	18.930099	0.311147	34.056131	1099.131054	4.000000
-178.430000	-15.040000	-156.401001	19.180099	0.627717	33.892036	1104.880916	3.000000
-178.430000	-15.040000	-156.401001	19.430099	0.598470	33.729788	1110.669434	4.000000
-178.430000	-15.040000	-156.401001	19.680099	-0.280021	33.569444	1116.652896	3.000000
-178.430000	-15.040000	-156.401001	19.930099	-0.292699	33.410900	1122.695872	3.000000
-178.430000	-15.040000	-156.401001	20.180099	-0.138780	33.254211	1128.752731	4.000000
-178.430000	-15.040000	-156.401001	20.430099	0.075998	33.099277	1134.809590	4.000000
-178.430000	-15.040000	-156.401001	20.680099	1.664339	32.946149	1140.866450	3.000000
-178.430000	-15.040000	-156.401001	20.930099	0.414792	32.794732	1146.371616	3.000000
-178.430000	-15.040000	-156.401001	21.180099	3.552706	32.645074	1152.880364	2.000000
-178.430000	-15.040000	-156.151001	18.430099	0.074344	34.702308	1091.345632	3.000000
-178.430000	-15.040000	-156.151001	18.680099	0.028754	34.533795	1097.126046	4.000000
-178.430000	-15.040000	-156.151001	18.930099	0.365415	34.367237	1102.906461	3.000000
-178.430000	-15.040000	-156.151001	19.180099	0.517475	34.202563	1108.686875	4.000000
-178.430000	-15.040000	-156.151001	19.430099	0.905180	34.039799	1114.571425	3.000000
-178.430000	-15.040000	-156.151001	19.680099	0.763352	33.878866	1120.529379	3.000000
-178.430000	-15.040000	-156.151001	19.930099	0.570275	33.719799	1126.527597	3.000000
-178.430000	-15.040000	-156.151001	20.180099	0.559962	33.562513	1132.536643	4.000000
-178.430000	-15.040000	-156.151001	20.430099	0.486354	33.407050	1138.554731	3.000000
-178.430000	-15.040000	-156.151001	20.680099	1.469453	33.253317	1144.611590	3.000000
-178.430000	-15.040000	-156.151001	20.930099	1.082105	33.101365	1150.264067	3.000000
-178.430000	-15.040000	-155.901001	18.180099	-0.272768	35.183563	1089.403336	3.000000
-178.430000	-15.040000	-155.901001	18.430099	-0.226057	35.012576	1095.171308	3.000000
-178.430000	-15.040000	-155.901001	18.680099	-0.102985	34.843589	1100.939279	4.000000
-178.430000	-15.040000	-155.901001	18.930099	-0.050709	34.676483	1106.712420	4.000000
-178.430000	-15.040000	-155.901001	19.180099	-0.790147	34.511324	1112.515460	4.000000
-178.430000	-15.040000	-155.901001	19.430099	-0.549253	34.348001	1118.473415	3.000000
-178.430000	-15.040000	-155.901001	19.680099	-0.195965	34.186575	1124.431370	3.000000
-178.430000	-15.040000	-155.901001	19.930099	-0.090237	34.026939	1130.393253	4.000000
-178.430000	-15.040000	-155.901001	20.180099	0.802679	33.869152	1136.402299	3.000000
-178.430000	-15.040000	-155.901001	20.430099	1.099950	33.713111	1142.411345	2.000000
-178.430000	-15.040000	-155.901001	20.680099	1.637946	33.558870	1148.458401	2.000000
-178.430000	-15.040000	-155.901001	20.930099	0.455557	33.406334	1154.338282	3.000000
-178.430000	-15.040000	-155.651001	18.180099	-0.858279	35.492221	1093.188570	2.000000
-178.430000	-15.040000	-155.651001	18.430099	-1.025075	35.320791	1098.948277	3.000000
-178.430000	-15.040000	-155.651001	18.680099	-0.846104	35.151294	1104.707983	3.000000
-178.430000	-15.040000	-155.651001	18.930099	-0.392276	34.983733	1110.467690	3.000000
-178.430000	-15.040000	-155.651001	19.180099	-1.578260	34.818052	1116.101022	3.000000
-178.430000	-15.040000	-155.651001	19.430099	-3.590518	34.654264	1122.093769	2.000000
-178.430000	-15.040000	-155.651001	19.680099	-3.243263	34.492305	1128.097098	2.000000
-178.430000	-15.040000	-155.651001	19.930099	-3.383043	34.332196	1134.100427	3.000000
-178.430000	-15.040000	-155.651001	20.180099	-1.263213	34.173865	1140.339316	3.000000
-178.430000	-15.040000	-155.651001	20.430099	1.169382	34.017342	1146.410698	2.000000
-178.430000	-15.040000	-155.651001	20.680099	1.766290	33.862549	1152.482080	2.000000
-178.430000	-15.040000	-155.651001	20.930099	-0.382582	33.709524	1158.412497	1.000000
-178.430000	-15.040000	-155.401001	17.930099	-0.695443	35.972835	1091.272656	1.000000
-178.430000	-15.040000	-155.401001	18.180099	-0.966118	35.799013	1096.911328	3.000000
-178.430000	-15.040000	-155.401001	18.430099	-1.473970	35.627106	1102.625084	3.000000
-178.430000	-15.040000	-155.401001	18.680099	-1.482521	35.457186	1108.384791	3.000000
-178.430000	-15.040000	-155.401001	18.930099	-0.918021	35.289134	1114.144497	3.000000
-178.430000	-15.040000	-155.401001	19.180099	-0.666533	35.123020	1119.711940	3.000000
-178.430000	-15.040000	-155.401001	19.430099	-3.215024	34.958728	1125.288019	4.000000
-178.430000	-15.040000	-155.401001	19.680099	-5.326058	34.796324	1131.291348	3.000000
-178.430000	-15.040000	-155.401001	19.930099	-6.275703	34.635700	1137.294677	3.000000
-178.430000	-15.040000	-155.401001	20.180099	-6.005279	34.476916	1143.880339	3.000000
-178.430000	-15.040000	-155.401001	20.430099	-0.875890	34.319868	1150.434376	3.000000
-178.430000	-15.040000	-155.401001	20.680099	1.350310	34.164614	1156.505758	4.000000
-178.430000	-15.040000	-155.401001	20.930099	-1.204289	34.011055	1162.486712	2.000000
-178.430000	-15.040000	-155.151001	17.930099	-1.090505	36.277935	1095.055356	3.000000
-178.430000	-15.040000	-155.151001	18.180099	-0.877855	36.103675	1100.694028	3.000000
-178.430000	-15.040000	-155.151001	18.430099	-1.149747	35.931377	1106.332700	3.000000
-178.430000	-15.040000	-155.151001	18.680099	-1.600267	35.761003	1112.061599	3.000000
-178.430000	-15.040000	-155.151001	18.930099	-1.306758	35.592548	1117.796143	2.000000
-178.430000	-15.040000	-155.151001	19.180099	-0.752184	35.425966	1123.322858	2.000000
-178.430000	-15.040000	-155.151001	19.430099	-0.993071	35.261259	1128.849572	4.000000
-178.430000	-15.040000	-155.151001	19.680099	-3.674896	35.098375	1134.485598	4.000000
-178.430000	-15.040000	-155.151001	19.930099	-6.487936	34.937325	1140.488927	2.000000
-178.430000	-15.040000	-155.151001	20.180099	-8.754650	34.778050	1147.027735	3.000000
-178.430000	-15.040000	-155.151001	20.430099	-5.882140	34.620568	1154.225016	4.000000
-178.430000	-15.040000	-155.151001	20.680099	0.422483	34.464813	1160.529437	4.000000
-178.430000	-15.040000	-155.151001	20.930099	4.804950	34.310812	1166.560927	3.000000
-178.430000	-15.040000	-154.901001	17.680099	-2.055855	36.757738	1093.199385	3.000000
-178.430000	-15.040000	-154.901001	17.930099	-1.942604	36.581096	1098.838056	3.000000
-178.430000	-15.040000	-154.901001	18.180099	-1.831143	36.406479	1104.476728	3.000000
-178.430000	-15.040000	-154.901001	18.430099	-1.721346	36.233759	1110.115400	3.000000
-178.430000	-15.040000	-154.901001	18.680099	-1.932632	36.063015	1115.754072	2.000000
-178.430000	-15.040000	-154.901001	18.930099	-1.865180	35.894123	1121.407061	2.000000
-178.430000	-15.040000	-154.901001	19.180099	-1.273283	35.727157	1126.933775	3.000000
-178.430000	-15.040000	-154.901001	19.430099	-0.985158	35.562000	1132.460490	4.000000
-178.430000	-15.040000	-154.901001	19.680099	-1.511292	35.398720	1137.987204	3.000000
-178.430000	-15.040000	-154.901001	19.930099	-5.159861	35.237208	1143.683177	2.000000
-178.430000	-15.040000	-154.901001	20.180099	-8.976862	35.077527	1150.175131	3.000000
-178.430000	-15.040000	-154.901001	20.430099	-9.877831	34.919571	1157.372412	3.000000
-178.430000	-15.040000	-154.901001	20.680099	-4.661117	34.763401	1164.553115	3.000000
-178.430000	-15.040000	-154.651001	17.680099	-3.797717	37.059135	1096.857177	3.000000
-178.430000	-15.040000	-154.651001	17.930099	-3.688904	36.882168	1102.467879	3.000000
-178.430000	-15.040000	-154.651001	18.180099	-3.581857	36.707169	1108.078581	3.000000
-178.430000	-15.040000	-154.651001	18.430099	-3.436895	36.534109	1113.689284	3.000000
-178.430000	-15.040000	-154.651001	18.680099	-3.012628	36.362966	1119.312175	3.000000
-178.430000	-15.040000	-154.651001	18.930099	-2.740487	36.193720	1124.936880	2.000000
-178.430000	-15.040000	-154.651001	19.180099	-2.269975	36.026340	1130.485606	3.000000
-178.430000	-15.040000	-154.651001	19.430099	-1.980841	35.860816	1136.034332	3.000000
-178.430000	-15.040000	-154.651001	19.680099	-1.543835	35.697109	1141.583058	2.000000
-178.430000	-15.040000	-154.651001	19.930099	-2.854240	35.535218	1147.124836	1.000000
-178.430000	-15.040000	-154.651001	20.180099	-10.003323	35.375097	1153.322527	2.000000
-178.430000	-15.040000	-154.651001	20.430099	-12.067433	35.216753	1160.519808	2.000000
-178.430000	-15.040000	-154.651001	20.680099	-11.002030	35.060131	1167.717089	2.000000
-178.430000	-15.040000	-154.401001	17.680099	-2.827977	37.358631	1100.212010	3.000000
-178.430000	-15.040000	-154.401001	17.930099	-5.033720	37.181316	1105.822712	4.000000
-178.430000	-15.040000	-154.401001	18.180099	-4.771397	37.006010	1111.433415	3.000000
-178.430000	-15.040000	-154.401001	18.430099	-4.417739	36.832585	1117.062149	3.000000
-178.430000	-15.040000	-154.401001	18.680099	-3.887829	36.661119	1122.766566	3.000000
-178.430000	-15.040000	-154.401001	18.930099	-3.325377	36.491490	1128.390207	2.000000
-178.430000	-15.040000	-154.401001	19.180099	-2.751659	36.323774	1133.938933	3.000000
-178.430000	-15.040000	-154.401001	19.430099	-1.776145	36.157853	1139.487659	3.000000
-178.430000	-15.040000	-154.401001	19.680099	-1.347322	35.993798	1145.071600	3.000000
-178.430000	-15.040000	-154.401001	19.930099	-1.258800	35.831495	1150.763236	1.000000
-178.430000	-15.040000	-154.401001	20.180099	-7.024452	35.671014	1156.137497	2.000000
-178.430000	-15.040000	-154.401001	20.430099	-15.167873	35.512246	1163.139740	2.000000
-178.430000	-15.040000	-154.401001	20.680099	-14.948255	35.355255	1170.454230	2.000000
-178.430000	-15.040000	-154.151001	17.680099	2.261611	37.655979	1104.019681	3.000000
-178.430000	-15.040000	-154.151001	17.930099	-1.922748	37.478390	1109.177546	3.000000
-178.430000	-15.040000	-154.151001	18.180099	-4.068881	37.302756	1114.812122	3.000000
-178.430000	-15.040000	-154.151001	18.430099	-3.819904	37.129039	1120.516539	3.000000
-178.430000	-15.040000	-154.151001	18.680099	-3.501991	36.957229	1126.220957	3.000000
-178.430000	-15.040000	-154.151001	18.930099	-2.643317	36.787294	1131.843534	2.000000
-178.430000	-15.040000	-154.151001	19.180099	-1.967622	36.619216	1137.442106	2.000000
-178.430000	-15.040000	-154.151001	19.430099	-1.418182	36.452975	1143.217978	3.000000
-178.430000	-15.040000	-154.151001	19.680099	-1.006985	36.288543	1148.919914	2.000000
-178.430000	-15.040000	-154.151001	19.930099	-1.177565	36.125909	1154.294174	1.000000
-178.430000	-15.040000	-154.151001	20.180099	-2.073910	35.965037	1159.668435	2.000000
-178.430000	-15.040000	-154.151001	20.430099	-11.994996	35.805926	1165.494424	3.000000
-178.430000	-15.040000	-154.151001	20.680099	-16.660637	35.648532	1172.808914	3.000000
-178.430000	-15.040000	-153.901001	17.680099	4.182700	37.951437	1108.235152	4.000000
-178.430000	-15.040000	-153.901001	17.930099	2.432595	37.773554	1113.162063	2.000000
-178.430000	-15.040000	-153.901001	18.180099	-0.468512	37.597663	1118.492140	4.000000
-178.430000	-15.040000	-153.901001	18.430099	-2.312679	37.423634	1124.174446	4.000000
-178.430000	-15.040000	-153.901001	18.680099	-2.296699	37.251549	1129.856752	4.000000
-178.430000	-15.040000	-153.901001	18.930099	-1.921632	37.081284	1135.588485	2.000000
-178.430000	-15.040000	-153.901001	19.180099	-1.232583	36.912917	1141.364357	2.000000
-178.430000	-15.040000	-153.901001	19.430099	-1.494066	36.746329	1147.076592	3.000000
-178.430000	-15.040000	-153.901001	19.680099	-1.675513	36.581595	1152.450852	2.000000
-178.430000	-15.040000	-153.901001	19.930099	-1.470256	36.418599	1157.825113	1.000000
-178.430000	-15.040000	-153.901001	20.180099	-1.266205	36.257413	1163.199374	3.000000
-178.430000	-15.040000	-153.901001	20.430099	-5.575250	36.097926	1168.573635	3.000000
-178.430000	-15.040000	-153.901001	20.680099	-16.038882	35.940206	1175.163597	3.000000
-178.430000	-15.040000	-153.651001	17.680099	3.775540	38.244768	1112.495856	3.000000
-178.430000	-15.040000	-153.651001	17.930099	3.200038	38.066660	1117.426197	4.000000
-178.430000	-15.040000	-153.651001	18.180099	2.252047	37.890494	1122.733333	4.000000
-178.430000	-15.040000	-153.651001	18.430099	0.329189	37.716221	1128.097140	4.000000
-178.430000	-15.040000	-153.651001	18.680099	-1.557309	37.543843	1133.779446	4.000000
-178.430000	-15.040000	-153.651001	18.930099	-1.616875	37.373319	1139.510736	2.000000
-178.430000	-15.040000	-153.651001	19.180099	-1.981112	37.204641	1145.233270	2.000000
-178.430000	-15.040000	-153.651001	19.430099	-2.173359	37.037780	1150.607530	2.000000
-178.430000	-15.040000	-153.651001	19.680099	-1.966636	36.872718	1155.981791	3.000000
-178.430000	-15.040000	-153.651001	19.930099	-1.761092	36.709435	1161.356052	1.000000
-178.430000	-15.040000	-153.651001	20.180099	-1.556700	36.547907	1166.730313	2.000000
-178.430000	-15.040000	-153.651001	20.430099	-1.452041	36.388121	1172.104574	3.000000
-178.430000	-15.040000	-153.651001	20.680099	-9.603516	36.230046	1177.518281	2.000000
-178.430000	-15.040000	-153.401001	17.930099	1.970790	38.357873	1121.709076	4.000000
-178.430000	-15.040000	-153.401001	18.180099	1.295757	38.181497	1127.042217	4.000000
-178.430000	-15.040000	-153.401001	18.430099	1.397811	38.006964	1132.375358	4.000000
-178.430000	-15.040000	-153.401001	18.680099	-0.490701	37.834358	1137.708499	4.000000
-178.430000	-15.040000	-153.401001	18.930099	-1.693116	37.663554	1143.389947	2.000000
-178.430000	-15.040000	-153.401001	19.180099	-1.995875	37.494633	1148.764208	2.000000
-178.430000	-15.040000	-153.401001	19.430099	-1.789416	37.327475	1154.138469	2.000000
-178.430000	-15.040000	-153.401001	19.680099	-1.584197	37.162156	1159.512730	1.000000
-178.430000	-15.040000	-153.401001	19.930099	-1.380100	36.998560	1164.886991	1.000000
-178.430000	-15.040000	-153.401001	20.180099	-1.177196	36.836761	1170.261252	1.000000
-178.430000	-15.040000	-153.401001	20.430099	-0.975371	36.676647	1175.635512	1.000000
-178.430000	-15.040000	-153.151001	18.180099	-0.555178	38.470444	1131.080260	2.000000
-178.430000	-15.040000	-153.151001	18.430099	-0.426630	38.295714	1136.410564	3.000000
-178.430000	-15.040000	-153.151001	18.680099	-0.299411	38.122865	1141.740868	3.000000
-178.430000	-15.040000	-153.151001	18.930099	-1.309122	37.951848	1147.100504	1.000000
-178.430000	-15.040000	-153.151001	19.180099	-1.136558	37.782666	1152.474201	1.000000
-178.430000	-15.040000	-153.151001	19.430099	-0.929272	37.615278	1157.847898	1.000000
-178.430000	-15.040000	-153.151001	19.680099	-0.723171	37.449680	1163.221595	1.000000
-178.430000	-15.040000	-153.151001	19.930099	-0.518223	37.285841	1168.595292	1.000000
-178.430000	-15.040000	-152.901001	18.180099	-1.276518	38.757576	1134.909692	3.000000
-178.430000	-15.040000	-152.901001	18.430099	-1.447203	38.582636	1140.239996	3.000000
-178.430000	-15.040000	-152.901001	18.680099	-1.305112	38.409604	1145.570300	3.000000
-178.430000	-15.040000	-152.901001	18.930099	-1.153952	38.238357	1150.941851	2.000000
-178.430000	-15.040000	-152.901001	19.180099	-0.948529	38.068975	1156.315548	1.000000
-178.430000	-15.040000	-152.901001	19.430099	-0.738743	37.901340	1161.689246	1.000000
-178.430000	-15.040000	-152.651001	18.430099	-1.684562	38.867581	1144.069427	3.000000
-178.430000	-15.040000	-152.651001	18.680099	-1.577738	38.694356	1149.409502	3.000000
-178.430000	-15.040000	-152.651001	18.930099	-1.444036	38.522939	1154.783199	2.000000
