-155.772995	19.079000	2073.465000	0.121504
-155.996994	20.771000	2121.488000	1.306937
-155.710999	20.046000	2099.483000	0.548751
-159.401001	21.971001	2167.488000	NaN
-156.658005	20.891001	2128.493000	-0.672320
-156.755997	21.136000	2135.500000	-0.917636
-154.617798	20.088900	2096.468000	1.223127
-155.679398	21.205500	2129.478000	-1.003336
-154.482803	21.001900	2121.466000	2.911798
-153.902405	19.979099	2086.474000	-3.270111
-153.992294	18.797600	2056.466000	-0.724626
-153.295898	18.800900	2053.486000	-1.701950
-154.691299	17.180099	2017.483000	NaN
-155.714996	18.000299	2043.464000	1.225741
-156.808197	18.404200	2058.469000	3.604954
-157.227295	18.984800	2078.465000	0.536262
-156.510101	19.477699	2088.465000	0.648652
-157.627594	20.346100	2117.484000	1.865744
