-112.510000	28.380000	-158.651001	21.430099	-0.798345	250.896325	1162.576871	1.000000
-112.510000	28.380000	-158.401001	21.180099	-0.673917	250.641024	1158.700558	0.000000
-112.510000	28.380000	-158.401001	21.430099	-0.232864	250.903279	1156.355735	0.000000
-112.510000	28.380000	-158.151001	20.680099	-1.437644	250.120453	1157.473279	1.000000
-112.510000	28.380000	-158.151001	20.930099	-0.545121	250.382271	1154.824246	1.000000
-112.510000	28.380000	-158.151001	21.180099	-0.009511	250.645395	1152.479422	1.000000
-112.510000	28.380000	-158.151001	21.430099	-0.226289	250.909610	1150.134598	0.000000
-112.510000	28.380000	-157.901001	20.430099	-1.295695	249.857282	1153.640714	1.000000
-112.510000	28.380000	-157.901001	20.680099	-0.411820	250.119932	1150.947934	1.000000
-112.510000	28.380000	-157.901001	20.930099	0.221895	250.383863	1148.603110	1.000000
-112.510000	28.380000	-157.901001	21.180099	-0.013066	250.648950	1146.258286	1.000000
-112.510000	28.380000	-157.651001	19.930099	-1.564321	249.328437	1152.675391	1.000000
-112.510000	28.380000	-157.651001	20.180099	-1.572608	249.590705	1149.808149	1.000000
-112.510000	28.380000	-157.651001	20.430099	-0.374980	249.854119	1147.071621	1.000000
-112.510000	28.380000	-157.651001	20.680099	0.457100	250.118885	1144.726797	2.000000
-112.510000	28.380000	-157.651001	20.930099	0.220976	250.384782	1142.381974	2.000000
-112.510000	28.380000	-157.651001	21.180099	-0.014238	250.652014	1140.037150	1.000000
-112.510000	28.380000	-157.401001	19.680099	-1.122272	249.057510	1148.905613	2.000000
-112.510000	28.380000	-157.401001	19.930099	-1.247649	249.320495	1146.188471	2.000000
-112.510000	28.380000	-157.401001	20.180099	-1.335537	249.584705	1143.477719	2.000000
-112.510000	28.380000	-157.401001	20.430099	-0.723164	249.850236	1140.919016	2.000000
-112.510000	28.380000	-157.401001	20.680099	0.139027	250.116971	1138.505661	2.000000
-112.510000	28.380000	-157.401001	20.930099	0.220743	250.385015	1136.160837	3.000000
-112.510000	28.380000	-157.401001	21.180099	-0.003544	250.654242	1133.816013	2.000000
-112.510000	28.380000	-157.151001	19.430099	-1.130702	248.783125	1145.433393	2.000000
-112.510000	28.380000	-157.151001	19.680099	-1.505052	249.046868	1142.716251	3.000000
-112.510000	28.380000	-157.151001	19.930099	-1.407131	249.311796	1139.999109	3.000000
-112.510000	28.380000	-157.151001	20.180099	-1.287561	249.578126	1137.411479	3.000000
-112.510000	28.380000	-157.151001	20.430099	-1.298022	249.845628	1134.852775	2.000000
-112.510000	28.380000	-157.151001	20.680099	-0.639144	250.114514	1132.324000	2.000000
-112.510000	28.380000	-157.151001	20.930099	0.026587	250.384557	1129.939701	3.000000
-112.510000	28.380000	-157.151001	21.180099	0.007659	250.655965	1127.594877	2.000000
-112.510000	28.380000	-156.901001	18.930099	2.379379	248.242138	1144.306278	3.000000
-112.510000	28.380000	-156.901001	19.180099	0.784767	248.505177	1141.922562	3.000000
-112.510000	28.380000	-156.901001	19.430099	-1.115118	248.769591	1139.244031	2.000000
-112.510000	28.380000	-156.901001	19.680099	-1.237369	249.035277	1136.526888	3.000000
-112.510000	28.380000	-156.901001	19.930099	-1.131160	249.302326	1133.903943	4.000000
-112.510000	28.380000	-156.901001	20.180099	-1.169306	249.570628	1131.345239	3.000000
-112.510000	28.380000	-156.901001	20.430099	-1.407318	249.840282	1128.786535	2.000000
-112.510000	28.380000	-156.901001	20.680099	-1.294145	250.111170	1126.227831	2.000000
-112.510000	28.380000	-156.901001	20.930099	-0.587352	250.383394	1123.748594	3.000000
-112.510000	28.380000	-156.901001	21.180099	-0.099804	250.656831	1121.373741	1.000000
-112.510000	28.380000	-156.651001	18.680099	1.113767	247.960095	1140.386960	3.000000
-112.510000	28.380000	-156.651001	18.930099	1.441071	248.223757	1137.903760	3.000000
-112.510000	28.380000	-156.651001	19.180099	1.480373	248.488887	1135.504050	3.000000
-112.510000	28.380000	-156.651001	19.430099	-0.019924	248.755245	1133.054668	3.000000
-112.510000	28.380000	-156.651001	19.680099	-0.862267	249.023054	1130.396406	3.000000
-112.510000	28.380000	-156.651001	19.930099	-0.846219	249.292077	1127.837703	3.000000
-112.510000	28.380000	-156.651001	20.180099	-1.072901	249.562535	1125.278999	3.000000
-112.510000	28.380000	-156.651001	20.430099	-1.300439	249.834193	1122.720295	4.000000
-112.510000	28.380000	-156.651001	20.680099	-1.464597	250.107266	1120.161591	3.000000
-112.510000	28.380000	-156.651001	20.930099	-1.275734	250.381523	1117.619812	4.000000
-112.510000	28.380000	-156.401001	18.430099	-0.033712	247.674435	1136.885088	4.000000
-112.510000	28.380000	-156.401001	18.680099	0.477228	247.938771	1134.326706	4.000000
-112.510000	28.380000	-156.401001	18.930099	0.609624	248.204522	1131.843506	3.000000
-112.510000	28.380000	-156.401001	19.180099	0.465262	248.471596	1129.360306	3.000000
-112.510000	28.380000	-156.401001	19.430099	0.042588	248.740075	1126.867159	4.000000
-112.510000	28.380000	-156.401001	19.680099	-0.327590	249.009859	1124.269772	3.000000
-112.510000	28.380000	-156.401001	19.930099	-0.485249	249.281037	1121.724470	3.000000
-112.510000	28.380000	-156.401001	20.180099	-0.909779	249.553500	1119.157907	4.000000
-112.510000	28.380000	-156.401001	20.430099	-1.233710	249.827344	1116.591345	4.000000
-112.510000	28.380000	-156.401001	20.680099	-1.301412	250.102452	1114.024782	3.000000
-112.510000	28.380000	-156.401001	20.930099	-1.506800	250.378927	1111.501251	4.000000
-112.510000	28.380000	-156.151001	18.430099	0.329680	247.650301	1130.875982	3.000000
-112.510000	28.380000	-156.151001	18.680099	0.216752	247.916726	1128.314316	4.000000
-112.510000	28.380000	-156.151001	18.930099	0.410883	248.184421	1125.783253	3.000000
-112.510000	28.380000	-156.151001	19.180099	-0.060130	248.453618	1123.300053	4.000000
-112.510000	28.380000	-156.151001	19.430099	-0.793204	248.724072	1120.689034	3.000000
-112.510000	28.380000	-156.151001	19.680099	-0.593014	248.996013	1117.987916	3.000000
-112.510000	28.380000	-156.151001	19.930099	0.156851	249.269197	1115.450540	3.000000
-112.510000	28.380000	-156.151001	20.180099	-0.084207	249.543850	1112.957198	4.000000
-112.510000	28.380000	-156.151001	20.430099	-0.716211	249.819731	1110.450009	3.000000
-112.510000	28.380000	-156.151001	20.680099	-1.259449	250.097062	1107.883447	3.000000
-112.510000	28.380000	-156.151001	20.930099	-1.664167	250.375603	1105.325139	4.000000
-112.510000	28.380000	-155.901001	18.180099	0.089755	247.358266	1127.428544	3.000000
-112.510000	28.380000	-155.901001	18.430099	0.538944	247.625259	1124.866877	3.000000
-112.510000	28.380000	-155.901001	18.680099	0.327673	247.893626	1122.305211	4.000000
-112.510000	28.380000	-155.901001	18.930099	0.280464	248.163441	1119.743545	3.000000
-112.510000	28.380000	-155.901001	19.180099	-0.242973	248.434613	1117.212027	3.000000
-112.510000	28.380000	-155.901001	19.430099	-0.994979	248.707223	1114.510909	3.000000
-112.510000	28.380000	-155.901001	19.680099	-1.197378	248.981170	1111.809791	3.000000
-112.510000	28.380000	-155.901001	19.930099	-0.428497	249.256544	1109.124650	4.000000
-112.510000	28.380000	-155.901001	20.180099	-0.152437	249.533235	1106.631308	3.000000
-112.510000	28.380000	-155.901001	20.430099	-0.387280	249.811339	1104.137966	3.000000
-112.510000	28.380000	-155.901001	20.680099	-0.771292	250.090738	1101.639304	3.000000
-112.510000	28.380000	-155.901001	20.930099	-1.486228	250.371535	1099.125213	4.000000
-112.510000	28.380000	-155.651001	18.180099	0.571887	247.330360	1121.324667	2.000000
-112.510000	28.380000	-155.651001	18.430099	0.946806	247.599293	1118.745707	3.000000
-112.510000	28.380000	-155.651001	18.680099	0.731895	247.869782	1116.166747	3.000000
-112.510000	28.380000	-155.651001	18.930099	0.290865	248.141571	1113.587787	3.000000
-112.510000	28.380000	-155.651001	19.180099	-0.147357	248.414900	1110.948961	3.000000
-112.510000	28.380000	-155.651001	19.430099	-0.596745	248.689516	1108.259629	2.000000
-112.510000	28.380000	-155.651001	19.680099	-0.913068	248.965656	1105.570298	2.000000
-112.510000	28.380000	-155.651001	19.930099	-0.167691	249.243068	1102.880966	2.000000
-112.510000	28.380000	-155.651001	20.180099	-0.630449	249.521986	1100.517416	2.000000
-112.510000	28.380000	-155.651001	20.430099	-2.179049	249.802160	1097.988504	2.000000
-112.510000	28.380000	-155.651001	20.680099	-2.374911	250.083820	1095.459593	2.000000
-112.510000	28.380000	-155.651001	20.930099	-2.598731	250.366719	1092.930682	2.000000
-112.510000	28.380000	-155.401001	17.930099	-0.978180	247.031784	1117.889171	2.000000
-112.510000	28.380000	-155.401001	18.180099	0.097385	247.301343	1115.043298	3.000000
-112.510000	28.380000	-155.401001	18.430099	1.062207	247.572394	1112.414961	4.000000
-112.510000	28.380000	-155.401001	18.680099	1.052996	247.844854	1109.836000	4.000000
-112.510000	28.380000	-155.401001	18.930099	0.487274	248.118798	1107.257040	3.000000
-112.510000	28.380000	-155.401001	19.180099	-0.087959	248.394132	1104.587002	3.000000
-112.510000	28.380000	-155.401001	19.430099	-0.418299	248.670939	1101.897670	3.000000
-112.510000	28.380000	-155.401001	19.680099	-0.345221	248.949117	1099.241556	2.000000
-112.510000	28.380000	-155.401001	19.930099	1.824923	249.228756	1096.700970	2.000000
-112.510000	28.380000	-155.401001	20.180099	2.676552	249.509745	1094.735764	2.000000
-112.510000	28.380000	-155.401001	20.430099	-1.485575	249.792180	1092.625465	2.000000
-112.510000	28.380000	-155.401001	20.680099	-3.881157	250.075943	1090.096553	3.000000
-112.510000	28.380000	-155.401001	20.930099	5.721814	250.361137	1087.567642	3.000000
-112.510000	28.380000	-155.151001	17.930099	-1.200847	246.999848	1111.737109	3.000000
-112.510000	28.380000	-155.151001	18.180099	-0.627456	247.271524	1108.830992	2.000000
-112.510000	28.380000	-155.151001	18.430099	0.469800	247.544545	1106.117320	4.000000
-112.510000	28.380000	-155.151001	18.680099	0.885106	247.819160	1103.505254	4.000000
-112.510000	28.380000	-155.151001	18.930099	0.443370	248.095108	1100.914374	2.000000
-112.510000	28.380000	-155.151001	19.180099	-0.035334	248.372634	1098.225043	2.000000
-112.510000	28.380000	-155.151001	19.430099	0.040201	248.651480	1095.622542	3.000000
-112.510000	28.380000	-155.151001	19.680099	-0.156405	248.931887	1093.081955	3.000000
-112.510000	28.380000	-155.151001	19.930099	1.954007	249.213598	1090.541369	1.000000
-112.510000	28.380000	-155.151001	20.180099	5.564119	249.496851	1088.612716	2.000000
-112.510000	28.380000	-155.151001	20.430099	2.942182	249.781392	1087.060308	3.000000
-112.510000	28.380000	-155.151001	20.680099	-3.021659	250.067453	1084.733514	3.000000
-112.510000	28.380000	-154.901001	17.680099	-0.925776	246.694742	1108.491165	3.000000
-112.510000	28.380000	-154.901001	17.930099	-1.167920	246.966922	1105.585048	3.000000
-112.510000	28.380000	-154.901001	18.180099	-0.939690	247.240565	1102.678931	3.000000
-112.510000	28.380000	-154.901001	18.430099	-0.234997	247.515736	1099.900362	3.000000
-112.510000	28.380000	-154.901001	18.680099	0.186737	247.792354	1097.191341	3.000000
-112.510000	28.380000	-154.901001	18.930099	0.552706	248.070490	1094.552415	2.000000
-112.510000	28.380000	-154.901001	19.180099	0.431276	248.350054	1092.003527	2.000000
-112.510000	28.380000	-154.901001	19.430099	0.114372	248.631126	1089.462941	3.000000
-112.510000	28.380000	-154.901001	19.680099	-0.138123	248.913605	1086.922354	3.000000
-112.510000	28.380000	-154.901001	19.930099	2.113319	249.197579	1084.381767	2.000000
-112.510000	28.380000	-154.901001	20.180099	5.727991	249.482938	1082.489668	3.000000
-112.510000	28.380000	-154.901001	20.430099	6.805603	249.769778	1080.937260	2.000000
-112.510000	28.380000	-154.901001	20.680099	1.471593	250.057980	1079.370474	3.000000
-112.510000	28.380000	-154.651001	17.680099	-1.229876	246.658841	1102.339103	2.000000
-112.510000	28.380000	-154.651001	17.930099	-1.407551	246.932985	1099.432986	3.000000
-112.510000	28.380000	-154.651001	18.180099	-1.355311	247.208777	1096.526869	3.000000
-112.510000	28.380000	-154.651001	18.430099	-0.536026	247.485950	1093.683405	3.000000
-112.510000	28.380000	-154.651001	18.680099	0.182562	247.764756	1090.979068	3.000000
-112.510000	28.380000	-154.651001	18.930099	0.514424	248.044929	1088.377658	2.000000
-112.510000	28.380000	-154.651001	19.180099	0.439006	248.326720	1085.843926	2.000000
-112.510000	28.380000	-154.651001	19.430099	0.135633	248.609864	1083.303339	3.000000
-112.510000	28.380000	-154.651001	19.680099	-0.119126	248.894608	1080.762753	2.000000
-112.510000	28.380000	-154.651001	19.930099	2.273744	249.180690	1078.222166	1.000000
-112.510000	28.380000	-154.651001	20.180099	5.892745	249.468351	1076.366620	2.000000
-112.510000	28.380000	-154.651001	20.430099	6.877701	249.757333	1074.814212	2.000000
-112.510000	28.380000	-154.651001	20.680099	5.639225	250.047874	1073.261804	2.000000
-112.510000	28.380000	-154.401001	17.680099	-1.920458	246.621742	1096.379008	3.000000
-112.510000	28.380000	-154.401001	17.930099	-2.058889	246.898030	1093.436391	3.000000
-112.510000	28.380000	-154.401001	18.180099	-2.285459	247.175819	1090.493774	3.000000
-112.510000	28.380000	-154.401001	18.430099	-1.544687	247.455175	1087.530981	4.000000
-112.510000	28.380000	-154.401001	18.680099	0.027533	247.736016	1084.783797	4.000000
-112.510000	28.380000	-154.401001	18.930099	0.649401	248.018412	1082.183605	2.000000
-112.510000	28.380000	-154.401001	19.180099	0.648516	248.302274	1079.669238	3.000000
-112.510000	28.380000	-154.401001	19.430099	0.251816	248.587681	1077.143738	3.000000
-112.510000	28.380000	-154.401001	19.680099	-0.099050	248.874532	1074.603152	3.000000
-112.510000	28.380000	-154.401001	19.930099	2.435297	249.162915	1072.062565	1.000000
-112.510000	28.380000	-154.401001	20.180099	6.058752	249.452718	1070.243572	2.000000
-112.510000	28.380000	-154.151001	17.930099	-2.272129	246.862034	1087.512515	4.000000
-112.510000	28.380000	-154.151001	18.180099	-2.610633	247.142006	1084.554733	3.000000
-112.510000	28.380000	-154.151001	18.430099	-2.884368	247.423394	1081.567348	4.000000
-112.510000	28.380000	-154.151001	18.680099	-1.241163	247.706458	1078.588526	4.000000
-112.510000	28.380000	-154.151001	18.930099	0.517773	247.990925	1075.989553	2.000000
-112.510000	28.380000	-154.151001	19.180099	0.622643	248.277050	1073.475185	3.000000
-112.510000	28.380000	-154.151001	19.430099	0.373989	248.564564	1070.960818	3.000000
-112.510000	28.380000	-154.151001	19.680099	0.011649	248.853718	1068.443550	2.000000
-112.510000	28.380000	-154.151001	19.930099	2.596294	249.144243	1065.902964	1.000000
-112.510000	28.380000	-153.901001	17.930099	-2.316908	246.824990	1081.600870	2.000000
-112.510000	28.380000	-153.901001	18.180099	-2.693680	247.106991	1078.634978	4.000000
-112.510000	28.380000	-153.901001	18.430099	-3.087266	247.390596	1075.643294	4.000000
-112.510000	28.380000	-153.901001	18.680099	-2.414613	247.675727	1072.651609	4.000000
-112.510000	28.380000	-153.901001	18.930099	-0.661603	247.962453	1069.899240	2.000000
-112.510000	28.380000	-153.901001	19.180099	-0.051109	248.250684	1067.360576	3.000000
-112.510000	28.380000	-153.901001	19.430099	-0.270820	248.540497	1064.821913	3.000000
-112.510000	28.380000	-153.651001	18.180099	-2.554015	247.071092	1072.733985	4.000000
-112.510000	28.380000	-153.651001	18.430099	-2.984385	247.356762	1069.770734	4.000000
-112.510000	28.380000	-153.651001	18.680099	-2.509359	247.644152	1066.779049	4.000000
-112.510000	28.380000	-153.651001	18.930099	-1.013787	247.932981	1064.024533	2.000000
-112.510000	28.380000	-153.401001	18.180099	-2.496133	247.033957	1066.826949	4.000000
-112.510000	28.380000	-153.401001	18.430099	-2.762270	247.321880	1063.866435	4.000000
-112.510000	28.380000	-153.401001	18.680099	-2.362855	247.611370	1060.905921	4.000000
