-155.772995	19.079000	1115.141000	-0.306826
-155.996994	20.771000	1103.167000	-1.623243
-155.710999	20.046000	1103.161000	-0.004974
-159.401001	21.971001	1176.167000	NaN
-156.658005	20.891001	1118.173000	-1.020585
-156.755997	21.136000	1118.179000	-0.638503
-154.482803	21.001900	1067.144000	5.494128
-153.902405	19.979099	1059.280000	0.138950
-153.992294	18.797600	1073.390000	-0.956322
-153.290604	17.906200	1067.462000	-2.308269
-154.691299	17.180099	1109.143000	-1.183114
-154.495895	18.401699	1090.134000	-0.611746
-154.797394	18.803101	1093.282000	-0.592342
-157.227295	18.984800	1152.162000	-0.424993
-156.510101	19.477699	1129.049000	-0.331547
-157.627594	20.346100	1147.277000	-1.255012
-155.679398	21.205500	1090.754000	-3.874851
-153.295898	18.800900	1056.992000	-1.267179
-154.030502	17.988400	1083.971000	-0.955158
-155.714996	18.000299	1124.800000	0.047376
-156.808197	18.404200	1146.938000	0.928933
