-155.765305	26.776699	1169.386000	165.810000	60.860000
-155.772995	19.079000	1368.119000	165.810000	60.860000
-155.996994	20.771000	1321.110000	165.810000	60.860000
-155.710999	20.046000	1343.104000	165.810000	60.860000
-159.401001	21.971001	1251.128000	165.810000	60.860000
-156.658005	20.891001	1311.103000	165.810000	60.860000
-157.270004	21.108999	1298.124000	165.810000	60.860000
-159.664993	22.122999	1248.093000	165.810000	60.860000
-156.755997	21.136000	1303.122000	165.810000	60.860000
-160.047501	19.823400	1302.099000	165.810000	60.860000
-162.025604	19.986300	1279.097000	165.810000	60.860000
-161.314896	21.956301	1236.033000	165.810000	60.860000
-161.095001	23.997200	1185.097000	165.810000	60.860000
-158.933105	24.573799	1192.166000	165.810000	60.860000
-155.765305	26.776699	1170.086000	165.810000	60.860000
-152.765793	25.592800	1231.931000	165.810000	60.860000
-156.964600	24.312099	1219.143000	165.810000	60.860000
-158.185394	22.620199	1250.109000	165.810000	60.860000
-154.251801	21.168699	1325.094000	165.810000	60.860000
-150.914993	18.914200	1416.218000	165.810000	60.860000
-153.967499	14.731300	1493.098000	165.810000	60.860000
-153.868195	17.315399	1429.155000	165.810000	60.860000
-157.859100	14.659600	1454.166000	165.810000	60.860000
-158.760193	18.564699	1349.100000	165.810000	60.860000
-158.179504	20.377800	1308.130000	165.810000	60.860000
