-155.772995	19.079000	2639.151000	110.540000	-8.030000
-155.710999	20.046000	2644.139000	110.540000	-8.030000
-156.658005	20.891001	2621.150000	110.540000	-8.030000
-157.270004	21.108999	2606.156000	110.540000	-8.030000
-159.664993	22.122999	2548.146000	110.540000	-8.030000
-156.755997	21.136000	2619.157000	110.540000	-8.030000
-162.025604	19.986300	2477.133000	110.540000	-8.030000
-161.095001	23.997200	2521.146000	110.540000	-8.030000
-152.765793	25.592800	2729.133000	110.540000	-8.030000
-158.185394	22.620199	2588.143000	110.540000	-8.030000
-155.636200	22.299900	2652.139000	110.540000	-8.030000
-150.914993	18.914200	2762.142000	110.540000	-8.030000
-151.686600	14.689100	2727.129000	110.540000	-8.030000
-153.967499	14.731300	2669.131000	110.540000	-8.030000
-156.387695	17.614901	2618.130000	110.540000	-8.030000
-156.206604	16.162001	2616.130000	110.540000	-8.030000
-158.760193	18.564699	2559.139000	110.540000	-8.030000
-158.179504	20.377800	2579.130000	110.540000	-8.030000
