110.540000	-8.030000	-161.525604	19.939100	0.838876	81.749401	2490.136014	1.000000
110.540000	-8.030000	-161.525604	20.189100	-0.107189	81.752971	2491.066490	1.000000
110.540000	-8.030000	-161.525604	20.439100	-1.540460	81.756682	2492.175379	1.000000
110.540000	-8.030000	-161.525604	20.689100	-2.264782	81.760562	2493.439212	1.000000
110.540000	-8.030000	-161.525604	20.939100	-2.251781	81.764582	2494.703046	0.000000
110.540000	-8.030000	-161.275604	19.939100	1.877848	81.834115	2496.699298	1.000000
110.540000	-8.030000	-161.275604	20.189100	-0.005434	81.838649	2497.583527	1.000000
110.540000	-8.030000	-161.275604	20.439100	-0.961017	81.843404	2498.692275	1.000000
110.540000	-8.030000	-161.275604	20.689100	-1.686718	81.848245	2499.815874	1.000000
110.540000	-8.030000	-161.275604	20.939100	-2.340505	81.853306	2501.079708	0.000000
110.540000	-8.030000	-161.275604	21.189100	-2.328433	81.858454	2502.343541	0.000000
110.540000	-8.030000	-161.275604	21.439100	-2.316384	81.863821	2503.607374	0.000000
110.540000	-8.030000	-161.275604	21.689100	-2.304225	81.869275	2504.871208	0.000000
110.540000	-8.030000	-161.275604	21.939100	-2.292088	81.874948	2506.135041	0.000000
110.540000	-8.030000	-161.025604	19.689100	1.399860	81.913286	2502.608165	1.000000
110.540000	-8.030000	-161.025604	19.939100	1.980814	81.918701	2503.262581	1.000000
110.540000	-8.030000	-161.025604	20.189100	0.095975	81.924281	2504.100564	1.000000
110.540000	-8.030000	-161.025604	20.439100	-0.987870	81.930000	2505.209312	0.000000
110.540000	-8.030000	-161.025604	20.689100	-1.107981	81.935884	2506.318060	0.000000
110.540000	-8.030000	-161.025604	20.939100	-1.834800	81.941906	2507.456370	0.000000
110.540000	-8.030000	-161.025604	21.189100	-2.418072	81.948093	2508.720203	0.000000
110.540000	-8.030000	-161.025604	21.439100	-2.406981	81.954418	2509.984037	0.000000
110.540000	-8.030000	-161.025604	21.689100	-2.395858	81.960908	2511.247870	0.000000
110.540000	-8.030000	-161.025604	21.939100	-2.384677	81.967536	2512.511703	0.000000
110.540000	-8.030000	-161.025604	22.189100	-2.373463	81.974329	2513.775537	0.000000
110.540000	-8.030000	-161.025604	22.439100	-2.362193	81.981259	2515.039370	0.000000
110.540000	-8.030000	-161.025604	22.689100	-2.350890	81.988353	2516.303203	0.000000
110.540000	-8.030000	-161.025604	22.939100	-2.339531	81.995585	2517.567037	0.000000
110.540000	-8.030000	-161.025604	23.189100	-2.328140	82.002981	2518.830870	1.000000
110.540000	-8.030000	-160.775604	19.439100	-0.150692	81.990450	2508.508265	0.000000
110.540000	-8.030000	-160.775604	19.689100	2.604428	81.996695	2509.171449	0.000000
110.540000	-8.030000	-160.775604	19.939100	2.084041	82.003158	2509.825865	0.000000
110.540000	-8.030000	-160.775604	20.189100	0.197764	82.009705	2510.617600	0.000000
110.540000	-8.030000	-160.775604	20.439100	-1.074339	82.016469	2511.726349	0.000000
110.540000	-8.030000	-160.775604	20.689100	-1.066616	82.023316	2512.835097	0.000000
110.540000	-8.030000	-160.775604	20.939100	-1.256702	82.030380	2513.943845	0.000000
110.540000	-8.030000	-160.775604	21.189100	-1.984567	82.037528	2515.096865	0.000000
110.540000	-8.030000	-160.775604	21.439100	-2.497454	82.044892	2516.360699	0.000000
110.540000	-8.030000	-160.775604	21.689100	-2.487289	82.052339	2517.624532	0.000000
110.540000	-8.030000	-160.775604	21.939100	-2.477143	82.060003	2518.888365	0.000000
110.540000	-8.030000	-160.775604	22.189100	-2.466884	82.067749	2520.152199	0.000000
110.540000	-8.030000	-160.775604	22.439100	-2.456645	82.075712	2521.416032	0.000000
110.540000	-8.030000	-160.775604	22.689100	-2.446294	82.083757	2522.679865	0.000000
110.540000	-8.030000	-160.775604	22.939100	-2.435963	82.092018	2523.943699	0.000000
110.540000	-8.030000	-160.775604	23.189100	-2.425520	82.100361	2525.207532	1.000000
110.540000	-8.030000	-160.775604	23.439100	-2.384337	82.108920	2526.471365	1.000000
110.540000	-8.030000	-160.775604	23.689100	-1.533926	82.117561	2527.723582	1.000000
110.540000	-8.030000	-160.525604	19.439100	0.852921	82.072766	2515.080316	0.000000
110.540000	-8.030000	-160.525604	19.689100	2.556775	82.080062	2515.734733	0.000000
110.540000	-8.030000	-160.525604	19.939100	2.187516	82.087494	2516.389149	0.000000
110.540000	-8.030000	-160.525604	20.189100	0.299760	82.095088	2517.134637	0.000000
110.540000	-8.030000	-160.525604	20.439100	-1.160688	82.102817	2518.243385	0.000000
110.540000	-8.030000	-160.525604	20.689100	-1.154009	82.110709	2519.352134	0.000000
110.540000	-8.030000	-160.525604	20.939100	-1.147296	82.118736	2520.460882	0.000000
110.540000	-8.030000	-160.525604	21.189100	-1.407207	82.126925	2521.569630	0.000000
110.540000	-8.030000	-160.525604	21.439100	-2.136152	82.135249	2522.737361	0.000000
110.540000	-8.030000	-160.525604	21.689100	-2.578683	82.143734	2524.001194	1.000000
110.540000	-8.030000	-160.525604	21.939100	-2.569494	82.152354	2525.265027	1.000000
110.540000	-8.030000	-160.525604	22.189100	-2.560270	82.161135	2526.528861	1.000000
110.540000	-8.030000	-160.525604	22.439100	-2.550985	82.170051	2527.792694	1.000000
110.540000	-8.030000	-160.525604	22.689100	-2.541664	82.179127	2529.056527	1.000000
110.540000	-8.030000	-160.525604	22.939100	-2.533604	82.188338	2530.320361	0.000000
110.540000	-8.030000	-160.525604	23.189100	-2.465807	82.197709	2531.584194	1.000000
110.540000	-8.030000	-160.525604	23.439100	-2.371825	82.207215	2532.828247	1.000000
110.540000	-8.030000	-160.525604	23.689100	-0.730201	82.216880	2534.065799	1.000000
110.540000	-8.030000	-160.275604	19.189100	-0.631464	82.146771	2520.886290	0.000000
110.540000	-8.030000	-160.275604	19.439100	2.054099	82.154958	2521.643600	0.000000
110.540000	-8.030000	-160.275604	19.689100	2.473612	82.163224	2522.298016	0.000000
110.540000	-8.030000	-160.275604	19.939100	2.291239	82.171706	2522.952433	0.000000
110.540000	-8.030000	-160.275604	20.189100	0.402924	82.180268	2523.651674	0.000000
110.540000	-8.030000	-160.275604	20.439100	-1.246915	82.189045	2524.760422	0.000000
110.540000	-8.030000	-160.275604	20.689100	-1.241201	82.197901	2525.869170	0.000000
110.540000	-8.030000	-160.275604	20.939100	-1.235532	82.206972	2526.977919	0.000000
110.540000	-8.030000	-160.275604	21.189100	-1.229772	82.216123	2528.086667	0.000000
110.540000	-8.030000	-160.275604	21.439100	-1.559463	82.225488	2529.195415	1.000000
110.540000	-8.030000	-160.275604	21.689100	-2.289415	82.234932	2530.377856	1.000000
110.540000	-8.030000	-160.275604	21.939100	-2.661729	82.244589	2531.641689	1.000000
110.540000	-8.030000	-160.275604	22.189100	-2.653461	82.254326	2532.905523	1.000000
110.540000	-8.030000	-160.275604	22.439100	-2.645210	82.264276	2534.169356	1.000000
110.540000	-8.030000	-160.275604	22.689100	-2.637984	82.274305	2535.433189	1.000000
110.540000	-8.030000	-160.275604	22.939100	-2.545001	82.284547	2536.695360	1.000000
110.540000	-8.030000	-160.275604	23.189100	-2.458488	82.294868	2537.932912	0.000000
110.540000	-8.030000	-160.275604	23.439100	-1.806097	82.305400	2539.170464	1.000000
110.540000	-8.030000	-160.275604	23.689100	0.009838	82.316012	2540.246638	1.000000
110.540000	-8.030000	-160.025604	18.939100	-2.163664	82.218846	2526.384105	0.000000
110.540000	-8.030000	-160.025604	19.189100	0.358089	82.227872	2527.552467	0.000000
110.540000	-8.030000	-160.025604	19.439100	2.391531	82.237032	2528.206884	0.000000
110.540000	-8.030000	-160.025604	19.689100	2.390487	82.246350	2528.861300	0.000000
110.540000	-8.030000	-160.025604	19.939100	2.389410	82.255802	2529.515717	0.000000
110.540000	-8.030000	-160.025604	20.189100	0.530750	82.265413	2530.170133	0.000000
110.540000	-8.030000	-160.025604	20.439100	-1.327313	82.275157	2531.277459	0.000000
110.540000	-8.030000	-160.025604	20.689100	-1.328360	82.285060	2532.386207	0.000000
110.540000	-8.030000	-160.025604	20.939100	-1.323655	82.295095	2533.494955	0.000000
110.540000	-8.030000	-160.025604	21.189100	-1.318938	82.305289	2534.603704	1.000000
110.540000	-8.030000	-160.025604	21.439100	-1.314183	82.315615	2535.712452	1.000000
110.540000	-8.030000	-160.025604	21.689100	-1.713496	82.326099	2536.821200	1.000000
110.540000	-8.030000	-160.025604	21.939100	-2.444490	82.336715	2538.018351	1.000000
110.540000	-8.030000	-160.025604	22.189100	-2.746623	82.347488	2539.282185	1.000000
110.540000	-8.030000	-160.025604	22.439100	-2.714135	82.358394	2540.546018	1.000000
110.540000	-8.030000	-160.025604	22.689100	-2.621944	82.369456	2541.800025	1.000000
110.540000	-8.030000	-160.025604	22.939100	-2.567884	82.380650	2543.037577	1.000000
110.540000	-8.030000	-160.025604	23.189100	-2.560720	82.392000	2544.275130	0.000000
110.540000	-8.030000	-160.025604	23.439100	-1.025544	82.403482	2545.512682	0.000000
110.540000	-8.030000	-160.025604	23.689100	0.875872	82.415119	2546.349252	0.000000
110.540000	-8.030000	-160.025604	23.939100	1.322947	82.426888	2547.080520	1.000000
110.540000	-8.030000	-159.775604	18.939100	-1.103849	82.298770	2533.264315	0.000000
110.540000	-8.030000	-159.775604	19.189100	1.507693	82.308771	2534.115751	0.000000
110.540000	-8.030000	-159.775604	19.439100	2.309577	82.318986	2534.770168	0.000000
110.540000	-8.030000	-159.775604	19.689100	2.307560	82.329276	2535.424584	0.000000
110.540000	-8.030000	-159.775604	19.939100	2.305432	82.339781	2536.079001	0.000000
110.540000	-8.030000	-159.775604	20.189100	0.656721	82.350361	2536.733417	0.000000
110.540000	-8.030000	-159.775604	20.439100	-1.227433	82.361154	2537.794496	0.000000
110.540000	-8.030000	-159.775604	20.689100	-1.415324	82.372023	2538.903244	0.000000
110.540000	-8.030000	-159.775604	20.939100	-1.411664	82.383105	2540.011992	0.000000
110.540000	-8.030000	-159.775604	21.189100	-1.407911	82.394262	2541.120741	1.000000
110.540000	-8.030000	-159.775604	21.439100	-1.404198	82.405631	2542.229489	1.000000
110.540000	-8.030000	-159.775604	21.689100	-1.400392	82.417075	2543.338237	1.000000
110.540000	-8.030000	-159.775604	21.939100	-1.869274	82.428731	2544.446985	1.000000
110.540000	-8.030000	-159.775604	22.189100	-2.578152	82.440462	2545.658847	1.000000
110.540000	-8.030000	-159.775604	22.439100	-2.696604	82.452403	2546.904690	1.000000
110.540000	-8.030000	-159.775604	22.689100	-2.669977	82.464420	2548.142243	1.000000
110.540000	-8.030000	-159.775604	22.939100	-2.663881	82.476647	2549.379795	1.000000
110.540000	-8.030000	-159.775604	23.189100	-2.116513	82.488948	2550.617347	0.000000
110.540000	-8.030000	-159.775604	23.439100	-0.286872	82.501459	2551.720597	0.000000
110.540000	-8.030000	-159.775604	23.689100	1.223838	82.514045	2552.451865	0.000000
110.540000	-8.030000	-159.775604	23.939100	1.222996	82.526839	2553.183134	0.000000
110.540000	-8.030000	-159.525604	18.689100	-2.686745	82.367679	2538.762130	1.000000
110.540000	-8.030000	-159.525604	18.939100	-0.128035	82.378580	2540.024618	1.000000
110.540000	-8.030000	-159.525604	19.189100	2.230753	82.389638	2540.679035	1.000000
110.540000	-8.030000	-159.525604	19.439100	2.227736	82.400827	2541.333451	0.000000
110.540000	-8.030000	-159.525604	19.689100	2.224665	82.412172	2541.987868	0.000000
110.540000	-8.030000	-159.525604	19.939100	2.221565	82.423648	2542.642284	0.000000
110.540000	-8.030000	-159.525604	20.189100	0.758529	82.435279	2543.296701	0.000000
110.540000	-8.030000	-159.525604	20.439100	-1.127256	82.447041	2544.311532	0.000000
110.540000	-8.030000	-159.525604	20.689100	-1.502259	82.458959	2545.420281	0.000000
110.540000	-8.030000	-159.525604	20.939100	-1.499566	82.471006	2546.529029	0.000000
110.540000	-8.030000	-159.525604	21.189100	-1.496857	82.483208	2547.637777	1.000000
110.540000	-8.030000	-159.525604	21.439100	-1.494108	82.495541	2548.746526	1.000000
110.540000	-8.030000	-159.525604	21.689100	-1.496912	82.508027	2549.855274	1.000000
110.540000	-8.030000	-159.525604	21.939100	-1.299248	82.520643	2550.964022	1.000000
110.540000	-8.030000	-159.525604	22.189100	-1.947839	82.533412	2552.009355	1.000000
110.540000	-8.030000	-159.525604	22.439100	-2.769998	82.546311	2553.246908	1.000000
110.540000	-8.030000	-159.525604	22.689100	-2.764920	82.559363	2554.484460	1.000000
110.540000	-8.030000	-159.525604	22.939100	-2.759778	82.572544	2555.722013	1.000000
110.540000	-8.030000	-159.525604	23.189100	-1.316407	82.585877	2556.959565	0.000000
110.540000	-8.030000	-159.525604	23.439100	0.563998	82.599339	2557.823210	0.000000
110.540000	-8.030000	-159.525604	23.689100	1.124930	82.612952	2558.554479	0.000000
110.540000	-8.030000	-159.525604	23.939100	1.123141	82.626694	2559.285747	0.000000
110.540000	-8.030000	-159.275604	18.439100	-3.226159	82.434564	2544.259945	1.000000
110.540000	-8.030000	-159.275604	18.689100	-1.567764	82.446313	2545.642341	1.000000
110.540000	-8.030000	-159.275604	18.939100	0.965133	82.458273	2546.587902	1.000000
110.540000	-8.030000	-159.275604	19.189100	2.150083	82.470308	2547.242319	1.000000
110.540000	-8.030000	-159.275604	19.439100	2.146009	82.482554	2547.896735	0.000000
110.540000	-8.030000	-159.275604	19.689100	2.141964	82.494873	2548.551152	0.000000
110.540000	-8.030000	-159.275604	19.939100	2.137810	82.507403	2549.205568	0.000000
110.540000	-8.030000	-159.275604	20.189100	0.860674	82.520005	2549.859985	0.000000
110.540000	-8.030000	-159.275604	20.439100	-1.026784	82.532818	2550.828569	0.000000
110.540000	-8.030000	-159.275604	20.689100	-1.589005	82.545704	2551.937317	0.000000
110.540000	-8.030000	-159.275604	20.939100	-1.587359	82.558800	2553.046066	0.000000
110.540000	-8.030000	-159.275604	21.189100	-1.585616	82.571968	2554.154814	0.000000
110.540000	-8.030000	-159.275604	21.439100	-1.567031	82.585344	2555.263562	1.000000
110.540000	-8.030000	-159.275604	21.689100	-1.274512	82.598793	2556.364103	1.000000
110.540000	-8.030000	-159.275604	21.939100	-1.011862	82.612451	2557.385792	1.000000
110.540000	-8.030000	-159.275604	22.189100	-1.673283	82.626180	2558.407480	1.000000
110.540000	-8.030000	-159.275604	22.439100	-2.637584	82.640117	2559.589125	1.000000
110.540000	-8.030000	-159.275604	22.689100	-2.859682	82.654125	2560.826678	1.000000
110.540000	-8.030000	-159.275604	22.939100	-2.422906	82.668341	2562.064230	1.000000
110.540000	-8.030000	-159.275604	23.189100	-0.579037	82.682627	2563.194556	0.000000
110.540000	-8.030000	-159.275604	23.439100	1.028929	82.697120	2563.925824	0.000000
110.540000	-8.030000	-159.275604	23.689100	1.026198	82.711685	2564.657092	0.000000
110.540000	-8.030000	-159.275604	23.939100	1.023381	82.726454	2565.388361	0.000000
110.540000	-8.030000	-159.025604	18.439100	-3.205400	82.512107	2551.140155	1.000000
110.540000	-8.030000	-159.025604	18.689100	-0.605531	82.524917	2552.496769	1.000000
110.540000	-8.030000	-159.025604	18.939100	2.074463	82.537857	2553.151186	1.000000
110.540000	-8.030000	-159.025604	19.189100	2.069440	82.550951	2553.805602	1.000000
110.540000	-8.030000	-159.025604	19.439100	2.064390	82.564173	2554.460019	1.000000
110.540000	-8.030000	-159.025604	19.689100	2.059289	82.577548	2555.114436	0.000000
110.540000	-8.030000	-159.025604	19.939100	2.054161	82.591052	2555.768852	1.000000
110.540000	-8.030000	-159.025604	20.189100	0.962984	82.604708	2556.423269	1.000000
110.540000	-8.030000	-159.025604	20.439100	-0.926027	82.618492	2557.345606	1.000000
110.540000	-8.030000	-159.025604	20.689100	-1.675728	82.632427	2558.454354	1.000000
110.540000	-8.030000	-159.025604	20.939100	-1.675051	82.646491	2559.563102	1.000000
110.540000	-8.030000	-159.025604	21.189100	-1.606764	82.660706	2560.671851	0.000000
110.540000	-8.030000	-159.025604	21.439100	-1.314146	82.675048	2561.757171	1.000000
110.540000	-8.030000	-159.025604	21.689100	-1.107958	82.689541	2562.778859	1.000000
110.540000	-8.030000	-159.025604	21.939100	-1.108098	82.704160	2563.800548	1.000000
110.540000	-8.030000	-159.025604	22.189100	-1.461701	82.718930	2564.822236	2.000000
110.540000	-8.030000	-159.025604	22.439100	-2.437309	82.733826	2565.931343	2.000000
110.540000	-8.030000	-159.025604	22.689100	-2.954428	82.748872	2567.168896	2.000000
110.540000	-8.030000	-159.025604	22.939100	-1.602763	82.764043	2568.406448	1.000000
110.540000	-8.030000	-159.025604	23.189100	0.256081	82.779364	2569.297169	1.000000
110.540000	-8.030000	-159.025604	23.439100	0.931240	82.794810	2570.028438	0.000000
110.540000	-8.030000	-159.025604	23.689100	0.927478	82.810404	2570.759706	0.000000
110.540000	-8.030000	-159.025604	23.939100	0.923711	82.826124	2571.490974	0.000000
110.540000	-8.030000	-158.775604	18.189100	-3.382641	82.575816	2556.637970	1.000000
110.540000	-8.030000	-158.775604	18.439100	-2.122384	82.589537	2558.020366	1.000000
110.540000	-8.030000	-158.775604	18.689100	0.435402	82.603329	2559.060053	1.000000
110.540000	-8.030000	-158.775604	18.939100	1.999006	82.617330	2559.714470	1.000000
110.540000	-8.030000	-158.775604	19.189100	1.990199	82.631402	2560.368886	1.000000
110.540000	-8.030000	-158.775604	19.439100	1.982880	82.645683	2561.023303	1.000000
110.540000	-8.030000	-158.775604	19.689100	1.976803	82.660034	2561.677719	1.000000
110.540000	-8.030000	-158.775604	19.939100	1.970619	82.674594	2562.332136	1.000000
110.540000	-8.030000	-158.775604	20.189100	1.065619	82.689223	2562.986552	1.000000
110.540000	-8.030000	-158.775604	20.439100	-0.824987	82.704060	2563.862643	1.000000
110.540000	-8.030000	-158.775604	20.689100	-1.762267	82.718966	2564.971391	1.000000
110.540000	-8.030000	-158.775604	20.939100	-1.644044	82.734080	2566.080139	1.000000
110.540000	-8.030000	-158.775604	21.189100	-1.351273	82.749262	2567.150239	1.000000
110.540000	-8.030000	-158.775604	21.439100	-1.197389	82.764651	2568.171927	0.000000
110.540000	-8.030000	-158.775604	21.689100	-1.198525	82.780108	2569.193615	1.000000
110.540000	-8.030000	-158.775604	21.939100	-1.199709	82.795772	2570.215304	2.000000
110.540000	-8.030000	-158.775604	22.189100	-1.261016	82.811503	2571.236992	2.000000
110.540000	-8.030000	-158.775604	22.439100	-2.194602	82.827439	2572.273561	2.000000
110.540000	-8.030000	-158.775604	22.689100	-2.725135	82.843444	2573.511113	2.000000
110.540000	-8.030000	-158.775604	22.939100	-0.866789	82.859652	2574.668515	1.000000
110.540000	-8.030000	-158.775604	23.189100	0.838407	82.875928	2575.399783	1.000000
110.540000	-8.030000	-158.775604	23.439100	0.833642	82.892408	2576.131051	1.000000
110.540000	-8.030000	-158.775604	23.689100	0.828928	82.908955	2576.862320	0.000000
110.540000	-8.030000	-158.775604	23.939100	0.824131	82.925704	2577.593588	0.000000
110.540000	-8.030000	-158.775604	24.189100	0.819386	82.942520	2578.324856	0.000000
110.540000	-8.030000	-158.525604	17.939100	-3.459431	82.637579	2562.135785	1.000000
110.540000	-8.030000	-158.525604	18.189100	-3.210754	82.652156	2563.518181	1.000000
110.540000	-8.030000	-158.525604	18.439100	-1.211739	82.666861	2564.822683	1.000000
110.540000	-8.030000	-158.525604	18.689100	1.301048	82.681716	2565.640064	1.000000
110.540000	-8.030000	-158.525604	18.939100	1.984528	82.696699	2566.287603	1.000000
110.540000	-8.030000	-158.525604	19.189100	1.958675	82.711832	2566.935143	1.000000
110.540000	-8.030000	-158.525604	19.439100	1.920721	82.727091	2567.586587	2.000000
110.540000	-8.030000	-158.525604	19.689100	1.898676	82.742500	2568.241003	1.000000
110.540000	-8.030000	-158.525604	19.939100	1.888724	82.758035	2568.895420	1.000000
110.540000	-8.030000	-158.525604	20.189100	1.168406	82.773720	2569.549836	1.000000
110.540000	-8.030000	-158.525604	20.439100	-0.723676	82.789530	2570.379679	1.000000
110.540000	-8.030000	-158.525604	20.689100	-1.678895	82.805488	2571.488428	1.000000
110.540000	-8.030000	-158.525604	20.939100	-1.386030	82.821572	2572.543306	1.000000
110.540000	-8.030000	-158.525604	21.189100	-1.284702	82.837803	2573.564995	1.000000
110.540000	-8.030000	-158.525604	21.439100	-1.286897	82.854159	2574.586683	0.000000
110.540000	-8.030000	-158.525604	21.689100	-1.289080	82.870663	2575.608371	1.000000
110.540000	-8.030000	-158.525604	21.939100	-1.291228	82.887290	2576.630060	1.000000
110.540000	-8.030000	-158.525604	22.189100	-1.293364	82.904064	2577.651748	1.000000
110.540000	-8.030000	-158.525604	22.439100	-1.943874	82.920962	2578.673437	1.000000
110.540000	-8.030000	-158.525604	22.689100	-1.649018	82.938006	2579.853331	1.000000
110.540000	-8.030000	-158.525604	22.939100	-0.047848	82.955173	2580.771128	1.000000
110.540000	-8.030000	-158.525604	23.189100	0.741850	82.972485	2581.502397	1.000000
110.540000	-8.030000	-158.525604	23.439100	0.736130	82.989919	2582.233665	1.000000
110.540000	-8.030000	-158.525604	23.689100	0.730384	83.007499	2582.964933	0.000000
110.540000	-8.030000	-158.525604	23.939100	0.724635	83.025200	2583.696202	0.000000
110.540000	-8.030000	-158.525604	24.189100	0.718861	83.043045	2584.427470	0.000000
110.540000	-8.030000	-158.275604	17.939100	-3.323399	82.712743	2569.015995	1.000000
110.540000	-8.030000	-158.275604	18.189100	-2.319327	82.728306	2570.332594	1.000000
110.540000	-8.030000	-158.275604	18.439100	-0.519295	82.744077	2571.417514	1.000000
110.540000	-8.030000	-158.275604	18.689100	1.265356	82.759916	2572.224819	1.000000
110.540000	-8.030000	-158.275604	18.939100	1.909933	82.775962	2572.872359	1.000000
110.540000	-8.030000	-158.275604	19.189100	1.901780	82.792075	2573.519899	1.000000
110.540000	-8.030000	-158.275604	19.439100	1.891960	82.808395	2574.167438	2.000000
110.540000	-8.030000	-158.275604	19.689100	1.880988	82.824782	2574.814978	1.000000
110.540000	-8.030000	-158.275604	19.939100	1.857478	82.841376	2575.462517	1.000000
110.540000	-8.030000	-158.275604	20.189100	1.295109	82.858035	2576.113120	1.000000
110.540000	-8.030000	-158.275604	20.439100	-0.337519	82.874900	2576.896716	1.000000
110.540000	-8.030000	-158.275604	20.689100	-1.341260	82.891831	2577.936374	1.000000
110.540000	-8.030000	-158.275604	20.939100	-1.292911	82.908967	2578.958062	2.000000
110.540000	-8.030000	-158.275604	21.189100	-1.295913	82.926168	2579.979751	1.000000
110.540000	-8.030000	-158.275604	21.439100	-1.298961	82.943573	2581.001439	1.000000
110.540000	-8.030000	-158.275604	21.689100	-1.301917	82.961043	2582.023127	1.000000
110.540000	-8.030000	-158.275604	21.939100	-1.304921	82.978717	2583.044816	1.000000
110.540000	-8.030000	-158.275604	22.189100	-1.307832	82.996455	2584.066504	1.000000
110.540000	-8.030000	-158.275604	22.439100	-1.483453	83.014395	2585.088192	1.000000
110.540000	-8.030000	-158.275604	22.689100	-0.587153	83.032399	2586.142473	1.000000
110.540000	-8.030000	-158.275604	22.939100	0.652135	83.050605	2586.873742	1.000000
110.540000	-8.030000	-158.275604	23.189100	0.645460	83.068875	2587.605010	1.000000
110.540000	-8.030000	-158.275604	23.439100	0.638704	83.087345	2588.336279	1.000000
110.540000	-8.030000	-158.275604	23.689100	0.632004	83.105879	2589.067547	0.000000
110.540000	-8.030000	-158.275604	23.939100	0.625222	83.124613	2589.798815	0.000000
110.540000	-8.030000	-158.275604	24.189100	0.618496	83.143409	2590.530084	0.000000
110.540000	-8.030000	-158.025604	17.689100	-3.433861	82.771322	2574.513810	0.000000
110.540000	-8.030000	-158.025604	17.939100	-2.794515	82.787804	2575.842504	1.000000
110.540000	-8.030000	-158.025604	18.189100	-1.411110	82.804436	2577.020193	1.000000
110.540000	-8.030000	-158.025604	18.439100	-0.195984	82.821192	2577.969372	1.000000
110.540000	-8.030000	-158.025604	18.689100	1.037896	82.838096	2578.807992	1.000000
110.540000	-8.030000	-158.025604	18.939100	1.824308	82.855125	2579.457115	1.000000
110.540000	-8.030000	-158.025604	19.189100	1.821554	82.872302	2580.104655	1.000000
110.540000	-8.030000	-158.025604	19.439100	1.812315	82.889602	2580.752194	1.000000
110.540000	-8.030000	-158.025604	19.689100	1.803030	82.907050	2581.399734	1.000000
110.540000	-8.030000	-158.025604	19.939100	1.793722	82.924621	2582.047273	1.000000
110.540000	-8.030000	-158.025604	20.189100	1.464280	82.942338	2582.694813	1.000000
110.540000	-8.030000	-158.025604	20.439100	-0.164990	82.960178	2583.422542	2.000000
110.540000	-8.030000	-158.025604	20.689100	-1.363792	82.978163	2584.470109	2.000000
110.540000	-8.030000	-158.025604	20.939100	-1.263295	82.996271	2585.492302	2.000000
110.540000	-8.030000	-158.025604	21.189100	-1.267545	83.014523	2586.514496	2.000000
110.540000	-8.030000	-158.025604	21.439100	-1.271761	83.032898	2587.536689	1.000000
110.540000	-8.030000	-158.025604	21.689100	-1.275968	83.051416	2588.558882	2.000000
110.540000	-8.030000	-158.025604	21.939100	-1.280141	83.070056	2589.581075	1.000000
110.540000	-8.030000	-158.025604	22.189100	-1.142691	83.088839	2590.603269	1.000000
110.540000	-8.030000	-158.025604	22.439100	0.041726	83.107743	2591.559954	1.000000
110.540000	-8.030000	-158.025604	22.689100	0.881529	83.126789	2592.274598	1.000000
110.540000	-8.030000	-158.025604	22.939100	0.682861	83.145955	2592.976355	1.000000
110.540000	-8.030000	-158.025604	23.189100	0.549072	83.165263	2593.707624	1.000000
110.540000	-8.030000	-158.025604	23.439100	0.541358	83.184691	2594.438892	1.000000
110.540000	-8.030000	-158.025604	23.689100	0.533623	83.204260	2595.170161	0.000000
110.540000	-8.030000	-158.025604	23.939100	0.525888	83.223947	2595.901429	0.000000
110.540000	-8.030000	-158.025604	24.189100	0.518131	83.243775	2596.632697	0.000000
110.540000	-8.030000	-157.775604	17.689100	-2.904227	82.845207	2581.352415	0.000000
110.540000	-8.030000	-157.775604	17.939100	-2.273853	82.862760	2582.530104	0.000000
110.540000	-8.030000	-157.775604	18.189100	-1.026961	82.880379	2583.682609	0.000000
110.540000	-8.030000	-157.775604	18.439100	0.178494	82.898204	2584.521229	1.000000
110.540000	-8.030000	-157.775604	18.689100	0.810707	82.916093	2585.359850	1.000000
110.540000	-8.030000	-157.775604	18.939100	1.611060	82.934188	2586.041871	0.000000
110.540000	-8.030000	-157.775604	19.189100	1.741508	82.952347	2586.689410	0.000000
110.540000	-8.030000	-157.775604	19.439100	1.731206	82.970711	2587.336950	0.000000
110.540000	-8.030000	-157.775604	19.689100	1.720941	82.989138	2587.984490	1.000000
110.540000	-8.030000	-157.775604	19.939100	1.655759	83.007769	2588.632029	1.000000
110.540000	-8.030000	-157.775604	20.189100	1.211671	83.026464	2589.293087	1.000000
110.540000	-8.030000	-157.775604	20.439100	-0.198150	83.045361	2590.056025	2.000000
110.540000	-8.030000	-157.775604	20.689100	-1.349417	83.064321	2591.071663	2.000000
110.540000	-8.030000	-157.775604	20.939100	-1.327239	83.083483	2592.099310	2.000000
110.540000	-8.030000	-157.775604	21.189100	-1.311213	83.102708	2593.121503	2.000000
110.540000	-8.030000	-157.775604	21.439100	-1.316866	83.122133	2594.143696	1.000000
110.540000	-8.030000	-157.775604	21.689100	-1.399648	83.141621	2595.165890	1.000000
110.540000	-8.030000	-157.775604	21.939100	-0.742903	83.161309	2596.188083	2.000000
110.540000	-8.030000	-157.775604	22.189100	-0.429104	83.181058	2597.015866	1.000000
110.540000	-8.030000	-157.775604	22.439100	0.291357	83.201006	2597.946691	1.000000
110.540000	-8.030000	-157.775604	22.689100	2.053322	83.221015	2598.593121	1.000000
110.540000	-8.030000	-157.775604	22.939100	1.540518	83.241223	2599.078969	1.000000
110.540000	-8.030000	-157.775604	23.189100	0.452844	83.261491	2599.810237	1.000000
110.540000	-8.030000	-157.775604	23.439100	0.444092	83.281957	2600.541506	1.000000
110.540000	-8.030000	-157.775604	23.689100	0.435400	83.302483	2601.272774	0.000000
110.540000	-8.030000	-157.775604	23.939100	0.426630	83.323205	2602.004043	0.000000
110.540000	-8.030000	-157.775604	24.189100	0.417919	83.343986	2602.735311	0.000000
110.540000	-8.030000	-157.525604	17.439100	-3.011818	82.900655	2586.862326	0.000000
110.540000	-8.030000	-157.525604	17.689100	-2.443129	82.919075	2588.040015	0.000000
110.540000	-8.030000	-157.525604	17.939100	-1.809467	82.937618	2589.217703	0.000000
110.540000	-8.030000	-157.525604	18.189100	-0.617577	82.956307	2590.234467	0.000000
110.540000	-8.030000	-157.525604	18.439100	0.101578	82.975119	2591.073087	0.000000
110.540000	-8.030000	-157.525604	18.689100	0.598124	82.994077	2591.911708	0.000000
110.540000	-8.030000	-157.525604	18.939100	1.397965	83.013157	2592.626627	0.000000
110.540000	-8.030000	-157.525604	19.189100	1.661474	83.032381	2593.274166	0.000000
110.540000	-8.030000	-157.525604	19.439100	1.650190	83.051727	2593.921706	0.000000
110.540000	-8.030000	-157.525604	19.689100	1.638862	83.071217	2594.569246	1.000000
110.540000	-8.030000	-157.525604	19.939100	1.329839	83.090828	2595.216785	1.000000
110.540000	-8.030000	-157.525604	20.189100	0.899248	83.110582	2595.940124	2.000000
110.540000	-8.030000	-157.525604	20.439100	0.208439	83.130457	2596.703061	2.000000
110.540000	-8.030000	-157.525604	20.689100	-1.322272	83.150474	2597.596979	2.000000
110.540000	-8.030000	-157.525604	20.939100	-1.781269	83.170610	2598.706317	3.000000
110.540000	-8.030000	-157.525604	21.189100	-1.433930	83.190888	2599.728510	1.000000
110.540000	-8.030000	-157.525604	21.439100	-1.059228	83.211286	2600.750704	1.000000
110.540000	-8.030000	-157.525604	21.689100	-0.378398	83.231823	2601.647627	1.000000
110.540000	-8.030000	-157.525604	21.939100	-0.586144	83.252480	2602.473519	2.000000
110.540000	-8.030000	-157.525604	22.189100	-0.972402	83.273276	2603.406787	1.000000
110.540000	-8.030000	-157.525604	22.439100	0.497682	83.294191	2604.340055	1.000000
110.540000	-8.030000	-157.525604	22.689100	2.887010	83.315244	2604.911644	1.000000
110.540000	-8.030000	-157.525604	22.939100	2.441185	83.336415	2605.249270	1.000000
110.540000	-8.030000	-157.525604	23.189100	0.645346	83.357723	2605.912851	1.000000
110.540000	-8.030000	-157.525604	23.439100	0.346901	83.379149	2606.644119	0.000000
110.540000	-8.030000	-157.525604	23.689100	0.337171	83.400712	2607.375388	0.000000
110.540000	-8.030000	-157.525604	23.939100	0.327445	83.422390	2608.106656	0.000000
110.540000	-8.030000	-157.525604	24.189100	0.317700	83.444205	2608.837925	0.000000
110.540000	-8.030000	-157.275604	17.189100	-3.117136	82.953998	2592.372236	1.000000
110.540000	-8.030000	-157.275604	17.439100	-2.510323	82.973347	2593.549925	1.000000
110.540000	-8.030000	-157.275604	17.689100	-2.516813	82.992759	2594.727614	1.000000
110.540000	-8.030000	-157.275604	17.939100	-1.401108	83.012375	2595.905303	1.000000
110.540000	-8.030000	-157.275604	18.189100	-0.138772	83.032054	2596.786325	0.000000
110.540000	-8.030000	-157.275604	18.439100	0.024760	83.051937	2597.624945	0.000000
110.540000	-8.030000	-157.275604	18.689100	0.385791	83.071882	2598.463565	0.000000
110.540000	-8.030000	-157.275604	18.939100	1.185028	83.092030	2599.211383	0.000000
110.540000	-8.030000	-157.275604	19.189100	1.581616	83.112239	2599.858922	0.000000
110.540000	-8.030000	-157.275604	19.439100	1.569267	83.132651	2600.506462	0.000000
110.540000	-8.030000	-157.275604	19.689100	1.464851	83.153123	2601.154002	0.000000
110.540000	-8.030000	-157.275604	19.939100	1.022316	83.173797	2601.824223	1.000000
110.540000	-8.030000	-157.275604	20.189100	0.656909	83.194530	2602.587160	2.000000
110.540000	-8.030000	-157.275604	20.439100	0.608857	83.215464	2603.350098	2.000000
110.540000	-8.030000	-157.275604	20.689100	-0.910856	83.236458	2604.122295	2.000000
110.540000	-8.030000	-157.275604	20.939100	-2.023625	83.257651	2605.246100	2.000000
110.540000	-8.030000	-157.275604	21.189100	-0.965974	83.278903	2606.279388	1.000000
110.540000	-8.030000	-157.275604	21.439100	-0.244092	83.300354	2607.103540	1.000000
110.540000	-8.030000	-157.275604	21.689100	-0.685168	83.321863	2607.933615	1.000000
110.540000	-8.030000	-157.275604	21.939100	-1.054705	83.343570	2608.866883	1.000000
110.540000	-8.030000	-157.275604	22.189100	-1.063008	83.365335	2609.800151	1.000000
110.540000	-8.030000	-157.275604	22.439100	0.711088	83.387297	2610.733419	1.000000
110.540000	-8.030000	-157.275604	22.689100	3.104739	83.409315	2611.230167	1.000000
110.540000	-8.030000	-157.275604	22.939100	3.293107	83.431530	2611.567793	1.000000
110.540000	-8.030000	-157.275604	23.189100	1.515657	83.453801	2612.015465	0.000000
110.540000	-8.030000	-157.275604	23.439100	0.249782	83.476267	2612.746733	0.000000
110.540000	-8.030000	-157.275604	23.689100	0.239094	83.498789	2613.478001	0.000000
110.540000	-8.030000	-157.275604	23.939100	0.228330	83.521505	2614.209270	0.000000
110.540000	-8.030000	-157.275604	24.189100	0.217630	83.544276	2614.940538	0.000000
110.540000	-8.030000	-157.275604	24.439100	0.206855	83.567240	2615.671807	0.000000
110.540000	-8.030000	-157.025604	17.189100	-2.575318	83.025600	2599.059836	1.000000
110.540000	-8.030000	-157.025604	17.439100	-2.582919	83.045943	2600.237525	1.000000
110.540000	-8.030000	-157.025604	17.689100	-2.219580	83.066431	2601.415214	1.000000
110.540000	-8.030000	-157.025604	17.939100	-1.009737	83.087039	2602.499563	1.000000
110.540000	-8.030000	-157.025604	18.189100	-0.041002	83.107791	2603.338183	1.000000
110.540000	-8.030000	-157.025604	18.439100	-0.051966	83.128664	2604.176803	0.000000
110.540000	-8.030000	-157.025604	18.689100	0.173538	83.149679	2605.015423	0.000000
110.540000	-8.030000	-157.025604	18.939100	0.972243	83.170814	2605.796139	0.000000
110.540000	-8.030000	-157.025604	19.189100	1.501764	83.192091	2606.443678	0.000000
110.540000	-8.030000	-157.025604	19.439100	1.488430	83.213487	2607.091218	0.000000
110.540000	-8.030000	-157.025604	19.689100	1.143687	83.235024	2607.738757	0.000000
110.540000	-8.030000	-157.025604	19.939100	0.706949	83.256680	2608.471259	0.000000
110.540000	-8.030000	-157.025604	20.189100	0.572964	83.278476	2609.234197	2.000000
110.540000	-8.030000	-157.025604	20.439100	0.560898	83.300389	2609.997135	2.000000
110.540000	-8.030000	-157.025604	20.689100	-0.444311	83.322442	2610.760072	2.000000
110.540000	-8.030000	-157.025604	20.939100	-0.691130	83.344612	2611.771416	3.000000
110.540000	-8.030000	-157.025604	21.189100	-0.226248	83.366920	2612.559453	2.000000
110.540000	-8.030000	-157.025604	21.439100	-0.780112	83.389345	2613.393711	2.000000
110.540000	-8.030000	-157.025604	21.689100	-1.136358	83.411907	2614.326979	2.000000
110.540000	-8.030000	-157.025604	21.939100	-1.145720	83.434585	2615.260247	2.000000
110.540000	-8.030000	-157.025604	22.189100	-1.155072	83.457400	2616.193515	0.000000
110.540000	-8.030000	-157.025604	22.439100	0.924907	83.480329	2617.126782	0.000000
110.540000	-8.030000	-157.025604	22.689100	3.322668	83.503395	2617.548690	0.000000
110.540000	-8.030000	-157.025604	22.939100	3.656250	83.526574	2617.886316	0.000000
110.540000	-8.030000	-157.025604	23.189100	2.407992	83.549889	2618.223942	0.000000
110.540000	-8.030000	-157.025604	23.439100	0.603621	83.573316	2618.849347	0.000000
110.540000	-8.030000	-157.025604	23.689100	0.141005	83.596878	2619.580615	0.000000
110.540000	-8.030000	-157.025604	23.939100	0.129282	83.620553	2620.311883	0.000000
110.540000	-8.030000	-157.025604	24.189100	0.117546	83.644360	2621.043152	0.000000
110.540000	-8.030000	-157.025604	24.439100	0.105815	83.668279	2621.774420	0.000000
110.540000	-8.030000	-156.775604	16.939100	-2.665095	83.075803	2604.569747	2.000000
110.540000	-8.030000	-156.775604	17.189100	-2.646739	83.097021	2605.747436	1.000000
110.540000	-8.030000	-156.775604	17.439100	-2.655418	83.118442	2606.925124	1.000000
110.540000	-8.030000	-156.775604	17.689100	-1.768664	83.139924	2608.102813	1.000000
110.540000	-8.030000	-156.775604	17.939100	-0.555008	83.161608	2609.051421	1.000000
110.540000	-8.030000	-156.775604	18.189100	-0.116563	83.183352	2609.890041	1.000000
110.540000	-8.030000	-156.775604	18.439100	-0.128600	83.205298	2610.728661	1.000000
110.540000	-8.030000	-156.775604	18.689100	-0.038467	83.227302	2611.567281	0.000000
110.540000	-8.030000	-156.775604	18.939100	0.756046	83.249508	2612.380895	1.000000
110.540000	-8.030000	-156.775604	19.189100	1.422084	83.271772	2613.028434	1.000000
110.540000	-8.030000	-156.775604	19.439100	1.278175	83.294236	2613.675974	0.000000
110.540000	-8.030000	-156.775604	19.689100	0.837390	83.316757	2614.355358	0.000000
110.540000	-8.030000	-156.775604	19.939100	0.502230	83.339478	2615.118296	1.000000
110.540000	-8.030000	-156.775604	20.189100	0.489184	83.362256	2615.881234	1.000000
110.540000	-8.030000	-156.775604	20.439100	0.476056	83.385231	2616.644171	2.000000
110.540000	-8.030000	-156.775604	20.689100	0.033629	83.408263	2617.407109	2.000000
110.540000	-8.030000	-156.775604	20.939100	0.650883	83.431492	2618.280873	3.000000
110.540000	-8.030000	-156.775604	21.189100	0.333802	83.454777	2618.853807	2.000000
110.540000	-8.030000	-156.775604	21.439100	-1.215879	83.478258	2619.787075	2.000000
110.540000	-8.030000	-156.775604	21.689100	-1.226245	83.501794	2620.720343	2.000000
110.540000	-8.030000	-156.775604	21.939100	-1.236660	83.525525	2621.653611	2.000000
110.540000	-8.030000	-156.775604	22.189100	-1.246983	83.549310	2622.586878	0.000000
110.540000	-8.030000	-156.775604	22.439100	1.112093	83.573290	2623.520146	0.000000
110.540000	-8.030000	-156.775604	22.689100	3.540936	83.597322	2623.867214	0.000000
110.540000	-8.030000	-156.775604	22.939100	3.561276	83.621549	2624.204839	0.000000
110.540000	-8.030000	-156.775604	23.189100	3.243488	83.645828	2624.542465	0.000000
110.540000	-8.030000	-156.775604	23.439100	1.485314	83.670299	2624.951960	0.000000
110.540000	-8.030000	-156.775604	23.689100	0.043061	83.694822	2625.683229	0.000000
110.540000	-8.030000	-156.775604	23.939100	0.030299	83.719536	2626.414497	0.000000
110.540000	-8.030000	-156.775604	24.189100	0.017604	83.744302	2627.145765	0.000000
110.540000	-8.030000	-156.775604	24.439100	0.004838	83.769257	2627.877034	0.000000
110.540000	-8.030000	-156.525604	16.689100	-2.769136	83.123978	2610.079657	2.000000
110.540000	-8.030000	-156.525604	16.939100	-2.709897	83.146134	2611.257346	2.000000
110.540000	-8.030000	-156.525604	17.189100	-2.721288	83.168432	2612.435035	1.000000
110.540000	-8.030000	-156.525604	17.439100	-2.630170	83.190850	2613.612724	1.000000
110.540000	-8.030000	-156.525604	17.689100	-1.418360	83.213409	2614.764658	1.000000
110.540000	-8.030000	-156.525604	17.939100	-0.179077	83.236088	2615.603279	1.000000
110.540000	-8.030000	-156.525604	18.189100	-0.192118	83.258907	2616.441899	1.000000
110.540000	-8.030000	-156.525604	18.439100	-0.205147	83.281845	2617.280519	2.000000
110.540000	-8.030000	-156.525604	18.689100	-0.218185	83.304922	2618.119139	1.000000
110.540000	-8.030000	-156.525604	18.939100	0.528247	83.328118	2618.957759	1.000000
110.540000	-8.030000	-156.525604	19.189100	1.310258	83.351452	2619.613190	1.000000
110.540000	-8.030000	-156.525604	19.439100	0.961907	83.374903	2620.260730	2.000000
110.540000	-8.030000	-156.525604	19.689100	0.518941	83.398491	2621.002395	2.000000
110.540000	-8.030000	-156.525604	19.939100	0.419511	83.422197	2621.765333	2.000000
110.540000	-8.030000	-156.525604	20.189100	0.418585	83.446039	2622.528270	2.000000
110.540000	-8.030000	-156.525604	20.439100	0.347455	83.469996	2623.291208	2.000000
110.540000	-8.030000	-156.525604	20.689100	0.463434	83.494090	2624.078721	2.000000
110.540000	-8.030000	-156.525604	20.939100	0.883523	83.518298	2624.807100	2.000000
110.540000	-8.030000	-156.525604	21.189100	0.950947	83.542641	2625.462958	1.000000
110.540000	-8.030000	-156.525604	21.439100	-0.300726	83.567099	2626.180439	1.000000
110.540000	-8.030000	-156.525604	21.689100	-1.316141	83.591690	2627.113707	1.000000
110.540000	-8.030000	-156.525604	21.939100	-1.327529	83.616394	2628.046974	2.000000
110.540000	-8.030000	-156.525604	22.189100	-1.072265	83.641232	2628.980242	1.000000
110.540000	-8.030000	-156.525604	22.439100	1.298763	83.666182	2629.848111	1.000000
110.540000	-8.030000	-156.525604	22.689100	3.486393	83.691264	2630.185737	1.000000
110.540000	-8.030000	-156.525604	22.939100	3.466367	83.716458	2630.523362	0.000000
110.540000	-8.030000	-156.525604	23.189100	3.446263	83.741782	2630.860988	0.000000
110.540000	-8.030000	-156.525604	23.439100	2.369408	83.767218	2631.198613	0.000000
110.540000	-8.030000	-156.525604	23.689100	0.557625	83.792783	2631.785842	0.000000
110.540000	-8.030000	-156.525604	23.939100	-0.068624	83.818459	2632.517111	0.000000
110.540000	-8.030000	-156.525604	24.189100	-0.082358	83.844263	2633.248379	0.000000
110.540000	-8.030000	-156.525604	24.439100	-0.096082	83.870177	2633.979647	0.000000
110.540000	-8.030000	-156.275604	16.689100	-2.772517	83.193131	2616.767257	2.000000
110.540000	-8.030000	-156.275604	16.939100	-2.775598	83.216370	2617.942833	2.000000
110.540000	-8.030000	-156.275604	17.189100	-2.791055	83.239666	2619.118159	1.000000
110.540000	-8.030000	-156.275604	17.439100	-2.118154	83.263165	2620.293485	1.000000
110.540000	-8.030000	-156.275604	17.689100	-1.143683	83.286721	2621.255144	1.000000
110.540000	-8.030000	-156.275604	17.939100	-0.599208	83.310478	2622.155136	1.000000
110.540000	-8.030000	-156.275604	18.189100	-0.315914	83.334291	2622.993757	1.000000
110.540000	-8.030000	-156.275604	18.439100	-0.287981	83.358305	2623.832377	2.000000
110.540000	-8.030000	-156.275604	18.689100	-0.295636	83.382374	2624.670997	1.000000
110.540000	-8.030000	-156.275604	18.939100	0.303628	83.406642	2625.509617	1.000000
110.540000	-8.030000	-156.275604	19.189100	0.929850	83.430965	2626.197946	1.000000
110.540000	-8.030000	-156.275604	19.439100	0.656754	83.455487	2626.886494	2.000000
110.540000	-8.030000	-156.275604	19.689100	0.367187	83.480062	2627.649431	2.000000
110.540000	-8.030000	-156.275604	19.939100	0.278117	83.504835	2628.412369	2.000000
110.540000	-8.030000	-156.275604	20.189100	-0.045698	83.529662	2629.204095	2.000000
110.540000	-8.030000	-156.275604	20.439100	0.112460	83.554684	2630.055840	2.000000
110.540000	-8.030000	-156.275604	20.689100	0.775431	83.579759	2630.804202	2.000000
110.540000	-8.030000	-156.275604	20.939100	1.060152	83.605029	2631.470421	2.000000
110.540000	-8.030000	-156.275604	21.189100	1.055267	83.630351	2632.136640	1.000000
110.540000	-8.030000	-156.275604	21.439100	0.859794	83.655867	2632.800990	1.000000
110.540000	-8.030000	-156.275604	21.689100	-0.355135	83.681435	2633.507071	2.000000
110.540000	-8.030000	-156.275604	21.939100	-1.418329	83.707195	2634.440338	2.000000
110.540000	-8.030000	-156.275604	22.189100	-0.858506	83.733005	2635.373606	1.000000
110.540000	-8.030000	-156.275604	22.439100	1.513554	83.759008	2636.166634	1.000000
110.540000	-8.030000	-156.275604	22.689100	3.392597	83.785060	2636.504260	1.000000
110.540000	-8.030000	-156.275604	22.939100	3.371522	83.811303	2636.841885	1.000000
110.540000	-8.030000	-156.275604	23.189100	3.350451	83.837595	2637.179511	0.000000
110.540000	-8.030000	-156.275604	23.439100	3.189435	83.864076	2637.517136	0.000000
110.540000	-8.030000	-156.275604	23.689100	1.449598	83.890605	2637.888456	0.000000
110.540000	-8.030000	-156.275604	23.939100	-0.167488	83.917323	2638.619724	0.000000
110.540000	-8.030000	-156.275604	24.189100	-0.182183	83.944089	2639.350993	0.000000
110.540000	-8.030000	-156.275604	24.439100	-0.196946	83.971041	2640.082261	0.000000
110.540000	-8.030000	-156.025604	16.439100	-2.830995	83.238156	2622.260824	1.000000
110.540000	-8.030000	-156.025604	16.689100	-2.844571	83.262277	2623.436149	2.000000
110.540000	-8.030000	-156.025604	16.939100	-2.872301	83.286517	2624.611475	2.000000
110.540000	-8.030000	-156.025604	17.189100	-2.016803	83.310896	2625.781020	1.000000
110.540000	-8.030000	-156.025604	17.439100	-1.148628	83.335394	2626.699229	1.000000
110.540000	-8.030000	-156.025604	17.689100	-1.188927	83.360030	2627.617437	1.000000
110.540000	-8.030000	-156.025604	17.939100	-1.191809	83.384783	2628.535646	1.000000
110.540000	-8.030000	-156.025604	18.189100	-1.157934	83.409675	2629.453854	2.000000
110.540000	-8.030000	-156.025604	18.439100	-0.845626	83.434682	2630.372063	2.000000
110.540000	-8.030000	-156.025604	18.689100	-0.487633	83.459827	2631.222855	1.000000
110.540000	-8.030000	-156.025604	18.939100	0.070035	83.485087	2632.061475	1.000000
110.540000	-8.030000	-156.025604	19.189100	0.502724	83.510483	2632.782702	2.000000
110.540000	-8.030000	-156.025604	19.439100	0.261028	83.535994	2633.533530	2.000000
110.540000	-8.030000	-156.025604	19.689100	-0.112742	83.561640	2634.329469	2.000000
110.540000	-8.030000	-156.025604	19.939100	-0.304075	83.587399	2635.181214	2.000000
110.540000	-8.030000	-156.025604	20.189100	0.004589	83.613293	2636.032959	2.000000
110.540000	-8.030000	-156.025604	20.439100	0.635845	83.639299	2636.801305	2.000000
110.540000	-8.030000	-156.025604	20.689100	0.990937	83.665439	2637.467524	2.000000
110.540000	-8.030000	-156.025604	20.939100	0.973490	83.691691	2638.133742	3.000000
110.540000	-8.030000	-156.025604	21.189100	0.956013	83.718074	2638.799961	1.000000
110.540000	-8.030000	-156.025604	21.439100	0.939266	83.744569	2639.466180	2.000000
110.540000	-8.030000	-156.025604	21.689100	0.766597	83.771194	2640.132398	2.000000
110.540000	-8.030000	-156.025604	21.939100	-0.439383	83.797930	2640.833702	1.000000
110.540000	-8.030000	-156.025604	22.189100	-0.644356	83.824796	2641.766970	1.000000
110.540000	-8.030000	-156.025604	22.439100	1.732430	83.851772	2642.485157	1.000000
110.540000	-8.030000	-156.025604	22.689100	3.298782	83.878876	2642.822783	1.000000
110.540000	-8.030000	-156.025604	22.939100	3.276736	83.906089	2643.160408	1.000000
110.540000	-8.030000	-156.025604	23.189100	3.254616	83.933429	2643.498034	1.000000
110.540000	-8.030000	-156.025604	23.439100	3.232442	83.960877	2643.835659	0.000000
110.540000	-8.030000	-156.025604	23.689100	2.325384	83.988452	2644.173285	0.000000
110.540000	-8.030000	-156.025604	23.939100	0.509332	84.016133	2644.722338	0.000000
110.540000	-8.030000	-156.025604	24.189100	-0.282034	84.043940	2645.453606	0.000000
110.540000	-8.030000	-156.025604	24.439100	-0.297758	84.071853	2646.184875	0.000000
110.540000	-8.030000	-156.025604	24.689100	-0.313488	84.099890	2646.916143	0.000000
110.540000	-8.030000	-155.775604	16.189100	-2.887772	83.281056	2627.754140	1.000000
110.540000	-8.030000	-155.775604	16.439100	-2.900807	83.306124	2628.929466	1.000000
110.540000	-8.030000	-155.775604	16.689100	-2.765906	83.331248	2630.104792	1.000000
110.540000	-8.030000	-155.775604	16.939100	-1.903283	83.356573	2631.225105	2.000000
110.540000	-8.030000	-155.775604	17.189100	-1.232074	83.381954	2632.143314	1.000000
110.540000	-8.030000	-155.775604	17.439100	-1.247117	83.407534	2633.061522	1.000000
110.540000	-8.030000	-155.775604	17.689100	-1.262066	83.433169	2633.979731	1.000000
110.540000	-8.030000	-155.775604	17.939100	-1.277067	83.459004	2634.897939	1.000000
110.540000	-8.030000	-155.775604	18.189100	-1.291974	83.484892	2635.816148	2.000000
110.540000	-8.030000	-155.775604	18.439100	-1.306932	83.510978	2636.734356	1.000000
110.540000	-8.030000	-155.775604	18.689100	-1.281650	83.537117	2637.652565	1.000000
110.540000	-8.030000	-155.775604	18.939100	-1.108603	83.563452	2638.570774	1.000000
110.540000	-8.030000	-155.775604	19.189100	-0.750221	83.589840	2639.454843	2.000000
110.540000	-8.030000	-155.775604	19.439100	-0.565103	83.616424	2640.306588	2.000000
110.540000	-8.030000	-155.775604	19.689100	-0.536578	83.643059	2641.158333	2.000000
110.540000	-8.030000	-155.775604	19.939100	-0.283903	83.669889	2642.010079	2.000000
110.540000	-8.030000	-155.775604	20.189100	0.387084	83.696769	2642.798408	1.000000
110.540000	-8.030000	-155.775604	20.439100	0.825085	83.723843	2643.464627	2.000000
110.540000	-8.030000	-155.775604	20.689100	0.811652	83.750967	2644.130845	2.000000
110.540000	-8.030000	-155.775604	20.939100	0.798106	83.778283	2644.797064	3.000000
110.540000	-8.030000	-155.775604	21.189100	0.784590	83.805648	2645.463283	1.000000
110.540000	-8.030000	-155.775604	21.439100	0.770960	83.833204	2646.129501	2.000000
110.540000	-8.030000	-155.775604	21.689100	0.757361	83.860808	2646.795720	1.000000
110.540000	-8.030000	-155.775604	21.939100	0.600200	83.888603	2647.461939	1.000000
110.540000	-8.030000	-155.775604	22.189100	0.566958	83.916444	2648.160334	1.000000
110.540000	-8.030000	-155.775604	22.439100	1.951629	83.944475	2648.803680	1.000000
110.540000	-8.030000	-155.775604	22.689100	3.205106	83.972552	2649.141306	1.000000
110.540000	-8.030000	-155.775604	22.939100	3.182008	84.000816	2649.478931	1.000000
110.540000	-8.030000	-155.775604	23.189100	3.158919	84.029126	2649.816557	1.000000
110.540000	-8.030000	-155.775604	23.439100	3.135696	84.057623	2650.154182	0.000000
110.540000	-8.030000	-155.775604	23.689100	3.112483	84.086164	2650.491808	0.000000
110.540000	-8.030000	-155.775604	23.939100	1.408340	84.114891	2650.829434	0.000000
110.540000	-8.030000	-155.775604	24.189100	-0.362788	84.143661	2651.556220	0.000000
110.540000	-8.030000	-155.775604	24.439100	-0.398521	84.172616	2652.287488	0.000000
110.540000	-8.030000	-155.775604	24.689100	-0.415210	84.201613	2653.018757	0.000000
110.540000	-8.030000	-155.525604	16.189100	-2.954647	83.347931	2634.422782	1.000000
110.540000	-8.030000	-155.525604	16.439100	-2.655575	83.374004	2635.598108	1.000000
110.540000	-8.030000	-155.525604	16.689100	-1.785677	83.400216	2636.669190	1.000000
110.540000	-8.030000	-155.525604	16.939100	-1.287055	83.426545	2637.587399	0.000000
110.540000	-8.030000	-155.525604	17.189100	-1.303131	83.453011	2638.505607	1.000000
110.540000	-8.030000	-155.525604	17.439100	-1.319176	83.479593	2639.423816	1.000000
110.540000	-8.030000	-155.525604	17.689100	-1.335208	83.506311	2640.342024	1.000000
110.540000	-8.030000	-155.525604	17.939100	-1.351317	83.533145	2641.260233	1.000000
110.540000	-8.030000	-155.525604	18.189100	-1.367776	83.560113	2642.178441	1.000000
110.540000	-8.030000	-155.525604	18.439100	-1.381516	83.587196	2643.096650	1.000000
110.540000	-8.030000	-155.525604	18.689100	-1.394675	83.614413	2644.014219	1.000000
110.540000	-8.030000	-155.525604	18.939100	-1.339950	83.641743	2644.931650	1.000000
110.540000	-8.030000	-155.525604	19.189100	-1.198332	83.669207	2645.832219	2.000000
110.540000	-8.030000	-155.525604	19.439100	-1.119142	83.696782	2646.714075	2.000000
110.540000	-8.030000	-155.525604	19.689100	-1.118233	83.724490	2647.595930	2.000000
110.540000	-8.030000	-155.525604	19.939100	-0.487007	83.752310	2648.477785	2.000000
110.540000	-8.030000	-155.525604	20.189100	0.291255	83.780260	2649.207210	1.000000
110.540000	-8.030000	-155.525604	20.439100	0.493110	83.808320	2649.885118	1.000000
110.540000	-8.030000	-155.525604	20.689100	0.479363	83.836511	2650.563026	1.000000
110.540000	-8.030000	-155.525604	20.939100	0.465589	83.864811	2651.240934	1.000000
110.540000	-8.030000	-155.525604	21.189100	0.451767	83.893240	2651.918842	0.000000
110.540000	-8.030000	-155.525604	21.439100	0.437917	83.921778	2652.596750	1.000000
110.540000	-8.030000	-155.525604	21.689100	0.424021	83.950443	2653.274658	1.000000
110.540000	-8.030000	-155.525604	21.939100	0.410096	83.979216	2653.952566	1.000000
110.540000	-8.030000	-155.525604	22.189100	1.102269	84.008115	2654.630475	1.000000
110.540000	-8.030000	-155.525604	22.439100	2.450525	84.037122	2655.122203	1.000000
110.540000	-8.030000	-155.525604	22.689100	3.108457	84.066253	2655.459829	1.000000
110.540000	-8.030000	-155.525604	22.939100	3.087334	84.095490	2655.797454	1.000000
110.540000	-8.030000	-155.525604	23.189100	3.063194	84.124852	2656.135080	1.000000
110.540000	-8.030000	-155.525604	23.439100	3.039002	84.154318	2656.472706	0.000000
110.540000	-8.030000	-155.525604	23.689100	3.014740	84.183907	2656.810331	0.000000
110.540000	-8.030000	-155.525604	23.939100	2.274669	84.213600	2657.147957	0.000000
110.540000	-8.030000	-155.525604	24.189100	0.471054	84.243415	2657.658834	0.000000
110.540000	-8.030000	-155.525604	24.439100	-0.499237	84.273332	2658.390102	0.000000
110.540000	-8.030000	-155.525604	24.689100	-0.516968	84.303370	2659.121370	0.000000
110.540000	-8.030000	-155.275604	15.939100	-3.006238	83.387669	2639.916098	1.000000
110.540000	-8.030000	-155.275604	16.189100	-2.541141	83.414633	2641.091424	1.000000
110.540000	-8.030000	-155.275604	16.439100	-1.663945	83.441797	2642.113275	1.000000
110.540000	-8.030000	-155.275604	16.689100	-1.339766	83.469014	2643.031483	0.000000
110.540000	-8.030000	-155.275604	16.939100	-1.356941	83.496431	2643.949692	0.000000
110.540000	-8.030000	-155.275604	17.189100	-1.374021	83.523901	2644.867901	0.000000
110.540000	-8.030000	-155.275604	17.439100	-1.391454	83.551569	2645.786109	0.000000
110.540000	-8.030000	-155.275604	17.689100	-1.408203	83.579288	2646.704318	0.000000
110.540000	-8.030000	-155.275604	17.939100	-1.422489	83.607205	2647.622346	0.000000
110.540000	-8.030000	-155.275604	18.189100	-1.437442	83.635173	2648.539778	0.000000
110.540000	-8.030000	-155.275604	18.439100	-1.454954	83.663337	2649.457209	1.000000
110.540000	-8.030000	-155.275604	18.689100	-1.471981	83.691551	2650.374641	1.000000
110.540000	-8.030000	-155.275604	18.939100	-1.413389	83.719959	2651.292072	1.000000
110.540000	-8.030000	-155.275604	19.189100	-1.283124	83.748417	2652.191435	2.000000
110.540000	-8.030000	-155.275604	19.439100	-1.227284	83.777069	2653.073290	2.000000
110.540000	-8.030000	-155.275604	19.689100	-1.244569	83.805768	2653.955145	2.000000
110.540000	-8.030000	-155.275604	19.939100	-0.448279	83.834661	2654.837001	2.000000
110.540000	-8.030000	-155.275604	20.189100	0.365252	83.863600	2655.518296	1.000000
110.540000	-8.030000	-155.275604	20.439100	0.359635	83.892731	2656.196204	1.000000
110.540000	-8.030000	-155.275604	20.689100	0.339796	83.921909	2656.874112	1.000000
110.540000	-8.030000	-155.275604	20.939100	0.319875	83.951276	2657.552020	1.000000
110.540000	-8.030000	-155.275604	21.189100	0.300018	83.980689	2658.229928	0.000000
110.540000	-8.030000	-155.275604	21.439100	0.280080	84.010291	2658.907836	1.000000
110.540000	-8.030000	-155.275604	21.689100	0.260206	84.039937	2659.585744	1.000000
110.540000	-8.030000	-155.275604	21.939100	0.720944	84.069772	2660.263653	1.000000
110.540000	-8.030000	-155.275604	22.189100	1.490030	84.099649	2660.820134	1.000000
110.540000	-8.030000	-155.275604	22.439100	1.819575	84.129714	2661.292641	1.000000
110.540000	-8.030000	-155.275604	22.689100	2.354023	84.159820	2661.765149	1.000000
110.540000	-8.030000	-155.275604	22.939100	2.930199	84.190112	2662.115978	1.000000
110.540000	-8.030000	-155.275604	23.189100	2.967599	84.220446	2662.453603	1.000000
110.540000	-8.030000	-155.275604	23.439100	2.942356	84.250964	2662.791229	0.000000
110.540000	-8.030000	-155.275604	23.689100	2.917125	84.281522	2663.128854	0.000000
110.540000	-8.030000	-155.275604	23.939100	2.891765	84.312263	2663.466480	0.000000
110.540000	-8.030000	-155.275604	24.189100	1.361652	84.343043	2663.804105	0.000000
110.540000	-8.030000	-155.275604	24.439100	-0.419683	84.374005	2664.492716	0.000000
110.540000	-8.030000	-155.275604	24.689100	-0.618604	84.405006	2665.223984	0.000000
110.540000	-8.030000	-155.025604	15.689100	-3.055600	83.425359	2645.409414	0.000000
110.540000	-8.030000	-155.025604	15.939100	-2.422737	83.453278	2646.584740	0.000000
110.540000	-8.030000	-155.025604	16.189100	-1.538092	83.481335	2647.557360	0.000000
110.540000	-8.030000	-155.025604	16.439100	-1.390351	83.509507	2648.475568	0.000000
110.540000	-8.030000	-155.025604	16.689100	-1.408588	83.537815	2649.393777	0.000000
110.540000	-8.030000	-155.025604	16.939100	-1.427244	83.566238	2650.311985	0.000000
110.540000	-8.030000	-155.025604	17.189100	-1.443787	83.594796	2651.230194	0.000000
110.540000	-8.030000	-155.025604	17.439100	-1.459119	83.623467	2652.147906	0.000000
110.540000	-8.030000	-155.025604	17.689100	-1.476536	83.652273	2653.065337	0.000000
110.540000	-8.030000	-155.025604	17.939100	-1.494989	83.681191	2653.982768	0.000000
110.540000	-8.030000	-155.025604	18.189100	-1.513065	83.710243	2654.900200	0.000000
110.540000	-8.030000	-155.025604	18.439100	-1.531106	83.739406	2655.817631	1.000000
110.540000	-8.030000	-155.025604	18.689100	-1.549131	83.768700	2656.735063	1.000000
110.540000	-8.030000	-155.025604	18.939100	-1.486486	83.798106	2657.652494	1.000000
110.540000	-8.030000	-155.025604	19.189100	-1.357303	83.827642	2658.550650	1.000000
110.540000	-8.030000	-155.025604	19.439100	-1.307503	83.857288	2659.432505	2.000000
110.540000	-8.030000	-155.025604	19.689100	-1.139191	83.887064	2660.314360	2.000000
110.540000	-8.030000	-155.025604	19.939100	-0.352894	83.916948	2661.151474	1.000000
110.540000	-8.030000	-155.025604	20.189100	0.296177	83.946960	2661.829382	1.000000
110.540000	-8.030000	-155.025604	20.439100	0.275286	83.977081	2662.507290	1.000000
110.540000	-8.030000	-155.025604	20.689100	0.254376	84.007328	2663.185198	1.000000
110.540000	-8.030000	-155.025604	20.939100	0.233469	84.037682	2663.863106	0.000000
110.540000	-8.030000	-155.025604	21.189100	0.212545	84.068162	2664.541014	0.000000
110.540000	-8.030000	-155.025604	21.439100	0.191623	84.098748	2665.218922	0.000000
110.540000	-8.030000	-155.025604	21.689100	0.433032	84.129459	2665.896830	1.000000
110.540000	-8.030000	-155.025604	21.939100	1.194981	84.160274	2666.511414	1.000000
110.540000	-8.030000	-155.025604	22.189100	1.748658	84.191212	2666.983922	1.000000
110.540000	-8.030000	-155.025604	22.439100	1.724856	84.222255	2667.456429	1.000000
110.540000	-8.030000	-155.025604	22.689100	1.701009	84.253419	2667.928937	1.000000
110.540000	-8.030000	-155.025604	22.939100	2.146171	84.284686	2668.401444	1.000000
110.540000	-8.030000	-155.025604	23.189100	2.722173	84.316074	2668.772126	0.000000
110.540000	-8.030000	-155.025604	23.439100	2.845756	84.347564	2669.109752	0.000000
110.540000	-8.030000	-155.025604	23.689100	2.819474	84.379173	2669.447377	0.000000
110.540000	-8.030000	-155.025604	23.939100	2.793145	84.410883	2669.785003	0.000000
110.540000	-8.030000	-155.025604	24.189100	2.209704	84.442711	2670.122628	0.000000
110.540000	-8.030000	-155.025604	24.439100	0.427241	84.474639	2670.595329	0.000000
110.540000	-8.030000	-155.025604	24.689100	-0.720281	84.506683	2671.326598	0.000000
110.540000	-8.030000	-154.775604	15.689100	-2.300197	83.489786	2652.078056	0.000000
110.540000	-8.030000	-154.775604	15.939100	-1.408078	83.518801	2653.001445	0.000000
110.540000	-8.030000	-154.775604	16.189100	-1.438872	83.547867	2653.919653	0.000000
110.540000	-8.030000	-154.775604	16.439100	-1.458512	83.577132	2654.837862	0.000000
110.540000	-8.030000	-154.775604	16.689100	-1.474920	83.606449	2655.756033	0.000000
110.540000	-8.030000	-154.775604	16.939100	-1.491540	83.635963	2656.673465	0.000000
110.540000	-8.030000	-154.775604	17.189100	-1.511194	83.665527	2657.590896	0.000000
110.540000	-8.030000	-154.775604	17.439100	-1.530593	83.695287	2658.508328	0.000000
110.540000	-8.030000	-154.775604	17.689100	-1.549723	83.725097	2659.425759	0.000000
110.540000	-8.030000	-154.775604	17.939100	-1.568900	83.755102	2660.343190	0.000000
110.540000	-8.030000	-154.775604	18.189100	-1.587978	83.785155	2661.260622	0.000000
110.540000	-8.030000	-154.775604	18.439100	-1.607102	83.815402	2662.178053	0.000000
110.540000	-8.030000	-154.775604	18.689100	-1.626127	83.845696	2663.095485	0.000000
110.540000	-8.030000	-154.775604	18.939100	-1.559514	83.876183	2664.012916	1.000000
110.540000	-8.030000	-154.775604	19.189100	-1.431330	83.906716	2664.909865	1.000000
110.540000	-8.030000	-154.775604	19.439100	-1.387656	83.937441	2665.791720	0.000000
110.540000	-8.030000	-154.775604	19.689100	-1.019361	83.968211	2666.673575	1.000000
110.540000	-8.030000	-154.775604	19.939100	-0.233955	83.999172	2667.462560	1.000000
110.540000	-8.030000	-154.775604	20.189100	0.212961	84.030176	2668.140468	1.000000
110.540000	-8.030000	-154.775604	20.439100	0.190997	84.061370	2668.818376	1.000000
110.540000	-8.030000	-154.775604	20.689100	0.169098	84.092606	2669.496284	0.000000
110.540000	-8.030000	-154.775604	20.939100	0.147121	84.124031	2670.174192	0.000000
110.540000	-8.030000	-154.775604	21.189100	0.125210	84.155497	2670.852100	0.000000
110.540000	-8.030000	-154.775604	21.439100	0.125066	84.187151	2671.530008	0.000000
110.540000	-8.030000	-154.775604	21.689100	0.903547	84.218845	2672.202695	0.000000
110.540000	-8.030000	-154.775604	21.939100	1.681984	84.250724	2672.675202	1.000000
110.540000	-8.030000	-154.775604	22.189100	1.657227	84.282644	2673.147710	1.000000
110.540000	-8.030000	-154.775604	22.439100	1.632364	84.314747	2673.620217	1.000000
110.540000	-8.030000	-154.775604	22.689100	1.607539	84.346889	2674.092725	1.000000
110.540000	-8.030000	-154.775604	22.939100	1.582608	84.379214	2674.565232	0.000000
110.540000	-8.030000	-154.775604	23.189100	1.936422	84.411577	2675.037740	0.000000
110.540000	-8.030000	-154.775604	23.439100	2.512181	84.444121	2675.428275	0.000000
110.540000	-8.030000	-154.775604	23.689100	2.721945	84.476702	2675.765900	0.000000
110.540000	-8.030000	-154.775604	23.939100	2.694565	84.509463	2676.103526	0.000000
110.540000	-8.030000	-154.775604	24.189100	2.667202	84.542260	2676.441151	0.000000
110.540000	-8.030000	-154.775604	24.439100	1.309360	84.575235	2676.778777	0.000000
110.540000	-8.030000	-154.775604	24.689100	-0.480888	84.608245	2677.429211	0.000000
110.540000	-8.030000	-154.775604	24.939100	-0.842605	84.641432	2678.160480	0.000000
110.540000	-8.030000	-154.525604	15.439100	-2.173654	83.524303	2657.527321	1.000000
110.540000	-8.030000	-154.525604	15.689100	-1.461679	83.554215	2658.445530	0.000000
110.540000	-8.030000	-154.525604	15.939100	-1.484210	83.584242	2659.363738	0.000000
110.540000	-8.030000	-154.525604	16.189100	-1.501755	83.614404	2660.281593	0.000000
110.540000	-8.030000	-154.525604	16.439100	-1.520773	83.644680	2661.199024	0.000000
110.540000	-8.030000	-154.525604	16.689100	-1.541548	83.675090	2662.116455	0.000000
110.540000	-8.030000	-154.525604	16.939100	-1.561834	83.705612	2663.033887	0.000000
110.540000	-8.030000	-154.525604	17.189100	-1.582105	83.736268	2663.951318	0.000000
110.540000	-8.030000	-154.525604	17.439100	-1.602340	83.767035	2664.868750	0.000000
110.540000	-8.030000	-154.525604	17.689100	-1.622559	83.797933	2665.786181	0.000000
110.540000	-8.030000	-154.525604	17.939100	-1.642740	83.828942	2666.703612	0.000000
110.540000	-8.030000	-154.525604	18.189100	-1.662905	83.860082	2667.621044	0.000000
110.540000	-8.030000	-154.525604	18.439100	-1.683031	83.891331	2668.538475	0.000000
110.540000	-8.030000	-154.525604	18.689100	-1.703140	83.922709	2669.455907	0.000000
110.540000	-8.030000	-154.525604	18.939100	-1.632476	83.954196	2670.373338	0.000000
110.540000	-8.030000	-154.525604	19.189100	-1.505377	83.985810	2671.269080	0.000000
110.540000	-8.030000	-154.525604	19.439100	-1.467747	84.017532	2672.150935	0.000000
110.540000	-8.030000	-154.525604	19.689100	-0.899378	84.049381	2673.032791	0.000000
110.540000	-8.030000	-154.525604	19.939100	-0.113088	84.081336	2673.773646	0.000000
110.540000	-8.030000	-154.525604	20.189100	0.129721	84.113416	2674.451554	0.000000
110.540000	-8.030000	-154.525604	20.439100	0.106764	84.145602	2675.129462	0.000000
110.540000	-8.030000	-154.525604	20.689100	0.083793	84.177912	2675.807370	0.000000
110.540000	-8.030000	-154.525604	20.939100	0.060826	84.210326	2676.485278	0.000000
110.540000	-8.030000	-154.525604	21.189100	0.037845	84.242862	2677.163186	0.000000
110.540000	-8.030000	-154.525604	21.439100	0.615588	84.275502	2677.841094	0.000000
110.540000	-8.030000	-154.525604	21.689100	1.390200	84.308263	2678.366482	0.000000
110.540000	-8.030000	-154.525604	21.939100	1.591581	84.341127	2678.838990	0.000000
110.540000	-8.030000	-154.525604	22.189100	1.565761	84.374110	2679.311498	0.000000
110.540000	-8.030000	-154.525604	22.439100	1.539916	84.407194	2679.784005	0.000000
110.540000	-8.030000	-154.525604	22.689100	1.514031	84.440397	2680.256513	0.000000
110.540000	-8.030000	-154.525604	22.939100	1.488122	84.473700	2680.729020	0.000000
110.540000	-8.030000	-154.525604	23.189100	1.462172	84.507120	2681.201528	0.000000
110.540000	-8.030000	-154.525604	23.439100	1.724636	84.540639	2681.674035	0.000000
110.540000	-8.030000	-154.525604	23.689100	2.300208	84.574274	2682.084423	0.000000
110.540000	-8.030000	-154.525604	23.939100	2.596021	84.608007	2682.422049	0.000000
110.540000	-8.030000	-154.525604	24.189100	2.567608	84.641854	2682.759674	0.000000
110.540000	-8.030000	-154.525604	24.439100	2.140265	84.675798	2683.097300	0.000000
110.540000	-8.030000	-154.525604	24.689100	0.377845	84.709854	2683.531825	0.000000
110.540000	-8.030000	-154.525604	24.939100	-0.945179	84.744006	2684.263093	0.000000
110.540000	-8.030000	-154.275604	15.189100	-2.043580	83.556672	2662.971406	1.000000
110.540000	-8.030000	-154.275604	15.439100	-1.505503	83.587549	2663.889614	1.000000
110.540000	-8.030000	-154.275604	15.689100	-1.524106	83.618476	2664.807152	0.000000
110.540000	-8.030000	-154.275604	15.939100	-1.545616	83.649601	2665.724583	0.000000
110.540000	-8.030000	-154.275604	16.189100	-1.567260	83.680776	2666.642015	0.000000
110.540000	-8.030000	-154.275604	16.439100	-1.588693	83.712148	2667.559446	0.000000
110.540000	-8.030000	-154.275604	16.689100	-1.610027	83.743569	2668.476877	0.000000
110.540000	-8.030000	-154.275604	16.939100	-1.631407	83.775186	2669.394309	0.000000
110.540000	-8.030000	-154.275604	17.189100	-1.652687	83.806850	2670.311740	0.000000
110.540000	-8.030000	-154.275604	17.439100	-1.674014	83.838708	2671.229172	0.000000
110.540000	-8.030000	-154.275604	17.689100	-1.695239	83.870614	2672.146603	0.000000
110.540000	-8.030000	-154.275604	17.939100	-1.716510	83.902712	2673.064034	0.000000
110.540000	-8.030000	-154.275604	18.189100	-1.737679	83.934856	2673.981466	0.000000
110.540000	-8.030000	-154.275604	18.439100	-1.758893	83.967192	2674.898897	0.000000
110.540000	-8.030000	-154.275604	18.689100	-1.780003	83.999573	2675.816329	0.000000
110.540000	-8.030000	-154.275604	18.939100	-1.705375	84.032144	2676.733760	0.000000
110.540000	-8.030000	-154.275604	19.189100	-1.579278	84.064758	2677.628295	0.000000
110.540000	-8.030000	-154.275604	19.439100	-1.547777	84.097562	2678.510150	0.000000
110.540000	-8.030000	-154.275604	19.689100	-0.796385	84.130408	2679.392006	0.000000
110.540000	-8.030000	-154.275604	19.939100	0.007989	84.163442	2680.084732	0.000000
110.540000	-8.030000	-154.275604	20.189100	0.046620	84.196517	2680.762640	0.000000
110.540000	-8.030000	-154.275604	20.439100	0.022587	84.229779	2681.440548	0.000000
110.540000	-8.030000	-154.275604	20.689100	-0.001377	84.263081	2682.118456	0.000000
110.540000	-8.030000	-154.275604	20.939100	-0.025417	84.296568	2682.796364	0.000000
110.540000	-8.030000	-154.275604	21.189100	0.331253	84.330094	2683.474272	0.000000
110.540000	-8.030000	-154.275604	21.439100	1.096794	84.363805	2684.057763	0.000000
110.540000	-8.030000	-154.275604	21.689100	1.528070	84.397552	2684.530270	0.000000
110.540000	-8.030000	-154.275604	21.939100	1.501225	84.431483	2685.002778	0.000000
110.540000	-8.030000	-154.275604	22.189100	1.474421	84.465450	2685.475285	0.000000
110.540000	-8.030000	-154.275604	22.439100	1.447512	84.499599	2685.947793	0.000000
110.540000	-8.030000	-154.275604	22.689100	1.420645	84.533782	2686.420300	0.000000
110.540000	-8.030000	-154.275604	22.939100	1.393676	84.568146	2686.892808	0.000000
110.540000	-8.030000	-154.275604	23.189100	1.366749	84.602544	2687.365316	0.000000
110.540000	-8.030000	-154.275604	23.439100	1.339719	84.637121	2687.837823	0.000000
110.540000	-8.030000	-154.275604	23.689100	1.510959	84.671730	2688.310331	0.000000
110.540000	-8.030000	-154.275604	23.939100	2.086276	84.706517	2688.740572	0.000000
110.540000	-8.030000	-154.275604	24.189100	2.468127	84.741335	2689.078198	0.000000
110.540000	-8.030000	-154.275604	24.439100	2.438620	84.776329	2689.415823	0.000000
110.540000	-8.030000	-154.275604	24.689100	1.251577	84.811354	2689.753449	0.000000
110.540000	-8.030000	-154.275604	24.939100	-0.546589	84.846553	2690.365707	0.000000
110.540000	-8.030000	-154.025604	15.189100	-1.543029	83.618822	2669.332711	1.000000
110.540000	-8.030000	-154.025604	15.439100	-1.566058	83.650715	2670.250142	1.000000
110.540000	-8.030000	-154.025604	15.689100	-1.588658	83.682743	2671.167574	1.000000
110.540000	-8.030000	-154.025604	15.939100	-1.611158	83.714883	2672.085005	0.000000
110.540000	-8.030000	-154.025604	16.189100	-1.633641	83.747157	2673.002437	0.000000
110.540000	-8.030000	-154.025604	16.439100	-1.656088	83.779543	2673.919868	0.000000
110.540000	-8.030000	-154.025604	16.689100	-1.678517	83.812060	2674.837299	0.000000
110.540000	-8.030000	-154.025604	16.939100	-1.700910	83.844688	2675.754731	0.000000
110.540000	-8.030000	-154.025604	17.189100	-1.723284	83.877446	2676.672162	0.000000
110.540000	-8.030000	-154.025604	17.439100	-1.745620	83.910314	2677.589594	0.000000
110.540000	-8.030000	-154.025604	17.689100	-1.767937	83.943311	2678.507025	0.000000
110.540000	-8.030000	-154.025604	17.939100	-1.790215	83.976417	2679.424456	0.000000
110.540000	-8.030000	-154.025604	18.189100	-1.812473	84.009650	2680.341888	0.000000
110.540000	-8.030000	-154.025604	18.439100	-1.834692	84.042991	2681.259319	0.000000
110.540000	-8.030000	-154.025604	18.689100	-1.856889	84.076459	2682.176750	0.000000
110.540000	-8.030000	-154.025604	18.939100	-1.778213	84.110032	2683.094182	0.000000
110.540000	-8.030000	-154.025604	19.189100	-1.653204	84.143731	2683.987510	0.000000
110.540000	-8.030000	-154.025604	19.439100	-1.488575	84.177535	2684.869365	0.000000
110.540000	-8.030000	-154.025604	19.689100	-0.699846	84.211463	2685.717910	0.000000
110.540000	-8.030000	-154.025604	19.939100	-0.011477	84.245494	2686.395818	0.000000
110.540000	-8.030000	-154.025604	20.189100	-0.036511	84.279648	2687.073726	0.000000
110.540000	-8.030000	-154.025604	20.439100	-0.061539	84.313906	2687.751634	0.000000
110.540000	-8.030000	-154.025604	20.689100	-0.086579	84.348283	2688.429542	0.000000
110.540000	-8.030000	-154.025604	20.939100	0.040853	84.382763	2689.107450	0.000000
110.540000	-8.030000	-154.025604	21.189100	0.808783	84.417362	2689.749043	0.000000
110.540000	-8.030000	-154.025604	21.439100	1.466552	84.452062	2690.221551	0.000000
110.540000	-8.030000	-154.025604	21.689100	1.438742	84.486880	2690.694058	0.000000
110.540000	-8.030000	-154.025604	21.939100	1.410910	84.521797	2691.166566	0.000000
110.540000	-8.030000	-154.025604	22.189100	1.383039	84.556831	2691.639073	0.000000
110.540000	-8.030000	-154.025604	22.439100	1.355147	84.591964	2692.111581	0.000000
110.540000	-8.030000	-154.025604	22.689100	1.327217	84.627211	2692.584088	0.000000
110.540000	-8.030000	-154.025604	22.939100	1.299266	84.662556	2693.056596	0.000000
110.540000	-8.030000	-154.025604	23.189100	1.271279	84.698014	2693.529103	0.000000
110.540000	-8.030000	-154.025604	23.439100	1.243272	84.733568	2694.001611	0.000000
110.540000	-8.030000	-154.025604	23.689100	1.215229	84.769235	2694.474118	0.000000
110.540000	-8.030000	-154.025604	23.939100	1.295252	84.804996	2694.946626	0.000000
110.540000	-8.030000	-154.025604	24.189100	1.870371	84.840868	2695.396721	0.000000
110.540000	-8.030000	-154.025604	24.439100	2.338116	84.876833	2695.734346	0.000000
110.540000	-8.030000	-154.025604	24.689100	2.066292	84.912908	2696.071972	0.000000
110.540000	-8.030000	-154.025604	24.939100	0.322851	84.949075	2696.468320	0.000000
110.540000	-8.030000	-153.775604	15.189100	-1.592905	83.680803	2675.693133	1.000000
110.540000	-8.030000	-153.775604	15.439100	-1.629208	83.713800	2676.610564	1.000000
110.540000	-8.030000	-153.775604	15.689100	-1.652761	83.746846	2677.527996	1.000000
110.540000	-8.030000	-153.775604	15.939100	-1.676362	83.780088	2678.445427	0.000000
110.540000	-8.030000	-153.775604	16.189100	-1.699861	83.813377	2679.362859	0.000000
110.540000	-8.030000	-153.775604	16.439100	-1.723407	83.846862	2680.280290	0.000000
110.540000	-8.030000	-153.775604	16.689100	-1.746851	83.880393	2681.197721	0.000000
110.540000	-8.030000	-153.775604	16.939100	-1.770340	83.914118	2682.115153	0.000000
110.540000	-8.030000	-153.775604	17.189100	-1.793726	83.947888	2683.032584	0.000000
110.540000	-8.030000	-153.775604	17.439100	-1.817157	83.981851	2683.950016	0.000000
110.540000	-8.030000	-153.775604	17.689100	-1.840483	84.015858	2684.867447	0.000000
110.540000	-8.030000	-153.775604	17.939100	-1.863854	84.050056	2685.784878	0.000000
110.540000	-8.030000	-153.775604	18.189100	-1.887120	84.084297	2686.702310	0.000000
110.540000	-8.030000	-153.775604	18.439100	-1.910428	84.118728	2687.619741	0.000000
110.540000	-8.030000	-153.775604	18.689100	-1.933631	84.153200	2688.537172	0.000000
110.540000	-8.030000	-153.775604	18.939100	-1.850993	84.187862	2689.454604	0.000000
110.540000	-8.030000	-153.775604	19.189100	-1.726989	84.222563	2690.346725	0.000000
110.540000	-8.030000	-153.775604	19.439100	-1.367254	84.257452	2691.228581	0.000000
110.540000	-8.030000	-153.775604	19.689100	-0.585167	84.292380	2692.028996	0.000000
110.540000	-8.030000	-153.775604	19.939100	-0.093477	84.327494	2692.706904	0.000000
110.540000	-8.030000	-153.775604	20.189100	-0.119508	84.362646	2693.384812	0.000000
110.540000	-8.030000	-153.775604	20.439100	-0.145616	84.397982	2694.062720	0.000000
110.540000	-8.030000	-153.775604	20.689100	-0.171651	84.433355	2694.740628	0.000000
110.540000	-8.030000	-153.775604	20.939100	0.524375	84.468911	2695.418536	0.000000
110.540000	-8.030000	-153.775604	21.189100	1.313254	84.504503	2695.912831	0.000000
110.540000	-8.030000	-153.775604	21.439100	1.378338	84.540276	2696.385339	0.000000
110.540000	-8.030000	-153.775604	21.689100	1.349539	84.576084	2696.857846	0.000000
110.540000	-8.030000	-153.775604	21.939100	1.320636	84.612071	2697.330354	0.000000
110.540000	-8.030000	-153.775604	22.189100	1.291779	84.648092	2697.802861	0.000000
110.540000	-8.030000	-153.775604	22.439100	1.262819	84.684292	2698.275369	0.000000
110.540000	-8.030000	-153.775604	22.689100	1.233905	84.720523	2698.747876	0.000000
110.540000	-8.030000	-153.775604	22.939100	1.204890	84.756931	2699.220384	0.000000
110.540000	-8.030000	-153.775604	23.189100	1.175922	84.793370	2699.692891	0.000000
110.540000	-8.030000	-153.775604	23.439100	1.146855	84.829985	2700.165399	0.000000
110.540000	-8.030000	-153.775604	23.689100	1.117835	84.866629	2700.637906	0.000000
110.540000	-8.030000	-153.775604	23.939100	1.088717	84.903448	2701.110414	0.000000
110.540000	-8.030000	-153.775604	24.189100	1.077663	84.940294	2701.582921	0.000000
110.540000	-8.030000	-153.775604	24.439100	1.652513	84.977313	2702.052869	0.000000
110.540000	-8.030000	-153.775604	24.689100	2.202328	85.014359	2702.390495	0.000000
110.540000	-8.030000	-153.775604	24.939100	1.188129	85.051576	2702.728120	0.000000
110.540000	-8.030000	-153.525604	15.189100	-1.590119	83.742793	2682.059289	1.000000
110.540000	-8.030000	-153.525604	15.439100	-1.662087	83.776810	2682.970986	1.000000
110.540000	-8.030000	-153.525604	15.689100	-1.716875	83.810959	2683.888418	0.000000
110.540000	-8.030000	-153.525604	15.939100	-1.741494	83.845219	2684.805849	0.000000
110.540000	-8.030000	-153.525604	16.189100	-1.766095	83.879610	2685.723281	0.000000
110.540000	-8.030000	-153.525604	16.439100	-1.790657	83.914112	2686.640712	0.000000
110.540000	-8.030000	-153.525604	16.689100	-1.815200	83.948742	2687.558143	0.000000
110.540000	-8.030000	-153.525604	16.939100	-1.839703	83.983482	2688.475575	0.000000
110.540000	-8.030000	-153.525604	17.189100	-1.864187	84.018349	2689.393006	0.000000
110.540000	-8.030000	-153.525604	17.439100	-1.888630	84.053324	2690.310438	0.000000
110.540000	-8.030000	-153.525604	17.689100	-1.913052	84.088426	2691.227869	0.000000
110.540000	-8.030000	-153.525604	17.939100	-1.937432	84.123634	2692.145300	0.000000
110.540000	-8.030000	-153.525604	18.189100	-1.961791	84.158968	2693.062732	0.000000
110.540000	-8.030000	-153.525604	18.439100	-1.986107	84.194407	2693.980163	0.000000
110.540000	-8.030000	-153.525604	18.689100	-2.010400	84.229969	2694.897594	0.000000
110.540000	-8.030000	-153.525604	18.939100	-1.923717	84.265636	2695.815026	0.000000
110.540000	-8.030000	-153.525604	19.189100	-1.800804	84.301425	2696.705940	0.000000
110.540000	-8.030000	-153.525604	19.439100	-1.245705	84.337317	2697.587796	0.000000
110.540000	-8.030000	-153.525604	19.689100	-0.462811	84.373330	2698.340082	0.000000
110.540000	-8.030000	-153.525604	19.939100	-0.175427	84.409445	2699.017990	0.000000
110.540000	-8.030000	-153.525604	20.189100	-0.202541	84.445678	2699.695898	0.000000
110.540000	-8.030000	-153.525604	20.439100	-0.229647	84.482013	2700.373806	0.000000
110.540000	-8.030000	-153.525604	20.689100	0.243554	84.518465	2701.051714	0.000000
110.540000	-8.030000	-153.525604	20.939100	1.012748	84.555017	2701.604112	0.000000
110.540000	-8.030000	-153.525604	21.189100	1.319999	84.591685	2702.076619	0.000000
110.540000	-8.030000	-153.525604	21.439100	1.290163	84.628451	2702.549127	0.000000
110.540000	-8.030000	-153.525604	21.689100	1.260291	84.665331	2703.021634	0.000000
110.540000	-8.030000	-153.525604	21.939100	1.230399	84.702309	2703.494142	0.000000
110.540000	-8.030000	-153.525604	22.189100	1.200471	84.739400	2703.966649	0.000000
110.540000	-8.030000	-153.525604	22.439100	1.170525	84.776586	2704.439157	0.000000
110.540000	-8.030000	-153.525604	22.689100	1.140544	84.813884	2704.911664	0.000000
110.540000	-8.030000	-153.525604	22.939100	1.110546	84.851276	2705.384172	0.000000
110.540000	-8.030000	-153.525604	23.189100	1.080514	84.888779	2705.856679	0.000000
110.540000	-8.030000	-153.525604	23.439100	1.050466	84.926374	2706.329187	0.000000
110.540000	-8.030000	-153.525604	23.689100	1.020385	84.964079	2706.801694	0.000000
110.540000	-8.030000	-153.525604	23.939100	0.990290	85.001874	2707.274202	0.000000
110.540000	-8.030000	-153.525604	24.189100	0.960163	85.039777	2707.746709	0.000000
110.540000	-8.030000	-153.525604	24.439100	0.930849	85.077771	2708.219217	0.000000
110.540000	-8.030000	-153.525604	24.689100	1.432691	85.115869	2708.691724	0.000000
110.540000	-8.030000	-153.525604	24.939100	1.908220	85.154057	2709.046643	1.000000
110.540000	-8.030000	-153.525604	25.189100	0.262210	85.192349	2709.404816	1.000000
110.540000	-8.030000	-153.275604	15.189100	-1.630452	83.804619	2688.433006	1.000000
110.540000	-8.030000	-153.275604	15.439100	-1.660349	83.839743	2689.340735	1.000000
110.540000	-8.030000	-153.275604	15.689100	-1.733265	83.874912	2690.248840	0.000000
110.540000	-8.030000	-153.275604	15.939100	-1.804580	83.910277	2691.166271	0.000000
110.540000	-8.030000	-153.275604	16.189100	-1.832171	83.945687	2692.083703	0.000000
110.540000	-8.030000	-153.275604	16.439100	-1.857836	83.981291	2693.001134	0.000000
110.540000	-8.030000	-153.275604	16.689100	-1.883396	84.016938	2693.918565	0.000000
110.540000	-8.030000	-153.275604	16.939100	-1.909000	84.052778	2694.835997	0.000000
110.540000	-8.030000	-153.275604	17.189100	-1.934498	84.088660	2695.753428	0.000000
110.540000	-8.030000	-153.275604	17.439100	-1.960039	84.124734	2696.670859	0.000000
110.540000	-8.030000	-153.275604	17.689100	-1.985474	84.160848	2697.588291	0.000000
110.540000	-8.030000	-153.275604	17.939100	-2.010950	84.197152	2698.505722	0.000000
110.540000	-8.030000	-153.275604	18.189100	-2.036319	84.233496	2699.423154	0.000000
110.540000	-8.030000	-153.275604	18.439100	-2.061729	84.270028	2700.340585	0.000000
110.540000	-8.030000	-153.275604	18.689100	-2.087030	84.306599	2701.258016	0.000000
110.540000	-8.030000	-153.275604	18.939100	-1.996387	84.343357	2702.175448	0.000000
110.540000	-8.030000	-153.275604	19.189100	-1.874483	84.380151	2703.065155	0.000000
110.540000	-8.030000	-153.275604	19.439100	-1.135386	84.417132	2703.947011	0.000000
110.540000	-8.030000	-153.275604	19.689100	-0.340168	84.454148	2704.651168	0.000000
110.540000	-8.030000	-153.275604	19.939100	-0.257331	84.491348	2705.329076	0.000000
110.540000	-8.030000	-153.275604	20.189100	-0.285445	84.528582	2706.006984	0.000000
110.540000	-8.030000	-153.275604	20.439100	-0.033655	84.566000	2706.684892	0.000000
110.540000	-8.030000	-153.275604	20.689100	0.728263	84.603450	2707.295392	0.000000
110.540000	-8.030000	-153.275604	20.939100	1.263749	84.641081	2707.767900	0.000000
110.540000	-8.030000	-153.275604	21.189100	1.232939	84.678744	2708.240407	0.000000
110.540000	-8.030000	-153.275604	21.439100	1.202027	84.716587	2708.712915	0.000000
110.540000	-8.030000	-153.275604	21.689100	1.171162	84.754461	2709.185422	0.000000
110.540000	-8.030000	-153.275604	21.939100	1.140196	84.792512	2709.657930	0.000000
110.540000	-8.030000	-153.275604	22.189100	1.109278	84.830592	2710.130437	0.000000
110.540000	-8.030000	-153.275604	22.439100	1.078262	84.868849	2710.602945	0.000000
110.540000	-8.030000	-153.275604	22.689100	1.047294	84.907134	2711.075452	0.000000
110.540000	-8.030000	-153.275604	22.939100	1.016228	84.945594	2711.547960	0.000000
110.540000	-8.030000	-153.275604	23.189100	0.985213	84.984080	2712.020467	0.000000
110.540000	-8.030000	-153.275604	23.439100	0.954101	85.022739	2712.492975	0.000000
110.540000	-8.030000	-153.275604	23.689100	0.923040	85.061424	2712.965482	0.000000
110.540000	-8.030000	-153.275604	23.939100	0.891884	85.100280	2713.437990	0.000000
110.540000	-8.030000	-153.275604	24.189100	0.860780	85.139160	2713.910497	0.000000
110.540000	-8.030000	-153.275604	24.439100	0.829583	85.178211	2714.383005	0.000000
110.540000	-8.030000	-153.275604	24.689100	0.798438	85.217283	2714.855512	0.000000
110.540000	-8.030000	-153.275604	24.939100	1.210923	85.256524	2715.328020	1.000000
110.540000	-8.030000	-153.275604	25.189100	0.950185	85.295787	2715.702792	1.000000
110.540000	-8.030000	-153.275604	25.439100	0.137150	85.335216	2716.238698	1.000000
110.540000	-8.030000	-153.025604	15.189100	-1.692290	83.866458	2694.806724	0.000000
110.540000	-8.030000	-153.025604	15.439100	-1.719208	83.902604	2695.714453	0.000000
110.540000	-8.030000	-153.025604	15.689100	-1.746335	83.938881	2696.622182	0.000000
110.540000	-8.030000	-153.025604	15.939100	-1.806596	83.975267	2697.529910	0.000000
110.540000	-8.030000	-153.025604	16.189100	-1.880452	84.011782	2698.444125	0.000000
110.540000	-8.030000	-153.025604	16.439100	-1.924950	84.048405	2699.361556	0.000000
110.540000	-8.030000	-153.025604	16.689100	-1.951613	84.085155	2700.278987	0.000000
110.540000	-8.030000	-153.025604	16.939100	-1.978234	84.122012	2701.196419	0.000000
110.540000	-8.030000	-153.025604	17.189100	-2.004833	84.158995	2702.113850	0.000000
110.540000	-8.030000	-153.025604	17.439100	-2.031389	84.196084	2703.031281	0.000000
110.540000	-8.030000	-153.025604	17.689100	-2.057922	84.233297	2703.948713	0.000000
110.540000	-8.030000	-153.025604	17.939100	-2.084412	84.270614	2704.866144	0.000000
110.540000	-8.030000	-153.025604	18.189100	-2.110877	84.308054	2705.783576	0.000000
110.540000	-8.030000	-153.025604	18.439100	-2.137297	84.345597	2706.701007	0.000000
110.540000	-8.030000	-153.025604	18.689100	-2.163692	84.383261	2707.618438	0.000000
110.540000	-8.030000	-153.025604	18.939100	-2.069007	84.421027	2708.535870	0.000000
110.540000	-8.030000	-153.025604	19.189100	-1.856667	84.458913	2709.424371	0.000000
110.540000	-8.030000	-153.025604	19.439100	-1.037642	84.496899	2710.284346	0.000000
110.540000	-8.030000	-153.025604	19.689100	-0.309997	84.535004	2710.962254	0.000000
110.540000	-8.030000	-153.025604	19.939100	-0.339190	84.573208	2711.640162	0.000000
110.540000	-8.030000	-153.025604	20.189100	-0.329141	84.611528	2712.318070	0.000000
110.540000	-8.030000	-153.025604	20.439100	0.447344	84.649946	2712.986672	0.000000
110.540000	-8.030000	-153.025604	20.689100	1.209576	84.688479	2713.459180	0.000000
110.540000	-8.030000	-153.025604	20.939100	1.177722	84.727109	2713.931687	0.000000
110.540000	-8.030000	-153.025604	21.189100	1.145832	84.765851	2714.404195	0.000000
110.540000	-8.030000	-153.025604	21.439100	1.113924	84.804690	2714.876703	0.000000
110.540000	-8.030000	-153.025604	21.689100	1.081982	84.843640	2715.349210	0.000000
110.540000	-8.030000	-153.025604	21.939100	1.050024	84.882684	2715.821718	0.000000
110.540000	-8.030000	-153.025604	22.189100	1.018033	84.921838	2716.294225	0.000000
110.540000	-8.030000	-153.025604	22.439100	0.986026	84.961084	2716.766733	0.000000
110.540000	-8.030000	-153.025604	22.689100	0.953988	85.000440	2717.239240	0.000000
110.540000	-8.030000	-153.025604	22.939100	0.921936	85.039886	2717.711748	0.000000
110.540000	-8.030000	-153.025604	23.189100	0.889854	85.079439	2718.184255	0.000000
110.540000	-8.030000	-153.025604	23.439100	0.857758	85.119082	2718.656763	0.000000
110.540000	-8.030000	-153.025604	23.689100	0.825634	85.158830	2719.129270	0.000000
110.540000	-8.030000	-153.025604	23.939100	0.793497	85.198667	2719.601778	0.000000
110.540000	-8.030000	-153.025604	24.189100	0.761333	85.238607	2720.074285	0.000000
110.540000	-8.030000	-153.025604	24.439100	0.729159	85.278635	2720.546793	0.000000
110.540000	-8.030000	-153.025604	24.689100	0.696958	85.318764	2721.019300	1.000000
110.540000	-8.030000	-153.025604	24.939100	0.664747	85.358979	2721.491808	1.000000
110.540000	-8.030000	-153.025604	25.189100	0.987198	85.399293	2721.964315	1.000000
110.540000	-8.030000	-153.025604	25.439100	1.260568	85.439693	2722.358941	1.000000
110.540000	-8.030000	-152.775604	15.189100	-1.753969	83.928137	2701.180442	0.000000
110.540000	-8.030000	-152.775604	15.439100	-1.781996	83.965393	2702.088170	0.000000
110.540000	-8.030000	-152.775604	15.689100	-1.809920	84.002693	2702.995899	0.000000
110.540000	-8.030000	-152.775604	15.939100	-1.837890	84.040187	2703.903628	0.000000
110.540000	-8.030000	-152.775604	16.189100	-1.881933	84.077724	2704.811357	0.000000
110.540000	-8.030000	-152.775604	16.439100	-1.956796	84.115453	2705.721978	0.000000
110.540000	-8.030000	-152.775604	16.689100	-2.019253	84.153223	2706.639409	0.000000
110.540000	-8.030000	-152.775604	16.939100	-2.047406	84.191184	2707.556841	0.000000
110.540000	-8.030000	-152.775604	17.189100	-2.075022	84.229185	2708.474272	0.000000
110.540000	-8.030000	-152.775604	17.439100	-2.102681	84.267375	2709.391703	0.000000
110.540000	-8.030000	-152.775604	17.689100	-2.130229	84.305603	2710.309135	0.000000
110.540000	-8.030000	-152.775604	17.939100	-2.157818	84.344020	2711.226566	0.000000
110.540000	-8.030000	-152.775604	18.189100	-2.185296	84.382473	2712.143998	0.000000
110.540000	-8.030000	-152.775604	18.439100	-2.212814	84.421113	2713.061429	0.000000
110.540000	-8.030000	-152.775604	18.689100	-2.240219	84.459789	2713.978860	0.000000
110.540000	-8.030000	-152.775604	18.939100	-2.141579	84.498649	2714.896292	0.000000
110.540000	-8.030000	-152.775604	19.189100	-1.728774	84.537544	2715.783586	0.000000
110.540000	-8.030000	-152.775604	19.439100	-0.927432	84.576622	2716.595432	0.000000
110.540000	-8.030000	-152.775604	19.689100	-0.390726	84.615732	2717.273340	0.000000
110.540000	-8.030000	-152.775604	19.939100	-0.421008	84.655025	2717.951248	0.000000
110.540000	-8.030000	-152.775604	20.189100	0.170143	84.694349	2718.629156	0.000000
110.540000	-8.030000	-152.775604	20.439100	0.946134	84.733853	2719.150460	0.000000
110.540000	-8.030000	-152.775604	20.689100	1.124668	84.773388	2719.622968	0.000000
110.540000	-8.030000	-152.775604	20.939100	1.091730	84.813101	2720.095475	0.000000
110.540000	-8.030000	-152.775604	21.189100	1.058841	84.852842	2720.567983	0.000000
110.540000	-8.030000	-152.775604	21.439100	1.025853	84.892761	2721.040490	0.000000
110.540000	-8.030000	-152.775604	21.689100	0.992916	84.932706	2721.512998	0.000000
110.540000	-8.030000	-152.775604	21.939100	0.959880	84.972827	2721.985505	0.000000
110.540000	-8.030000	-152.775604	22.189100	0.926897	85.012974	2722.458013	0.000000
110.540000	-8.030000	-152.775604	22.439100	0.893816	85.053295	2722.930521	0.000000
110.540000	-8.030000	-152.775604	22.689100	0.860788	85.093640	2723.403028	0.000000
110.540000	-8.030000	-152.775604	22.939100	0.827665	85.134157	2723.875536	0.000000
110.540000	-8.030000	-152.775604	23.189100	0.794596	85.174696	2724.348043	0.000000
110.540000	-8.030000	-152.775604	23.439100	0.761433	85.215407	2724.820551	0.000000
110.540000	-8.030000	-152.775604	23.689100	0.728325	85.256139	2725.293058	0.000000
110.540000	-8.030000	-152.775604	23.939100	0.695125	85.297039	2725.765566	0.000000
110.540000	-8.030000	-152.775604	24.189100	0.661981	85.337960	2726.238073	0.000000
110.540000	-8.030000	-152.775604	24.439100	0.628746	85.379047	2726.710581	0.000000
110.540000	-8.030000	-152.775604	24.689100	0.595568	85.420153	2727.183088	1.000000
110.540000	-8.030000	-152.525604	15.189100	-1.815664	83.989832	2707.554159	1.000000
110.540000	-8.030000	-152.525604	15.439100	-1.844718	84.028114	2708.461888	0.000000
110.540000	-8.030000	-152.525604	15.689100	-1.873752	84.066525	2709.369617	0.000000
110.540000	-8.030000	-152.525604	15.939100	-1.902746	84.105044	2710.277346	0.000000
110.540000	-8.030000	-152.525604	16.189100	-1.931720	84.143689	2711.185074	0.000000
110.540000	-8.030000	-152.525604	16.439100	-1.962397	84.182440	2712.092803	0.000000
110.540000	-8.030000	-152.525604	16.689100	-2.035236	84.221316	2713.000532	0.000000
110.540000	-8.030000	-152.525604	16.939100	-2.110941	84.260298	2713.917263	0.000000
110.540000	-8.030000	-152.525604	17.189100	-2.145241	84.299403	2714.834694	0.000000
110.540000	-8.030000	-152.525604	17.439100	-2.173917	84.338611	2715.752125	0.000000
110.540000	-8.030000	-152.525604	17.689100	-2.202567	84.377942	2716.669557	0.000000
110.540000	-8.030000	-152.525604	17.939100	-2.231172	84.417375	2717.586988	0.000000
110.540000	-8.030000	-152.525604	18.189100	-2.259750	84.456927	2718.504420	0.000000
110.540000	-8.030000	-152.525604	18.439100	-2.288282	84.496581	2719.421851	0.000000
110.540000	-8.030000	-152.525604	18.689100	-2.316785	84.536354	2720.339282	0.000000
110.540000	-8.030000	-152.525604	18.939100	-2.214105	84.576226	2721.256714	0.000000
110.540000	-8.030000	-152.525604	19.189100	-1.600735	84.616215	2722.142801	0.000000
110.540000	-8.030000	-152.525604	19.439100	-0.803535	84.656302	2722.906518	0.000000
110.540000	-8.030000	-152.525604	19.689100	-0.471498	84.696505	2723.584426	0.000000
110.540000	-8.030000	-152.525604	19.939100	-0.103485	84.736804	2724.262334	0.000000
110.540000	-8.030000	-152.525604	20.189100	0.661863	84.777217	2724.841741	0.000000
110.540000	-8.030000	-152.525604	20.439100	1.073632	84.817726	2725.314248	0.000000
110.540000	-8.030000	-152.525604	20.689100	1.039709	84.858346	2725.786756	0.000000
110.540000	-8.030000	-152.525604	20.939100	1.005770	84.899061	2726.259263	0.000000
110.540000	-8.030000	-152.525604	21.189100	0.971798	84.939885	2726.731771	0.000000
110.540000	-8.030000	-152.525604	21.439100	0.937811	84.980802	2727.204278	0.000000
110.540000	-8.030000	-152.525604	21.689100	0.903794	85.021828	2727.676786	0.000000
110.540000	-8.030000	-152.525604	21.939100	0.869762	85.062945	2728.149293	0.000000
110.540000	-8.030000	-152.525604	22.189100	0.835702	85.104169	2728.621801	0.000000
110.540000	-8.030000	-152.525604	22.439100	0.801628	85.145483	2729.094308	0.000000
110.540000	-8.030000	-152.525604	22.689100	0.767527	85.186901	2729.566816	0.000000
110.540000	-8.030000	-152.525604	22.939100	0.733414	85.228408	2730.039323	0.000000
110.540000	-8.030000	-152.525604	23.189100	0.699274	85.270018	2730.511831	0.000000
110.540000	-8.030000	-152.525604	23.439100	0.665125	85.311716	2730.984338	0.000000
110.540000	-8.030000	-152.525604	23.689100	0.630950	85.353514	2731.456846	0.000000
110.540000	-8.030000	-152.275604	15.189100	-1.877204	84.051371	2713.927877	1.000000
110.540000	-8.030000	-152.275604	15.439100	-1.907371	84.090767	2714.835606	1.000000
110.540000	-8.030000	-152.275604	15.689100	-1.937431	84.130205	2715.743334	0.000000
110.540000	-8.030000	-152.275604	15.939100	-1.967537	84.169835	2716.651063	0.000000
110.540000	-8.030000	-152.275604	16.189100	-1.997536	84.209505	2717.558792	0.000000
110.540000	-8.030000	-152.275604	16.439100	-2.027579	84.249366	2718.466521	0.000000
110.540000	-8.030000	-152.275604	16.689100	-2.057514	84.289265	2719.374250	0.000000
110.540000	-8.030000	-152.275604	16.939100	-2.115755	84.329354	2720.281978	0.000000
110.540000	-8.030000	-152.275604	17.189100	-2.192396	84.369480	2721.195116	0.000000
110.540000	-8.030000	-152.275604	17.439100	-2.245099	84.409794	2722.112547	0.000000
110.540000	-8.030000	-152.275604	17.689100	-2.274768	84.450143	2723.029979	0.000000
110.540000	-8.030000	-152.275604	17.939100	-2.304476	84.490678	2723.947410	0.000000
110.540000	-8.030000	-152.275604	18.189100	-2.334071	84.531248	2724.864842	0.000000
110.540000	-8.030000	-152.275604	18.439100	-2.363703	84.572002	2725.782273	0.000000
110.540000	-8.030000	-152.275604	18.689100	-2.393220	84.612789	2726.699704	0.000000
110.540000	-8.030000	-152.275604	18.939100	-2.286587	84.653759	2727.617136	0.000000
110.540000	-8.030000	-152.275604	19.189100	-1.477908	84.694760	2728.502016	0.000000
110.540000	-8.030000	-152.275604	19.439100	-0.679443	84.735943	2729.217604	0.000000
110.540000	-8.030000	-152.275604	19.689100	-0.381185	84.777155	2729.895512	0.000000
110.540000	-8.030000	-152.275604	19.939100	0.384539	84.818547	2730.533021	0.000000
110.540000	-8.030000	-152.275604	20.189100	1.024772	84.859967	2731.005529	0.000000
110.540000	-8.030000	-152.275604	20.439100	0.989793	84.901565	2731.478036	0.000000
110.540000	-8.030000	-152.275604	20.689100	0.954865	84.943190	2731.950544	0.000000
110.540000	-8.030000	-152.275604	20.939100	0.919839	84.984991	2732.423051	0.000000
110.540000	-8.030000	-152.275604	21.189100	0.884866	85.026817	2732.895559	0.000000
110.540000	-8.030000	-152.275604	21.439100	0.849795	85.068818	2733.368066	0.000000
110.540000	-8.030000	-152.275604	21.689100	0.814779	85.110843	2733.840574	0.000000
110.540000	-8.030000	-152.275604	21.939100	0.779667	85.153041	2734.313081	0.000000
110.540000	-8.030000	-152.275604	22.189100	0.744610	85.195260	2734.785589	0.000000
110.540000	-8.030000	-152.275604	22.439100	0.709459	85.237652	2735.258096	0.000000
110.540000	-8.030000	-152.275604	22.689100	0.674365	85.280063	2735.730604	0.000000
110.540000	-8.030000	-152.025604	15.189100	-1.938764	84.112931	2720.301594	1.000000
110.540000	-8.030000	-152.025604	15.439100	-1.969960	84.153357	2721.209323	1.000000
110.540000	-8.030000	-152.025604	15.689100	-2.001135	84.193908	2722.117052	0.000000
110.540000	-8.030000	-152.025604	15.939100	-2.032269	84.234566	2723.024781	0.000000
110.540000	-8.030000	-152.025604	16.189100	-2.063380	84.275348	2723.932510	0.000000
110.540000	-8.030000	-152.025604	16.439100	-2.094448	84.316235	2724.840238	0.000000
110.540000	-8.030000	-152.025604	16.689100	-2.125493	84.357244	2725.747967	0.000000
110.540000	-8.030000	-152.025604	16.939100	-2.156494	84.398357	2726.655696	0.000000
110.540000	-8.030000	-152.025604	17.189100	-2.198378	84.439590	2727.563425	0.000000
110.540000	-8.030000	-152.025604	17.439100	-2.276021	84.480926	2728.472969	0.000000
110.540000	-8.030000	-152.025604	17.689100	-2.345927	84.522380	2729.390401	0.000000
110.540000	-8.030000	-152.025604	17.939100	-2.377733	84.563935	2730.307832	0.000000
110.540000	-8.030000	-152.025604	18.189100	-2.408431	84.605608	2731.225264	0.000000
110.540000	-8.030000	-152.025604	18.439100	-2.439080	84.647380	2732.142695	0.000000
110.540000	-8.030000	-152.025604	18.689100	-2.469698	84.689267	2733.060126	0.000000
110.540000	-8.030000	-152.025604	18.939100	-2.315292	84.731252	2733.977558	0.000000
110.540000	-8.030000	-152.025604	19.189100	-1.374042	84.773351	2734.850782	0.000000
110.540000	-8.030000	-152.025604	19.439100	-0.599441	84.815547	2735.528690	0.000000
110.540000	-8.030000	-152.025604	19.689100	0.110896	84.857854	2736.206598	0.000000
110.540000	-8.030000	-152.025604	19.939100	0.900998	84.900256	2736.696809	0.000000
110.540000	-8.030000	-152.025604	20.189100	0.941970	84.942769	2737.169317	0.000000
110.540000	-8.030000	-152.025604	20.439100	0.905984	84.985374	2737.641824	0.000000
110.540000	-8.030000	-152.025604	20.689100	0.869966	85.028089	2738.114332	0.000000
110.540000	-8.030000	-152.025604	20.939100	0.833935	85.070895	2738.586839	0.000000
110.540000	-8.030000	-152.025604	21.189100	0.797875	85.113808	2739.059347	0.000000
110.540000	-8.030000	-152.025604	21.439100	0.761803	85.156811	2739.531854	0.000000
110.540000	-8.030000	-152.025604	21.689100	0.725703	85.199919	2740.004362	0.000000
110.540000	-8.030000	-152.025604	21.939100	0.689591	85.243116	2740.476869	0.000000
110.540000	-8.030000	-151.775604	15.689100	-2.064690	84.257464	2728.490770	0.000000
110.540000	-8.030000	-151.775604	15.939100	-2.096939	84.299237	2729.398498	0.000000
110.540000	-8.030000	-151.775604	16.189100	-2.129078	84.341047	2730.306227	0.000000
110.540000	-8.030000	-151.775604	16.439100	-2.161260	84.383047	2731.213956	0.000000
110.540000	-8.030000	-151.775604	16.689100	-2.193331	84.425082	2732.121685	0.000000
110.540000	-8.030000	-151.775604	16.939100	-2.225444	84.467306	2733.029414	0.000000
110.540000	-8.030000	-151.775604	17.189100	-2.257444	84.509564	2733.937142	0.000000
110.540000	-8.030000	-151.775604	17.439100	-2.290573	84.552008	2734.844871	0.000000
110.540000	-8.030000	-151.775604	17.689100	-2.361666	84.594485	2735.752600	0.000000
110.540000	-8.030000	-151.775604	17.939100	-2.440217	84.637147	2736.668254	0.000000
110.540000	-8.030000	-151.775604	18.189100	-2.482662	84.679840	2737.585686	0.000000
110.540000	-8.030000	-151.775604	18.439100	-2.514416	84.722715	2738.503117	1.000000
110.540000	-8.030000	-151.775604	18.689100	-2.546051	84.765621	2739.420548	1.000000
110.540000	-8.030000	-151.775604	18.939100	-2.186467	84.808707	2740.337980	1.000000
110.540000	-8.030000	-151.775604	19.189100	-1.263258	84.851822	2741.161868	1.000000
110.540000	-8.030000	-151.775604	19.439100	-0.159043	84.895116	2741.839776	1.000000
110.540000	-8.030000	-151.775604	19.689100	0.609795	84.938436	2742.388090	0.000000
110.540000	-8.030000	-151.775604	19.939100	0.896264	84.981934	2742.860597	0.000000
110.540000	-8.030000	-151.775604	20.189100	0.859282	85.025457	2743.333105	0.000000
110.540000	-8.030000	-151.775604	20.439100	0.822202	85.069156	2743.805612	0.000000
110.540000	-8.030000	-151.775604	20.689100	0.785177	85.112879	2744.278120	0.000000
110.540000	-8.030000	-151.775604	20.939100	0.748055	85.156775	2744.750627	0.000000
110.540000	-8.030000	-151.525604	17.189100	-2.327456	84.579576	2740.310860	0.000000
110.540000	-8.030000	-151.525604	17.439100	-2.360521	84.623045	2741.218589	0.000000
110.540000	-8.030000	-151.525604	17.689100	-2.393558	84.666631	2742.126318	0.000000
110.540000	-8.030000	-151.525604	17.939100	-2.449491	84.710316	2743.034046	0.000000
110.540000	-8.030000	-151.525604	18.189100	-2.528970	84.754116	2743.946108	1.000000
110.540000	-8.030000	-151.525604	18.439100	-2.589712	84.798012	2744.863539	1.000000
110.540000	-8.030000	-151.525604	18.689100	-2.619957	84.842022	2745.780970	1.000000
110.540000	-8.030000	-151.525604	18.939100	-2.057737	84.886127	2746.697806	1.000000
110.540000	-8.030000	-151.525604	19.189100	-0.838489	84.930343	2747.472954	1.000000
110.540000	-8.030000	-151.525604	19.439100	0.336006	84.974653	2748.079370	1.000000
110.540000	-8.030000	-151.525604	19.689100	0.852663	85.019073	2748.551877	1.000000
110.540000	-8.030000	-151.525604	19.939100	0.814614	85.063584	2749.024385	0.000000
110.540000	-8.030000	-151.525604	20.189100	0.776535	85.108204	2749.496892	0.000000
110.540000	-8.030000	-151.275604	18.439100	-2.619821	84.873272	2751.223961	1.000000
110.540000	-8.030000	-151.275604	18.689100	-2.689462	84.918303	2752.141392	1.000000
110.540000	-8.030000	-151.275604	18.939100	-1.872204	84.963513	2753.057021	1.000000
110.540000	-8.030000	-151.275604	19.189100	-0.145584	85.008748	2753.770650	1.000000
110.540000	-8.030000	-151.025604	18.689100	-2.706444	84.994637	2758.504668	1.000000
110.540000	-8.030000	-151.025604	18.939100	-1.110403	85.040869	2759.416236	1.000000
