-155.636200	22.299900	2957.542000	92.570000	6.310000
-150.914993	18.914200	3098.299000	92.570000	6.310000
-157.700806	16.348400	2935.262000	92.570000	6.310000
-155.772995	19.079000	2977.088000	92.570000	6.310000
-155.996994	20.771000	2963.079000	92.570000	6.310000
-155.710999	20.046000	2975.074000	92.570000	6.310000
-159.664993	22.122999	2860.089000	92.570000	6.310000
-162.025604	19.986300	2810.062000	92.570000	6.310000
-161.095001	23.997200	2810.061000	92.570000	6.310000
-158.933105	24.573799	2857.077000	92.570000	6.310000
-156.964600	24.312099	2907.054000	92.570000	6.310000
-158.185394	22.620199	2892.053000	92.570000	6.310000
-155.636200	22.299900	2957.067000	92.570000	6.310000
-150.914993	18.914200	3099.074000	92.570000	6.310000
-157.700806	16.348400	2935.062000	92.570000	6.310000
-158.179504	20.377800	2908.054000	92.570000	6.310000
