-155.636200	22.299900	2957.542000	-0.455424
-150.914993	18.914200	3098.299000	NaN
-157.700806	16.348400	2935.262000	NaN
-155.772995	19.079000	2977.088000	-4.833125
-155.996994	20.771000	2963.079000	1.809347
-155.710999	20.046000	2975.074000	2.584034
-159.664993	22.122999	2860.089000	2.464791
-162.025604	19.986300	2810.062000	NaN
-161.095001	23.997200	2810.061000	NaN
-158.933105	24.573799	2857.077000	-1.070474
-156.964600	24.312099	2907.054000	-2.126959
-158.185394	22.620199	2892.053000	0.872406
-155.636200	22.299900	2957.067000	-0.455424
-150.914993	18.914200	3099.074000	NaN
-157.700806	16.348400	2935.062000	NaN
-158.179504	20.377800	2908.054000	-0.520171
