92.570000	6.310000	-161.525604	19.848400	-3.580468	101.579328	2823.491467	1.000000
92.570000	6.310000	-161.525604	20.098400	-2.004768	101.634154	2822.474615	1.000000
92.570000	6.310000	-161.525604	20.348400	-0.346176	101.688729	2821.140870	1.000000
92.570000	6.310000	-161.525604	20.598400	0.254847	101.743080	2819.665226	1.000000
92.570000	6.310000	-161.525604	20.848400	0.437203	101.797179	2818.109104	1.000000
92.570000	6.310000	-161.275604	19.848400	-3.850771	101.674908	2829.954085	1.000000
92.570000	6.310000	-161.275604	20.098400	-2.273194	101.730788	2828.979948	1.000000
92.570000	6.310000	-161.275604	20.348400	-0.905163	101.786335	2827.646203	1.000000
92.570000	6.310000	-161.275604	20.598400	-0.452179	101.841736	2826.312459	1.000000
92.570000	6.310000	-161.275604	20.848400	0.144354	101.896801	2824.815721	0.000000
92.570000	6.310000	-161.275604	21.098400	0.262833	101.951717	2823.259599	0.000000
92.570000	6.310000	-161.275604	21.348400	0.188193	102.006297	2821.703478	0.000000
92.570000	6.310000	-161.275604	21.598400	0.113475	102.060726	2820.147356	0.000000
92.570000	6.310000	-161.275604	21.848400	0.038867	102.114817	2818.591235	0.000000
92.570000	6.310000	-161.275604	22.098400	-0.035816	102.168756	2817.035113	0.000000
92.570000	6.310000	-161.025604	19.598400	-4.123647	101.713762	2837.330825	0.000000
92.570000	6.310000	-161.025604	19.848400	-4.121578	101.770845	2836.416704	1.000000
92.570000	6.310000	-161.025604	20.098400	-2.524216	101.827700	2835.485281	1.000000
92.570000	6.310000	-161.025604	20.348400	-1.003127	101.884300	2834.151536	0.000000
92.570000	6.310000	-161.025604	20.598400	-1.076787	101.940669	2832.817792	0.000000
92.570000	6.310000	-161.025604	20.848400	-0.560868	101.996781	2831.484047	0.000000
92.570000	6.310000	-161.025604	21.098400	0.031081	102.052662	2829.966216	0.000000
92.570000	6.310000	-161.025604	21.348400	0.086207	102.108283	2828.410095	0.000000
92.570000	6.310000	-161.025604	21.598400	0.010530	102.163671	2826.853973	0.000000
92.570000	6.310000	-161.025604	21.848400	-0.065113	102.218797	2825.297852	0.000000
92.570000	6.310000	-161.025604	22.098400	-0.140749	102.273689	2823.741730	0.000000
92.570000	6.310000	-161.025604	22.348400	-0.216349	102.328317	2822.185609	0.000000
92.570000	6.310000	-161.025604	22.598400	-0.291941	102.382710	2820.629487	0.000000
92.570000	6.310000	-161.025604	22.848400	-0.367493	102.436837	2819.073366	0.000000
92.570000	6.310000	-161.025604	23.098400	-0.443035	102.490726	2817.517244	1.000000
92.570000	6.310000	-160.775604	19.348400	-4.148849	101.750547	2844.707564	0.000000
92.570000	6.310000	-160.775604	19.598400	-4.218831	101.808946	2843.793443	0.000000
92.570000	6.310000	-160.775604	19.848400	-4.288618	101.867007	2842.879323	0.000000
92.570000	6.310000	-160.775604	20.098400	-2.764261	101.924918	2841.965202	0.000000
92.570000	6.310000	-160.775604	20.348400	-1.202535	101.982490	2840.656869	0.000000
92.570000	6.310000	-160.775604	20.598400	-1.176028	102.039911	2839.323125	0.000000
92.570000	6.310000	-160.775604	20.848400	-1.250601	102.096990	2837.989380	0.000000
92.570000	6.310000	-160.775604	21.098400	-0.672293	102.153915	2836.655636	0.000000
92.570000	6.310000	-160.775604	21.348400	-0.081390	102.210498	2835.116711	0.000000
92.570000	6.310000	-160.775604	21.598400	-0.092723	102.266924	2833.560590	0.000000
92.570000	6.310000	-160.775604	21.848400	-0.169323	102.323007	2832.004468	0.000000
92.570000	6.310000	-160.775604	22.098400	-0.245992	102.378932	2830.448347	0.000000
92.570000	6.310000	-160.775604	22.348400	-0.322543	102.434512	2828.892225	0.000000
92.570000	6.310000	-160.775604	22.598400	-0.399161	102.489931	2827.336104	0.000000
92.570000	6.310000	-160.775604	22.848400	-0.475660	102.545003	2825.779982	0.000000
92.570000	6.310000	-160.775604	23.098400	-0.552222	102.599914	2824.223861	1.000000
92.570000	6.310000	-160.775604	23.348400	-0.278650	102.654476	2822.667740	1.000000
92.570000	6.310000	-160.775604	23.598400	2.272525	102.708874	2821.068683	1.000000
92.570000	6.310000	-160.525604	19.098400	-4.172285	101.785421	2852.084303	0.000000
92.570000	6.310000	-160.525604	19.348400	-4.243336	101.845033	2851.170183	0.000000
92.570000	6.310000	-160.525604	19.598400	-4.314299	101.904413	2850.256062	0.000000
92.570000	6.310000	-160.525604	19.848400	-4.385145	101.963534	2849.341942	0.000000
92.570000	6.310000	-160.525604	20.098400	-3.023090	102.022421	2848.427821	0.000000
92.570000	6.310000	-160.525604	20.348400	-1.471381	102.081047	2847.162202	0.000000
92.570000	6.310000	-160.525604	20.598400	-1.275555	102.139438	2845.828458	0.000000
92.570000	6.310000	-160.525604	20.848400	-1.351176	102.197565	2844.494713	0.000000
92.570000	6.310000	-160.525604	21.098400	-1.411323	102.255455	2843.160969	0.000000
92.570000	6.310000	-160.525604	21.348400	-0.786399	102.313080	2841.823328	0.000000
92.570000	6.310000	-160.525604	21.598400	-0.196265	102.370466	2840.267207	1.000000
92.570000	6.310000	-160.525604	21.848400	-0.273901	102.427585	2838.711085	1.000000
92.570000	6.310000	-160.525604	22.098400	-0.351524	102.484464	2837.154964	1.000000
92.570000	6.310000	-160.525604	22.348400	-0.429105	102.541073	2835.598842	1.000000
92.570000	6.310000	-160.525604	22.598400	-0.506672	102.597441	2834.042721	1.000000
92.570000	6.310000	-160.525604	22.848400	-0.584194	102.653538	2832.486599	0.000000
92.570000	6.310000	-160.525604	23.098400	0.490752	102.709391	2830.930478	0.000000
92.570000	6.310000	-160.525604	23.348400	3.094443	102.764971	2829.163108	1.000000
92.570000	6.310000	-160.525604	23.598400	4.956173	102.820307	2827.065129	1.000000
92.570000	6.310000	-160.525604	23.848400	4.869196	102.875368	2824.967150	1.000000
92.570000	6.310000	-160.275604	18.848400	-4.193784	101.818215	2859.461043	0.000000
92.570000	6.310000	-160.275604	19.098400	-4.266018	101.879154	2858.546922	0.000000
92.570000	6.310000	-160.275604	19.348400	-4.338053	101.939750	2857.632802	0.000000
92.570000	6.310000	-160.275604	19.598400	-4.410079	102.000194	2856.718681	0.000000
92.570000	6.310000	-160.275604	19.848400	-4.481905	102.060293	2855.804561	0.000000
92.570000	6.310000	-160.275604	20.098400	-3.294454	102.120238	2854.890440	0.000000
92.570000	6.310000	-160.275604	20.348400	-1.740652	102.179838	2853.667535	0.000000
92.570000	6.310000	-160.275604	20.598400	-1.375398	102.239280	2852.333791	0.000000
92.570000	6.310000	-160.275604	20.848400	-1.451987	102.298375	2851.000046	0.000000
92.570000	6.310000	-160.275604	21.098400	-1.528621	102.357311	2849.666302	0.000000
92.570000	6.310000	-160.275604	21.348400	-1.509440	102.415899	2848.332557	1.000000
92.570000	6.310000	-160.275604	21.598400	-0.903234	102.474325	2846.973823	1.000000
92.570000	6.310000	-160.275604	21.848400	-0.378717	102.532401	2845.417702	1.000000
92.570000	6.310000	-160.275604	22.098400	-0.457374	102.590314	2843.861580	1.000000
92.570000	6.310000	-160.275604	22.348400	-0.535907	102.647875	2842.305459	1.000000
92.570000	6.310000	-160.275604	22.598400	-0.609235	102.705270	2840.749337	1.000000
92.570000	6.310000	-160.275604	22.848400	1.280140	102.762313	2839.193216	1.000000
92.570000	6.310000	-160.275604	23.098400	3.936524	102.819187	2837.257533	0.000000
92.570000	6.310000	-160.275604	23.348400	4.932359	102.875708	2835.159554	1.000000
92.570000	6.310000	-160.275604	23.598400	4.844421	102.932058	2833.061575	1.000000
92.570000	6.310000	-160.275604	23.848400	4.756510	102.988054	2830.963596	1.000000
92.570000	6.310000	-160.025604	18.598400	-4.213506	101.849088	2866.837782	0.000000
92.570000	6.310000	-160.025604	18.848400	-4.286818	101.911249	2865.923661	0.000000
92.570000	6.310000	-160.025604	19.098400	-4.360039	101.973176	2865.009541	0.000000
92.570000	6.310000	-160.025604	19.348400	-4.433141	102.034839	2864.095420	0.000000
92.570000	6.310000	-160.025604	19.598400	-4.506150	102.096265	2863.181300	0.000000
92.570000	6.310000	-160.025604	19.848400	-4.579037	102.157425	2862.267179	0.000000
92.570000	6.310000	-160.025604	20.098400	-3.566274	102.218347	2861.353059	0.000000
92.570000	6.310000	-160.025604	20.348400	-2.010483	102.279002	2860.172868	0.000000
92.570000	6.310000	-160.025604	20.598400	-1.475534	102.339416	2858.839123	0.000000
92.570000	6.310000	-160.025604	20.848400	-1.553172	102.399560	2857.505379	0.000000
92.570000	6.310000	-160.025604	21.098400	-1.630772	102.459462	2856.171635	0.000000
92.570000	6.310000	-160.025604	21.348400	-1.708303	102.519093	2854.837890	1.000000
92.570000	6.310000	-160.025604	21.598400	-1.624363	102.578480	2853.504146	1.000000
92.570000	6.310000	-160.025604	21.848400	-1.022742	102.637593	2852.124319	1.000000
92.570000	6.310000	-160.025604	22.098400	-0.563520	102.696460	2850.568197	1.000000
92.570000	6.310000	-160.025604	22.348400	-0.465398	102.755052	2849.012076	1.000000
92.570000	6.310000	-160.025604	22.598400	2.089445	102.813396	2847.449937	1.000000
92.570000	6.310000	-160.025604	22.848400	4.775083	102.871464	2845.351958	1.000000
92.570000	6.310000	-160.025604	23.098400	4.910044	102.929282	2843.253979	0.000000
92.570000	6.310000	-160.025604	23.348400	4.821246	102.986821	2841.156000	0.000000
92.570000	6.310000	-160.025604	23.598400	4.732371	103.044109	2839.058021	0.000000
92.570000	6.310000	-160.025604	23.848400	4.643448	103.101116	2836.960042	1.000000
92.570000	6.310000	-159.775604	18.348400	-4.231279	101.877868	2874.214521	0.000000
92.570000	6.310000	-159.775604	18.598400	-4.305785	101.941367	2873.300401	0.000000
92.570000	6.310000	-159.775604	18.848400	-4.380089	102.004520	2872.386280	0.000000
92.570000	6.310000	-159.775604	19.098400	-4.454381	102.067517	2871.472160	0.000000
92.570000	6.310000	-159.775604	19.348400	-4.528469	102.130166	2870.558039	0.000000
92.570000	6.310000	-159.775604	19.598400	-4.602542	102.192657	2869.643919	0.000000
92.570000	6.310000	-159.775604	19.848400	-4.676410	102.254798	2868.729798	0.000000
92.570000	6.310000	-159.775604	20.098400	-3.838577	102.316779	2867.815678	0.000000
92.570000	6.310000	-159.775604	20.348400	-2.280742	102.378409	2866.678201	0.000000
92.570000	6.310000	-159.775604	20.598400	-1.575993	102.439875	2865.344456	0.000000
92.570000	6.310000	-159.775604	20.848400	-1.654601	102.500989	2864.010712	0.000000
92.570000	6.310000	-159.775604	21.098400	-1.733248	102.561938	2862.676967	0.000000
92.570000	6.310000	-159.775604	21.348400	-1.811743	102.622533	2861.343223	1.000000
92.570000	6.310000	-159.775604	21.598400	-1.890274	102.682960	2860.009479	1.000000
92.570000	6.310000	-159.775604	21.848400	-1.741915	102.743031	2858.675734	1.000000
92.570000	6.310000	-159.775604	22.098400	-0.256709	102.802933	2857.274814	1.000000
92.570000	6.310000	-159.775604	22.348400	2.877056	102.862477	2855.544362	1.000000
92.570000	6.310000	-159.775604	22.598400	4.979006	102.921850	2853.446383	1.000000
92.570000	6.310000	-159.775604	22.848400	4.889391	102.980864	2851.348404	1.000000
92.570000	6.310000	-159.775604	23.098400	4.799622	103.039703	2849.250425	1.000000
92.570000	6.310000	-159.775604	23.348400	4.709884	103.098183	2847.152446	0.000000
92.570000	6.310000	-159.775604	23.598400	4.619993	103.156487	2845.054467	0.000000
92.570000	6.310000	-159.775604	23.848400	4.530135	103.214429	2842.956488	0.000000
92.570000	6.310000	-159.775604	24.098400	4.440127	103.272193	2840.858509	1.000000
92.570000	6.310000	-159.525604	18.348400	-4.322858	101.969447	2880.677140	0.000000
92.570000	6.310000	-159.525604	18.598400	-4.398359	102.033942	2879.763020	0.000000
92.570000	6.310000	-159.525604	18.848400	-4.473737	102.098168	2878.848899	0.000000
92.570000	6.310000	-159.525604	19.098400	-4.549019	102.162155	2877.934779	0.000000
92.570000	6.310000	-159.525604	19.348400	-4.624175	102.225872	2877.020658	0.000000
92.570000	6.310000	-159.525604	19.598400	-4.699233	102.289348	2876.106537	0.000000
92.570000	6.310000	-159.525604	19.848400	-4.774162	102.352551	2875.192417	0.000000
92.570000	6.310000	-159.525604	20.098400	-4.111336	102.415511	2874.278296	0.000000
92.570000	6.310000	-159.525604	20.348400	-2.551562	102.478196	2873.183534	0.000000
92.570000	6.310000	-159.525604	20.598400	-1.676754	102.540636	2871.849789	0.000000
92.570000	6.310000	-159.525604	20.848400	-1.756412	102.602800	2870.516045	0.000000
92.570000	6.310000	-159.525604	21.098400	-1.836026	102.664716	2869.182300	0.000000
92.570000	6.310000	-159.525604	21.348400	-1.915565	102.726355	2867.848556	1.000000
92.570000	6.310000	-159.525604	21.598400	-1.995058	102.787743	2866.514811	1.000000
92.570000	6.310000	-159.525604	21.848400	-0.838586	102.848852	2865.181067	1.000000
92.570000	6.310000	-159.525604	22.098400	2.253797	102.909710	2863.605505	1.000000
92.570000	6.310000	-159.525604	22.348400	4.612464	102.970286	2861.575848	1.000000
92.570000	6.310000	-159.525604	22.598400	4.842392	103.030608	2859.442829	1.000000
92.570000	6.310000	-159.525604	22.848400	4.663160	103.090647	2857.344850	1.000000
92.570000	6.310000	-159.525604	23.098400	4.622688	103.150431	2855.246871	1.000000
92.570000	6.310000	-159.525604	23.348400	4.582296	103.209929	2853.148892	0.000000
92.570000	6.310000	-159.525604	23.598400	4.507309	103.269171	2851.050913	0.000000
92.570000	6.310000	-159.525604	23.848400	4.416438	103.328125	2848.952934	1.000000
92.570000	6.310000	-159.525604	24.098400	4.325499	103.386821	2846.854955	1.000000
92.570000	6.310000	-159.525604	24.348400	4.234520	103.445228	2844.756976	1.000000
92.570000	6.310000	-159.275604	18.098400	-4.338087	101.995538	2888.053880	0.000000
92.570000	6.310000	-159.275604	18.348400	-4.414680	102.061269	2887.139759	0.000000
92.570000	6.310000	-159.275604	18.598400	-4.491260	102.126842	2886.225638	0.000000
92.570000	6.310000	-159.275604	18.848400	-4.567631	102.192062	2885.311518	0.000000
92.570000	6.310000	-159.275604	19.098400	-4.643985	102.257121	2884.397397	0.000000
92.570000	6.310000	-159.275604	19.348400	-4.720129	102.321826	2883.483277	0.000000
92.570000	6.310000	-159.275604	19.598400	-4.796253	102.386368	2882.569156	0.000000
92.570000	6.310000	-159.275604	19.848400	-4.872164	102.450553	2881.655036	0.000000
92.570000	6.310000	-159.275604	20.098400	-4.384582	102.514573	2880.740915	0.000000
92.570000	6.310000	-159.275604	20.348400	-2.822813	102.578235	2879.688867	0.000000
92.570000	6.310000	-159.275604	20.598400	-1.777847	102.641729	2878.355122	0.000000
92.570000	6.310000	-159.275604	20.848400	-1.858475	102.704864	2877.021378	0.000000
92.570000	6.310000	-159.275604	21.098400	-1.939137	102.767828	2875.687633	0.000000
92.570000	6.310000	-159.275604	21.348400	-2.019641	102.830431	2874.353889	1.000000
92.570000	6.310000	-159.275604	21.598400	-0.485771	102.892861	2873.020144	1.000000
92.570000	6.310000	-159.275604	21.848400	1.648340	102.954929	2871.368632	1.000000
92.570000	6.310000	-159.275604	22.098400	2.836447	103.016822	2869.600463	1.000000
92.570000	6.310000	-159.275604	22.348400	3.906570	103.078351	2867.693831	1.000000
92.570000	6.310000	-159.275604	22.598400	4.714099	103.139702	2865.559557	1.000000
92.570000	6.310000	-159.275604	22.848400	4.672244	103.200688	2863.425283	1.000000
92.570000	6.310000	-159.275604	23.098400	4.630359	103.261494	2861.291010	0.000000
92.570000	6.310000	-159.275604	23.348400	4.490783	103.321934	2859.156736	0.000000
92.570000	6.310000	-159.275604	23.598400	4.305976	103.382192	2857.047359	0.000000
92.570000	6.310000	-159.275604	23.848400	4.219178	103.442081	2854.949380	1.000000
92.570000	6.310000	-159.275604	24.098400	4.177295	103.501786	2852.851401	1.000000
92.570000	6.310000	-159.275604	24.348400	4.118626	103.561123	2850.753422	1.000000
92.570000	6.310000	-159.025604	17.848400	-4.351408	102.019577	2895.430619	0.000000
92.570000	6.310000	-159.025604	18.098400	-4.429210	102.086662	2894.516498	0.000000
92.570000	6.310000	-159.025604	18.348400	-4.506886	102.153475	2893.602378	0.000000
92.570000	6.310000	-159.025604	18.598400	-4.584462	102.220045	2892.688257	0.000000
92.570000	6.310000	-159.025604	18.848400	-4.661910	102.286341	2891.774137	0.000000
92.570000	6.310000	-159.025604	19.098400	-4.739255	102.352391	2890.860016	0.000000
92.570000	6.310000	-159.025604	19.348400	-4.816469	102.418166	2889.945896	0.000000
92.570000	6.310000	-159.025604	19.598400	-4.893579	102.483694	2889.031775	0.000000
92.570000	6.310000	-159.025604	19.848400	-4.970554	102.548943	2888.117655	1.000000
92.570000	6.310000	-159.025604	20.098400	-4.658286	102.613943	2887.203534	1.000000
92.570000	6.310000	-159.025604	20.348400	-3.094629	102.678662	2886.194200	1.000000
92.570000	6.310000	-159.025604	20.598400	-1.879248	102.743131	2884.860455	1.000000
92.570000	6.310000	-159.025604	20.848400	-1.960928	102.807317	2883.526711	1.000000
92.570000	6.310000	-159.025604	21.098400	-2.013842	102.871249	2882.192966	0.000000
92.570000	6.310000	-159.025604	21.348400	-0.126574	102.934897	2880.859222	1.000000
92.570000	6.310000	-159.025604	21.598400	2.029288	102.998290	2879.131758	1.000000
92.570000	6.310000	-159.025604	21.848400	2.248646	103.061397	2877.363590	1.000000
92.570000	6.310000	-159.025604	22.098400	2.223715	103.124246	2875.595421	2.000000
92.570000	6.310000	-159.025604	22.348400	3.447799	103.186807	2873.811813	2.000000
92.570000	6.310000	-159.025604	22.598400	4.602978	103.249109	2871.677540	2.000000
92.570000	6.310000	-159.025604	22.848400	4.510438	103.311121	2869.543266	2.000000
92.570000	6.310000	-159.025604	23.098400	4.417831	103.372872	2867.408992	1.000000
92.570000	6.310000	-159.025604	23.348400	4.325187	103.434331	2865.274718	0.000000
92.570000	6.310000	-159.025604	23.598400	4.266355	103.495527	2863.140445	1.000000
92.570000	6.310000	-159.025604	23.848400	4.223091	103.556429	2861.006171	1.000000
92.570000	6.310000	-159.025604	24.098400	4.132032	103.617067	2858.871897	1.000000
92.570000	6.310000	-159.025604	24.348400	4.063488	103.677409	2856.749868	1.000000
92.570000	6.310000	-158.775604	17.598400	-4.362873	102.041615	2902.807358	0.000000
92.570000	6.310000	-158.775604	17.848400	-4.441778	102.109947	2901.893238	0.000000
92.570000	6.310000	-158.775604	18.098400	-4.520666	102.178118	2900.979117	0.000000
92.570000	6.310000	-158.775604	18.348400	-4.599342	102.245932	2900.064997	0.000000
92.570000	6.310000	-158.775604	18.598400	-4.677999	102.313582	2899.150876	0.000000
92.570000	6.310000	-158.775604	18.848400	-4.756442	102.380873	2898.236756	0.000000
92.570000	6.310000	-158.775604	19.098400	-4.834862	102.447998	2897.322635	0.000000
92.570000	6.310000	-158.775604	19.348400	-4.913065	102.514762	2896.408514	0.000000
92.570000	6.310000	-158.775604	19.598400	-4.991243	102.581357	2895.494394	1.000000
92.570000	6.310000	-158.775604	19.848400	-5.069201	102.647590	2894.580273	1.000000
92.570000	6.310000	-158.775604	20.098400	-4.932477	102.713652	2893.666153	1.000000
92.570000	6.310000	-158.775604	20.348400	-3.366877	102.779349	2892.699533	1.000000
92.570000	6.310000	-158.775604	20.598400	-1.980990	102.844873	2891.365788	1.000000
92.570000	6.310000	-158.775604	20.848400	-1.831422	102.910031	2890.032044	1.000000
92.570000	6.310000	-158.775604	21.098400	0.238952	102.975012	2888.663053	1.000000
92.570000	6.310000	-158.775604	21.348400	2.271374	103.039626	2886.894885	0.000000
92.570000	6.310000	-158.775604	21.598400	2.231366	103.104062	2885.126716	1.000000
92.570000	6.310000	-158.775604	21.848400	2.141914	103.168129	2883.358547	2.000000
92.570000	6.310000	-158.775604	22.098400	2.052359	103.232014	2881.590379	2.000000
92.570000	6.310000	-158.775604	22.348400	3.000994	103.295529	2879.822210	2.000000
92.570000	6.310000	-158.775604	22.598400	4.070844	103.358860	2877.795522	2.000000
92.570000	6.310000	-158.775604	22.848400	4.399738	103.421820	2875.661248	1.000000
92.570000	6.310000	-158.775604	23.098400	4.306108	103.484594	2873.526975	1.000000
92.570000	6.310000	-158.775604	23.348400	4.212523	103.546995	2871.392701	1.000000
92.570000	6.310000	-158.775604	23.598400	4.129496	103.609207	2869.258427	1.000000
92.570000	6.310000	-158.775604	23.848400	4.065765	103.671045	2867.124154	1.000000
92.570000	6.310000	-158.775604	24.098400	4.065766	103.732692	2864.989880	1.000000
92.570000	6.310000	-158.775604	24.348400	4.082609	103.793964	2862.839201	1.000000
92.570000	6.310000	-158.525604	17.348400	-4.372417	102.061587	2910.184098	0.000000
92.570000	6.310000	-158.525604	17.598400	-4.452542	102.131284	2909.269977	0.000000
92.570000	6.310000	-158.525604	17.848400	-4.532537	102.200707	2908.355856	0.000000
92.570000	6.310000	-158.525604	18.098400	-4.612430	102.269882	2907.441736	0.000000
92.570000	6.310000	-158.525604	18.348400	-4.692191	102.338780	2906.527615	0.000000
92.570000	6.310000	-158.525604	18.598400	-4.771846	102.407429	2905.613495	0.000000
92.570000	6.310000	-158.525604	18.848400	-4.851367	102.475798	2904.699374	0.000000
92.570000	6.310000	-158.525604	19.098400	-4.930780	102.543916	2903.785254	0.000000
92.570000	6.310000	-158.525604	19.348400	-5.010055	102.611752	2902.871133	0.000000
92.570000	6.310000	-158.525604	19.598400	-5.089220	102.679335	2901.957013	1.000000
92.570000	6.310000	-158.525604	19.848400	-5.168244	102.746633	2901.042892	1.000000
92.570000	6.310000	-158.525604	20.098400	-5.207130	102.813676	2900.128772	1.000000
92.570000	6.310000	-158.525604	20.348400	-3.616652	102.880433	2899.204865	1.000000
92.570000	6.310000	-158.525604	20.598400	-1.480966	102.946932	2897.871121	1.000000
92.570000	6.310000	-158.525604	20.848400	0.610865	103.013142	2896.426180	1.000000
92.570000	6.310000	-158.525604	21.098400	2.306253	103.079093	2894.658011	1.000000
92.570000	6.310000	-158.525604	21.348400	2.215776	103.144754	2892.889842	0.000000
92.570000	6.310000	-158.525604	21.598400	2.125275	103.210153	2891.121674	0.000000
92.570000	6.310000	-158.525604	21.848400	2.034783	103.275259	2889.353505	1.000000
92.570000	6.310000	-158.525604	22.098400	1.944271	103.340102	2887.585336	1.000000
92.570000	6.310000	-158.525604	22.348400	2.409648	103.404650	2885.817168	1.000000
92.570000	6.310000	-158.525604	22.598400	3.475371	103.468933	2883.913505	1.000000
92.570000	6.310000	-158.525604	22.848400	4.288640	103.532919	2881.779231	1.000000
92.570000	6.310000	-158.525604	23.098400	4.223229	103.596638	2879.644957	1.000000
92.570000	6.310000	-158.525604	23.348400	4.189475	103.660058	2877.510684	1.000000
92.570000	6.310000	-158.525604	23.598400	4.210980	103.723210	2875.368538	0.000000
92.570000	6.310000	-158.525604	23.848400	4.201650	103.786061	2873.212228	1.000000
92.570000	6.310000	-158.525604	24.098400	4.136971	103.848641	2871.055919	1.000000
92.570000	6.310000	-158.525604	24.348400	4.049491	103.910918	2868.899610	1.000000
92.570000	6.310000	-158.275604	17.098400	-4.380091	102.079544	2917.560837	1.000000
92.570000	6.310000	-158.275604	17.348400	-4.461329	102.150500	2916.646716	0.000000
92.570000	6.310000	-158.275604	17.598400	-4.542550	102.221292	2915.732596	0.000000
92.570000	6.310000	-158.275604	17.848400	-4.623553	102.291723	2914.818475	0.000000
92.570000	6.310000	-158.275604	18.098400	-4.704535	102.361987	2913.904355	0.000000
92.570000	6.310000	-158.275604	18.348400	-4.785298	102.431887	2912.990234	0.000000
92.570000	6.310000	-158.275604	18.598400	-4.866037	102.501619	2912.076114	0.000000
92.570000	6.310000	-158.275604	18.848400	-4.946554	102.570985	2911.161993	0.000000
92.570000	6.310000	-158.275604	19.098400	-5.028065	102.640179	2910.247873	0.000000
92.570000	6.310000	-158.275604	19.348400	-5.124201	102.709006	2909.333752	0.000000
92.570000	6.310000	-158.275604	19.598400	-5.220194	102.777658	2908.419632	1.000000
92.570000	6.310000	-158.275604	19.848400	-5.315848	102.845942	2907.505511	1.000000
92.570000	6.310000	-158.275604	20.098400	-5.411355	102.914048	2906.591390	1.000000
92.570000	6.310000	-158.275604	20.348400	-3.197829	102.981784	2905.677270	1.000000
92.570000	6.310000	-158.275604	20.598400	0.446132	103.049340	2904.189306	1.000000
92.570000	6.310000	-158.275604	20.848400	1.831554	103.116524	2902.421138	1.000000
92.570000	6.310000	-158.275604	21.098400	1.738792	103.183525	2900.652969	1.000000
92.570000	6.310000	-158.275604	21.348400	1.646134	103.250153	2898.884800	1.000000
92.570000	6.310000	-158.275604	21.598400	1.553390	103.316595	2897.116631	0.000000
92.570000	6.310000	-158.275604	21.848400	1.460751	103.382663	2895.348463	1.000000
92.570000	6.310000	-158.275604	22.098400	1.368030	103.448542	2893.580294	1.000000
92.570000	6.310000	-158.275604	22.348400	1.325268	103.514045	2891.812125	1.000000
92.570000	6.310000	-158.275604	22.598400	2.864215	103.579358	2890.031487	1.000000
92.570000	6.310000	-158.275604	22.848400	4.339118	103.644293	2887.897214	1.000000
92.570000	6.310000	-158.275604	23.098400	4.360103	103.709036	2885.741565	1.000000
92.570000	6.310000	-158.275604	23.348400	4.297350	103.773399	2883.585256	1.000000
92.570000	6.310000	-158.275604	23.598400	4.220903	103.837567	2881.428946	1.000000
92.570000	6.310000	-158.275604	23.848400	4.124762	103.901354	2879.272637	1.000000
92.570000	6.310000	-158.275604	24.098400	4.028485	103.964943	2877.116327	1.000000
92.570000	6.310000	-158.275604	24.348400	3.932258	104.028151	2874.960018	1.000000
92.570000	6.310000	-158.025604	17.098400	-4.476050	102.167754	2924.023456	1.000000
92.570000	6.310000	-158.025604	17.348400	-4.574401	102.239809	2923.109335	0.000000
92.570000	6.310000	-158.025604	17.598400	-4.672537	102.311613	2922.195215	0.000000
92.570000	6.310000	-158.025604	17.848400	-4.770428	102.383137	2921.281094	0.000000
92.570000	6.310000	-158.025604	18.098400	-4.868102	102.454407	2920.366974	0.000000
92.570000	6.310000	-158.025604	18.348400	-4.965527	102.525394	2919.452853	0.000000
92.570000	6.310000	-158.025604	18.598400	-5.062732	102.596127	2918.538732	0.000000
92.570000	6.310000	-158.025604	18.848400	-5.166815	102.666573	2917.624612	0.000000
92.570000	6.310000	-158.025604	19.098400	-5.374273	102.736762	2916.712248	0.000000
92.570000	6.310000	-158.025604	19.348400	-5.573675	102.806662	2915.825498	0.000000
92.570000	6.310000	-158.025604	19.598400	-5.669153	102.876304	2914.938748	1.000000
92.570000	6.310000	-158.025604	19.848400	-5.764372	102.945655	2914.051998	1.000000
92.570000	6.310000	-158.025604	20.098400	-5.807154	103.014744	2913.165249	1.000000
92.570000	6.310000	-158.025604	20.348400	-2.635418	103.083540	2912.265422	1.000000
92.570000	6.310000	-158.025604	20.598400	0.837230	103.152073	2910.571234	1.000000
92.570000	6.310000	-158.025604	20.848400	1.025259	103.220311	2908.804710	1.000000
92.570000	6.310000	-158.025604	21.098400	0.932721	103.288283	2907.038186	1.000000
92.570000	6.310000	-158.025604	21.348400	0.840221	103.355958	2905.271662	1.000000
92.570000	6.310000	-158.025604	21.598400	0.747730	103.423365	2903.505139	0.000000
92.570000	6.310000	-158.025604	21.848400	0.655280	103.490473	2901.738615	1.000000
92.570000	6.310000	-158.025604	22.098400	0.562842	103.557311	2899.972091	1.000000
92.570000	6.310000	-158.025604	22.348400	1.742881	103.623848	2898.205567	1.000000
92.570000	6.310000	-158.025604	22.598400	4.060313	103.690113	2896.159548	1.000000
92.570000	6.310000	-158.025604	22.848400	4.487439	103.756075	2893.958283	1.000000
92.570000	6.310000	-158.025604	23.098400	4.277915	103.821764	2891.801973	1.000000
92.570000	6.310000	-158.025604	23.348400	4.203343	103.887147	2889.645664	1.000000
92.570000	6.310000	-158.025604	23.598400	4.106215	103.952254	2887.489354	1.000000
92.570000	6.310000	-158.025604	23.848400	4.009061	104.017054	2885.333045	0.000000
92.570000	6.310000	-158.025604	24.098400	3.911851	104.081577	2883.176735	2.000000
92.570000	6.310000	-158.025604	24.348400	3.814618	104.145791	2881.020426	2.000000
92.570000	6.310000	-157.775604	16.848400	-4.652680	102.182871	2931.400195	1.000000
92.570000	6.310000	-157.775604	17.098400	-4.863387	102.256308	2930.499256	1.000000
92.570000	6.310000	-157.775604	17.348400	-5.019333	102.329379	2929.612506	0.000000
92.570000	6.310000	-157.775604	17.598400	-5.117108	102.402281	2928.725756	0.000000
92.570000	6.310000	-157.775604	17.848400	-5.214552	102.474815	2927.839006	0.000000
92.570000	6.310000	-157.775604	18.098400	-5.311860	102.547177	2926.952257	0.000000
92.570000	6.310000	-157.775604	18.348400	-5.408835	102.619169	2926.065507	0.000000
92.570000	6.310000	-157.775604	18.598400	-5.505670	102.690986	2925.178757	0.000000
92.570000	6.310000	-157.775604	18.848400	-5.602168	102.762431	2924.292008	0.000000
92.570000	6.310000	-157.775604	19.098400	-5.697598	102.833698	2923.405258	0.000000
92.570000	6.310000	-157.775604	19.348400	-5.779229	102.904591	2922.518508	0.000000
92.570000	6.310000	-157.775604	19.598400	-5.860814	102.975304	2921.631758	1.000000
92.570000	6.310000	-157.775604	19.848400	-5.942158	103.045642	2920.745009	1.000000
92.570000	6.310000	-157.775604	20.098400	-5.598397	103.115796	2919.858259	1.000000
92.570000	6.310000	-157.775604	20.348400	-2.448751	103.185573	2918.866543	1.000000
92.570000	6.310000	-157.775604	20.598400	0.414260	103.255164	2917.192439	1.000000
92.570000	6.310000	-157.775604	20.848400	0.675700	103.324376	2915.425915	1.000000
92.570000	6.310000	-157.775604	21.098400	0.584197	103.393400	2913.659391	1.000000
92.570000	6.310000	-157.775604	21.348400	0.492815	103.462043	2911.892868	0.000000
92.570000	6.310000	-157.775604	21.598400	0.401364	103.530495	2910.126344	0.000000
92.570000	6.310000	-157.775604	21.848400	0.310035	103.598565	2908.359820	1.000000
92.570000	6.310000	-157.775604	22.098400	1.004603	103.666442	2906.593296	1.000000
92.570000	6.310000	-157.775604	22.348400	3.913585	103.733934	2904.642932	1.000000
92.570000	6.310000	-157.775604	22.598400	5.185751	103.801231	2902.280943	1.000000
92.570000	6.310000	-157.775604	22.848400	4.464167	103.868142	2900.079722	1.000000
92.570000	6.310000	-157.775604	23.098400	4.316582	103.934854	2897.878501	1.000000
92.570000	6.310000	-157.775604	23.348400	4.105801	104.001180	2895.706072	1.000000
92.570000	6.310000	-157.775604	23.598400	3.991164	104.067305	2893.549762	0.000000
92.570000	6.310000	-157.775604	23.848400	3.893074	104.133042	2891.393453	1.000000
92.570000	6.310000	-157.775604	24.098400	3.794854	104.198575	2889.237144	1.000000
92.570000	6.310000	-157.775604	24.348400	3.696690	104.263719	2887.080834	1.000000
92.570000	6.310000	-157.525604	16.848400	-4.965537	102.270724	2938.079016	1.000000
92.570000	6.310000	-157.525604	17.098400	-5.128055	102.345181	2937.192266	1.000000
92.570000	6.310000	-157.525604	17.348400	-5.211881	102.419354	2936.305516	0.000000
92.570000	6.310000	-157.525604	17.598400	-5.295586	102.493271	2935.418766	0.000000
92.570000	6.310000	-157.525604	17.848400	-5.379140	102.566900	2934.532017	0.000000
92.570000	6.310000	-157.525604	18.098400	-5.462572	102.640270	2933.645267	0.000000
92.570000	6.310000	-157.525604	18.348400	-5.545849	102.713351	2932.758517	0.000000
92.570000	6.310000	-157.525604	18.598400	-5.629000	102.786170	2931.871768	0.000000
92.570000	6.310000	-157.525604	18.848400	-5.711995	102.858698	2930.985018	0.000000
92.570000	6.310000	-157.525604	19.098400	-5.794861	102.930962	2930.098268	0.000000
92.570000	6.310000	-157.525604	19.348400	-5.877568	103.002931	2929.211518	0.000000
92.570000	6.310000	-157.525604	19.598400	-5.960144	103.074634	2928.324769	1.000000
92.570000	6.310000	-157.525604	19.848400	-5.971546	103.146041	2927.438019	1.000000
92.570000	6.310000	-157.525604	20.098400	-5.235613	103.217179	2926.533354	1.000000
92.570000	6.310000	-157.525604	20.348400	-2.322576	103.288019	2925.447005	1.000000
92.570000	6.310000	-157.525604	20.598400	0.154936	103.358588	2923.813644	1.000000
92.570000	6.310000	-157.525604	20.848400	0.571220	103.428856	2922.047121	1.000000
92.570000	6.310000	-157.525604	21.098400	0.478745	103.498852	2920.280597	1.000000
92.570000	6.310000	-157.525604	21.348400	0.386314	103.568544	2918.514073	0.000000
92.570000	6.310000	-157.525604	21.598400	0.293898	103.637961	2916.747549	0.000000
92.570000	6.310000	-157.525604	21.848400	0.534725	103.707073	2914.981026	1.000000
92.570000	6.310000	-157.525604	22.098400	3.492446	103.775909	2913.126317	1.000000
92.570000	6.310000	-157.525604	22.348400	5.855376	103.844436	2910.742661	1.000000
92.570000	6.310000	-157.525604	22.598400	4.983901	103.912685	2908.403594	1.000000
92.570000	6.310000	-157.525604	22.848400	4.349991	103.980625	2906.202373	1.000000
92.570000	6.310000	-157.525604	23.098400	4.250715	104.048283	2904.001152	1.000000
92.570000	6.310000	-157.525604	23.348400	4.147107	104.115630	2901.799931	1.000000
92.570000	6.310000	-157.525604	23.598400	3.935732	104.182695	2899.610171	1.000000
92.570000	6.310000	-157.525604	23.848400	3.768508	104.249445	2897.453861	1.000000
92.570000	6.310000	-157.525604	24.098400	3.677517	104.315912	2895.297552	1.000000
92.570000	6.310000	-157.525604	24.348400	3.578347	104.382062	2893.141242	1.000000
92.570000	6.310000	-157.275604	16.848400	-6.716681	102.358843	2944.640746	1.000000
92.570000	6.310000	-157.275604	17.098400	-5.612712	102.434408	2943.885276	1.000000
92.570000	6.310000	-157.275604	17.348400	-5.302126	102.509599	2942.998526	0.000000
92.570000	6.310000	-157.275604	17.598400	-5.386931	102.584616	2942.111777	0.000000
92.570000	6.310000	-157.275604	17.848400	-5.471498	102.659258	2941.225027	0.000000
92.570000	6.310000	-157.275604	18.098400	-5.556023	102.733722	2940.338277	0.000000
92.570000	6.310000	-157.275604	18.348400	-5.640307	102.807809	2939.451528	0.000000
92.570000	6.310000	-157.275604	18.598400	-5.724545	102.881716	2938.564778	0.000000
92.570000	6.310000	-157.275604	18.848400	-5.808541	102.955243	2937.678028	0.000000
92.570000	6.310000	-157.275604	19.098400	-5.892487	103.028587	2936.791278	0.000000
92.570000	6.310000	-157.275604	19.348400	-5.976189	103.101551	2935.904529	0.000000
92.570000	6.310000	-157.275604	19.598400	-6.059838	103.174328	2935.017779	0.000000
92.570000	6.310000	-157.275604	19.848400	-5.929648	103.246723	2934.131029	0.000000
92.570000	6.310000	-157.275604	20.098400	-4.883157	103.318929	2933.193483	1.000000
92.570000	6.310000	-157.275604	20.348400	-2.272257	103.390750	2932.027467	1.000000
92.570000	6.310000	-157.275604	20.598400	-0.104960	103.462379	2930.434850	1.000000
92.570000	6.310000	-157.275604	20.848400	0.466453	103.533623	2928.668326	1.000000
92.570000	6.310000	-157.275604	21.098400	0.372925	103.604672	2926.901802	0.000000
92.570000	6.310000	-157.275604	21.348400	0.279525	103.675333	2925.135279	0.000000
92.570000	6.310000	-157.275604	21.598400	0.186062	103.745797	2923.368755	0.000000
92.570000	6.310000	-157.275604	21.848400	2.993262	103.815872	2921.602231	0.000000
92.570000	6.310000	-157.275604	22.098400	5.989487	103.885746	2919.226046	1.000000
92.570000	6.310000	-157.275604	22.348400	5.656278	103.955230	2916.842390	1.000000
92.570000	6.310000	-157.275604	22.598400	4.783395	104.024511	2914.526246	1.000000
92.570000	6.310000	-157.275604	22.848400	4.237215	104.093401	2912.325024	1.000000
92.570000	6.310000	-157.275604	23.098400	4.136914	104.162084	2910.123803	1.000000
92.570000	6.310000	-157.275604	23.348400	4.036671	104.230375	2907.922582	0.000000
92.570000	6.310000	-157.275604	23.598400	3.952249	104.298457	2905.721361	1.000000
92.570000	6.310000	-157.275604	23.848400	3.763115	104.366145	2903.520140	1.000000
92.570000	6.310000	-157.275604	24.098400	3.550516	104.433621	2901.357960	1.000000
92.570000	6.310000	-157.025604	17.098400	-7.402854	102.523960	2950.313366	1.000000
92.570000	6.310000	-157.025604	17.348400	-6.273568	102.600256	2949.691537	0.000000
92.570000	6.310000	-157.025604	17.598400	-5.437060	102.676290	2948.804787	0.000000
92.570000	6.310000	-157.025604	17.848400	-5.564270	102.752030	2947.918037	0.000000
92.570000	6.310000	-157.025604	18.098400	-5.649806	102.827504	2947.031288	0.000000
92.570000	6.310000	-157.025604	18.348400	-5.735181	102.902683	2946.144538	0.000000
92.570000	6.310000	-157.025604	18.598400	-5.820424	102.977594	2945.257788	0.000000
92.570000	6.310000	-157.025604	18.848400	-5.905504	103.052207	2944.371038	0.000000
92.570000	6.310000	-157.025604	19.098400	-5.990449	103.126549	2943.484289	0.000000
92.570000	6.310000	-157.025604	19.348400	-6.075228	103.200591	2942.597539	0.000000
92.570000	6.310000	-157.025604	19.598400	-6.069550	103.274360	2941.710789	0.000000
92.570000	6.310000	-157.025604	19.848400	-5.882171	103.347826	2940.801287	0.000000
92.570000	6.310000	-157.025604	20.098400	-4.630657	103.421017	2939.853612	0.000000
92.570000	6.310000	-157.025604	20.348400	-2.222521	103.493903	2938.607930	0.000000
92.570000	6.310000	-157.025604	20.598400	-0.337209	103.566512	2937.056055	1.000000
92.570000	6.310000	-157.025604	20.848400	0.361264	103.638812	2935.289532	1.000000
92.570000	6.310000	-157.025604	21.098400	0.266763	103.710834	2933.523008	0.000000
92.570000	6.310000	-157.025604	21.348400	0.172313	103.782545	2931.756484	0.000000
92.570000	6.310000	-157.025604	21.598400	2.499022	103.853976	2929.989960	0.000000
92.570000	6.310000	-157.025604	21.848400	5.601868	103.925094	2927.709430	0.000000
92.570000	6.310000	-157.025604	22.098400	5.908048	103.995929	2925.325775	0.000000
92.570000	6.310000	-157.025604	22.348400	5.456657	104.066449	2922.942119	0.000000
92.570000	6.310000	-157.025604	22.598400	4.582450	104.136684	2920.648897	0.000000
92.570000	6.310000	-157.025604	22.848400	4.124014	104.206601	2918.447676	0.000000
92.570000	6.310000	-157.025604	23.098400	4.022766	104.276232	2916.246455	0.000000
92.570000	6.310000	-157.025604	23.348400	3.921501	104.345544	2914.045234	1.000000
92.570000	6.310000	-157.025604	23.598400	3.820188	104.414567	2911.844012	1.000000
92.570000	6.310000	-157.025604	23.848400	3.718861	104.483269	2909.642791	1.000000
92.570000	6.310000	-156.775604	17.098400	-7.659239	102.613875	2956.551810	0.000000
92.570000	6.310000	-156.775604	17.348400	-7.765221	102.691192	2955.985985	0.000000
92.570000	6.310000	-156.775604	17.598400	-6.946507	102.768328	2955.420160	0.000000
92.570000	6.310000	-156.775604	17.848400	-5.859707	102.845083	2954.611048	0.000000
92.570000	6.310000	-156.775604	18.098400	-5.743955	102.921654	2953.724298	0.000000
92.570000	6.310000	-156.775604	18.348400	-5.830339	102.997842	2952.837548	0.000000
92.570000	6.310000	-156.775604	18.598400	-5.916672	103.073842	2951.950798	0.000000
92.570000	6.310000	-156.775604	18.848400	-6.002754	103.149457	2951.064049	1.000000
92.570000	6.310000	-156.775604	19.098400	-6.088782	103.224882	2950.177299	1.000000
92.570000	6.310000	-156.775604	19.348400	-6.174557	103.299920	2949.290549	1.000000
92.570000	6.310000	-156.775604	19.598400	-6.024506	103.374765	2948.403799	0.000000
92.570000	6.310000	-156.775604	19.848400	-5.847208	103.449221	2947.461416	0.000000
92.570000	6.310000	-156.775604	20.098400	-4.419095	103.523481	2946.513741	1.000000
92.570000	6.310000	-156.775604	20.348400	-2.058610	103.597350	2945.188392	1.000000
92.570000	6.310000	-156.775604	20.598400	-0.559496	103.671020	2943.648019	1.000000
92.570000	6.310000	-156.775604	20.848400	0.144407	103.744298	2941.910737	1.000000
92.570000	6.310000	-156.775604	21.098400	0.160223	103.817374	2940.144213	1.000000
92.570000	6.310000	-156.775604	21.348400	2.009913	103.890056	2938.377690	1.000000
92.570000	6.310000	-156.775604	21.598400	5.085917	103.962534	2936.192814	0.000000
92.570000	6.310000	-156.775604	21.848400	5.901672	104.034616	2933.809159	0.000000
92.570000	6.310000	-156.775604	22.098400	5.797486	104.106491	2931.425504	0.000000
92.570000	6.310000	-156.775604	22.348400	5.256639	104.177968	2929.041848	0.000000
92.570000	6.310000	-156.775604	22.598400	4.381030	104.249236	2926.771548	0.000000
92.570000	6.310000	-156.775604	22.848400	4.010510	104.320105	2924.570327	0.000000
92.570000	6.310000	-156.775604	23.098400	3.908237	104.390761	2922.369106	0.000000
92.570000	6.310000	-156.775604	23.348400	3.806028	104.461017	2920.167885	1.000000
92.570000	6.310000	-156.775604	23.598400	3.703697	104.531058	2917.966664	1.000000
92.570000	6.310000	-156.775604	23.848400	4.212710	104.600698	2915.765443	1.000000
92.570000	6.310000	-156.525604	17.098400	-7.749487	102.704124	2962.790255	0.000000
92.570000	6.310000	-156.525604	17.348400	-7.834576	102.782548	2962.224430	0.000000
92.570000	6.310000	-156.525604	17.598400	-7.919489	102.860704	2961.658605	0.000000
92.570000	6.310000	-156.525604	17.848400	-7.631686	102.938559	2961.092780	0.000000
92.570000	6.310000	-156.525604	18.098400	-6.520118	103.016143	2960.417308	0.000000
92.570000	6.310000	-156.525604	18.348400	-5.913185	103.093424	2959.530558	0.000000
92.570000	6.310000	-156.525604	18.598400	-6.013261	103.170432	2958.643809	1.000000
92.570000	6.310000	-156.525604	18.848400	-6.100431	103.247133	2957.757059	1.000000
92.570000	6.310000	-156.525604	19.098400	-6.187459	103.323559	2956.870309	1.000000
92.570000	6.310000	-156.525604	19.348400	-6.164630	103.399677	2955.983559	1.000000
92.570000	6.310000	-156.525604	19.598400	-5.976359	103.475516	2955.069219	2.000000
92.570000	6.310000	-156.525604	19.848400	-5.928001	103.551044	2954.121545	1.000000
92.570000	6.310000	-156.525604	20.098400	-4.208432	103.626292	2953.173870	2.000000
92.570000	6.310000	-156.525604	20.348400	-1.850665	103.701227	2951.768854	2.000000
92.570000	6.310000	-156.525604	20.598400	-0.810870	103.775878	2950.228481	2.000000
92.570000	6.310000	-156.525604	20.848400	-0.116863	103.850215	2948.531943	1.000000
92.570000	6.310000	-156.525604	21.098400	1.525799	103.924266	2946.765419	1.000000
92.570000	6.310000	-156.525604	21.348400	4.575001	103.997999	2944.676199	1.000000
92.570000	6.310000	-156.525604	21.598400	5.896793	104.071445	2942.292543	1.000000
92.570000	6.310000	-156.525604	21.848400	5.791718	104.144571	2939.908888	1.000000
92.570000	6.310000	-156.525604	22.098400	5.686570	104.217407	2937.525233	1.000000
92.570000	6.310000	-156.525604	22.348400	5.056091	104.289921	2935.141577	1.000000
92.570000	6.310000	-156.525604	22.598400	4.179163	104.362144	2932.894200	1.000000
92.570000	6.310000	-156.525604	22.848400	3.896573	104.434042	2930.692978	1.000000
92.570000	6.310000	-156.525604	23.098400	3.793352	104.505646	2928.491757	0.000000
92.570000	6.310000	-156.525604	23.348400	3.810768	104.576924	2926.290536	0.000000
92.570000	6.310000	-156.525604	23.598400	4.947664	104.647906	2924.089315	1.000000
92.570000	6.310000	-156.275604	17.348400	-7.926219	102.874191	2968.462875	0.000000
92.570000	6.310000	-156.275604	17.598400	-8.012238	102.953453	2967.897049	0.000000
92.570000	6.310000	-156.275604	17.848400	-8.097963	103.032325	2967.331224	0.000000
92.570000	6.310000	-156.275604	18.098400	-8.226307	103.111008	2966.765399	0.000000
92.570000	6.310000	-156.275604	18.348400	-7.192276	103.189300	2966.199574	1.000000
92.570000	6.310000	-156.275604	18.598400	-6.122798	103.267399	2965.336819	1.000000
92.570000	6.310000	-156.275604	18.848400	-6.198403	103.345106	2964.450069	1.000000
92.570000	6.310000	-156.275604	19.098400	-6.286516	103.422616	2963.563319	1.000000
92.570000	6.310000	-156.275604	19.348400	-6.116348	103.499732	2962.676570	2.000000
92.570000	6.310000	-156.275604	19.598400	-5.943616	103.576649	2961.729348	2.000000
92.570000	6.310000	-156.275604	19.848400	-6.030126	103.653169	2960.781674	2.000000
92.570000	6.310000	-156.275604	20.098400	-3.981511	103.729487	2959.833999	2.000000
92.570000	6.310000	-156.275604	20.348400	-1.643734	103.805407	2958.349317	2.000000
92.570000	6.310000	-156.275604	20.598400	-1.073891	103.881122	2956.808943	2.000000
92.570000	6.310000	-156.275604	20.848400	0.624138	103.956437	2955.153148	1.000000
92.570000	6.310000	-156.275604	21.098400	4.069092	104.031544	2953.159583	1.000000
92.570000	6.310000	-156.275604	21.348400	5.893574	104.106249	2950.775928	1.000000
92.570000	6.310000	-156.275604	21.598400	5.787494	104.180744	2948.392272	2.000000
92.570000	6.310000	-156.275604	21.848400	5.681454	104.254835	2946.008617	1.000000
92.570000	6.310000	-156.275604	22.098400	5.575265	104.328712	2943.624962	1.000000
92.570000	6.310000	-156.275604	22.348400	4.855135	104.402185	2941.241306	1.000000
92.570000	6.310000	-156.275604	22.598400	3.976813	104.475441	2939.016851	1.000000
92.570000	6.310000	-156.275604	22.848400	3.782324	104.548291	2936.815630	1.000000
92.570000	6.310000	-156.275604	23.098400	4.334888	104.620922	2934.614409	1.000000
92.570000	6.310000	-156.275604	23.348400	5.696961	104.693144	2932.327109	0.000000
92.570000	6.310000	-156.025604	17.348400	-8.018291	102.966263	2974.701319	0.000000
92.570000	6.310000	-156.025604	17.598400	-8.105332	103.046547	2974.135494	0.000000
92.570000	6.310000	-156.025604	17.848400	-8.192160	103.126523	2973.569669	0.000000
92.570000	6.310000	-156.025604	18.098400	-8.278803	103.206221	2973.003844	0.000000
92.570000	6.310000	-156.025604	18.348400	-8.365230	103.285609	2972.438019	1.000000
92.570000	6.310000	-156.025604	18.598400	-7.876561	103.364717	2971.872193	1.000000
92.570000	6.310000	-156.025604	18.848400	-6.782632	103.443513	2971.143079	1.000000
92.570000	6.310000	-156.025604	19.098400	-6.254470	103.522026	2970.256330	2.000000
92.570000	6.310000	-156.025604	19.348400	-6.067627	103.600224	2969.337152	2.000000
92.570000	6.310000	-156.025604	19.598400	-6.043300	103.678136	2968.389477	2.000000
92.570000	6.310000	-156.025604	19.848400	-6.037414	103.755731	2967.441803	2.000000
92.570000	6.310000	-156.025604	20.098400	-3.712816	103.833039	2966.470152	2.000000
92.570000	6.310000	-156.025604	20.348400	-1.221260	103.910026	2964.929779	2.000000
92.570000	6.310000	-156.025604	20.598400	0.133668	103.986724	2963.389406	2.000000
92.570000	6.310000	-156.025604	20.848400	4.125478	104.063099	2961.642967	1.000000
92.570000	6.310000	-156.025604	21.098400	6.836008	104.139182	2959.259312	1.000000
92.570000	6.310000	-156.025604	21.348400	6.331763	104.214940	2956.875657	1.000000
92.570000	6.310000	-156.025604	21.598400	5.842529	104.290404	2954.492001	2.000000
92.570000	6.310000	-156.025604	21.848400	5.570749	104.365540	2952.108346	1.000000
92.570000	6.310000	-156.025604	22.098400	5.463597	104.440380	2949.724691	1.000000
92.570000	6.310000	-156.025604	22.348400	4.620762	104.514890	2947.341035	1.000000
92.570000	6.310000	-156.025604	22.598400	3.906457	104.589102	2945.139502	1.000000
92.570000	6.310000	-156.025604	22.848400	5.077910	104.662982	2942.938281	1.000000
92.570000	6.310000	-156.025604	23.098400	6.460332	104.736561	2940.512446	1.000000
92.570000	6.310000	-155.775604	17.348400	-8.110659	103.058632	2980.939764	0.000000
92.570000	6.310000	-155.775604	17.598400	-8.198809	103.140023	2980.373939	0.000000
92.570000	6.310000	-155.775604	17.848400	-8.286656	103.221019	2979.808114	0.000000
92.570000	6.310000	-155.775604	18.098400	-8.374401	103.301819	2979.242288	1.000000
92.570000	6.310000	-155.775604	18.348400	-8.461842	103.382221	2978.676463	1.000000
92.570000	6.310000	-155.775604	18.598400	-8.549176	103.462423	2978.110638	1.000000
92.570000	6.310000	-155.775604	18.848400	-8.554360	103.542226	2977.544813	1.000000
92.570000	6.310000	-155.775604	19.098400	-7.165137	103.621825	2976.944955	2.000000
92.570000	6.310000	-155.775604	19.348400	-5.821218	103.701023	2975.997281	2.000000
92.570000	6.310000	-155.775604	19.598400	-5.928889	103.780016	2975.049606	2.000000
92.570000	6.310000	-155.775604	19.848400	-5.614168	103.858604	2974.101931	3.000000
92.570000	6.310000	-155.775604	20.098400	-1.595232	103.936984	2973.050615	2.000000
92.570000	6.310000	-155.775604	20.348400	3.495098	104.014959	2971.178304	2.000000
92.570000	6.310000	-155.775604	20.598400	5.430884	104.092721	2969.039310	2.000000
92.570000	6.310000	-155.775604	20.848400	6.019308	104.170076	2966.900316	2.000000
92.570000	6.310000	-155.775604	21.098400	5.549528	104.247216	2964.761322	1.000000
92.570000	6.310000	-155.775604	21.348400	5.092970	104.323948	2962.622328	2.000000
92.570000	6.310000	-155.775604	21.598400	5.209952	104.400461	2960.483334	2.000000
92.570000	6.310000	-155.775604	21.848400	5.751243	104.476564	2958.208075	1.000000
92.570000	6.310000	-155.775604	22.098400	5.643070	104.552446	2955.824420	1.000000
92.570000	6.310000	-155.775604	22.348400	5.095218	104.627916	2953.463375	1.000000
92.570000	6.310000	-155.775604	22.598400	5.835077	104.703162	2951.168133	1.000000
92.570000	6.310000	-155.775604	22.848400	6.864987	104.777995	2948.697783	1.000000
92.570000	6.310000	-155.525604	17.598400	-8.292639	103.233853	2986.612384	0.000000
92.570000	6.310000	-155.525604	17.848400	-8.381592	103.315955	2986.046558	0.000000
92.570000	6.310000	-155.525604	18.098400	-8.470355	103.397773	2985.480733	0.000000
92.570000	6.310000	-155.525604	18.348400	-8.558894	103.479273	2984.914908	1.000000
92.570000	6.310000	-155.525604	18.598400	-8.647240	103.560487	2984.349083	1.000000
92.570000	6.310000	-155.525604	18.848400	-8.565604	103.641381	2983.783258	1.000000
92.570000	6.310000	-155.525604	19.098400	-7.124288	103.721986	2983.178073	2.000000
92.570000	6.310000	-155.525604	19.348400	-5.888450	103.802268	2982.258204	2.000000
92.570000	6.310000	-155.525604	19.598400	-5.997821	103.882258	2981.338334	2.000000
92.570000	6.310000	-155.525604	19.848400	-4.093805	103.961923	2980.418464	2.000000
92.570000	6.310000	-155.525604	20.098400	1.683219	104.041294	2979.018623	2.000000
92.570000	6.310000	-155.525604	20.348400	5.185340	104.120338	2976.850791	2.000000
92.570000	6.310000	-155.525604	20.598400	5.121958	104.199085	2974.682958	2.000000
92.570000	6.310000	-155.525604	20.848400	5.058637	104.277502	2972.515126	1.000000
92.570000	6.310000	-155.525604	21.098400	4.995347	104.355619	2970.347293	1.000000
92.570000	6.310000	-155.525604	21.348400	4.932120	104.433405	2968.179461	2.000000
92.570000	6.310000	-155.525604	21.598400	4.868922	104.510889	2966.011629	2.000000
92.570000	6.310000	-155.525604	21.848400	4.594111	104.588038	2963.843796	1.000000
92.570000	6.310000	-155.525604	22.098400	4.888035	104.664884	2961.675964	1.000000
92.570000	6.310000	-155.525604	22.348400	6.164200	104.741392	2959.353471	1.000000
92.570000	6.310000	-155.525604	22.598400	6.937862	104.817595	2956.883120	1.000000
92.570000	6.310000	-155.275604	17.598400	-8.386861	103.328075	2992.850828	0.000000
92.570000	6.310000	-155.275604	17.848400	-8.476837	103.411200	2992.285003	0.000000
92.570000	6.310000	-155.275604	18.098400	-8.566704	103.494121	2991.719178	0.000000
92.570000	6.310000	-155.275604	18.348400	-8.656259	103.576638	2991.153353	1.000000
92.570000	6.310000	-155.275604	18.598400	-8.745701	103.658948	2990.587527	1.000000
92.570000	6.310000	-155.275604	18.848400	-8.613291	103.740851	2990.021702	1.000000
92.570000	6.310000	-155.275604	19.098400	-7.169815	103.822545	2989.404508	1.000000
92.570000	6.310000	-155.275604	19.348400	-5.968373	103.903830	2988.484638	2.000000
92.570000	6.310000	-155.275604	19.598400	-6.061524	103.984902	2987.564768	2.000000
92.570000	6.310000	-155.275604	19.848400	-2.895755	104.065563	2986.644899	2.000000
92.570000	6.310000	-155.275604	20.098400	2.853286	104.146008	2984.950553	2.000000
92.570000	6.310000	-155.275604	20.348400	4.687760	104.226040	2982.782721	2.000000
92.570000	6.310000	-155.275604	20.598400	4.579343	104.305853	2980.614888	2.000000
92.570000	6.310000	-155.275604	20.848400	4.470997	104.385252	2978.447056	1.000000
92.570000	6.310000	-155.275604	21.098400	4.362530	104.464428	2976.279224	1.000000
92.570000	6.310000	-155.275604	21.348400	4.254135	104.543188	2974.111391	1.000000
92.570000	6.310000	-155.275604	21.598400	4.145622	104.621724	2971.943559	1.000000
92.570000	6.310000	-155.275604	21.848400	4.314454	104.699841	2969.775726	1.000000
92.570000	6.310000	-155.275604	22.098400	5.864099	104.777730	2967.538808	1.000000
92.570000	6.310000	-155.275604	22.348400	6.935883	104.855199	2965.068457	1.000000
92.570000	6.310000	-155.025604	17.848400	-8.572529	103.506892	2998.523448	0.000000
92.570000	6.310000	-155.025604	18.098400	-8.663417	103.590834	2997.957623	0.000000
92.570000	6.310000	-155.025604	18.348400	-8.754073	103.674452	2997.391797	0.000000
92.570000	6.310000	-155.025604	18.598400	-8.844530	103.757776	2996.825972	1.000000
92.570000	6.310000	-155.025604	18.848400	-8.661438	103.840773	2996.260147	1.000000
92.570000	6.310000	-155.025604	19.098400	-7.219232	103.923474	2995.630942	1.000000
92.570000	6.310000	-155.025604	19.348400	-6.070389	104.005845	2994.711072	2.000000
92.570000	6.310000	-155.025604	19.598400	-6.164539	104.087917	2993.791203	2.000000
92.570000	6.310000	-155.025604	19.848400	-1.666112	104.169657	2992.871333	1.000000
92.570000	6.310000	-155.025604	20.098400	3.961619	104.251095	2990.882483	1.000000
92.570000	6.310000	-155.025604	20.348400	4.581602	104.332198	2988.714651	1.000000
92.570000	6.310000	-155.025604	20.598400	4.472199	104.412997	2986.546818	2.000000
92.570000	6.310000	-155.025604	20.848400	4.362790	104.493459	2984.378986	1.000000
92.570000	6.310000	-155.025604	21.098400	4.253343	104.573615	2982.211154	1.000000
92.570000	6.310000	-155.025604	21.348400	4.143893	104.653430	2980.043321	0.000000
92.570000	6.310000	-155.025604	21.598400	4.034408	104.732937	2977.875489	1.000000
92.570000	6.310000	-155.025604	21.848400	5.381102	104.812102	2975.707656	1.000000
92.570000	6.310000	-155.025604	22.098400	6.869333	104.890956	2973.253794	1.000000
92.570000	6.310000	-154.775604	17.848400	-8.668540	103.602903	3004.761893	0.000000
92.570000	6.310000	-154.775604	18.098400	-8.760534	103.687952	3004.196067	0.000000
92.570000	6.310000	-154.775604	18.348400	-8.852209	103.772588	3003.630242	0.000000
92.570000	6.310000	-154.775604	18.598400	-8.943765	103.857011	3003.064417	0.000000
92.570000	6.310000	-154.775604	18.848400	-8.709919	103.941020	3002.498592	1.000000
92.570000	6.310000	-154.775604	19.098400	-7.269069	104.024812	3001.857376	1.000000
92.570000	6.310000	-154.775604	19.348400	-6.172731	104.108188	3000.937507	1.000000
92.570000	6.310000	-154.775604	19.598400	-5.777355	104.191344	3000.017637	1.000000
92.570000	6.310000	-154.775604	19.848400	-0.227883	104.274081	2998.982246	1.000000
92.570000	6.310000	-154.775604	20.098400	4.585464	104.356595	2996.814413	1.000000
92.570000	6.310000	-154.775604	20.348400	4.475111	104.438689	2994.646581	1.000000
92.570000	6.310000	-154.775604	20.598400	4.364640	104.520556	2992.478749	0.000000
92.570000	6.310000	-154.775604	20.848400	4.254248	104.602001	2990.310916	0.000000
92.570000	6.310000	-154.775604	21.098400	4.143741	104.683217	2988.143084	0.000000
92.570000	6.310000	-154.775604	21.348400	4.033314	104.764009	2985.975251	0.000000
92.570000	6.310000	-154.775604	21.598400	4.902451	104.844569	2983.807419	0.000000
92.570000	6.310000	-154.775604	21.848400	6.498156	104.924702	2981.439131	1.000000
92.570000	6.310000	-154.775604	22.098400	6.821713	105.004600	2978.968780	1.000000
92.570000	6.310000	-154.525604	17.848400	-8.765007	103.699370	3011.000337	0.000000
92.570000	6.310000	-154.525604	18.098400	-8.858025	103.785442	3010.434512	0.000000
92.570000	6.310000	-154.525604	18.348400	-8.950804	103.871183	3009.868687	0.000000
92.570000	6.310000	-154.525604	18.598400	-9.043376	103.956622	3009.302862	0.000000
92.570000	6.310000	-154.525604	18.848400	-8.758868	104.041727	3008.737036	0.000000
92.570000	6.310000	-154.525604	19.098400	-7.319295	104.126529	3008.083811	0.000000
92.570000	6.310000	-154.525604	19.348400	-6.275537	104.210993	3007.163941	0.000000
92.570000	6.310000	-154.525604	19.598400	-4.636188	104.295151	3006.244071	0.000000
92.570000	6.310000	-154.525604	19.848400	1.120149	104.378969	3004.914176	0.000000
92.570000	6.310000	-154.525604	20.098400	4.479581	104.462478	3002.746343	0.000000
92.570000	6.310000	-154.525604	20.348400	4.368155	104.545645	3000.578511	0.000000
92.570000	6.310000	-154.525604	20.598400	4.256697	104.628500	2998.410679	0.000000
92.570000	6.310000	-154.525604	20.848400	4.145239	104.711010	2996.242846	0.000000
92.570000	6.310000	-154.525604	21.098400	4.033752	104.793206	2994.075014	0.000000
92.570000	6.310000	-154.525604	21.348400	4.428246	104.875055	2991.907181	0.000000
92.570000	6.310000	-154.525604	21.598400	6.011371	104.956588	2989.624468	0.000000
92.570000	6.310000	-154.525604	21.848400	6.823380	105.037770	2987.154117	0.000000
92.570000	6.310000	-154.275604	18.098400	-8.955929	103.883347	3016.672957	0.000000
92.570000	6.310000	-154.275604	18.348400	-9.049730	103.970108	3016.107132	0.000000
92.570000	6.310000	-154.275604	18.598400	-9.143403	104.056650	3015.541306	0.000000
92.570000	6.310000	-154.275604	18.848400	-8.808160	104.142769	3014.975481	0.000000
92.570000	6.310000	-154.275604	19.098400	-7.369951	104.228664	3014.310245	0.000000
92.570000	6.310000	-154.275604	19.348400	-6.378679	104.314135	3013.390375	0.000000
92.570000	6.310000	-154.275604	19.598400	-3.504582	104.399379	3012.470506	0.000000
92.570000	6.310000	-154.275604	19.848400	2.249574	104.484196	3010.846106	0.000000
92.570000	6.310000	-154.275604	20.098400	4.373276	104.568784	3008.678273	0.000000
92.570000	6.310000	-154.275604	20.348400	4.260857	104.652943	3006.510441	0.000000
92.570000	6.310000	-154.275604	20.598400	4.148329	104.736868	3004.342609	0.000000
92.570000	6.310000	-154.275604	20.848400	4.035886	104.820363	3002.174776	0.000000
92.570000	6.310000	-154.275604	21.098400	4.041547	104.903621	3000.006944	0.000000
92.570000	6.310000	-154.275604	21.348400	5.529036	104.986448	2997.809805	0.000000
92.570000	6.310000	-154.275604	21.598400	6.826560	105.069034	2995.339455	0.000000
92.570000	6.310000	-154.025604	18.098400	-9.054216	103.981634	3022.911402	0.000000
92.570000	6.310000	-154.025604	18.348400	-9.149123	104.069502	3022.345576	0.000000
92.570000	6.310000	-154.025604	18.598400	-9.243816	104.157062	3021.779751	0.000000
92.570000	6.310000	-154.025604	18.848400	-8.857931	104.244280	3021.213926	0.000000
92.570000	6.310000	-154.025604	19.098400	-7.421006	104.331187	3020.536679	0.000000
92.570000	6.310000	-154.025604	19.348400	-6.482293	104.417749	3019.616810	0.000000
92.570000	6.310000	-154.025604	19.598400	-2.340342	104.503997	3018.696940	0.000000
92.570000	6.310000	-154.025604	19.848400	3.362734	104.589897	3016.778036	0.000000
92.570000	6.310000	-154.025604	20.098400	4.266578	104.675482	3014.610204	0.000000
92.570000	6.310000	-154.025604	20.348400	4.153085	104.760715	3012.442371	0.000000
92.570000	6.310000	-154.025604	20.598400	4.039566	104.845630	3010.274539	0.000000
92.570000	6.310000	-154.025604	20.848400	3.926057	104.930192	3008.106706	0.000000
92.570000	6.310000	-154.025604	21.098400	5.051030	105.014432	3005.938874	0.000000
92.570000	6.310000	-154.025604	21.348400	6.604904	105.098317	3003.524792	0.000000
92.570000	6.310000	-153.775604	18.098400	-9.152927	104.080344	3029.149846	0.000000
92.570000	6.310000	-153.775604	18.348400	-9.248858	104.169236	3028.584021	0.000000
92.570000	6.310000	-153.775604	18.598400	-9.344654	104.257901	3028.018196	0.000000
92.570000	6.310000	-153.775604	18.848400	-8.908055	104.346135	3027.452371	0.000000
92.570000	6.310000	-153.775604	19.098400	-7.472501	104.434139	3026.763114	0.000000
92.570000	6.310000	-153.775604	19.348400	-6.392265	104.521710	3025.843244	0.000000
92.570000	6.310000	-153.775604	19.598400	-0.913611	104.609046	3024.877798	0.000000
92.570000	6.310000	-153.775604	19.848400	4.274026	104.695948	3022.709966	0.000000
92.570000	6.310000	-153.775604	20.098400	4.159447	104.782612	3020.542134	0.000000
92.570000	6.310000	-153.775604	20.348400	4.044960	104.868840	3018.374301	0.000000
92.570000	6.310000	-153.775604	20.598400	3.930370	104.954827	3016.206469	0.000000
92.570000	6.310000	-153.775604	20.848400	4.577548	105.040375	3014.038636	0.000000
92.570000	6.310000	-153.775604	21.098400	6.169393	105.125679	3011.710129	0.000000
92.570000	6.310000	-153.525604	18.348400	-9.349070	104.269448	3034.822466	0.000000
92.570000	6.310000	-153.525604	18.598400	-9.445888	104.359134	3034.256641	0.000000
92.570000	6.310000	-153.525604	18.848400	-8.958667	104.448470	3033.690815	0.000000
92.570000	6.310000	-153.525604	19.098400	-7.524404	104.537487	3032.989548	0.000000
92.570000	6.310000	-153.525604	19.348400	-5.247884	104.626152	3032.069678	0.000000
92.570000	6.310000	-153.525604	19.598400	0.511859	104.714495	3030.809729	0.000000
92.570000	6.310000	-153.525604	19.848400	4.167493	104.802482	3028.641896	0.000000
92.570000	6.310000	-153.525604	20.098400	4.051915	104.890145	3026.474064	0.000000
92.570000	6.310000	-153.525604	20.348400	3.936351	104.977449	3024.306231	0.000000
92.570000	6.310000	-153.525604	20.598400	4.124156	105.064427	3022.138399	0.000000
92.570000	6.310000	-153.525604	20.848400	5.687729	105.151044	3019.895466	0.000000
92.570000	6.310000	-153.275604	18.348400	-9.449632	104.370011	3041.060911	0.000000
92.570000	6.310000	-153.275604	18.598400	-9.547557	104.460804	3040.495085	0.000000
92.570000	6.310000	-153.275604	18.848400	-9.009641	104.551159	3039.929260	0.000000
92.570000	6.310000	-153.275604	19.098400	-7.576758	104.641275	3039.215982	0.000000
92.570000	6.310000	-153.275604	19.348400	-4.112786	104.730950	3038.296113	0.000000
92.570000	6.310000	-153.275604	19.598400	1.645898	104.820384	3036.741659	0.000000
92.570000	6.310000	-153.275604	19.848400	4.060599	104.909375	3034.573826	0.000000
92.570000	6.310000	-153.275604	20.098400	3.943939	104.998120	3032.405994	0.000000
92.570000	6.310000	-153.275604	20.348400	3.827379	105.086421	3030.238161	0.000000
92.570000	6.310000	-153.275604	20.598400	5.210467	105.174473	3028.070329	0.000000
92.570000	6.310000	-153.025604	18.598400	-9.649631	104.562878	3046.733530	0.000000
92.570000	6.310000	-153.025604	18.848400	-9.061114	104.654336	3046.167705	0.000000
92.570000	6.310000	-153.025604	19.098400	-7.629529	104.745469	3045.442417	0.000000
92.570000	6.310000	-153.025604	19.348400	-2.988156	104.836240	3044.522547	0.000000
92.570000	6.310000	-153.025604	19.598400	2.763869	104.926683	3042.673589	0.000000
92.570000	6.310000	-153.025604	19.848400	3.953214	105.016760	3040.505756	0.000000
92.570000	6.310000	-153.025604	20.098400	3.835553	105.106507	3038.337924	0.000000
92.570000	6.310000	-153.025604	20.348400	4.737718	105.195886	3036.170092	0.000000
92.570000	6.310000	-152.775604	18.598400	-9.752152	104.665398	3052.971975	0.000000
92.570000	6.310000	-152.775604	18.848400	-9.112961	104.757878	3052.406150	0.000000
92.570000	6.310000	-152.775604	19.098400	-7.682761	104.850113	3051.668851	0.000000
92.570000	6.310000	-152.775604	19.348400	-1.595391	104.941897	3050.748981	0.000000
92.570000	6.310000	-152.775604	19.598400	3.864928	105.033433	3048.605519	0.000000
92.570000	6.310000	-152.775604	19.848400	3.845458	105.124516	3046.437686	0.000000
92.570000	6.310000	-152.775604	20.098400	4.269447	105.215347	3044.269854	0.000000
92.570000	6.310000	-152.525604	18.598400	-9.855085	104.768332	3059.210420	0.000000
92.570000	6.310000	-152.525604	18.848400	-9.165315	104.861919	3058.644594	0.000000
92.570000	6.310000	-152.525604	19.098400	-6.583588	104.955172	3057.895285	0.000000
92.570000	6.310000	-152.525604	19.348400	-0.125655	105.048055	3056.705281	0.000000
92.570000	6.310000	-152.525604	19.598400	3.856943	105.140601	3054.537449	0.000000
92.570000	6.310000	-152.525604	19.848400	3.880568	105.232775	3052.369616	0.000000
92.570000	6.310000	-152.525604	20.098400	5.380785	105.324608	3050.166463	0.000000
92.570000	6.310000	-152.275604	18.848400	-9.218053	104.966334	3064.883039	0.000000
92.570000	6.310000	-152.275604	19.098400	-5.389282	105.060692	3064.121720	0.000000
92.570000	6.310000	-152.275604	19.348400	1.042255	105.154591	3062.637211	0.000000
92.570000	6.310000	-152.275604	19.598400	3.749312	105.248232	3060.469379	0.000000
92.570000	6.310000	-152.275604	19.848400	4.908872	105.341414	3058.301547	0.000000
92.570000	6.310000	-152.025604	18.848400	-9.271310	105.071259	3071.121484	0.000000
92.570000	6.310000	-152.025604	19.098400	-4.205373	105.166637	3070.348154	0.000000
92.570000	6.310000	-152.025604	19.348400	2.164852	105.261637	3068.569141	0.000000
92.570000	6.310000	-152.025604	19.598400	4.441426	105.356292	3066.401309	0.000000
92.570000	6.310000	-151.775604	18.848400	-9.324961	105.176568	3077.359929	1.000000
92.570000	6.310000	-151.775604	19.098400	-2.839276	105.273054	3076.574588	1.000000
92.570000	6.310000	-151.775604	19.348400	3.601924	105.369072	3074.501072	1.000000
92.570000	6.310000	-151.525604	19.098400	-1.336450	105.379906	3082.600834	1.000000
