-155.996994	20.771000	1597.621000	0.627655
-155.710999	20.046000	1598.615000	0.960562
-157.270004	21.108999	1570.634000	0.421648
-159.664993	22.122999	1523.621000	0.589677
-156.755997	21.136000	1583.633000	1.068626
-158.933105	24.573799	1568.705000	-0.758340
-152.765793	25.592800	1721.039000	NaN
-156.964600	24.312099	1610.639000	0.463373
-158.185394	22.620199	1563.598000	0.571083
-154.251801	21.168699	1644.610000	0.360722
-152.981201	18.301800	1646.665000	NaN
-153.967499	14.731300	1593.603000	NaN
-153.868195	17.315399	1616.678000	-0.105184
-156.206604	16.162001	1548.597000	0.049954
-157.700806	16.348400	1513.861000	-0.366431
-158.982498	15.574000	1475.603000	-0.339910
-158.760193	18.564699	1508.625000	-0.071540
-158.179504	20.377800	1541.529000	0.693244
-155.765305	26.776699	1663.315000	NaN
