150.710000	-5.420000	-159.164993	19.731300	-0.610014	68.277403	1511.294405	0.000000
150.710000	-5.420000	-159.164993	19.981300	-0.291448	68.117086	1513.668716	0.000000
150.710000	-5.420000	-159.164993	20.231300	-0.607756	67.957571	1516.108991	1.000000
150.710000	-5.420000	-159.164993	20.481300	-0.640265	67.798727	1518.704220	1.000000
150.710000	-5.420000	-159.164993	20.731300	-0.063079	67.640689	1521.299449	1.000000
150.710000	-5.420000	-159.164993	20.981300	0.500769	67.483325	1523.894677	0.000000
150.710000	-5.420000	-159.164993	21.231300	0.920971	67.326770	1526.489906	0.000000
150.710000	-5.420000	-159.164993	21.481300	1.281039	67.170892	1529.085134	1.000000
150.710000	-5.420000	-159.164993	21.731300	1.736297	67.015826	1531.587007	1.000000
150.710000	-5.420000	-159.164993	21.981300	1.949202	66.861440	1534.062987	1.000000
150.710000	-5.420000	-159.164993	22.231300	0.914036	66.707869	1536.538966	2.000000
150.710000	-5.420000	-159.164993	22.481300	-0.803374	66.554980	1539.314629	2.000000
150.710000	-5.420000	-159.164993	22.731300	-0.968349	66.402908	1542.184344	2.000000
150.710000	-5.420000	-158.914993	17.481300	-2.262821	69.886196	1495.119579	0.000000
150.710000	-5.420000	-158.914993	17.731300	-2.188772	69.720598	1497.493891	1.000000
150.710000	-5.420000	-158.914993	17.981300	-2.116042	69.555736	1499.868202	1.000000
150.710000	-5.420000	-158.914993	18.231300	-2.044586	69.391555	1502.242514	1.000000
150.710000	-5.420000	-158.914993	18.481300	-1.954972	69.228113	1504.616826	1.000000
150.710000	-5.420000	-158.914993	18.731300	-1.528364	69.065358	1506.991138	1.000000
150.710000	-5.420000	-158.914993	18.981300	-1.166388	68.903345	1509.365450	1.000000
150.710000	-5.420000	-158.914993	19.231300	-1.486378	68.742025	1511.790855	1.000000
150.710000	-5.420000	-158.914993	19.481300	-1.579906	68.581451	1514.386084	1.000000
150.710000	-5.420000	-158.914993	19.731300	-0.999890	68.421574	1516.981313	1.000000
150.710000	-5.420000	-158.914993	19.981300	-0.433311	68.262445	1519.576541	1.000000
150.710000	-5.420000	-158.914993	20.231300	0.013126	68.104020	1522.171770	1.000000
150.710000	-5.420000	-158.914993	20.481300	0.202863	67.946344	1524.766998	1.000000
150.710000	-5.420000	-158.914993	20.731300	0.392284	67.789377	1527.362227	1.000000
150.710000	-5.420000	-158.914993	20.981300	0.555579	67.633161	1529.957455	1.000000
150.710000	-5.420000	-158.914993	21.231300	0.987094	67.477660	1532.552684	0.000000
150.710000	-5.420000	-158.914993	21.481300	1.443032	67.322910	1535.033708	1.000000
150.710000	-5.420000	-158.914993	21.731300	1.607946	67.168879	1537.509688	1.000000
150.710000	-5.420000	-158.914993	21.981300	1.795041	67.015601	1539.985667	2.000000
150.710000	-5.420000	-158.914993	22.231300	1.332884	66.863046	1542.461647	2.000000
150.710000	-5.420000	-158.914993	22.481300	-0.454822	66.711245	1545.105001	2.000000
150.710000	-5.420000	-158.914993	22.731300	-1.125613	66.560171	1547.974716	2.000000
150.710000	-5.420000	-158.914993	22.981300	-0.935473	66.409852	1550.844430	1.000000
150.710000	-5.420000	-158.914993	23.231300	-0.745627	66.260263	1553.714145	1.000000
150.710000	-5.420000	-158.914993	23.481300	-0.556098	66.111430	1556.583859	0.000000
150.710000	-5.420000	-158.914993	23.731300	-0.366866	65.963331	1559.453574	1.000000
150.710000	-5.420000	-158.664993	15.981300	-1.093989	71.019455	1487.070773	2.000000
150.710000	-5.420000	-158.664993	16.231300	-0.927175	70.851005	1489.380188	2.000000
150.710000	-5.420000	-158.664993	16.481300	-0.735698	70.683172	1491.689603	2.000000
150.710000	-5.420000	-158.664993	16.731300	-0.643342	70.516087	1493.999018	0.000000
150.710000	-5.420000	-158.664993	16.981300	-0.552328	70.349625	1496.308432	0.000000
150.710000	-5.420000	-158.664993	17.231300	-0.462460	70.183915	1498.617847	0.000000
150.710000	-5.420000	-158.664993	17.481300	-0.373616	70.018834	1500.927262	0.000000
150.710000	-5.420000	-158.664993	17.731300	-0.285936	69.854511	1503.236677	1.000000
150.710000	-5.420000	-158.664993	17.981300	-0.184474	69.690821	1505.546091	1.000000
150.710000	-5.420000	-158.664993	18.231300	-0.113824	69.527895	1507.855506	1.000000
150.710000	-5.420000	-158.664993	18.481300	-0.607358	69.365607	1510.175183	1.000000
150.710000	-5.420000	-158.664993	18.731300	-1.379188	69.204087	1512.674006	1.000000
150.710000	-5.420000	-158.664993	18.981300	-1.229189	69.043209	1515.258405	1.000000
150.710000	-5.420000	-158.664993	19.231300	-0.834467	68.883105	1517.853634	1.000000
150.710000	-5.420000	-158.664993	19.481300	-0.678442	68.723647	1520.448862	1.000000
150.710000	-5.420000	-158.664993	19.731300	-0.510770	68.564966	1523.044091	1.000000
150.710000	-5.420000	-158.664993	19.981300	-0.321460	68.406935	1525.639319	1.000000
150.710000	-5.420000	-158.664993	20.231300	-0.132540	68.249686	1528.234548	1.000000
150.710000	-5.420000	-158.664993	20.481300	0.056118	68.093089	1530.829776	1.000000
150.710000	-5.420000	-158.664993	20.731300	0.244820	67.937279	1533.425005	1.000000
150.710000	-5.420000	-158.664993	20.981300	0.696145	67.782124	1536.004429	1.000000
150.710000	-5.420000	-158.664993	21.231300	1.090834	67.627759	1538.480409	1.000000
150.710000	-5.420000	-158.664993	21.481300	1.269339	67.474052	1540.956389	0.000000
150.710000	-5.420000	-158.664993	21.731300	1.455687	67.321138	1543.432369	1.000000
150.710000	-5.420000	-158.664993	21.981300	1.641757	67.168885	1545.908348	2.000000
150.710000	-5.420000	-158.664993	22.231300	1.690991	67.017427	1548.384328	2.000000
150.710000	-5.420000	-158.664993	22.481300	0.071730	66.866634	1550.895372	2.000000
150.710000	-5.420000	-158.664993	22.731300	-1.282080	66.716638	1553.765087	1.000000
150.710000	-5.420000	-158.664993	22.981300	-1.092930	66.567309	1556.634802	1.000000
150.710000	-5.420000	-158.664993	23.231300	-0.906951	66.418778	1559.504516	1.000000
150.710000	-5.420000	-158.664993	23.481300	-0.781123	66.270917	1562.374231	1.000000
150.710000	-5.420000	-158.664993	23.731300	-0.601088	66.123857	1565.243946	1.000000
150.710000	-5.420000	-158.664993	23.981300	-0.349209	65.977468	1568.099156	1.000000
150.710000	-5.420000	-158.664993	24.231300	-0.152426	65.831880	1570.935301	1.000000
150.710000	-5.420000	-158.664993	24.481300	0.713322	65.686967	1573.771446	1.000000
150.710000	-5.420000	-158.414993	15.731300	0.531536	71.311543	1490.861855	2.000000
150.710000	-5.420000	-158.414993	15.981300	-1.085505	71.143697	1493.137823	2.000000
150.710000	-5.420000	-158.414993	16.231300	-1.052650	70.976480	1495.447238	2.000000
150.710000	-5.420000	-158.414993	16.481300	-0.862498	70.809972	1497.756653	1.000000
150.710000	-5.420000	-158.414993	16.731300	-0.672625	70.644102	1500.066067	1.000000
150.710000	-5.420000	-158.414993	16.981300	-0.483105	70.478944	1502.375482	1.000000
150.710000	-5.420000	-158.414993	17.231300	-0.293873	70.314431	1504.684897	0.000000
150.710000	-5.420000	-158.414993	17.481300	-0.088646	70.150635	1506.994312	0.000000
150.710000	-5.420000	-158.414993	17.731300	0.088340	69.987491	1509.303726	1.000000
150.710000	-5.420000	-158.414993	17.981300	0.235648	69.825066	1511.622409	1.000000
150.710000	-5.420000	-158.414993	18.231300	0.171220	69.663301	1513.948518	1.000000
150.710000	-5.420000	-158.414993	18.481300	0.126238	69.502257	1516.373562	1.000000
150.710000	-5.420000	-158.414993	18.731300	-0.365281	69.341880	1518.802129	1.000000
150.710000	-5.420000	-158.414993	18.981300	-0.864133	69.182228	1521.375994	1.000000
150.710000	-5.420000	-158.414993	19.231300	-0.711187	69.023248	1523.950499	1.000000
150.710000	-5.420000	-158.414993	19.481300	-0.584275	68.864996	1526.525005	2.000000
150.710000	-5.420000	-158.414993	19.731300	-0.508690	68.707421	1529.106869	1.000000
150.710000	-5.420000	-158.414993	19.981300	-0.405338	68.550577	1531.702097	1.000000
150.710000	-5.420000	-158.414993	20.231300	-0.251315	68.394415	1534.297326	1.000000
150.710000	-5.420000	-158.414993	20.481300	-0.035234	68.238986	1536.892554	1.000000
150.710000	-5.420000	-158.414993	20.731300	0.417000	68.084245	1539.451131	1.000000
150.710000	-5.420000	-158.414993	20.981300	0.756593	67.930238	1541.927110	1.000000
150.710000	-5.420000	-158.414993	21.231300	0.942934	67.776925	1544.403090	1.000000
150.710000	-5.420000	-158.414993	21.481300	1.128923	67.624346	1546.879070	0.000000
150.710000	-5.420000	-158.414993	21.731300	1.314596	67.472466	1549.355050	1.000000
150.710000	-5.420000	-158.414993	21.981300	1.499915	67.321322	1551.831029	1.000000
150.710000	-5.420000	-158.414993	22.231300	1.684914	67.170881	1554.307009	1.000000
150.710000	-5.420000	-158.414993	22.481300	0.666455	67.021177	1556.782989	1.000000
150.710000	-5.420000	-158.414993	22.731300	-1.110392	66.872179	1559.555459	1.000000
150.710000	-5.420000	-158.414993	22.981300	-1.348232	66.723920	1562.425173	1.000000
150.710000	-5.420000	-158.414993	23.231300	-1.096409	66.576371	1565.293383	1.000000
150.710000	-5.420000	-158.414993	23.481300	-0.850328	66.429562	1568.129528	1.000000
150.710000	-5.420000	-158.414993	23.731300	-0.726396	66.283465	1570.965673	1.000000
150.710000	-5.420000	-158.414993	23.981300	-0.575441	66.138108	1573.801818	1.000000
150.710000	-5.420000	-158.414993	24.231300	-0.388696	65.993468	1576.637963	1.000000
150.710000	-5.420000	-158.414993	24.481300	0.650268	65.849568	1579.474109	1.000000
150.710000	-5.420000	-158.164993	15.731300	0.967832	71.433737	1496.984294	2.000000
150.710000	-5.420000	-158.164993	15.981300	-0.946031	71.267129	1499.220487	2.000000
150.710000	-5.420000	-158.164993	16.231300	-1.114939	71.101242	1501.514288	1.000000
150.710000	-5.420000	-158.164993	16.481300	-0.988480	70.935955	1503.823702	1.000000
150.710000	-5.420000	-158.164993	16.731300	-0.799918	70.771395	1506.133117	1.000000
150.710000	-5.420000	-158.164993	16.981300	-0.592886	70.607440	1508.442532	1.000000
150.710000	-5.420000	-158.164993	17.231300	-0.422674	70.444218	1510.751947	1.000000
150.710000	-5.420000	-158.164993	17.481300	-0.275967	70.281607	1513.072166	0.000000
150.710000	-5.420000	-158.164993	17.731300	-0.086726	70.119734	1515.398275	0.000000
150.710000	-5.420000	-158.164993	17.981300	-0.122378	69.958477	1517.724385	1.000000
150.710000	-5.420000	-158.164993	18.231300	-0.178518	69.797963	1520.143374	1.000000
150.710000	-5.420000	-158.164993	18.481300	-0.023146	69.638069	1522.571941	1.000000
150.710000	-5.420000	-158.164993	18.731300	-0.122248	69.478925	1525.000508	1.000000
150.710000	-5.420000	-158.164993	18.981300	-0.715202	69.320404	1527.503476	1.000000
150.710000	-5.420000	-158.164993	19.231300	-0.801406	69.162637	1530.077982	1.000000
150.710000	-5.420000	-158.164993	19.481300	-0.614180	69.005498	1532.652487	1.000000
150.710000	-5.420000	-158.164993	19.731300	-0.439099	68.849118	1535.226993	1.000000
150.710000	-5.420000	-158.164993	19.981300	-0.285658	68.693369	1537.801498	1.000000
150.710000	-5.420000	-158.164993	20.231300	0.048649	68.538382	1540.376003	1.000000
150.710000	-5.420000	-158.164993	20.481300	0.392141	68.384031	1542.902966	1.000000
150.710000	-5.420000	-158.164993	20.731300	0.563385	68.230445	1545.379174	2.000000
150.710000	-5.420000	-158.164993	20.981300	0.748801	68.077498	1547.855382	2.000000
150.710000	-5.420000	-158.164993	21.231300	0.933829	67.925321	1550.331590	2.000000
150.710000	-5.420000	-158.164993	21.481300	1.118595	67.773785	1552.807797	1.000000
150.710000	-5.420000	-158.164993	21.731300	1.302969	67.623021	1555.284005	1.000000
150.710000	-5.420000	-158.164993	21.981300	1.487078	67.472903	1557.760213	1.000000
150.710000	-5.420000	-158.164993	22.231300	1.710360	67.323559	1560.236421	1.000000
150.710000	-5.420000	-158.164993	22.481300	1.497896	67.174863	1562.712629	1.000000
150.710000	-5.420000	-158.164993	22.731300	-0.097787	67.026944	1565.323754	1.000000
150.710000	-5.420000	-158.164993	22.981300	-1.388442	66.879676	1568.159900	1.000000
150.710000	-5.420000	-158.164993	23.231300	-1.294202	66.733187	1570.996045	1.000000
150.710000	-5.420000	-158.164993	23.481300	-1.107576	66.587350	1573.832190	1.000000
150.710000	-5.420000	-158.164993	23.731300	-0.921294	66.442295	1576.668335	0.000000
150.710000	-5.420000	-158.164993	23.981300	-0.735227	66.297895	1579.504480	1.000000
150.710000	-5.420000	-158.164993	24.231300	-0.512726	66.154277	1582.340626	1.000000
150.710000	-5.420000	-158.164993	24.481300	0.555966	66.011316	1585.167094	1.000000
150.710000	-5.420000	-158.164993	24.731300	1.637350	65.869139	1587.751666	1.000000
150.710000	-5.420000	-157.914993	15.731300	1.316174	71.555029	1503.172571	1.000000
150.710000	-5.420000	-157.914993	15.981300	-0.564074	71.389758	1505.314759	1.000000
150.710000	-5.420000	-157.914993	16.231300	-1.092032	71.225098	1507.581337	1.000000
150.710000	-5.420000	-157.914993	16.481300	-1.092570	71.061130	1509.890752	1.000000
150.710000	-5.420000	-157.914993	16.731300	-0.929104	70.897779	1512.200167	1.000000
150.710000	-5.420000	-157.914993	16.981300	-0.783138	70.735123	1514.521923	1.000000
150.710000	-5.420000	-157.914993	17.231300	-0.588357	70.573093	1516.848032	1.000000
150.710000	-5.420000	-157.914993	17.481300	-0.393026	70.411762	1519.174142	0.000000
150.710000	-5.420000	-157.914993	17.731300	-0.426492	70.251064	1521.500251	0.000000
150.710000	-5.420000	-157.914993	17.981300	-0.484074	70.091067	1523.913186	1.000000
150.710000	-5.420000	-157.914993	18.231300	-0.343886	69.931710	1526.341754	1.000000
150.710000	-5.420000	-157.914993	18.481300	-0.158135	69.773058	1528.770321	1.000000
150.710000	-5.420000	-157.914993	18.731300	0.013858	69.615053	1531.198888	1.000000
150.710000	-5.420000	-157.914993	18.981300	-0.474905	69.457755	1533.630959	1.000000
150.710000	-5.420000	-157.914993	19.231300	-0.939877	69.301109	1536.205464	0.000000
150.710000	-5.420000	-157.914993	19.481300	-0.753856	69.145174	1538.779969	1.000000
150.710000	-5.420000	-157.914993	19.731300	-0.568106	68.989897	1541.354475	1.000000
150.710000	-5.420000	-157.914993	19.981300	-0.382682	68.835332	1543.928980	1.000000
150.710000	-5.420000	-157.914993	20.231300	0.247161	68.681431	1546.503486	1.000000
150.710000	-5.420000	-157.914993	20.481300	0.844190	68.528245	1548.961221	2.000000
150.710000	-5.420000	-157.914993	20.731300	0.781211	68.375729	1551.388684	2.000000
150.710000	-5.420000	-157.914993	20.981300	0.732924	68.223928	1553.864892	2.000000
150.710000	-5.420000	-157.914993	21.231300	0.916369	68.072802	1556.341100	2.000000
150.710000	-5.420000	-157.914993	21.481300	1.099476	67.922394	1558.817307	1.000000
150.710000	-5.420000	-157.914993	21.731300	1.282282	67.772664	1561.293515	2.000000
150.710000	-5.420000	-157.914993	21.981300	1.519379	67.623654	1563.769723	1.000000
150.710000	-5.420000	-157.914993	22.231300	1.528206	67.475327	1566.270613	1.000000
150.710000	-5.420000	-157.914993	22.481300	1.688292	67.327721	1568.822791	1.000000
150.710000	-5.420000	-157.914993	22.731300	1.830213	67.180802	1571.351080	1.000000
150.710000	-5.420000	-157.914993	22.981300	0.402403	67.034604	1573.879368	1.000000
150.710000	-5.420000	-157.914993	23.231300	-1.131362	66.889098	1576.698707	1.000000
150.710000	-5.420000	-157.914993	23.481300	-1.264540	66.744314	1579.534852	1.000000
150.710000	-5.420000	-157.914993	23.731300	-1.079223	66.600225	1582.370998	0.000000
150.710000	-5.420000	-157.914993	23.981300	-0.894191	66.456858	1585.207143	1.000000
150.710000	-5.420000	-157.914993	24.231300	-0.545362	66.314190	1588.043288	2.000000
150.710000	-5.420000	-157.914993	24.481300	0.480757	66.172245	1590.836311	2.000000
150.710000	-5.420000	-157.914993	24.731300	1.475489	66.031000	1593.420883	2.000000
150.710000	-5.420000	-157.914993	24.981300	1.656918	65.890479	1596.005455	0.000000
150.710000	-5.420000	-157.664993	15.731300	1.578894	71.675637	1509.360847	1.000000
150.710000	-5.420000	-157.664993	15.981300	-0.297072	71.511598	1511.409032	1.000000
150.710000	-5.420000	-157.664993	16.231300	-1.120948	71.348262	1513.673391	1.000000
150.710000	-5.420000	-157.664993	16.481300	-1.186249	71.185508	1515.971680	1.000000
150.710000	-5.420000	-157.664993	16.731300	-1.085554	71.023462	1518.297789	1.000000
150.710000	-5.420000	-157.664993	16.981300	-0.893121	70.862004	1520.623899	1.000000
150.710000	-5.420000	-157.664993	17.231300	-0.707630	70.701260	1522.950008	1.000000
150.710000	-5.420000	-157.664993	17.481300	-0.727656	70.541109	1525.276117	0.000000
150.710000	-5.420000	-157.664993	17.731300	-0.786725	70.381677	1527.682999	0.000000
150.710000	-5.420000	-157.664993	17.981300	-0.661754	70.222844	1530.111566	0.000000
150.710000	-5.420000	-157.664993	18.231300	-0.476911	70.064735	1532.540133	0.000000
150.710000	-5.420000	-157.664993	18.481300	-0.292305	69.907229	1534.968700	0.000000
150.710000	-5.420000	-157.664993	18.731300	-0.108062	69.750452	1537.397267	0.000000
150.710000	-5.420000	-157.664993	18.981300	-0.230660	69.594282	1539.825834	0.000000
150.710000	-5.420000	-157.664993	19.231300	-0.820111	69.438847	1542.332946	0.000000
150.710000	-5.420000	-157.664993	19.481300	-0.892704	69.284023	1544.907452	0.000000
150.710000	-5.420000	-157.664993	19.731300	-0.708146	69.129937	1547.481957	1.000000
150.710000	-5.420000	-157.664993	19.981300	-0.523816	68.976466	1550.056463	1.000000
150.710000	-5.420000	-157.664993	20.231300	0.212722	68.823738	1552.630968	2.000000
150.710000	-5.420000	-157.664993	20.481300	1.116589	68.671628	1555.060485	2.000000
150.710000	-5.420000	-157.664993	20.731300	1.125295	68.520265	1557.425052	2.000000
150.710000	-5.420000	-157.664993	20.981300	0.699443	68.369524	1559.874402	2.000000
150.710000	-5.420000	-157.664993	21.231300	0.769638	68.219533	1562.350609	2.000000
150.710000	-5.420000	-157.664993	21.481300	1.042264	68.070167	1564.826817	1.000000
150.710000	-5.420000	-157.664993	21.731300	1.031352	67.921554	1567.303025	1.000000
150.710000	-5.420000	-157.664993	21.981300	1.046368	67.773569	1569.873764	2.000000
150.710000	-5.420000	-157.664993	22.231300	1.430510	67.626340	1572.423824	1.000000
150.710000	-5.420000	-157.664993	22.481300	1.656248	67.479742	1574.952113	1.000000
150.710000	-5.420000	-157.664993	22.731300	1.836708	67.333902	1577.480401	1.000000
150.710000	-5.420000	-157.664993	22.981300	2.016912	67.188696	1580.008690	1.000000
150.710000	-5.420000	-157.664993	23.231300	1.080770	67.044250	1582.536978	1.000000
150.710000	-5.420000	-157.664993	23.481300	-0.435115	66.900441	1585.237515	1.000000
150.710000	-5.420000	-157.664993	23.731300	-1.236393	66.757394	1588.073660	1.000000
150.710000	-5.420000	-157.664993	23.981300	-1.052319	66.614986	1590.909805	1.000000
150.710000	-5.420000	-157.664993	24.231300	-0.576983	66.473342	1593.745950	1.000000
150.710000	-5.420000	-157.664993	24.481300	0.450445	66.332339	1596.505528	1.000000
150.710000	-5.420000	-157.664993	24.731300	1.314389	66.192100	1599.090100	1.000000
150.710000	-5.420000	-157.664993	24.981300	1.494892	66.052505	1601.674672	1.000000
150.710000	-5.420000	-157.414993	15.731300	1.844045	71.795363	1515.549123	1.000000
150.710000	-5.420000	-157.414993	15.981300	-0.036512	71.632656	1517.503305	1.000000
150.710000	-5.420000	-157.414993	16.231300	-1.270689	71.470540	1519.767664	1.000000
150.710000	-5.420000	-157.414993	16.481300	-1.308702	71.309098	1522.073656	1.000000
150.710000	-5.420000	-157.414993	16.731300	-1.203762	71.148256	1524.399765	1.000000
150.710000	-5.420000	-157.414993	16.981300	-1.019209	70.988092	1526.725875	1.000000
150.710000	-5.420000	-157.414993	17.231300	-1.025790	70.828534	1529.051984	1.000000
150.710000	-5.420000	-157.414993	17.481300	-1.086335	70.669659	1531.452811	0.000000
150.710000	-5.420000	-157.414993	17.731300	-0.976674	70.511396	1533.881378	0.000000
150.710000	-5.420000	-157.414993	17.981300	-0.792730	70.353820	1536.309945	0.000000
150.710000	-5.420000	-157.414993	18.231300	-0.609039	70.196863	1538.738512	0.000000
150.710000	-5.420000	-157.414993	18.481300	-0.425671	70.040595	1541.167079	0.000000
150.710000	-5.420000	-157.414993	18.731300	-0.242564	69.884953	1543.595646	0.000000
150.710000	-5.420000	-157.414993	18.981300	-0.089169	69.730003	1546.024214	0.000000
150.710000	-5.420000	-157.414993	19.231300	-0.586169	69.575686	1548.460429	0.000000
150.710000	-5.420000	-157.414993	19.481300	-1.030745	69.422063	1551.034934	0.000000
150.710000	-5.420000	-157.414993	19.731300	-0.847287	69.269078	1553.609440	1.000000
150.710000	-5.420000	-157.414993	19.981300	-0.664140	69.116790	1556.183945	1.000000
150.710000	-5.420000	-157.414993	20.231300	0.179337	68.965146	1558.758451	2.000000
150.710000	-5.420000	-157.414993	20.481300	1.083435	68.814200	1561.159748	2.000000
150.710000	-5.420000	-157.414993	20.731300	1.406526	68.663904	1563.524316	2.000000
150.710000	-5.420000	-157.414993	20.981300	1.043674	68.514308	1565.888884	2.000000
150.710000	-5.420000	-157.414993	21.231300	0.624574	68.365367	1568.360119	1.000000
150.710000	-5.420000	-157.414993	21.481300	0.547739	68.217128	1570.893393	1.000000
150.710000	-5.420000	-157.414993	21.731300	0.782812	68.069548	1573.476914	1.000000
150.710000	-5.420000	-157.414993	21.981300	1.104941	67.922672	1576.024857	2.000000
150.710000	-5.420000	-157.414993	22.231300	1.325289	67.776460	1578.553145	1.000000
150.710000	-5.420000	-157.414993	22.481300	1.505038	67.630952	1581.081434	1.000000
150.710000	-5.420000	-157.414993	22.731300	1.684498	67.486112	1583.609722	1.000000
150.710000	-5.420000	-157.414993	22.981300	1.863630	67.341978	1586.138011	1.000000
150.710000	-5.420000	-157.414993	23.231300	2.042469	67.198516	1588.666299	1.000000
150.710000	-5.420000	-157.414993	23.481300	1.748941	67.055761	1591.194588	1.000000
150.710000	-5.420000	-157.414993	23.731300	0.251117	66.913681	1593.776322	1.000000
150.710000	-5.420000	-157.414993	23.981300	-1.086566	66.772308	1596.612467	1.000000
150.710000	-5.420000	-157.414993	24.231300	-0.607470	66.631615	1599.448613	1.000000
150.710000	-5.420000	-157.414993	24.481300	0.421188	66.491629	1602.174746	1.000000
150.710000	-5.420000	-157.414993	24.731300	1.154164	66.352326	1604.759318	1.000000
150.710000	-5.420000	-157.414993	24.981300	1.333667	66.213731	1607.343890	1.000000
150.710000	-5.420000	-157.414993	25.231300	1.512895	66.075820	1609.928462	0.000000
150.710000	-5.420000	-157.164993	15.731300	2.111384	71.914424	1521.737400	1.000000
150.710000	-5.420000	-157.164993	15.981300	0.301447	71.752943	1523.597577	2.000000
150.710000	-5.420000	-157.164993	16.231300	-1.423066	71.592144	1525.861936	2.000000
150.710000	-5.420000	-157.164993	16.481300	-1.462133	71.431912	1528.175632	2.000000
150.710000	-5.420000	-157.164993	16.731300	-1.327874	71.272368	1530.501741	1.000000
150.710000	-5.420000	-157.164993	16.981300	-1.320952	71.113396	1532.827850	1.000000
150.710000	-5.420000	-157.164993	17.231300	-1.383012	70.955119	1535.222623	0.000000
150.710000	-5.420000	-157.164993	17.481300	-1.288699	70.797419	1537.651190	0.000000
150.710000	-5.420000	-157.164993	17.731300	-1.105697	70.640419	1540.079757	0.000000
150.710000	-5.420000	-157.164993	17.981300	-0.922911	70.484001	1542.508324	0.000000
150.710000	-5.420000	-157.164993	18.231300	-0.740465	70.328288	1544.936892	0.000000
150.710000	-5.420000	-157.164993	18.481300	-0.558238	70.173162	1547.365459	0.000000
150.710000	-5.420000	-157.164993	18.731300	-0.376357	70.018746	1549.794026	0.000000
150.710000	-5.420000	-157.164993	18.981300	-0.194700	69.864921	1552.222593	0.000000
150.710000	-5.420000	-157.164993	19.231300	-0.341808	69.711811	1554.651160	0.000000
150.710000	-5.420000	-157.164993	19.481300	-0.926607	69.559296	1557.162417	0.000000
150.710000	-5.420000	-157.164993	19.731300	-0.985710	69.407500	1559.736922	0.000000
150.710000	-5.420000	-157.164993	19.981300	-0.803654	69.256304	1562.311428	0.000000
150.710000	-5.420000	-157.164993	20.231300	0.116266	69.105830	1564.885933	2.000000
150.710000	-5.420000	-157.164993	20.481300	1.051248	68.955959	1567.259012	3.000000
150.710000	-5.420000	-157.164993	20.731300	1.263614	68.806815	1569.623580	2.000000
150.710000	-5.420000	-157.164993	20.981300	0.981279	68.658278	1571.988148	2.000000
150.710000	-5.420000	-157.164993	21.231300	0.425063	68.510471	1574.496543	2.000000
150.710000	-5.420000	-157.164993	21.481300	0.480405	68.363273	1577.080064	2.000000
150.710000	-5.420000	-157.164993	21.731300	0.781961	68.216809	1579.625889	2.000000
150.710000	-5.420000	-157.164993	21.981300	0.996929	68.070958	1582.154178	2.000000
150.710000	-5.420000	-157.164993	22.231300	1.175906	67.925843	1584.682466	0.000000
150.710000	-5.420000	-157.164993	22.481300	1.354646	67.781344	1587.210755	1.000000
150.710000	-5.420000	-157.164993	22.731300	1.533026	67.637584	1589.739044	1.000000
150.710000	-5.420000	-157.164993	22.981300	1.711167	67.494442	1592.267332	0.000000
150.710000	-5.420000	-157.164993	23.231300	1.888944	67.352042	1594.795621	0.000000
150.710000	-5.420000	-157.164993	23.481300	2.066479	67.210262	1597.323909	1.000000
150.710000	-5.420000	-157.164993	23.731300	2.155438	67.069226	1599.852198	1.000000
150.710000	-5.420000	-157.164993	23.981300	0.913173	66.928813	1602.380486	1.000000
150.710000	-5.420000	-157.164993	24.231300	-0.074990	66.789146	1605.151275	1.000000
150.710000	-5.420000	-157.164993	24.481300	0.393000	66.650104	1607.843963	1.000000
150.710000	-5.420000	-157.164993	24.731300	0.994680	66.511809	1610.428535	1.000000
150.710000	-5.420000	-157.164993	24.981300	1.173256	66.374141	1613.013107	1.000000
150.710000	-5.420000	-157.164993	25.231300	1.351493	66.237222	1615.597679	1.000000
150.710000	-5.420000	-157.164993	25.481300	1.529510	66.100932	1618.182251	0.000000
150.710000	-5.420000	-156.914993	15.481300	1.977286	72.193436	1526.105100	1.000000
150.710000	-5.420000	-156.914993	15.731300	2.156414	72.032624	1527.925676	2.000000
150.710000	-5.420000	-156.914993	15.981300	0.691202	71.872467	1529.746252	2.000000
150.710000	-5.420000	-156.914993	16.231300	-1.352616	71.712882	1531.956209	2.000000
150.710000	-5.420000	-156.914993	16.481300	-1.614782	71.553956	1534.277607	2.000000
150.710000	-5.420000	-156.914993	16.731300	-1.613058	71.395610	1536.603717	2.000000
150.710000	-5.420000	-156.914993	16.981300	-1.676626	71.237927	1538.992435	1.000000
150.710000	-5.420000	-156.914993	17.231300	-1.597746	71.080831	1541.421003	0.000000
150.710000	-5.420000	-156.914993	17.481300	-1.415681	70.924401	1543.849570	0.000000
150.710000	-5.420000	-156.914993	17.731300	-1.233844	70.768566	1546.278137	0.000000
150.710000	-5.420000	-156.914993	17.981300	-1.052311	70.613401	1548.706704	0.000000
150.710000	-5.420000	-156.914993	18.231300	-0.871012	70.458836	1551.135271	0.000000
150.710000	-5.420000	-156.914993	18.481300	-0.690020	70.304944	1553.563838	0.000000
150.710000	-5.420000	-156.914993	18.731300	-0.509271	70.151660	1555.992405	0.000000
150.710000	-5.420000	-156.914993	18.981300	-0.328830	69.999051	1558.420972	0.000000
150.710000	-5.420000	-156.914993	19.231300	-0.193892	69.847056	1560.849539	0.000000
150.710000	-5.420000	-156.914993	19.481300	-0.699136	69.695739	1563.289899	0.000000
150.710000	-5.420000	-156.914993	19.731300	-1.123251	69.545042	1565.864404	0.000000
150.710000	-5.420000	-156.914993	19.981300	-0.867428	69.395025	1568.438910	0.000000
150.710000	-5.420000	-156.914993	20.231300	0.041197	69.245634	1570.993709	2.000000
150.710000	-5.420000	-156.914993	20.481300	0.943363	69.096925	1573.358276	2.000000
150.710000	-5.420000	-156.914993	20.731300	0.911223	68.948847	1575.722844	2.000000
150.710000	-5.420000	-156.914993	20.981300	0.644558	68.801453	1578.149023	3.000000
150.710000	-5.420000	-156.914993	21.231300	0.301375	68.654695	1580.683214	2.000000
150.710000	-5.420000	-156.914993	21.481300	0.408405	68.508624	1583.226922	2.000000
150.710000	-5.420000	-156.914993	21.731300	0.610263	68.363193	1585.755211	2.000000
150.710000	-5.420000	-156.914993	21.981300	0.780862	68.218449	1588.283499	2.000000
150.710000	-5.420000	-156.914993	22.231300	0.951211	68.074351	1590.811788	0.000000
150.710000	-5.420000	-156.914993	22.481300	1.121267	67.930942	1593.340076	0.000000
150.710000	-5.420000	-156.914993	22.731300	1.291068	67.788183	1595.868365	0.000000
150.710000	-5.420000	-156.914993	22.981300	1.460575	67.646113	1598.396653	0.000000
150.710000	-5.420000	-156.914993	23.231300	1.629825	67.504697	1600.924942	0.000000
150.710000	-5.420000	-156.914993	23.481300	1.811695	67.363972	1603.453230	1.000000
150.710000	-5.420000	-156.914993	23.731300	1.998862	67.223905	1605.978091	1.000000
150.710000	-5.420000	-156.914993	23.981300	2.155300	67.084529	1608.501467	1.000000
150.710000	-5.420000	-156.914993	24.231300	1.793176	66.945814	1611.024844	1.000000
150.710000	-5.420000	-156.914993	24.481300	1.243448	66.807792	1613.513180	1.000000
150.710000	-5.420000	-156.914993	24.731300	0.928550	66.670434	1616.097752	1.000000
150.710000	-5.420000	-156.914993	24.981300	1.013629	66.533768	1618.682324	1.000000
150.710000	-5.420000	-156.914993	25.231300	1.190945	66.397770	1621.266896	1.000000
150.710000	-5.420000	-156.914993	25.481300	1.367977	66.262465	1623.851468	0.000000
150.710000	-5.420000	-156.664993	15.481300	1.861061	72.309661	1532.293376	1.000000
150.710000	-5.420000	-156.664993	15.731300	2.038861	72.150177	1534.113952	1.000000
150.710000	-5.420000	-156.664993	15.981300	0.994480	71.991239	1535.934529	1.000000
150.710000	-5.420000	-156.664993	16.231300	-1.115251	71.832965	1538.053474	1.000000
150.710000	-5.420000	-156.664993	16.481300	-1.902174	71.675243	1540.379583	1.000000
150.710000	-5.420000	-156.664993	16.731300	-1.967283	71.518190	1542.762248	1.000000
150.710000	-5.420000	-156.664993	16.981300	-1.903877	71.361694	1545.190815	1.000000
150.710000	-5.420000	-156.664993	17.231300	-1.722788	71.205873	1547.619382	0.000000
150.710000	-5.420000	-156.664993	17.481300	-1.541893	71.050614	1550.047949	0.000000
150.710000	-5.420000	-156.664993	17.731300	-1.361314	70.896037	1552.476516	0.000000
150.710000	-5.420000	-156.664993	17.981300	-1.180935	70.742025	1554.905083	0.000000
150.710000	-5.420000	-156.664993	18.231300	-1.000877	70.588700	1557.333650	0.000000
150.710000	-5.420000	-156.664993	18.481300	-0.821023	70.435947	1559.762217	0.000000
150.710000	-5.420000	-156.664993	18.731300	-0.641495	70.283884	1562.190784	0.000000
150.710000	-5.420000	-156.664993	18.981300	-0.462176	70.132397	1564.619352	0.000000
150.710000	-5.420000	-156.664993	19.231300	-0.283189	69.981606	1567.047919	0.000000
150.710000	-5.420000	-156.664993	19.481300	-0.454598	69.831395	1569.476486	0.000000
150.710000	-5.420000	-156.664993	19.731300	-1.034818	69.681884	1571.991887	1.000000
150.710000	-5.420000	-156.664993	19.981300	-0.897906	69.532956	1574.566392	1.000000
150.710000	-5.420000	-156.664993	20.231300	-0.002262	69.384733	1577.092973	3.000000
150.710000	-5.420000	-156.664993	20.481300	0.730294	69.237097	1579.457540	3.000000
150.710000	-5.420000	-156.664993	20.731300	0.555986	69.090170	1581.840869	2.000000
150.710000	-5.420000	-156.664993	20.981300	-0.233452	68.943833	1584.340121	2.000000
150.710000	-5.420000	-156.664993	21.231300	0.315684	68.798208	1586.798858	2.000000
150.710000	-5.420000	-156.664993	21.481300	0.214175	68.653177	1589.322235	2.000000
150.710000	-5.420000	-156.664993	21.731300	0.383984	68.508861	1591.845611	1.000000
150.710000	-5.420000	-156.664993	21.981300	0.553592	68.365142	1594.368988	1.000000
150.710000	-5.420000	-156.664993	22.231300	0.722878	68.222142	1596.892364	0.000000
150.710000	-5.420000	-156.664993	22.481300	0.891960	68.079741	1599.415741	0.000000
150.710000	-5.420000	-156.664993	22.731300	1.060719	67.938062	1601.939118	0.000000
150.710000	-5.420000	-156.664993	22.981300	1.229272	67.796985	1604.462494	0.000000
150.710000	-5.420000	-156.664993	23.231300	1.397498	67.656631	1606.985871	0.000000
150.710000	-5.420000	-156.664993	23.481300	1.565517	67.516883	1609.509247	1.000000
150.710000	-5.420000	-156.664993	23.731300	1.720423	67.377861	1612.032624	1.000000
150.710000	-5.420000	-156.664993	23.981300	2.280406	67.239446	1614.544780	1.000000
150.710000	-5.420000	-156.664993	24.231300	2.604716	67.101759	1616.896743	1.000000
150.710000	-5.420000	-156.664993	24.481300	1.907256	66.964681	1619.300522	1.000000
150.710000	-5.420000	-156.664993	24.731300	1.468010	66.828334	1621.818955	1.000000
150.710000	-5.420000	-156.664993	24.981300	1.272147	66.692598	1624.351541	1.000000
150.710000	-5.420000	-156.664993	25.231300	1.129781	66.557593	1626.936113	1.000000
150.710000	-5.420000	-156.664993	25.481300	1.207240	66.423202	1629.520685	0.000000
150.710000	-5.420000	-156.664993	25.731300	1.383034	66.289543	1632.105257	0.000000
150.710000	-5.420000	-156.414993	15.481300	1.745576	72.425146	1538.481652	1.000000
150.710000	-5.420000	-156.414993	15.731300	1.922151	72.266887	1540.302229	1.000000
150.710000	-5.420000	-156.414993	15.981300	1.228300	72.109267	1542.122805	1.000000
150.710000	-5.420000	-156.414993	16.231300	-1.043079	71.952201	1544.155450	1.000000
150.710000	-5.420000	-156.414993	16.481300	-2.255518	71.795778	1546.532060	1.000000
150.710000	-5.420000	-156.414993	16.731300	-2.207003	71.639918	1548.960627	1.000000
150.710000	-5.420000	-156.414993	16.981300	-2.026888	71.484704	1551.389194	1.000000
150.710000	-5.420000	-156.414993	17.231300	-1.846975	71.330060	1553.817761	0.000000
150.710000	-5.420000	-156.414993	17.481300	-1.667346	71.176067	1556.246328	0.000000
150.710000	-5.420000	-156.414993	17.731300	-1.487927	71.022649	1558.674895	0.000000
150.710000	-5.420000	-156.414993	17.981300	-1.308796	70.869886	1561.103463	0.000000
150.710000	-5.420000	-156.414993	18.231300	-1.129882	70.717705	1563.532030	0.000000
150.710000	-5.420000	-156.414993	18.481300	-0.951258	70.566182	1565.960597	0.000000
150.710000	-5.420000	-156.414993	18.731300	-0.772858	70.415248	1568.389164	0.000000
150.710000	-5.420000	-156.414993	18.981300	-0.594752	70.264973	1570.817731	0.000000
150.710000	-5.420000	-156.414993	19.231300	-0.416877	70.115294	1573.246298	0.000000
150.710000	-5.420000	-156.414993	19.481300	-0.300378	69.966278	1575.674865	1.000000
150.710000	-5.420000	-156.414993	19.731300	-0.813755	69.817863	1578.119369	1.000000
150.710000	-5.420000	-156.414993	19.981300	-0.927451	69.670113	1580.693875	1.000000
150.710000	-5.420000	-156.414993	20.231300	-0.031478	69.522970	1583.192237	3.000000
150.710000	-5.420000	-156.414993	20.481300	0.338456	69.376494	1585.556804	3.000000
150.710000	-5.420000	-156.414993	20.731300	1.263174	69.230631	1588.031967	3.000000
150.710000	-5.420000	-156.414993	20.981300	-0.069763	69.085436	1590.028824	2.000000
150.710000	-5.420000	-156.414993	21.231300	-1.316432	68.940859	1592.853391	2.000000
150.710000	-5.420000	-156.414993	21.481300	0.005540	68.796953	1595.376768	2.000000
150.710000	-5.420000	-156.414993	21.731300	0.182182	68.653670	1597.900145	1.000000
150.710000	-5.420000	-156.414993	21.981300	0.358534	68.511058	1600.423521	1.000000
150.710000	-5.420000	-156.414993	22.231300	0.534641	68.369074	1602.946898	0.000000
150.710000	-5.420000	-156.414993	22.481300	0.710457	68.227764	1605.470274	0.000000
150.710000	-5.420000	-156.414993	22.731300	0.886023	68.087084	1607.993651	0.000000
150.710000	-5.420000	-156.414993	22.981300	1.061296	67.947080	1610.517027	0.000000
150.710000	-5.420000	-156.414993	23.231300	1.236315	67.807712	1613.040404	0.000000
150.710000	-5.420000	-156.414993	23.481300	1.453208	67.669019	1615.563781	1.000000
150.710000	-5.420000	-156.414993	23.731300	2.014987	67.530966	1618.048728	1.000000
150.710000	-5.420000	-156.414993	23.981300	2.454847	67.393590	1620.400691	1.000000
150.710000	-5.420000	-156.414993	24.231300	2.623640	67.256856	1622.752653	1.000000
150.710000	-5.420000	-156.414993	24.481300	2.060921	67.120800	1625.105656	1.000000
150.710000	-5.420000	-156.414993	24.731300	1.508297	66.985391	1627.624090	1.000000
150.710000	-5.420000	-156.414993	24.981300	1.658689	66.850660	1630.142523	1.000000
150.710000	-5.420000	-156.414993	25.231300	1.680031	66.716578	1632.660957	0.000000
150.710000	-5.420000	-156.414993	25.481300	1.483831	66.583174	1635.189903	0.000000
150.710000	-5.420000	-156.414993	25.731300	1.326931	66.450423	1637.774474	0.000000
150.710000	-5.420000	-156.414993	25.981300	1.396772	66.318351	1640.359046	1.000000
150.710000	-5.420000	-156.164993	15.481300	1.630815	72.539907	1544.669929	1.000000
150.710000	-5.420000	-156.164993	15.731300	1.806069	72.382969	1546.490505	1.000000
150.710000	-5.420000	-156.164993	15.981300	1.354293	72.226562	1548.311082	1.000000
150.710000	-5.420000	-156.164993	16.231300	-1.047636	72.070800	1550.285410	1.000000
150.710000	-5.420000	-156.164993	16.481300	-2.765088	71.915575	1552.730003	1.000000
150.710000	-5.420000	-156.164993	16.731300	-2.498323	71.761002	1555.159006	1.000000
150.710000	-5.420000	-156.164993	16.981300	-2.292826	71.606970	1557.587573	1.000000
150.710000	-5.420000	-156.164993	17.231300	-2.089427	71.453596	1560.016141	0.000000
150.710000	-5.420000	-156.164993	17.481300	-1.886312	71.300768	1562.444708	0.000000
150.710000	-5.420000	-156.164993	17.731300	-1.683598	71.148604	1564.873275	0.000000
150.710000	-5.420000	-156.164993	17.981300	-1.481176	70.996990	1567.301842	0.000000
150.710000	-5.420000	-156.164993	18.231300	-1.279162	70.846045	1569.730409	0.000000
150.710000	-5.420000	-156.164993	18.481300	-1.080732	70.695656	1572.158976	0.000000
150.710000	-5.420000	-156.164993	18.731300	-0.903550	70.545940	1574.587543	0.000000
150.710000	-5.420000	-156.164993	18.981300	-0.726563	70.396784	1577.016110	0.000000
150.710000	-5.420000	-156.164993	19.231300	-0.549888	70.248306	1579.444677	1.000000
150.710000	-5.420000	-156.164993	19.481300	-0.373412	70.100392	1581.873244	1.000000
150.710000	-5.420000	-156.164993	19.731300	-0.569157	69.953161	1584.301812	1.000000
150.710000	-5.420000	-156.164993	19.981300	-0.745718	69.806498	1586.821357	1.000000
150.710000	-5.420000	-156.164993	20.231300	-0.283159	69.660521	1589.291501	2.000000
150.710000	-5.420000	-156.164993	20.481300	1.337774	69.515116	1591.723813	3.000000
150.710000	-5.420000	-156.164993	20.731300	0.817253	69.370401	1593.647714	3.000000
150.710000	-5.420000	-156.164993	20.981300	-1.324148	69.226262	1596.077179	2.000000
150.710000	-5.420000	-156.164993	21.231300	-1.481684	69.082817	1598.907925	2.000000
150.710000	-5.420000	-156.164993	21.481300	-0.137457	68.939950	1601.431301	2.000000
150.710000	-5.420000	-156.164993	21.731300	0.038070	68.797781	1603.954678	2.000000
150.710000	-5.420000	-156.164993	21.981300	0.213398	68.656194	1606.478055	0.000000
150.710000	-5.420000	-156.164993	22.231300	0.388408	68.515307	1609.001431	0.000000
150.710000	-5.420000	-156.164993	22.481300	0.563216	68.375004	1611.524808	0.000000
150.710000	-5.420000	-156.164993	22.731300	0.737702	68.235406	1614.048184	0.000000
150.710000	-5.420000	-156.164993	22.981300	0.911982	68.096394	1616.571561	0.000000
150.710000	-5.420000	-156.164993	23.231300	1.188956	67.958089	1619.094937	0.000000
150.710000	-5.420000	-156.164993	23.481300	1.752575	67.820373	1621.552677	0.000000
150.710000	-5.420000	-156.164993	23.731300	2.129288	67.683366	1623.904639	1.000000
150.710000	-5.420000	-156.164993	23.981300	2.301485	67.546952	1626.256602	1.000000
150.710000	-5.420000	-156.164993	24.231300	2.473341	67.411248	1628.608564	1.000000
150.710000	-5.420000	-156.164993	24.481300	2.186163	67.276138	1630.960527	1.000000
150.710000	-5.420000	-156.164993	24.731300	1.545171	67.141741	1633.429224	1.000000
150.710000	-5.420000	-156.164993	24.981300	1.525219	67.007941	1635.947658	1.000000
150.710000	-5.420000	-156.164993	25.231300	1.698171	66.874855	1638.466091	0.000000
150.710000	-5.420000	-156.164993	25.481300	1.853288	66.742368	1640.984525	0.000000
150.710000	-5.420000	-156.164993	25.731300	1.887732	66.610597	1643.502958	0.000000
150.710000	-5.420000	-156.164993	25.981300	1.691318	66.479426	1646.028264	1.000000
150.710000	-5.420000	-156.164993	26.231300	1.519950	66.348971	1648.612836	1.000000
150.710000	-5.420000	-155.914993	15.481300	1.516776	72.653946	1550.858205	1.000000
150.710000	-5.420000	-155.914993	15.731300	1.675043	72.498226	1552.678781	1.000000
150.710000	-5.420000	-155.914993	15.981300	1.291907	72.343129	1554.503181	1.000000
150.710000	-5.420000	-155.914993	16.231300	-0.458004	72.188571	1556.493605	1.000000
150.710000	-5.420000	-155.914993	16.481300	-2.606675	72.034639	1558.802791	1.000000
150.710000	-5.420000	-155.914993	16.731300	-2.938595	71.881253	1561.247384	1.000000
150.710000	-5.420000	-155.914993	16.981300	-2.735191	71.728498	1563.691977	1.000000
150.710000	-5.420000	-155.914993	17.231300	-2.532073	71.576295	1566.136569	0.000000
150.710000	-5.420000	-155.914993	17.481300	-2.329325	71.424728	1568.581162	0.000000
150.710000	-5.420000	-155.914993	17.731300	-2.126872	71.273719	1571.025755	0.000000
150.710000	-5.420000	-155.914993	17.981300	-1.924794	71.123348	1573.470348	0.000000
150.710000	-5.420000	-155.914993	18.231300	-1.714563	70.973544	1575.914941	0.000000
150.710000	-5.420000	-155.914993	18.481300	-1.451063	70.824380	1578.357355	0.000000
150.710000	-5.420000	-155.914993	18.731300	-1.196519	70.675789	1580.785923	0.000000
150.710000	-5.420000	-155.914993	18.981300	-0.996083	70.527842	1583.214490	0.000000
150.710000	-5.420000	-155.914993	19.231300	-0.795969	70.380473	1585.643057	1.000000
150.710000	-5.420000	-155.914993	19.481300	-0.596247	70.233751	1588.071624	1.000000
150.710000	-5.420000	-155.914993	19.731300	-0.473923	70.087614	1590.500191	1.000000
150.710000	-5.420000	-155.914993	19.981300	-0.562844	69.942125	1592.948839	2.000000
150.710000	-5.420000	-155.914993	20.231300	1.438482	69.797226	1595.415658	2.000000
150.710000	-5.420000	-155.914993	20.481300	2.980965	69.652979	1597.310307	2.000000
150.710000	-5.420000	-155.914993	20.731300	-0.185082	69.509327	1599.333323	2.000000
150.710000	-5.420000	-155.914993	20.981300	-2.850827	69.366329	1602.125535	3.000000
150.710000	-5.420000	-155.914993	21.231300	-1.646084	69.223930	1604.962458	1.000000
150.710000	-5.420000	-155.914993	21.481300	-0.279694	69.082187	1607.485835	1.000000
150.710000	-5.420000	-155.914993	21.731300	-0.105198	68.941050	1610.009211	1.000000
150.710000	-5.420000	-155.914993	21.981300	0.069023	68.800569	1612.532588	0.000000
150.710000	-5.420000	-155.914993	22.231300	0.243017	68.660698	1615.055964	0.000000
150.710000	-5.420000	-155.914993	22.481300	0.416735	68.521485	1617.579341	0.000000
150.710000	-5.420000	-155.914993	22.731300	0.590220	68.382887	1620.102718	0.000000
150.710000	-5.420000	-155.914993	22.981300	0.927790	68.244949	1622.626094	0.000000
150.710000	-5.420000	-155.914993	23.231300	1.493209	68.107628	1625.056625	0.000000
150.710000	-5.420000	-155.914993	23.481300	1.806273	67.970969	1627.408587	0.000000
150.710000	-5.420000	-155.914993	23.731300	1.977722	67.834932	1629.760550	0.000000
150.710000	-5.420000	-155.914993	23.981300	2.148879	67.699557	1632.112512	0.000000
150.710000	-5.420000	-155.914993	24.231300	2.319780	67.564808	1634.464475	1.000000
150.710000	-5.420000	-155.914993	24.481300	2.231760	67.430722	1636.816438	1.000000
150.710000	-5.420000	-155.914993	24.731300	1.587440	67.297264	1639.234359	0.000000
150.710000	-5.420000	-155.914993	24.981300	1.368690	67.164471	1641.752792	0.000000
150.710000	-5.420000	-155.914993	25.231300	1.540717	67.032309	1644.271226	0.000000
150.710000	-5.420000	-155.914993	25.481300	1.712473	66.900812	1646.789659	0.000000
150.710000	-5.420000	-155.914993	25.731300	1.883986	66.769951	1649.308093	0.000000
150.710000	-5.420000	-155.914993	25.981300	2.043742	66.639753	1651.826526	1.000000
150.710000	-5.420000	-155.914993	26.231300	2.091303	66.510194	1654.344960	1.000000
150.710000	-5.420000	-155.664993	15.481300	1.403443	72.767279	1557.046481	1.000000
150.710000	-5.420000	-155.664993	15.731300	1.177077	72.612873	1558.867058	1.000000
150.710000	-5.420000	-155.664993	15.981300	0.868336	72.458983	1560.799983	1.000000
150.710000	-5.420000	-155.664993	16.231300	0.432955	72.305722	1562.790407	1.000000
150.710000	-5.420000	-155.664993	16.481300	-1.640114	72.152983	1564.875579	1.000000
150.710000	-5.420000	-155.664993	16.731300	-3.082875	72.000877	1567.320172	1.000000
150.710000	-5.420000	-155.664993	16.981300	-2.905886	71.849299	1569.764764	1.000000
150.710000	-5.420000	-155.664993	17.231300	-2.729163	71.698361	1572.209357	0.000000
150.710000	-5.420000	-155.664993	17.481300	-2.552597	71.547954	1574.653950	0.000000
150.710000	-5.420000	-155.664993	17.731300	-2.376302	71.398193	1577.098543	0.000000
150.710000	-5.420000	-155.664993	17.981300	-2.200170	71.248969	1579.543136	0.000000
150.710000	-5.420000	-155.664993	18.231300	-2.024314	71.100395	1581.987728	0.000000
150.710000	-5.420000	-155.664993	18.481300	-1.845202	70.952362	1584.432321	0.000000
150.710000	-5.420000	-155.664993	18.731300	-1.644672	70.804986	1586.876914	0.000000
150.710000	-5.420000	-155.664993	18.981300	-1.444427	70.658154	1589.321507	0.000000
150.710000	-5.420000	-155.664993	19.231300	-1.244583	70.511982	1591.766100	1.000000
150.710000	-5.420000	-155.664993	19.481300	-1.045031	70.366360	1594.210692	1.000000
150.710000	-5.420000	-155.664993	19.731300	-0.939515	70.221403	1596.655285	1.000000
150.710000	-5.420000	-155.664993	19.981300	-0.051764	70.076999	1599.098061	1.000000
150.710000	-5.420000	-155.664993	20.231300	1.396418	69.933264	1601.337403	2.000000
150.710000	-5.420000	-155.664993	20.481300	2.429847	69.790086	1603.459204	2.000000
150.710000	-5.420000	-155.664993	20.731300	0.915299	69.647581	1605.581005	2.000000
150.710000	-5.420000	-155.664993	20.981300	-2.267695	69.505636	1608.173890	1.000000
150.710000	-5.420000	-155.664993	21.231300	-1.809801	69.364368	1611.016991	1.000000
150.710000	-5.420000	-155.664993	21.481300	-0.421170	69.223663	1613.540368	1.000000
150.710000	-5.420000	-155.664993	21.731300	-0.247787	69.083639	1616.063745	0.000000
150.710000	-5.420000	-155.664993	21.981300	-0.074589	68.944181	1618.587121	0.000000
150.710000	-5.420000	-155.664993	22.231300	0.098308	68.805407	1621.110498	0.000000
150.710000	-5.420000	-155.664993	22.481300	0.271018	68.667203	1623.633874	0.000000
150.710000	-5.420000	-155.664993	22.731300	0.669625	68.529684	1626.157251	0.000000
150.710000	-5.420000	-155.664993	22.981300	1.236884	68.392739	1628.560573	0.000000
150.710000	-5.420000	-155.664993	23.231300	1.485717	68.256482	1630.912536	0.000000
150.710000	-5.420000	-155.664993	23.481300	1.656441	68.120801	1633.264498	0.000000
150.710000	-5.420000	-155.664993	23.731300	1.826844	67.985811	1635.616461	0.000000
150.710000	-5.420000	-155.664993	23.981300	1.997038	67.851398	1637.968423	0.000000
150.710000	-5.420000	-155.664993	24.231300	2.166909	67.717680	1640.320386	0.000000
150.710000	-5.420000	-155.664993	24.481300	2.276960	67.584541	1642.672348	0.000000
150.710000	-5.420000	-155.664993	24.731300	1.689349	67.452098	1645.039493	0.000000
150.710000	-5.420000	-155.664993	24.981300	1.212923	67.320237	1647.557927	0.000000
150.710000	-5.420000	-155.664993	25.231300	1.383953	67.189074	1650.076360	0.000000
150.710000	-5.420000	-155.664993	25.481300	1.554790	67.058495	1652.594794	0.000000
150.710000	-5.420000	-155.664993	25.731300	1.725322	66.928615	1655.113227	0.000000
150.710000	-5.420000	-155.664993	25.981300	1.895660	66.799321	1657.631661	1.000000
150.710000	-5.420000	-155.664993	26.231300	2.065690	66.670728	1660.150094	1.000000
150.710000	-5.420000	-155.664993	26.481300	2.230142	66.542722	1662.668528	1.000000
150.710000	-5.420000	-155.414993	15.231300	1.119081	73.033614	1561.414181	0.000000
150.710000	-5.420000	-155.414993	15.481300	1.080320	72.879907	1563.234758	0.000000
150.710000	-5.420000	-155.414993	15.731300	0.756453	72.726712	1565.106362	1.000000
150.710000	-5.420000	-155.414993	15.981300	0.522688	72.574127	1567.096785	1.000000
150.710000	-5.420000	-155.414993	16.231300	0.694825	72.422062	1569.087209	1.000000
150.710000	-5.420000	-155.414993	16.481300	-0.550920	72.270610	1571.077633	1.000000
150.710000	-5.420000	-155.414993	16.731300	-2.691524	72.119687	1573.392959	1.000000
150.710000	-5.420000	-155.414993	16.981300	-3.025967	71.969380	1575.837552	0.000000
150.710000	-5.420000	-155.414993	17.231300	-2.850410	71.819608	1578.282145	0.000000
150.710000	-5.420000	-155.414993	17.481300	-2.675099	71.670456	1580.726738	0.000000
150.710000	-5.420000	-155.414993	17.731300	-2.499955	71.521847	1583.171331	0.000000
150.710000	-5.420000	-155.414993	17.981300	-2.325061	71.373860	1585.615923	0.000000
150.710000	-5.420000	-155.414993	18.231300	-2.150341	71.226423	1588.060516	0.000000
150.710000	-5.420000	-155.414993	18.481300	-1.975874	71.079612	1590.505109	0.000000
150.710000	-5.420000	-155.414993	18.731300	-1.801589	70.933356	1592.949702	0.000000
150.710000	-5.420000	-155.414993	18.981300	-1.627558	70.787730	1595.394295	0.000000
150.710000	-5.420000	-155.414993	19.231300	-1.453716	70.642664	1597.838887	1.000000
150.710000	-5.420000	-155.414993	19.481300	-1.227566	70.498231	1600.283480	1.000000
150.710000	-5.420000	-155.414993	19.731300	-1.019391	70.354365	1602.663202	1.000000
150.710000	-5.420000	-155.414993	19.981300	-1.161093	70.211133	1605.055079	1.000000
150.710000	-5.420000	-155.414993	20.231300	0.197446	70.068473	1607.525839	2.000000
150.710000	-5.420000	-155.414993	20.481300	2.194487	69.926451	1609.706886	2.000000
150.710000	-5.420000	-155.414993	20.731300	1.541551	69.785006	1611.828688	2.000000
150.710000	-5.420000	-155.414993	20.981300	-1.676093	69.644200	1614.222246	1.000000
150.710000	-5.420000	-155.414993	21.231300	-1.972682	69.503978	1617.071525	1.000000
150.710000	-5.420000	-155.414993	21.481300	-0.561903	69.364396	1619.594901	1.000000
150.710000	-5.420000	-155.414993	21.731300	-0.389550	69.225402	1622.118278	0.000000
150.710000	-5.420000	-155.414993	21.981300	-0.217458	69.087050	1624.641654	0.000000
150.710000	-5.420000	-155.414993	22.231300	-0.050435	68.949291	1627.165031	0.000000
150.710000	-5.420000	-155.414993	22.481300	0.414582	68.812176	1629.688408	0.000000
150.710000	-5.420000	-155.414993	22.731300	0.983648	68.675658	1632.064522	0.000000
150.710000	-5.420000	-155.414993	22.981300	1.167740	68.539786	1634.416484	0.000000
150.710000	-5.420000	-155.414993	23.231300	1.337685	68.404515	1636.768447	0.000000
150.710000	-5.420000	-155.414993	23.481300	1.507352	68.269890	1639.120409	0.000000
150.710000	-5.420000	-155.414993	23.731300	1.676784	68.135870	1641.472372	0.000000
150.710000	-5.420000	-155.414993	23.981300	1.845938	68.002499	1643.824334	0.000000
150.710000	-5.420000	-155.414993	24.231300	2.014853	67.869735	1646.176297	0.000000
150.710000	-5.420000	-155.414993	24.481300	2.183488	67.737621	1648.528259	0.000000
150.710000	-5.420000	-155.414993	24.731300	1.815878	67.606119	1650.880222	0.000000
150.710000	-5.420000	-155.414993	24.981300	1.195919	67.475267	1653.363062	0.000000
150.710000	-5.420000	-155.414993	25.231300	1.227997	67.345030	1655.881495	0.000000
150.710000	-5.420000	-155.414993	25.481300	1.397842	67.215443	1658.399928	0.000000
150.710000	-5.420000	-155.414993	25.731300	1.567462	67.086475	1660.918362	0.000000
150.710000	-5.420000	-155.414993	25.981300	1.736824	66.958157	1663.436795	1.000000
150.710000	-5.420000	-155.414993	26.231300	1.905957	66.830461	1665.955229	1.000000
150.710000	-5.420000	-155.164993	15.231300	1.008357	73.144338	1567.602458	0.000000
150.710000	-5.420000	-155.164993	15.481300	0.645024	72.991846	1569.423034	0.000000
150.710000	-5.420000	-155.164993	15.731300	0.278361	72.839959	1571.403164	0.000000
150.710000	-5.420000	-155.164993	15.981300	0.408241	72.688574	1573.393588	0.000000
150.710000	-5.420000	-155.164993	16.231300	0.579086	72.537801	1575.384012	0.000000
150.710000	-5.420000	-155.164993	16.481300	0.347492	72.387535	1577.374435	0.000000
150.710000	-5.420000	-155.164993	16.731300	-1.734996	72.237887	1579.465747	0.000000
150.710000	-5.420000	-155.164993	16.981300	-3.145338	72.088751	1581.910340	0.000000
150.710000	-5.420000	-155.164993	17.231300	-2.971040	71.940238	1584.354933	0.000000
150.710000	-5.420000	-155.164993	17.481300	-2.796886	71.792243	1586.799526	0.000000
150.710000	-5.420000	-155.164993	17.731300	-2.622985	71.644877	1589.244118	0.000000
150.710000	-5.420000	-155.164993	17.981300	-2.449233	71.498032	1591.688711	0.000000
150.710000	-5.420000	-155.164993	18.231300	-2.275740	71.351821	1594.133304	0.000000
150.710000	-5.420000	-155.164993	18.481300	-2.102399	71.206137	1596.577897	0.000000
150.710000	-5.420000	-155.164993	18.731300	-1.929324	71.061092	1599.022490	0.000000
150.710000	-5.420000	-155.164993	18.981300	-1.851076	70.916577	1601.467082	0.000000
150.710000	-5.420000	-155.164993	19.231300	-1.381642	70.772706	1603.911675	1.000000
150.710000	-5.420000	-155.164993	19.481300	-0.979658	70.629369	1606.228342	1.000000
150.710000	-5.420000	-155.164993	19.731300	-1.333689	70.486680	1608.563517	1.000000
150.710000	-5.420000	-155.164993	19.981300	-1.568285	70.344530	1611.034276	1.000000
150.710000	-5.420000	-155.164993	20.231300	-1.312925	70.203032	1613.505035	2.000000
150.710000	-5.420000	-155.164993	20.481300	0.666513	70.062077	1615.954569	2.000000
150.710000	-5.420000	-155.164993	20.731300	2.175400	69.921777	1618.076370	3.000000
150.710000	-5.420000	-155.164993	20.981300	-0.874607	69.782023	1620.270601	2.000000
150.710000	-5.420000	-155.164993	21.231300	-2.134897	69.642929	1623.126058	2.000000
150.710000	-5.420000	-155.164993	21.481300	-0.701891	69.504385	1625.649435	1.000000
150.710000	-5.420000	-155.164993	21.731300	-0.530652	69.366503	1628.172811	0.000000
150.710000	-5.420000	-155.164993	21.981300	-0.396147	69.229174	1630.696188	0.000000
150.710000	-5.420000	-155.164993	22.231300	0.162577	69.092511	1633.216507	0.000000
150.710000	-5.420000	-155.164993	22.481300	0.721358	68.956404	1635.568470	0.000000
150.710000	-5.420000	-155.164993	22.731300	0.852258	68.820965	1637.920432	0.000000
150.710000	-5.420000	-155.164993	22.981300	1.021441	68.686086	1640.272395	0.000000
150.710000	-5.420000	-155.164993	23.231300	1.190321	68.551878	1642.624357	0.000000
150.710000	-5.420000	-155.164993	23.481300	1.359010	68.418232	1644.976320	0.000000
150.710000	-5.420000	-155.164993	23.731300	1.527395	68.285260	1647.328282	0.000000
150.710000	-5.420000	-155.164993	23.981300	1.695586	68.152851	1649.680245	0.000000
150.710000	-5.420000	-155.164993	24.231300	1.863469	68.021120	1652.032207	0.000000
150.710000	-5.420000	-155.164993	24.481300	2.031155	67.889954	1654.384170	0.000000
150.710000	-5.420000	-155.164993	24.731300	1.885040	67.759468	1656.736132	0.000000
150.710000	-5.420000	-155.164993	24.981300	1.238986	67.629550	1659.168196	0.000000
150.710000	-5.420000	-155.164993	25.231300	1.072714	67.500312	1661.686630	0.000000
150.710000	-5.420000	-155.164993	25.481300	1.241640	67.371646	1664.205063	0.000000
150.710000	-5.420000	-155.164993	25.731300	1.410276	67.243661	1666.723497	0.000000
150.710000	-5.420000	-155.164993	25.981300	1.578732	67.116249	1669.241930	1.000000
150.710000	-5.420000	-155.164993	26.231300	1.746896	66.989522	1671.760363	1.000000
150.710000	-5.420000	-154.914993	15.231300	0.538967	73.254277	1573.790734	0.000000
150.710000	-5.420000	-154.914993	15.481300	0.229400	73.103098	1575.709542	0.000000
150.710000	-5.420000	-154.914993	15.731300	0.124635	72.952416	1577.699966	0.000000
150.710000	-5.420000	-154.914993	15.981300	0.294487	72.802328	1579.690390	0.000000
150.710000	-5.420000	-154.914993	16.231300	0.464141	72.652745	1581.680814	0.000000
150.710000	-5.420000	-154.914993	16.481300	0.633505	72.503761	1583.671238	0.000000
150.710000	-5.420000	-154.914993	16.731300	-0.646097	72.355289	1585.661662	0.000000
150.710000	-5.420000	-154.914993	16.981300	-2.778635	72.207419	1587.983128	0.000000
150.710000	-5.420000	-154.914993	17.231300	-3.090870	72.060068	1590.427720	0.000000
150.710000	-5.420000	-154.914993	17.481300	-2.917965	71.913322	1592.872313	0.000000
150.710000	-5.420000	-154.914993	17.731300	-2.745211	71.767102	1595.316906	0.000000
150.710000	-5.420000	-154.914993	17.981300	-2.572692	71.621492	1597.761499	0.000000
150.710000	-5.420000	-154.914993	18.231300	-2.400331	71.476413	1600.206092	0.000000
150.710000	-5.420000	-154.914993	18.481300	-2.228209	71.331947	1602.650684	0.000000
150.710000	-5.420000	-154.914993	18.731300	-2.014772	71.188019	1605.095277	0.000000
150.710000	-5.420000	-154.914993	18.981300	-1.530645	71.044705	1607.479772	0.000000
150.710000	-5.420000	-154.914993	19.231300	-1.282437	70.901937	1609.793482	0.000000
150.710000	-5.420000	-154.914993	19.481300	-1.501640	70.759786	1612.107191	1.000000
150.710000	-5.420000	-154.914993	19.731300	-1.734259	70.618185	1614.542713	1.000000
150.710000	-5.420000	-154.914993	19.981300	-1.700959	70.477204	1617.013472	1.000000
150.710000	-5.420000	-154.914993	20.231300	-1.529669	70.336780	1619.484231	1.000000
150.710000	-5.420000	-154.914993	20.481300	-0.926934	70.196978	1621.954990	2.000000
150.710000	-5.420000	-154.914993	20.731300	1.129376	70.057736	1624.324053	1.000000
150.710000	-5.420000	-154.914993	20.981300	0.028123	69.919120	1626.445854	1.000000
150.710000	-5.420000	-154.914993	21.231300	-1.817038	69.781070	1629.180591	1.000000
150.710000	-5.420000	-154.914993	21.481300	-0.841153	69.643646	1631.703968	1.000000
150.710000	-5.420000	-154.914993	21.731300	-0.646697	69.506794	1634.227345	1.000000
150.710000	-5.420000	-154.914993	21.981300	-0.086270	69.370570	1636.720456	0.000000
150.710000	-5.420000	-154.914993	22.231300	0.370809	69.234921	1639.072418	0.000000
150.710000	-5.420000	-154.914993	22.481300	0.539389	69.099903	1641.424381	0.000000
150.710000	-5.420000	-154.914993	22.731300	0.707759	68.965465	1643.776343	0.000000
150.710000	-5.420000	-154.914993	22.981300	0.875868	68.831658	1646.128306	0.000000
150.710000	-5.420000	-154.914993	23.231300	1.043763	68.698436	1648.480268	0.000000
150.710000	-5.420000	-154.914993	23.481300	1.211395	68.565847	1650.832231	0.000000
150.710000	-5.420000	-154.914993	23.731300	1.378809	68.433846	1653.184193	0.000000
150.710000	-5.420000	-154.914993	23.981300	1.545958	68.302479	1655.536156	0.000000
150.710000	-5.420000	-154.914993	24.231300	1.712885	68.171704	1657.888118	0.000000
150.710000	-5.420000	-154.914993	24.481300	1.879545	68.041564	1660.240081	0.000000
150.710000	-5.420000	-154.914993	24.731300	1.931064	67.912019	1662.592043	0.000000
150.710000	-5.420000	-154.914993	24.981300	1.318571	67.783111	1664.973331	0.000000
150.710000	-5.420000	-154.914993	25.231300	0.918225	67.654801	1667.491764	0.000000
150.710000	-5.420000	-154.914993	25.481300	1.086157	67.527129	1670.010198	0.000000
150.710000	-5.420000	-154.914993	25.731300	1.253879	67.400058	1672.528631	0.000000
150.710000	-5.420000	-154.914993	25.981300	1.421356	67.273625	1675.047065	0.000000
150.710000	-5.420000	-154.664993	15.231300	0.121364	73.363648	1580.015921	1.000000
150.710000	-5.420000	-154.664993	15.481300	-0.156083	73.213677	1582.006344	0.000000
150.710000	-5.420000	-154.664993	15.731300	0.012754	73.064296	1583.996768	0.000000
150.710000	-5.420000	-154.664993	15.981300	0.181411	72.915403	1585.987192	0.000000
150.710000	-5.420000	-154.664993	16.231300	0.349781	72.767106	1587.977616	0.000000
150.710000	-5.420000	-154.664993	16.481300	0.517964	72.619302	1589.968040	0.000000
150.710000	-5.420000	-154.664993	16.731300	0.259651	72.472099	1591.958464	1.000000
150.710000	-5.420000	-154.664993	16.981300	-1.832082	72.325395	1594.055915	1.000000
150.710000	-5.420000	-154.664993	17.231300	-3.210100	72.179298	1596.500508	1.000000
150.710000	-5.420000	-154.664993	17.481300	-3.038346	72.033704	1598.945101	1.000000
150.710000	-5.420000	-154.664993	17.731300	-2.866831	71.888722	1601.389694	1.000000
150.710000	-5.420000	-154.664993	17.981300	-2.695449	71.744249	1603.834287	0.000000
150.710000	-5.420000	-154.664993	18.231300	-2.611718	71.600392	1606.278879	0.000000
150.710000	-5.420000	-154.664993	18.481300	-2.161939	71.457049	1608.723472	0.000000
150.710000	-5.420000	-154.664993	18.731300	-1.674635	71.314327	1611.044912	0.000000
150.710000	-5.420000	-154.664993	18.981300	-1.585619	71.172122	1613.358622	0.000000
150.710000	-5.420000	-154.664993	19.231300	-1.665015	71.030544	1615.672332	0.000000
150.710000	-5.420000	-154.664993	19.481300	-1.868839	70.889487	1618.051150	0.000000
150.710000	-5.420000	-154.664993	19.731300	-2.003300	70.749061	1620.521909	0.000000
150.710000	-5.420000	-154.664993	19.981300	-1.832915	70.609160	1622.992668	1.000000
150.710000	-5.420000	-154.664993	20.231300	-1.662783	70.469894	1625.463427	1.000000
150.710000	-5.420000	-154.664993	20.481300	-1.492800	70.331157	1627.934186	1.000000
150.710000	-5.420000	-154.664993	20.731300	-0.451355	70.193058	1630.404946	1.000000
150.710000	-5.420000	-154.664993	20.981300	-0.028586	70.055492	1632.693537	1.000000
150.710000	-5.420000	-154.664993	21.231300	-1.218808	69.918569	1635.235125	1.000000
150.710000	-5.420000	-154.664993	21.481300	-0.894149	69.782181	1637.758501	1.000000
150.710000	-5.420000	-154.664993	21.731300	-0.332046	69.646440	1640.224404	1.000000
150.710000	-5.420000	-154.664993	21.981300	0.061302	69.511237	1642.576366	1.000000
150.710000	-5.420000	-154.664993	22.231300	0.229046	69.376684	1644.928329	0.000000
150.710000	-5.420000	-154.664993	22.481300	0.396619	69.242673	1647.280291	0.000000
150.710000	-5.420000	-154.664993	22.731300	0.563909	69.109314	1649.632254	0.000000
150.710000	-5.420000	-154.664993	22.981300	0.731026	68.976500	1651.984216	0.000000
150.710000	-5.420000	-154.664993	23.231300	0.897857	68.844342	1654.336179	0.000000
150.710000	-5.420000	-154.664993	23.481300	1.064511	68.712731	1656.688141	0.000000
150.710000	-5.420000	-154.664993	23.731300	1.230877	68.581778	1659.040104	0.000000
150.710000	-5.420000	-154.664993	23.981300	1.397062	68.451375	1661.392066	0.000000
150.710000	-5.420000	-154.664993	24.231300	1.562956	68.321632	1663.744029	0.000000
150.710000	-5.420000	-154.664993	24.481300	1.728667	68.192442	1666.095992	0.000000
150.710000	-5.420000	-154.664993	24.731300	1.894084	68.063915	1668.447954	0.000000
150.710000	-5.420000	-154.664993	24.981300	1.446256	67.935942	1670.799917	0.000000
150.710000	-5.420000	-154.664993	25.231300	0.847420	67.808634	1673.296899	0.000000
150.710000	-5.420000	-154.664993	25.481300	0.931403	67.681883	1675.815332	0.000000
150.710000	-5.420000	-154.664993	25.731300	1.098139	67.555798	1678.333766	0.000000
150.710000	-5.420000	-154.664993	25.981300	1.264709	67.430272	1680.852199	0.000000
150.710000	-5.420000	-154.414993	15.231300	-0.335714	73.472251	1586.312723	1.000000
150.710000	-5.420000	-154.414993	15.481300	-0.265992	73.323586	1588.303147	1.000000
150.710000	-5.420000	-154.414993	15.731300	-0.098353	73.175404	1590.293571	0.000000
150.710000	-5.420000	-154.414993	15.981300	0.069013	73.027802	1592.283994	0.000000
150.710000	-5.420000	-154.414993	16.231300	0.236198	72.880689	1594.274418	0.000000
150.710000	-5.420000	-154.414993	16.481300	0.403106	72.734160	1596.264842	1.000000
150.710000	-5.420000	-154.414993	16.731300	0.569825	72.588128	1598.255266	1.000000
150.710000	-5.420000	-154.414993	16.981300	-0.743610	72.442684	1600.245690	1.000000
150.710000	-5.420000	-154.414993	17.231300	-2.867914	72.297743	1602.573296	1.000000
150.710000	-5.420000	-154.414993	17.481300	-3.158037	72.153394	1605.017889	1.000000
150.710000	-5.420000	-154.414993	17.731300	-2.987663	72.009555	1607.462482	1.000000
150.710000	-5.420000	-154.414993	17.981300	-2.787190	71.866310	1609.907074	1.000000
150.710000	-5.420000	-154.414993	18.231300	-2.304017	71.723582	1612.296343	0.000000
150.710000	-5.420000	-154.414993	18.481300	-2.038099	71.581452	1614.610052	0.000000
150.710000	-5.420000	-154.414993	18.731300	-1.881267	71.439844	1616.923762	0.000000
150.710000	-5.420000	-154.414993	18.981300	-1.746349	71.298837	1619.237472	0.000000
150.710000	-5.420000	-154.414993	19.231300	-2.033317	71.158358	1621.559587	0.000000
150.710000	-5.420000	-154.414993	19.481300	-2.302826	71.018483	1624.030346	0.000000
150.710000	-5.420000	-154.414993	19.731300	-2.133382	70.879143	1626.501105	0.000000
150.710000	-5.420000	-154.414993	19.981300	-1.964163	70.740408	1628.971864	0.000000
150.710000	-5.420000	-154.414993	20.231300	-1.795102	70.602213	1631.442624	1.000000
150.710000	-5.420000	-154.414993	20.481300	-1.626270	70.464627	1633.913383	1.000000
150.710000	-5.420000	-154.414993	20.731300	-1.457602	70.327585	1636.384142	1.000000
150.710000	-5.420000	-154.414993	20.981300	-0.865946	70.191154	1638.854901	1.000000
150.710000	-5.420000	-154.414993	21.231300	-0.828520	70.055273	1641.289658	1.000000
150.710000	-5.420000	-154.414993	21.481300	-0.574631	69.920005	1643.728352	1.000000
150.710000	-5.420000	-154.414993	21.731300	-0.245573	69.785292	1646.080315	1.000000
150.710000	-5.420000	-154.414993	21.981300	-0.078654	69.651193	1648.432277	1.000000
150.710000	-5.420000	-154.414993	22.231300	0.088076	69.517654	1650.784240	0.000000
150.710000	-5.420000	-154.414993	22.481300	0.254561	69.384731	1653.136202	0.000000
150.710000	-5.420000	-154.414993	22.731300	0.420852	69.252372	1655.488165	0.000000
150.710000	-5.420000	-154.414993	22.981300	0.586896	69.120631	1657.840127	0.000000
150.710000	-5.420000	-154.414993	23.231300	0.752742	68.989458	1660.192090	0.000000
150.710000	-5.420000	-154.414993	23.481300	0.918338	68.858904	1662.544052	0.000000
150.710000	-5.420000	-154.414993	23.731300	1.083733	68.728922	1664.896015	0.000000
150.710000	-5.420000	-154.414993	23.981300	1.248876	68.599561	1667.247977	0.000000
150.710000	-5.420000	-154.414993	24.231300	1.413813	68.470775	1669.599940	0.000000
150.710000	-5.420000	-154.414993	24.481300	1.578497	68.342612	1671.951902	0.000000
150.710000	-5.420000	-154.414993	24.731300	1.742971	68.215027	1674.303865	0.000000
150.710000	-5.420000	-154.414993	24.981300	1.539050	68.088066	1676.655827	0.000000
150.710000	-5.420000	-154.414993	25.231300	0.891274	67.961687	1679.102033	0.000000
150.710000	-5.420000	-154.414993	25.481300	0.777354	67.835932	1681.620467	0.000000
150.710000	-5.420000	-154.414993	25.731300	0.943175	67.710762	1684.138900	0.000000
150.710000	-5.420000	-154.414993	25.981300	1.108764	67.586217	1686.657334	0.000000
150.710000	-5.420000	-154.164993	15.231300	-0.552183	73.580302	1592.609525	1.000000
150.710000	-5.420000	-154.164993	15.481300	-0.382584	73.432840	1594.599949	1.000000
150.710000	-5.420000	-154.164993	15.731300	-0.213257	73.285951	1596.590373	0.000000
150.710000	-5.420000	-154.164993	15.981300	-0.044105	73.139538	1598.580797	0.000000
150.710000	-5.420000	-154.164993	16.231300	0.123183	72.993703	1600.571221	0.000000
150.710000	-5.420000	-154.164993	16.481300	0.288916	72.848350	1602.561644	1.000000
150.710000	-5.420000	-154.164993	16.731300	0.454371	72.703581	1604.552068	1.000000
150.710000	-5.420000	-154.164993	16.981300	0.169547	72.559298	1606.542492	1.000000
150.710000	-5.420000	-154.164993	17.231300	-1.931472	72.415606	1608.646084	1.000000
150.710000	-5.420000	-154.164993	17.481300	-3.357135	72.272404	1611.090677	1.000000
150.710000	-5.420000	-154.164993	17.731300	-2.927368	72.129798	1613.535269	1.000000
150.710000	-5.420000	-154.164993	17.981300	-2.441040	71.987686	1615.861483	1.000000
150.710000	-5.420000	-154.164993	18.231300	-2.342349	71.846176	1618.175193	1.000000
150.710000	-5.420000	-154.164993	18.481300	-2.174146	71.705164	1620.488902	0.000000
150.710000	-5.420000	-154.164993	18.731300	-2.006182	71.564759	1622.802612	0.000000
150.710000	-5.420000	-154.164993	18.981300	-2.193215	71.424857	1625.116321	0.000000
150.710000	-5.420000	-154.164993	19.231300	-2.409762	71.285566	1627.538783	0.000000
150.710000	-5.420000	-154.164993	19.481300	-2.431124	71.146781	1630.009543	0.000000
150.710000	-5.420000	-154.164993	19.731300	-2.262852	71.008612	1632.480302	0.000000
150.710000	-5.420000	-154.164993	19.981300	-2.094709	70.870954	1634.951061	0.000000
150.710000	-5.420000	-154.164993	20.231300	-1.926805	70.733916	1637.421820	1.000000
150.710000	-5.420000	-154.164993	20.481300	-1.801779	70.597392	1639.892579	1.000000
150.710000	-5.420000	-154.164993	20.731300	-1.770452	70.461491	1642.363338	1.000000
150.710000	-5.420000	-154.164993	20.981300	-1.392507	70.326108	1644.831010	1.000000
150.710000	-5.420000	-154.164993	21.231300	-0.941215	70.191353	1647.210632	1.000000
150.710000	-5.420000	-154.164993	21.481300	-0.759980	70.057119	1649.584263	1.000000
150.710000	-5.420000	-154.164993	21.731300	-0.462104	69.923516	1651.936225	1.000000
150.710000	-5.420000	-154.164993	21.981300	-0.251612	69.790437	1654.288188	1.000000
150.710000	-5.420000	-154.164993	22.231300	-0.052263	69.657993	1656.640150	0.000000
150.710000	-5.420000	-154.164993	22.481300	0.113216	69.526076	1658.992113	0.000000
150.710000	-5.420000	-154.164993	22.731300	0.278428	69.394796	1661.344076	0.000000
150.710000	-5.420000	-154.164993	22.981300	0.443479	69.264047	1663.696038	0.000000
150.710000	-5.420000	-154.164993	23.231300	0.608262	69.133938	1666.048001	0.000000
150.710000	-5.420000	-154.164993	23.481300	0.772880	69.004362	1668.399963	0.000000
150.710000	-5.420000	-154.164993	23.731300	0.937226	68.875429	1670.751926	0.000000
150.710000	-5.420000	-154.164993	23.981300	1.101405	68.747032	1673.103888	0.000000
150.710000	-5.420000	-154.164993	24.231300	1.265308	68.619280	1675.455851	0.000000
150.710000	-5.420000	-154.164993	24.481300	1.429042	68.492066	1677.807813	0.000000
150.710000	-5.420000	-154.164993	24.731300	1.592498	68.365500	1680.159776	0.000000
150.710000	-5.420000	-154.164993	24.981300	1.585770	68.239475	1682.511738	0.000000
150.710000	-5.420000	-154.164993	25.231300	0.948330	68.114099	1684.907168	0.000000
150.710000	-5.420000	-154.164993	25.481300	0.624018	67.989267	1687.425601	0.000000
150.710000	-5.420000	-154.164993	25.731300	0.788851	67.865086	1689.944035	0.000000
150.710000	-5.420000	-153.914993	15.981300	-0.246617	73.250613	1604.876508	0.000000
150.710000	-5.420000	-153.914993	16.231300	-0.069379	73.105958	1606.868023	0.000000
150.710000	-5.420000	-153.914993	16.481300	0.102536	72.961874	1608.858447	1.000000
150.710000	-5.420000	-153.914993	16.731300	0.269889	72.818270	1610.848871	1.000000
150.710000	-5.420000	-153.914993	16.981300	0.436968	72.675242	1612.839294	1.000000
150.710000	-5.420000	-153.914993	17.231300	-0.711976	72.532701	1614.829718	1.000000
150.710000	-5.420000	-153.914993	17.481300	-2.495780	72.390738	1617.112913	1.000000
150.710000	-5.420000	-153.914993	17.731300	-2.778716	72.249269	1619.426623	1.000000
150.710000	-5.420000	-153.914993	17.981300	-2.631381	72.108382	1621.740333	2.000000
150.710000	-5.420000	-153.914993	18.231300	-2.464170	71.967996	1624.054042	2.000000
150.710000	-5.420000	-153.914993	18.481300	-2.297176	71.828194	1626.367752	1.000000
150.710000	-5.420000	-153.914993	18.731300	-2.340938	71.688899	1628.681462	1.000000
150.710000	-5.420000	-153.914993	18.981300	-2.557210	71.550191	1631.047221	0.000000
150.710000	-5.420000	-153.914993	19.231300	-2.726060	71.411995	1633.517980	0.000000
150.710000	-5.420000	-153.914993	19.481300	-2.558733	71.274390	1635.988739	0.000000
150.710000	-5.420000	-153.914993	19.731300	-2.391543	71.137303	1638.459498	0.000000
150.710000	-5.420000	-153.914993	19.981300	-2.305392	71.000809	1640.930257	0.000000
150.710000	-5.420000	-153.914993	20.231300	-2.183358	70.864839	1643.401016	1.000000
150.710000	-5.420000	-153.914993	20.481300	-1.804745	70.729463	1645.845326	1.000000
150.710000	-5.420000	-153.914993	20.731300	-1.529194	70.594617	1648.224949	1.000000
150.710000	-5.420000	-153.914993	20.981300	-1.508655	70.460368	1650.604572	1.000000
150.710000	-5.420000	-153.914993	21.231300	-1.342615	70.326653	1652.984194	1.000000
150.710000	-5.420000	-153.914993	21.481300	-1.166858	70.193537	1655.363817	1.000000
150.710000	-5.420000	-153.914993	21.731300	-0.955518	70.060961	1657.743440	1.000000
150.710000	-5.420000	-153.914993	21.981300	-0.718217	69.928985	1660.123062	1.000000
150.710000	-5.420000	-153.914993	22.231300	-0.397579	69.797553	1662.496061	0.000000
150.710000	-5.420000	-153.914993	22.481300	-0.104411	69.666724	1664.848024	0.000000
150.710000	-5.420000	-153.914993	22.731300	0.104214	69.536443	1667.199986	0.000000
150.710000	-5.420000	-153.914993	22.981300	0.300760	69.406767	1669.551949	0.000000
150.710000	-5.420000	-153.914993	23.231300	0.464557	69.277643	1671.903911	0.000000
150.710000	-5.420000	-153.914993	23.481300	0.628118	69.149124	1674.255874	0.000000
150.710000	-5.420000	-153.914993	23.731300	0.791492	69.021162	1676.607836	0.000000
150.710000	-5.420000	-153.914993	23.981300	0.954629	68.893808	1678.959799	0.000000
150.710000	-5.420000	-153.914993	24.231300	1.117575	68.767013	1681.311761	0.000000
150.710000	-5.420000	-153.914993	24.481300	1.280282	68.640827	1683.663724	0.000000
150.710000	-5.420000	-153.914993	24.731300	1.442793	68.515205	1686.015686	0.000000
150.710000	-5.420000	-153.914993	24.981300	1.605064	68.390192	1688.367649	0.000000
150.710000	-5.420000	-153.914993	25.231300	1.077159	68.265747	1690.719611	0.000000
150.710000	-5.420000	-153.914993	25.481300	0.499609	68.141912	1693.230736	0.000000
150.710000	-5.420000	-153.914993	25.731300	0.635290	68.018647	1695.749169	0.000000
150.710000	-5.420000	-153.664993	16.981300	0.224967	72.790527	1619.083344	1.000000
150.710000	-5.420000	-153.664993	17.231300	0.390752	72.649229	1621.076114	1.000000
150.710000	-5.420000	-153.664993	17.481300	-0.816868	72.508408	1623.068884	1.000000
150.710000	-5.420000	-153.664993	17.731300	-2.425786	72.368168	1625.305473	2.000000
150.710000	-5.420000	-153.664993	17.981300	-2.751408	72.228410	1627.619182	2.000000
150.710000	-5.420000	-153.664993	18.231300	-2.585410	72.089237	1629.932892	2.000000
150.710000	-5.420000	-153.664993	18.481300	-2.419532	71.950550	1632.246602	1.000000
150.710000	-5.420000	-153.664993	18.731300	-2.713642	71.812453	1634.560311	1.000000
150.710000	-5.420000	-153.664993	18.981300	-2.999959	71.674846	1637.026417	1.000000
150.710000	-5.420000	-153.664993	19.231300	-2.851900	71.537835	1639.497176	0.000000
150.710000	-5.420000	-153.664993	19.481300	-2.804874	71.401317	1641.967935	0.000000
150.710000	-5.420000	-153.664993	19.731300	-2.591439	71.265399	1644.438694	0.000000
150.710000	-5.420000	-153.664993	19.981300	-2.212102	71.129979	1646.859643	0.000000
150.710000	-5.420000	-153.664993	20.231300	-2.030690	70.995162	1649.239266	0.000000
150.710000	-5.420000	-153.664993	20.481300	-1.972646	70.860847	1651.618888	1.000000
150.710000	-5.420000	-153.664993	20.731300	-1.807372	70.727139	1653.998511	1.000000
150.710000	-5.420000	-153.664993	20.981300	-1.642223	70.593936	1656.378134	1.000000
150.710000	-5.420000	-153.664993	21.231300	-1.477307	70.461345	1658.757756	1.000000
150.710000	-5.420000	-153.664993	21.481300	-1.312519	70.329262	1661.137379	1.000000
150.710000	-5.420000	-153.664993	21.731300	-1.147967	70.197794	1663.517001	1.000000
150.710000	-5.420000	-153.664993	21.981300	-0.983548	70.066837	1665.896624	1.000000
150.710000	-5.420000	-153.664993	22.231300	-0.808427	69.936499	1668.276247	0.000000
150.710000	-5.420000	-153.664993	22.481300	-0.598891	69.806676	1670.655869	0.000000
150.710000	-5.420000	-153.664993	22.731300	-0.361010	69.677473	1673.035492	0.000000
150.710000	-5.420000	-153.664993	22.981300	-0.042640	69.548788	1675.407860	0.000000
150.710000	-5.420000	-153.664993	23.231300	0.245825	69.420728	1677.759822	0.000000
150.710000	-5.420000	-153.664993	23.481300	0.452630	69.293188	1680.111785	0.000000
150.710000	-5.420000	-153.664993	23.731300	0.646380	69.166275	1682.463747	0.000000
150.710000	-5.420000	-153.664993	23.981300	0.808552	69.039885	1684.815710	0.000000
150.710000	-5.420000	-153.664993	24.231300	0.970464	68.914124	1687.167672	0.000000
150.710000	-5.420000	-153.664993	24.481300	1.132220	68.788889	1689.519635	0.000000
150.710000	-5.420000	-153.664993	24.731300	1.293713	68.664286	1691.871597	0.000000
150.710000	-5.420000	-153.664993	24.981300	1.455046	68.540211	1694.223560	0.000000
150.710000	-5.420000	-153.664993	25.231300	1.193539	68.416770	1696.575522	1.000000
150.710000	-5.420000	-153.664993	25.481300	0.544123	68.293859	1699.035871	1.000000
150.710000	-5.420000	-153.414993	17.731300	-0.575968	72.486312	1631.297412	2.000000
150.710000	-5.420000	-153.414993	17.981300	-2.178191	72.347773	1633.498032	2.000000
150.710000	-5.420000	-153.414993	18.231300	-2.705894	72.209720	1635.811742	1.000000
150.710000	-5.420000	-153.414993	18.481300	-2.865387	72.072238	1638.125452	1.000000
150.710000	-5.420000	-153.414993	18.731300	-3.081989	71.935248	1640.534854	1.000000
150.710000	-5.420000	-153.414993	18.981300	-3.300133	71.798831	1643.005613	1.000000
150.710000	-5.420000	-153.414993	19.231300	-2.994440	71.662913	1645.476372	0.000000
150.710000	-5.420000	-153.414993	19.481300	-2.614501	71.527571	1647.873960	0.000000
150.710000	-5.420000	-153.414993	19.731300	-2.528018	71.392732	1650.253582	0.000000
150.710000	-5.420000	-153.414993	19.981300	-2.432264	71.258472	1652.633205	0.000000
150.710000	-5.420000	-153.414993	20.231300	-2.267707	71.124721	1655.012828	0.000000
150.710000	-5.420000	-153.414993	20.481300	-2.103351	70.991552	1657.392450	0.000000
150.710000	-5.420000	-153.414993	20.731300	-1.939130	70.858897	1659.772073	1.000000
150.710000	-5.420000	-153.414993	20.981300	-1.775112	70.726825	1662.151695	1.000000
150.710000	-5.420000	-153.414993	21.231300	-1.611235	70.595273	1664.531318	1.000000
150.710000	-5.420000	-153.414993	21.481300	-1.447563	70.464306	1666.910941	1.000000
150.710000	-5.420000	-153.414993	21.731300	-1.284037	70.333864	1669.290563	1.000000
150.710000	-5.420000	-153.414993	21.981300	-1.120719	70.204009	1671.670186	0.000000
150.710000	-5.420000	-153.414993	22.231300	-0.957551	70.074682	1674.049809	0.000000
150.710000	-5.420000	-153.414993	22.481300	-0.794593	69.945945	1676.429431	0.000000
150.710000	-5.420000	-153.414993	22.731300	-0.631790	69.817741	1678.809054	0.000000
150.710000	-5.420000	-153.414993	22.981300	-0.457266	69.690129	1681.188677	0.000000
150.710000	-5.420000	-153.414993	23.231300	-0.249536	69.563053	1683.568299	0.000000
150.710000	-5.420000	-153.414993	23.481300	-0.011056	69.436570	1685.947922	0.000000
150.710000	-5.420000	-153.414993	23.731300	0.305025	69.310628	1688.319658	0.000000
150.710000	-5.420000	-153.414993	23.981300	0.588844	69.185281	1690.671620	0.000000
150.710000	-5.420000	-153.414993	24.231300	0.793825	69.060478	1693.023583	0.000000
150.710000	-5.420000	-153.414993	24.481300	0.984838	68.936271	1695.375546	0.000000
150.710000	-5.420000	-153.414993	24.731300	1.145386	68.812613	1697.727508	0.000000
150.710000	-5.420000	-153.414993	24.981300	1.305706	68.689551	1700.079471	1.000000
150.710000	-5.420000	-153.414993	25.231300	1.240948	68.567041	1702.431433	1.000000
150.710000	-5.420000	-153.414993	25.481300	0.589835	68.445129	1704.841005	1.000000
150.710000	-5.420000	-153.164993	20.731300	-2.070299	70.990066	1665.545635	0.000000
150.710000	-5.420000	-153.164993	20.981300	-1.907326	70.859039	1667.925257	0.000000
150.710000	-5.420000	-153.164993	21.231300	-1.744570	70.728609	1670.304880	0.000000
150.710000	-5.420000	-153.164993	21.481300	-1.581930	70.598673	1672.684503	0.000000
150.710000	-5.420000	-153.164993	21.731300	-1.419511	70.469337	1675.064125	0.000000
150.710000	-5.420000	-153.164993	21.981300	-1.257211	70.340500	1677.443748	0.000000
150.710000	-5.420000	-153.164993	22.231300	-1.095135	70.212266	1679.823371	0.000000
150.710000	-5.420000	-153.164993	22.481300	-0.933182	70.084534	1682.202993	0.000000
150.710000	-5.420000	-153.164993	22.731300	-0.771457	69.957408	1684.582616	0.000000
150.710000	-5.420000	-153.164993	22.981300	-0.609858	69.830786	1686.962238	0.000000
150.710000	-5.420000	-153.164993	23.231300	-0.448490	69.704774	1689.341861	0.000000
150.710000	-5.420000	-153.164993	23.481300	-0.287251	69.579269	1691.721484	0.000000
150.710000	-5.420000	-153.164993	23.731300	-0.113330	69.454376	1694.101106	0.000000
150.710000	-5.420000	-153.164993	23.981300	0.092640	69.329994	1696.480729	0.000000
150.710000	-5.420000	-153.164993	24.231300	0.331691	69.206225	1698.860352	0.000000
150.710000	-5.420000	-153.164993	24.481300	0.645514	69.082970	1701.231456	0.000000
150.710000	-5.420000	-153.164993	24.731300	0.924692	68.960331	1703.583419	1.000000
150.710000	-5.420000	-153.164993	24.981300	1.127898	68.838208	1705.935381	1.000000
150.710000	-5.420000	-153.164993	25.231300	1.289470	68.716704	1708.287344	1.000000
150.710000	-5.420000	-153.164993	25.481300	0.708410	68.595717	1710.646140	1.000000
150.710000	-5.420000	-152.914993	20.981300	-2.038876	70.990589	1673.698819	0.000000
150.710000	-5.420000	-152.914993	21.231300	-1.877157	70.861195	1676.078442	0.000000
150.710000	-5.420000	-152.914993	21.481300	-1.715632	70.732375	1678.458065	0.000000
150.710000	-5.420000	-152.914993	21.731300	-1.554236	70.604062	1680.837687	0.000000
150.710000	-5.420000	-152.914993	21.981300	-1.393036	70.476326	1683.217310	0.000000
150.710000	-5.420000	-152.914993	22.231300	-1.231971	70.349102	1685.596932	0.000000
150.710000	-5.420000	-152.914993	22.481300	-1.071104	70.222456	1687.976555	0.000000
150.710000	-5.420000	-152.914993	22.731300	-0.910376	70.096327	1690.356178	0.000000
150.710000	-5.420000	-152.914993	22.981300	-0.749849	69.970777	1692.735800	0.000000
150.710000	-5.420000	-152.914993	23.231300	-0.589465	69.845749	1695.115423	0.000000
150.710000	-5.420000	-152.914993	23.481300	-0.429284	69.721302	1697.495046	0.000000
150.710000	-5.420000	-152.914993	23.731300	-0.269251	69.597380	1699.874668	0.000000
150.710000	-5.420000	-152.914993	23.981300	-0.109422	69.474040	1702.254291	0.000000
150.710000	-5.420000	-152.914993	24.231300	0.050255	69.351230	1704.633913	0.000000
150.710000	-5.420000	-152.914993	24.481300	0.237486	69.229003	1707.013536	0.000000
150.710000	-5.420000	-152.914993	24.731300	0.486278	69.107310	1709.393159	1.000000
150.710000	-5.420000	-152.914993	24.981300	0.769662	68.986201	1711.772781	1.000000
150.710000	-5.420000	-152.914993	25.231300	1.094923	68.865629	1714.143255	1.000000
