-155.772995	19.079000	1363.433000	167.630000	-15.760000
-155.996994	20.771000	1392.435000	167.630000	-15.760000
-155.710999	20.046000	1383.430000	167.630000	-15.760000
-159.401001	21.971001	1341.422000	167.630000	-15.760000
-157.270004	21.108999	1373.449000	167.630000	-15.760000
-159.664993	22.122999	1345.431000	167.630000	-15.760000
-161.095001	23.997200	1359.422000	167.630000	-15.760000
-158.933105	24.573799	1406.527000	167.630000	-15.760000
-155.765305	26.776699	1511.419000	167.630000	-15.760000
-152.765793	25.592800	1541.719000	167.630000	-15.760000
-156.964600	24.312099	1437.448000	167.630000	-15.760000
-158.185394	22.620199	1382.434000	167.630000	-15.760000
-154.251801	21.168699	1433.439000	167.630000	-15.760000
-152.981201	18.301800	1403.478000	167.630000	-15.760000
-151.686600	14.689100	1373.866000	167.630000	-15.760000
-153.967499	14.731300	1328.415000	167.630000	-15.760000
-153.868195	17.315399	1369.497000	167.630000	-15.760000
-156.206604	16.162001	1305.438000	167.630000	-15.760000
-157.700806	16.348400	1279.729000	167.630000	-15.760000
-158.982498	15.574000	1240.409000	167.630000	-15.760000
-158.179504	20.377800	1341.430000	167.630000	-15.760000
