-155.772995	19.079000	3374.328000	-34.520000	-61.270000
-155.710999	20.046000	3396.323000	-34.520000	-61.270000
-159.664993	22.122999	3496.344000	-34.520000	-61.270000
-158.903000	21.298401	3467.416000	-34.520000	-61.270000
-161.095001	23.997200	3560.319000	-34.520000	-61.270000
-158.933105	24.573799	3545.425000	-34.520000	-61.270000
-158.185394	22.620199	3490.314000	-34.520000	-61.270000
-155.636200	22.299900	3454.319000	-34.520000	-61.270000
-154.251801	21.168699	3398.318000	-34.520000	-61.270000
-152.981201	18.301800	3318.372000	-34.520000	-61.270000
-153.967499	14.731300	3249.309000	-34.520000	-61.270000
-153.868195	17.315399	3307.394000	-34.520000	-61.270000
-156.206604	16.162001	3308.330000	-34.520000	-61.270000
-157.859100	14.659600	3288.484000	-34.520000	-61.270000
-157.700806	16.348400	3329.657000	-34.520000	-61.270000
-158.179504	20.377800	3436.176000	-34.520000	-61.270000
