-155.772995	19.079000	2312.494000	-76.980000	-13.460000
-155.996994	20.771000	2331.475000	-76.980000	-13.460000
-159.401001	21.971001	2426.483000	-76.980000	-13.460000
-156.658005	20.891001	2349.486000	-76.980000	-13.460000
-159.664993	22.122999	2434.458000	-76.980000	-13.460000
-156.755997	21.136000	2353.488000	-76.980000	-13.460000
-158.933105	24.573799	2435.472000	-76.980000	-13.460000
-155.765305	26.776699	2375.463000	-76.980000	-13.460000
-152.765793	25.592800	2297.451000	-76.980000	-13.460000
-158.185394	22.620199	2403.455000	-76.980000	-13.460000
-152.981201	18.301800	2237.468000	-76.980000	-13.460000
-151.686600	14.689100	2178.452000	-76.980000	-13.460000
-153.967499	14.731300	2234.480000	-76.980000	-13.460000
-153.868195	17.315399	2251.452000	-76.980000	-13.460000
-158.982498	15.574000	2365.458000	-76.980000	-13.460000
-158.760193	18.564699	2385.477000	-76.980000	-13.460000
