-155.996994	20.771000	1564.090000	-2.516298
-159.401001	21.971001	1469.085000	0.005949
-156.658005	20.891001	1546.104000	-2.214150
-159.664993	22.122999	1461.074000	-0.172402
-156.755997	21.136000	1541.153000	-2.033213
-161.314896	21.956301	1422.067000	-1.451405
-161.095001	23.997200	1409.078000	-0.261768
-158.933105	24.573799	1454.066000	1.002874
-155.765305	26.776699	1507.078000	NaN
-152.765793	25.592800	1586.067000	NaN
-156.964600	24.312099	1504.085000	1.753459
-158.185394	22.620199	1492.086000	-0.476177
-152.981201	18.301800	1661.084000	-5.869440
-150.914993	18.914200	1701.075000	NaN
-151.637604	16.737801	1708.071000	-3.736600
-151.686600	14.689100	1725.082000	NaN
-153.967499	14.731300	1666.096000	-5.675704
-153.868195	17.315399	1644.070000	-4.864245
-156.206604	16.162001	1599.079000	-4.295325
-157.700806	16.348400	1561.070000	NaN
-158.760193	18.564699	1516.072000	NaN
-158.179504	20.377800	1513.087000	-2.884030
