-157.859100	14.659600	1390.368000	154.330000	46.710000
-155.772995	19.079000	1347.138000	154.330000	46.710000
-155.996994	20.771000	1309.118000	154.330000	46.710000
-156.658005	20.891001	1295.136000	154.330000	46.710000
-158.903000	21.298401	1246.109000	154.330000	46.710000
-161.095001	23.997200	1150.096000	154.330000	46.710000
-158.933105	24.573799	1176.104000	154.330000	46.710000
-158.185394	22.620199	1230.103000	154.330000	46.710000
-155.636200	22.299900	1283.106000	154.330000	46.710000
-154.251801	21.168699	1330.116000	154.330000	46.710000
-152.981201	18.301800	1412.112000	154.330000	46.710000
-150.914993	18.914200	1432.097000	154.330000	46.710000
-149.000900	16.989000	1504.110000	154.330000	46.710000
-151.637604	16.737801	1467.096000	154.330000	46.710000
-151.686600	14.689100	1505.100000	154.330000	46.710000
-153.868195	17.315399	1416.102000	154.330000	46.710000
-156.387695	17.614901	1363.110000	154.330000	46.710000
-158.982498	15.574000	1351.124000	154.330000	46.710000
-161.367599	17.746901	1269.094000	154.330000	46.710000
-158.179504	20.377800	1276.097000	154.330000	46.710000
