154.330000	46.710000	-160.867599	17.659600	-3.214997	138.492679	1279.462397	1.000000
154.330000	46.710000	-160.867599	17.909600	-3.098768	138.336400	1274.826554	1.000000
154.330000	46.710000	-160.867599	18.159600	-3.164697	138.178612	1270.190696	1.000000
154.330000	46.710000	-160.867599	18.409600	-3.277535	138.019302	1265.512610	1.000000
154.330000	46.710000	-160.867599	18.659600	-3.196291	137.858455	1260.609811	0.000000
154.330000	46.710000	-160.867599	18.909600	-3.469507	137.696059	1255.639429	0.000000
154.330000	46.710000	-160.867599	19.159600	-3.348654	137.532096	1250.669047	0.000000
154.330000	46.710000	-160.867599	19.409600	-3.226833	137.366557	1245.698665	0.000000
154.330000	46.710000	-160.867599	19.659600	-3.104028	137.199423	1240.728283	0.000000
154.330000	46.710000	-160.867599	19.909600	-2.980231	137.030686	1235.757900	0.000000
154.330000	46.710000	-160.867599	20.159600	-2.855424	136.860323	1230.787518	0.000000
154.330000	46.710000	-160.867599	20.409600	-2.729602	136.688329	1225.817136	0.000000
154.330000	46.710000	-160.867599	20.659600	-2.602742	136.514679	1220.846754	0.000000
154.330000	46.710000	-160.867599	20.909600	-2.474842	136.339370	1215.876371	0.000000
154.330000	46.710000	-160.867599	21.159600	-2.345877	136.162375	1210.905989	0.000000
154.330000	46.710000	-160.867599	21.409600	-2.215848	135.983693	1205.935607	0.000000
154.330000	46.710000	-160.867599	21.659600	-2.084726	135.803293	1200.965225	0.000000
154.330000	46.710000	-160.867599	21.909600	-1.952516	135.621176	1195.994843	0.000000
154.330000	46.710000	-160.867599	22.159600	-1.819185	135.437311	1191.024460	0.000000
154.330000	46.710000	-160.867599	22.409600	-1.684740	135.251701	1186.054078	0.000000
154.330000	46.710000	-160.867599	22.659600	-1.549147	135.064310	1181.083696	0.000000
154.330000	46.710000	-160.867599	22.909600	-1.412414	134.875145	1176.113314	0.000000
154.330000	46.710000	-160.867599	23.159600	-1.274505	134.684166	1171.142932	1.000000
154.330000	46.710000	-160.867599	23.409600	-1.134568	134.491384	1166.172549	1.000000
154.330000	46.710000	-160.617599	17.409600	-3.238682	138.555857	1288.473012	1.000000
154.330000	46.710000	-160.617599	17.659600	-3.123942	138.401624	1283.837169	1.000000
154.330000	46.710000	-160.617599	17.909600	-3.008369	138.245956	1279.201325	1.000000
154.330000	46.710000	-160.617599	18.159600	-2.869048	138.088737	1274.565482	1.000000
154.330000	46.710000	-160.617599	18.409600	-2.759528	137.930060	1269.922241	1.000000
154.330000	46.710000	-160.617599	18.659600	-3.052557	137.769801	1265.244155	0.000000
154.330000	46.710000	-160.617599	18.909600	-2.972068	137.608059	1260.470261	0.000000
154.330000	46.710000	-160.617599	19.159600	-3.162998	137.444705	1255.499879	0.000000
154.330000	46.710000	-160.617599	19.409600	-3.140119	137.279844	1250.529496	0.000000
154.330000	46.710000	-160.617599	19.659600	-3.017944	137.113340	1245.559114	0.000000
154.330000	46.710000	-160.617599	19.909600	-2.894849	136.945303	1240.588732	0.000000
154.330000	46.710000	-160.617599	20.159600	-2.770694	136.775593	1235.618350	0.000000
154.330000	46.710000	-160.617599	20.409600	-2.645597	136.604324	1230.647967	0.000000
154.330000	46.710000	-160.617599	20.659600	-2.519412	136.431350	1225.677585	0.000000
154.330000	46.710000	-160.617599	20.909600	-2.392263	136.256792	1220.707203	0.000000
154.330000	46.710000	-160.617599	21.159600	-2.263998	136.080496	1215.736821	0.000000
154.330000	46.710000	-160.617599	21.409600	-2.134745	135.902590	1210.766439	0.000000
154.330000	46.710000	-160.617599	21.659600	-2.004348	135.722914	1205.796056	0.000000
154.330000	46.710000	-160.617599	21.909600	-1.872941	135.541602	1200.825674	0.000000
154.330000	46.710000	-160.617599	22.159600	-1.740360	135.358486	1195.855292	0.000000
154.330000	46.710000	-160.617599	22.409600	-1.606747	135.173708	1190.884910	0.000000
154.330000	46.710000	-160.617599	22.659600	-1.471929	134.987092	1185.914527	0.000000
154.330000	46.710000	-160.617599	22.909600	-1.336058	134.798788	1180.944145	0.000000
154.330000	46.710000	-160.617599	23.159600	-0.916988	134.608612	1175.973763	1.000000
154.330000	46.710000	-160.617599	23.409600	1.617283	134.416722	1171.003089	1.000000
154.330000	46.710000	-160.617599	23.659600	3.920689	134.222925	1165.625377	1.000000
154.330000	46.710000	-160.367599	17.159600	-3.261471	138.617540	1297.483627	0.000000
154.330000	46.710000	-160.367599	17.409600	-3.148198	138.465373	1292.847783	0.000000
154.330000	46.710000	-160.367599	17.659600	-3.034063	138.311744	1288.211940	1.000000
154.330000	46.710000	-160.367599	17.909600	-2.919052	138.156639	1283.576096	1.000000
154.330000	46.710000	-160.367599	18.159600	-2.803156	138.000045	1278.940253	0.000000
154.330000	46.710000	-160.367599	18.409600	-2.664941	137.841950	1274.304409	0.000000
154.330000	46.710000	-160.367599	18.659600	-2.555080	137.682338	1269.653786	0.000000
154.330000	46.710000	-160.367599	18.909600	-2.727083	137.521198	1264.975700	0.000000
154.330000	46.710000	-160.367599	19.159600	-2.748857	137.358513	1260.297615	0.000000
154.330000	46.710000	-160.367599	19.409600	-2.665774	137.194275	1255.360328	0.000000
154.330000	46.710000	-160.367599	19.659600	-2.933067	137.028463	1250.389946	0.000000
154.330000	46.710000	-160.367599	19.909600	-2.810617	136.861071	1245.419563	0.000000
154.330000	46.710000	-160.367599	20.159600	-2.687178	136.692077	1240.449181	0.000000
154.330000	46.710000	-160.367599	20.409600	-2.562748	136.521475	1235.478799	0.000000
154.330000	46.710000	-160.367599	20.659600	-2.437304	136.349242	1230.508417	0.000000
154.330000	46.710000	-160.367599	20.909600	-2.310845	136.175374	1225.538034	0.000000
154.330000	46.710000	-160.367599	21.159600	-2.183346	135.999844	1220.567652	0.000000
154.330000	46.710000	-160.367599	21.409600	-2.054808	135.822653	1215.597270	0.000000
154.330000	46.710000	-160.367599	21.659600	-1.925203	135.643769	1210.626888	0.000000
154.330000	46.710000	-160.367599	21.909600	-1.794535	135.463196	1205.656506	0.000000
154.330000	46.710000	-160.367599	22.159600	-1.662774	135.280900	1200.686123	0.000000
154.330000	46.710000	-160.367599	22.409600	-1.529926	135.096887	1195.715741	0.000000
154.330000	46.710000	-160.367599	22.659600	-1.395957	134.911120	1190.745359	0.000000
154.330000	46.710000	-160.367599	22.909600	-0.425705	134.723607	1185.774977	0.000000
154.330000	46.710000	-160.367599	23.159600	2.108411	134.534308	1180.710127	0.000000
154.330000	46.710000	-160.367599	23.409600	4.386951	134.343236	1175.332414	1.000000
154.330000	46.710000	-160.367599	23.659600	3.871971	134.150347	1169.958746	1.000000
154.330000	46.710000	-160.367599	23.909600	3.389855	133.955655	1164.733080	1.000000
154.330000	46.710000	-160.117599	16.909600	-3.283441	138.677805	1306.494241	0.000000
154.330000	46.710000	-160.117599	17.159600	-3.171559	138.527627	1301.858398	0.000000
154.330000	46.710000	-160.117599	17.409600	-3.058885	138.376060	1297.222554	0.000000
154.330000	46.710000	-160.117599	17.659600	-2.945307	138.222988	1292.586711	0.000000
154.330000	46.710000	-160.117599	17.909600	-2.830916	138.068503	1287.950867	0.000000
154.330000	46.710000	-160.117599	18.159600	-2.715595	137.912484	1283.315024	0.000000
154.330000	46.710000	-160.117599	18.409600	-2.599442	137.755029	1278.679180	0.000000
154.330000	46.710000	-160.117599	18.659600	-2.462288	137.596013	1274.043337	0.000000
154.330000	46.710000	-160.117599	18.909600	-2.352156	137.435535	1269.385330	0.000000
154.330000	46.710000	-160.117599	19.159600	-2.212938	137.273466	1264.707245	0.000000
154.330000	46.710000	-160.117599	19.409600	-2.526735	137.109912	1260.029160	0.000000
154.330000	46.710000	-160.117599	19.659600	-2.444359	136.944738	1255.220777	0.000000
154.330000	46.710000	-160.117599	19.909600	-2.727599	136.778054	1250.250395	0.000000
154.330000	46.710000	-160.117599	20.159600	-2.604819	136.609718	1245.280013	0.000000
154.330000	46.710000	-160.117599	20.409600	-2.481121	136.439848	1240.309630	0.000000
154.330000	46.710000	-160.117599	20.659600	-2.356358	136.268296	1235.339248	0.000000
154.330000	46.710000	-160.117599	20.909600	-2.230656	136.095185	1230.368866	0.000000
154.330000	46.710000	-160.117599	21.159600	-2.103862	135.920360	1225.398484	0.000000
154.330000	46.710000	-160.117599	21.409600	-1.976106	135.743951	1220.428102	0.000000
154.330000	46.710000	-160.117599	21.659600	-1.847230	135.565797	1215.457719	0.000000
154.330000	46.710000	-160.117599	21.909600	-1.717372	135.386033	1210.487337	0.000000
154.330000	46.710000	-160.117599	22.159600	-1.586365	135.204491	1205.516955	0.000000
154.330000	46.710000	-160.117599	22.409600	-1.454353	135.021314	1200.546573	0.000000
154.330000	46.710000	-160.117599	22.659600	0.067833	134.836327	1195.576190	0.000000
154.330000	46.710000	-160.117599	22.909600	2.601130	134.649679	1190.417164	0.000000
154.330000	46.710000	-160.117599	23.159600	4.333012	134.461188	1185.039452	0.000000
154.330000	46.710000	-160.117599	23.409600	4.268344	134.271010	1179.661739	0.000000
154.330000	46.710000	-160.117599	23.659600	3.528352	134.078955	1174.360029	1.000000
154.330000	46.710000	-160.117599	23.909600	3.460322	133.885188	1169.134362	1.000000
154.330000	46.710000	-159.867599	16.659600	-3.304554	138.736618	1315.504856	0.000000
154.330000	46.710000	-159.867599	16.909600	-3.194086	138.588450	1310.869012	0.000000
154.330000	46.710000	-159.867599	17.159600	-3.082798	138.438866	1306.233169	0.000000
154.330000	46.710000	-159.867599	17.409600	-2.970675	138.287850	1301.597325	0.000000
154.330000	46.710000	-159.867599	17.659600	-2.857709	138.135391	1296.961482	0.000000
154.330000	46.710000	-159.867599	17.909600	-2.743889	137.981475	1292.325638	0.000000
154.330000	46.710000	-159.867599	18.159600	-2.629201	137.826090	1287.689795	0.000000
154.330000	46.710000	-159.867599	18.409600	-2.513637	137.669225	1283.053951	0.000000
154.330000	46.710000	-159.867599	18.659600	-2.397182	137.510862	1278.418108	0.000000
154.330000	46.710000	-159.867599	18.909600	-2.261158	137.350993	1273.782264	0.000000
154.330000	46.710000	-159.867599	19.159600	-2.150709	137.189601	1269.116875	0.000000
154.330000	46.710000	-159.867599	19.409600	-2.009885	137.026677	1264.438790	0.000000
154.330000	46.710000	-159.867599	19.659600	-2.305629	136.862201	1259.760704	0.000000
154.330000	46.710000	-159.867599	19.909600	-2.224082	136.696168	1255.081226	0.000000
154.330000	46.710000	-159.867599	20.159600	-2.143206	136.528555	1250.110844	0.000000
154.330000	46.710000	-159.867599	20.409600	-2.400631	136.359358	1245.140462	0.000000
154.330000	46.710000	-159.867599	20.659600	-2.276615	136.188553	1240.170080	0.000000
154.330000	46.710000	-159.867599	20.909600	-2.151608	136.016137	1235.199697	1.000000
154.330000	46.710000	-159.867599	21.159600	-2.025586	135.842084	1230.229315	1.000000
154.330000	46.710000	-159.867599	21.409600	-1.898550	135.666395	1225.258933	1.000000
154.330000	46.710000	-159.867599	21.659600	-1.770472	135.489038	1220.288551	1.000000
154.330000	46.710000	-159.867599	21.909600	-1.641357	135.310018	1215.318169	0.000000
154.330000	46.710000	-159.867599	22.159600	-1.511175	135.129301	1210.347786	0.000000
154.330000	46.710000	-159.867599	22.409600	0.563340	134.946893	1205.377404	0.000000
154.330000	46.710000	-159.867599	22.659600	3.095350	134.762758	1200.124202	0.000000
154.330000	46.710000	-159.867599	22.909600	4.269971	134.576905	1194.746489	0.000000
154.330000	46.710000	-159.867599	23.159600	4.404905	134.389295	1189.368777	0.000000
154.330000	46.710000	-159.867599	23.409600	3.924878	134.199939	1183.991064	0.000000
154.330000	46.710000	-159.867599	23.659600	3.402778	134.008795	1178.761311	0.000000
154.330000	46.710000	-159.867599	23.909600	3.529632	133.815878	1173.535644	0.000000
154.330000	46.710000	-159.617599	16.409600	-3.324885	138.794053	1324.515471	0.000000
154.330000	46.710000	-159.617599	16.659600	-3.215758	138.647822	1319.879627	0.000000
154.330000	46.710000	-159.617599	16.909600	-3.105878	138.500243	1315.243784	0.000000
154.330000	46.710000	-159.617599	17.159600	-2.995136	138.351204	1310.607940	0.000000
154.330000	46.710000	-159.617599	17.409600	-2.883621	138.200795	1305.972097	0.000000
154.330000	46.710000	-159.617599	17.659600	-2.771219	138.048901	1301.336253	0.000000
154.330000	46.710000	-159.617599	17.909600	-2.658025	137.895612	1296.700410	0.000000
154.330000	46.710000	-159.617599	18.159600	-2.543921	137.740810	1292.064566	0.000000
154.330000	46.710000	-159.617599	18.409600	-2.429004	137.584592	1287.428723	0.000000
154.330000	46.710000	-159.617599	18.659600	-2.313152	137.426832	1282.792879	0.000000
154.330000	46.710000	-159.617599	18.909600	-2.196469	137.267633	1278.157036	0.000000
154.330000	46.710000	-159.617599	19.159600	-2.061524	137.106863	1273.521192	0.000000
154.330000	46.710000	-159.617599	19.409600	-1.944112	136.944630	1268.848420	0.000000
154.330000	46.710000	-159.617599	19.659600	-1.808355	136.780797	1264.170335	0.000000
154.330000	46.710000	-159.617599	19.909600	-1.692524	136.615478	1259.492249	0.000000
154.330000	46.710000	-159.617599	20.159600	-2.004892	136.448530	1254.814164	0.000000
154.330000	46.710000	-159.617599	20.409600	-1.920794	136.280071	1249.971293	0.000000
154.330000	46.710000	-159.617599	20.659600	-2.198015	136.109952	1245.000911	1.000000
154.330000	46.710000	-159.617599	20.909600	-2.073771	135.938299	1240.030529	1.000000
154.330000	46.710000	-159.617599	21.159600	-1.948458	135.764957	1235.060147	1.000000
154.330000	46.710000	-159.617599	21.409600	-1.822210	135.590055	1230.089764	1.000000
154.330000	46.710000	-159.617599	21.659600	-1.694865	135.413432	1225.119382	1.000000
154.330000	46.710000	-159.617599	21.909600	-1.376815	135.235225	1220.149000	1.000000
154.330000	46.710000	-159.617599	22.159600	1.060689	135.055267	1215.178618	0.000000
154.330000	46.710000	-159.617599	22.409600	3.590755	134.873700	1209.831240	0.000000
154.330000	46.710000	-159.617599	22.659600	4.208555	134.690349	1204.453527	0.000000
154.330000	46.710000	-159.617599	22.909600	4.341512	134.505365	1199.075815	0.000000
154.330000	46.710000	-159.617599	23.159600	4.295799	134.318564	1193.698102	0.000000
154.330000	46.710000	-159.617599	23.409600	3.566680	134.130106	1188.388260	0.000000
154.330000	46.710000	-159.617599	23.659600	3.460614	133.939798	1183.162593	0.000000
154.330000	46.710000	-159.617599	23.909600	3.597702	133.747808	1177.936926	1.000000
154.330000	46.710000	-159.367599	16.409600	-3.236635	138.705802	1328.890242	1.000000
154.330000	46.710000	-159.367599	16.659600	-3.128090	138.560153	1324.254398	0.000000
154.330000	46.710000	-159.367599	16.909600	-3.018751	138.413115	1319.618555	0.000000
154.330000	46.710000	-159.367599	17.159600	-2.908610	138.264678	1314.982711	0.000000
154.330000	46.710000	-159.367599	17.409600	-2.797653	138.114828	1310.346868	0.000000
154.330000	46.710000	-159.367599	17.659600	-2.685872	137.963553	1305.711024	0.000000
154.330000	46.710000	-159.367599	17.909600	-2.573255	137.810842	1301.075181	0.000000
154.330000	46.710000	-159.367599	18.159600	-2.459791	137.656681	1296.439337	0.000000
154.330000	46.710000	-159.367599	18.409600	-2.345471	137.501059	1291.803494	0.000000
154.330000	46.710000	-159.367599	18.659600	-2.230280	137.343960	1287.167650	0.000000
154.330000	46.710000	-159.367599	18.909600	-2.114212	137.185376	1282.531807	0.000000
154.330000	46.710000	-159.367599	19.159600	-1.990857	137.025289	1277.895963	0.000000
154.330000	46.710000	-159.367599	19.409600	-1.863459	136.863692	1273.258050	0.000000
154.330000	46.710000	-159.367599	19.659600	-1.728122	136.700564	1268.579965	0.000000
154.330000	46.710000	-159.367599	19.909600	-1.608425	136.535902	1263.901880	0.000000
154.330000	46.710000	-159.367599	20.159600	-1.487786	136.369682	1259.223794	0.000000
154.330000	46.710000	-159.367599	20.409600	-1.786850	136.201902	1254.545709	1.000000
154.330000	46.710000	-159.367599	20.659600	-1.703526	136.032536	1249.831743	1.000000
154.330000	46.710000	-159.367599	20.909600	-1.720062	135.861584	1244.861360	1.000000
154.330000	46.710000	-159.367599	21.159600	-1.872519	135.689018	1239.890978	1.000000
154.330000	46.710000	-159.367599	21.409600	-1.746995	135.514840	1234.920596	1.000000
154.330000	46.710000	-159.367599	21.659600	-0.965021	135.339020	1229.950214	1.000000
154.330000	46.710000	-159.367599	21.909600	1.559604	135.161561	1224.915990	1.000000
154.330000	46.710000	-159.367599	22.159600	3.919349	134.982431	1219.538277	1.000000
154.330000	46.710000	-159.367599	22.409600	4.148645	134.801637	1214.160565	0.000000
154.330000	46.710000	-159.367599	22.659600	4.279761	134.619142	1208.782852	0.000000
154.330000	46.710000	-159.367599	22.909600	4.411920	134.434957	1203.405140	0.000000
154.330000	46.710000	-159.367599	23.159600	3.977601	134.249040	1198.027427	0.000000
154.330000	46.710000	-159.367599	23.409600	3.426598	134.061407	1192.789542	0.000000
154.330000	46.710000	-159.367599	23.659600	3.528400	133.872013	1187.563875	1.000000
154.330000	46.710000	-159.367599	23.909600	3.664635	133.680875	1182.338208	1.000000
154.330000	46.710000	-159.367599	24.159600	3.802003	133.487946	1177.112541	1.000000
154.330000	46.710000	-159.117599	16.159600	-3.365822	138.762372	1337.900856	1.000000
154.330000	46.710000	-159.117599	16.409600	-3.149507	138.618675	1333.265013	1.000000
154.330000	46.710000	-159.117599	16.659600	-3.041499	138.473562	1328.629169	0.000000
154.330000	46.710000	-159.117599	16.909600	-2.932756	138.327120	1323.993326	0.000000
154.330000	46.710000	-159.117599	17.159600	-2.823167	138.179236	1319.357482	0.000000
154.330000	46.710000	-159.117599	17.409600	-2.712826	138.030000	1314.721639	0.000000
154.330000	46.710000	-159.117599	17.659600	-2.601616	137.879297	1310.085795	0.000000
154.330000	46.710000	-159.117599	17.909600	-2.489633	137.727220	1305.449952	0.000000
154.330000	46.710000	-159.117599	18.159600	-2.376759	137.573648	1300.814108	0.000000
154.330000	46.710000	-159.117599	18.409600	-2.263093	137.418681	1296.178265	0.000000
154.330000	46.710000	-159.117599	18.659600	-2.148511	137.262191	1291.542421	0.000000
154.330000	46.710000	-159.117599	18.909600	-2.033119	137.104283	1286.906578	0.000000
154.330000	46.710000	-159.117599	19.159600	-1.916786	136.944824	1282.270734	0.000000
154.330000	46.710000	-159.117599	19.409600	-1.777207	136.783925	1277.634891	0.000000
154.330000	46.710000	-159.117599	19.659600	-1.666931	136.621447	1272.989595	0.000000
154.330000	46.710000	-159.117599	19.909600	-1.530027	136.457504	1268.311510	1.000000
154.330000	46.710000	-159.117599	20.159600	-1.410059	136.291955	1263.633424	1.000000
154.330000	46.710000	-159.117599	20.409600	-1.289222	136.124918	1258.955339	2.000000
154.330000	46.710000	-159.117599	20.659600	-1.283680	135.956244	1254.277254	2.000000
154.330000	46.710000	-159.117599	20.909600	-1.487483	135.786059	1249.599168	1.000000
154.330000	46.710000	-159.117599	21.159600	-1.401574	135.614208	1244.721810	1.000000
154.330000	46.710000	-159.117599	21.409600	-0.463837	135.440822	1239.751427	1.000000
154.330000	46.710000	-159.117599	21.659600	2.059960	135.265740	1234.623027	1.000000
154.330000	46.710000	-159.117599	21.909600	3.962010	135.089100	1229.245315	1.000000
154.330000	46.710000	-159.117599	22.159600	4.090285	134.910732	1223.867602	2.000000
154.330000	46.710000	-159.117599	22.409600	4.219500	134.730783	1218.489890	1.000000
154.330000	46.710000	-159.117599	22.659600	4.349828	134.549075	1213.112177	1.000000
154.330000	46.710000	-159.117599	22.909600	4.322931	134.365761	1207.734465	1.000000
154.330000	46.710000	-159.117599	23.159600	3.618041	134.180658	1202.416491	0.000000
154.330000	46.710000	-159.117599	23.409600	3.460735	133.993924	1197.190824	0.000000
154.330000	46.710000	-159.117599	23.659600	3.595043	133.805369	1191.965157	1.000000
154.330000	46.710000	-159.117599	23.909600	3.730350	133.615160	1186.739490	1.000000
154.330000	46.710000	-159.117599	24.159600	3.866850	133.423098	1181.513823	1.000000
154.330000	46.710000	-159.117599	24.409600	3.999283	133.229357	1176.288157	1.000000
154.330000	46.710000	-158.867599	15.909600	-4.691525	138.817589	1347.026912	1.000000
154.330000	46.710000	-158.867599	16.159600	-4.482407	138.675772	1342.309025	1.000000
154.330000	46.710000	-158.867599	16.409600	-4.372656	138.532606	1337.639784	1.000000
154.330000	46.710000	-158.867599	16.659600	-4.111437	138.388083	1333.003941	0.000000
154.330000	46.710000	-158.867599	16.909600	-3.744119	138.242189	1328.368097	0.000000
154.330000	46.710000	-158.867599	17.159600	-3.373618	138.094914	1323.732254	0.000000
154.330000	46.710000	-158.867599	17.409600	-2.999894	137.946244	1319.096410	0.000000
154.330000	46.710000	-158.867599	17.659600	-2.622905	137.796168	1314.460567	0.000000
154.330000	46.710000	-158.867599	17.909600	-2.407088	137.644675	1309.824723	0.000000
154.330000	46.710000	-158.867599	18.159600	-2.294861	137.491750	1305.188880	0.000000
154.330000	46.710000	-158.867599	18.409600	-2.181798	137.337385	1300.553036	0.000000
154.330000	46.710000	-158.867599	18.659600	-2.067884	137.181563	1295.917193	0.000000
154.330000	46.710000	-158.867599	18.909600	-1.953113	137.024277	1291.281349	0.000000
154.330000	46.710000	-158.867599	19.159600	-1.837469	136.865507	1286.645506	0.000000
154.330000	46.710000	-158.867599	19.409600	-1.720948	136.705250	1282.009662	0.000000
154.330000	46.710000	-158.867599	19.659600	-1.582492	136.543483	1277.373819	1.000000
154.330000	46.710000	-158.867599	19.909600	-1.472017	136.380203	1272.721140	1.000000
154.330000	46.710000	-158.867599	20.159600	-1.333491	136.215387	1268.043055	1.000000
154.330000	46.710000	-158.867599	20.409600	-1.213338	136.049033	1263.364969	2.000000
154.330000	46.710000	-158.867599	20.659600	-1.092242	135.881117	1258.686884	2.000000
154.330000	46.710000	-158.867599	20.909600	-0.970206	135.711638	1254.008798	2.000000
154.330000	46.710000	-158.867599	21.159600	-1.036785	135.540568	1249.330713	1.000000
154.330000	46.710000	-158.867599	21.409600	1.555094	135.367911	1244.330065	1.000000
154.330000	46.710000	-158.867599	21.659600	3.742947	135.193636	1238.952352	1.000000
154.330000	46.710000	-158.867599	21.909600	4.033362	135.017747	1233.574640	2.000000
154.330000	46.710000	-158.867599	22.159600	4.160805	134.840213	1228.196927	2.000000
154.330000	46.710000	-158.867599	22.409600	4.289243	134.661039	1222.819215	1.000000
154.330000	46.710000	-158.867599	22.659600	4.418712	134.480191	1217.441502	1.000000
154.330000	46.710000	-158.867599	22.909600	4.030113	134.297678	1212.063790	1.000000
154.330000	46.710000	-158.867599	23.159600	3.450296	134.113462	1206.817773	1.000000
154.330000	46.710000	-158.867599	23.409600	3.527103	133.927555	1201.592106	0.000000
154.330000	46.710000	-158.867599	23.659600	3.660497	133.739916	1196.366439	1.000000
154.330000	46.710000	-158.867599	23.909600	3.678091	133.550561	1191.140773	1.000000
154.330000	46.710000	-158.867599	24.159600	3.627770	133.359443	1185.915106	1.000000
154.330000	46.710000	-158.617599	15.659600	-5.821999	138.871433	1356.624265	1.000000
154.330000	46.710000	-158.617599	15.909600	-5.719855	138.731517	1351.892500	1.000000
154.330000	46.710000	-158.617599	16.159600	-5.626461	138.590227	1347.174613	1.000000
154.330000	46.710000	-158.617599	16.409600	-5.377082	138.447646	1342.456725	1.000000
154.330000	46.710000	-158.617599	16.659600	-5.026852	138.303667	1337.738838	0.000000
154.330000	46.710000	-158.617599	16.909600	-4.673726	138.158376	1333.020950	0.000000
154.330000	46.710000	-158.617599	17.159600	-4.317564	138.011660	1328.303063	0.000000
154.330000	46.710000	-158.617599	17.409600	-3.958432	137.863612	1323.585176	0.000000
154.330000	46.710000	-158.617599	17.659600	-3.748596	137.714114	1318.867288	0.000000
154.330000	46.710000	-158.617599	17.909600	-3.634726	137.563262	1314.199494	0.000000
154.330000	46.710000	-158.617599	18.159600	-3.364825	137.410934	1309.563651	0.000000
154.330000	46.710000	-158.617599	18.409600	-2.993299	137.257230	1304.927807	0.000000
154.330000	46.710000	-158.617599	18.659600	-2.618466	137.102022	1300.291964	0.000000
154.330000	46.710000	-158.617599	18.909600	-2.240402	136.945418	1295.656120	0.000000
154.330000	46.710000	-158.617599	19.159600	-1.858945	136.787283	1291.020277	0.000000
154.330000	46.710000	-158.617599	19.409600	-1.643427	136.627728	1286.384433	0.000000
154.330000	46.710000	-158.617599	19.659600	-1.526664	136.466616	1281.748590	1.000000
154.330000	46.710000	-158.617599	19.909600	-1.389412	136.304061	1277.112746	1.000000
154.330000	46.710000	-158.617599	20.159600	-1.278679	136.139921	1272.452685	1.000000
154.330000	46.710000	-158.617599	20.409600	-1.138620	135.974316	1267.774600	2.000000
154.330000	46.710000	-158.617599	20.659600	-1.119698	135.807096	1263.096514	2.000000
154.330000	46.710000	-158.617599	20.909600	-2.098967	135.638389	1258.418429	2.000000
154.330000	46.710000	-158.617599	21.159600	-1.210785	135.468039	1253.905704	2.000000
154.330000	46.710000	-158.617599	21.409600	2.505393	135.296178	1248.785879	1.000000
154.330000	46.710000	-158.617599	21.659600	3.691449	135.122645	1243.331876	1.000000
154.330000	46.710000	-158.617599	21.909600	3.863082	134.947578	1237.903965	2.000000
154.330000	46.710000	-158.617599	22.159600	4.105481	134.770809	1232.526252	2.000000
154.330000	46.710000	-158.617599	22.409600	4.357799	134.592484	1227.148540	1.000000
154.330000	46.710000	-158.617599	22.659600	4.349916	134.412425	1221.770827	1.000000
154.330000	46.710000	-158.617599	22.909600	3.669155	134.230787	1216.444722	1.000000
154.330000	46.710000	-158.617599	23.159600	3.414615	134.047386	1211.219055	1.000000
154.330000	46.710000	-158.617599	23.409600	3.364114	133.862382	1205.993389	1.000000
154.330000	46.710000	-158.617599	23.659600	3.216879	133.675584	1200.767722	1.000000
154.330000	46.710000	-158.617599	23.909600	3.015285	133.487159	1195.578150	1.000000
154.330000	46.710000	-158.367599	15.409600	-5.829751	138.923961	1366.238515	2.000000
154.330000	46.710000	-158.367599	15.659600	-5.726336	138.785877	1361.503402	1.000000
154.330000	46.710000	-158.367599	15.909600	-5.633597	138.646484	1356.768288	1.000000
154.330000	46.710000	-158.367599	16.159600	-5.530281	138.505773	1352.040200	1.000000
154.330000	46.710000	-158.367599	16.409600	-5.436387	138.363731	1347.322313	0.000000
154.330000	46.710000	-158.367599	16.659600	-5.330014	138.220348	1342.604425	0.000000
154.330000	46.710000	-158.367599	16.909600	-5.222877	138.075612	1337.886538	0.000000
154.330000	46.710000	-158.367599	17.159600	-5.114966	137.929512	1333.168650	0.000000
154.330000	46.710000	-158.367599	17.409600	-5.006272	137.782036	1328.450763	0.000000
154.330000	46.710000	-158.367599	17.659600	-4.896782	137.633172	1323.732876	0.000000
154.330000	46.710000	-158.367599	17.909600	-4.639084	137.482910	1319.014988	0.000000
154.330000	46.710000	-158.367599	18.159600	-4.284815	137.331235	1314.297101	0.000000
154.330000	46.710000	-158.367599	18.409600	-3.927541	137.178140	1309.579213	0.000000
154.330000	46.710000	-158.367599	18.659600	-3.567219	137.023606	1304.861326	0.000000
154.330000	46.710000	-158.367599	18.909600	-3.203816	136.867629	1300.143439	0.000000
154.330000	46.710000	-158.367599	19.159600	-2.994059	136.710189	1295.425551	0.000000
154.330000	46.710000	-158.367599	19.409600	-2.875756	136.551282	1290.759204	1.000000
154.330000	46.710000	-158.367599	19.659600	-2.596984	136.390886	1286.123361	1.000000
154.330000	46.710000	-158.367599	19.909600	-2.220958	136.228999	1281.487517	1.000000
154.330000	46.710000	-158.367599	20.159600	-1.821622	136.065597	1276.851674	1.000000
154.330000	46.710000	-158.367599	20.409600	-1.457161	135.900680	1272.184230	1.000000
154.330000	46.710000	-158.367599	20.659600	-2.462576	135.734223	1267.537441	2.000000
154.330000	46.710000	-158.367599	20.909600	-3.397158	135.566226	1263.043619	2.000000
154.330000	46.710000	-158.367599	21.159600	-0.850923	135.396661	1258.549797	2.000000
154.330000	46.710000	-158.367599	21.409600	2.996922	135.225533	1253.255728	1.000000
154.330000	46.710000	-158.367599	21.659600	3.540821	135.052810	1247.801725	2.000000
154.330000	46.710000	-158.367599	21.909600	3.748644	134.878499	1242.347722	2.000000
154.330000	46.710000	-158.367599	22.159600	4.019084	134.702566	1236.893718	2.000000
154.330000	46.710000	-158.367599	22.409600	4.192051	134.525020	1231.477865	1.000000
154.330000	46.710000	-158.367599	22.659600	3.923321	134.345823	1226.100152	1.000000
154.330000	46.710000	-158.367599	22.909600	3.095991	134.164989	1220.846005	1.000000
154.330000	46.710000	-158.367599	23.159600	2.812731	133.982477	1215.634614	1.000000
154.330000	46.710000	-158.367599	23.409600	2.647819	133.798303	1210.465294	1.000000
154.330000	46.710000	-158.367599	23.659600	2.601113	133.612421	1205.295975	0.000000
154.330000	46.710000	-158.367599	23.909600	2.669840	133.424852	1200.126655	1.000000
154.330000	46.710000	-158.117599	15.159600	-5.846856	138.975152	1375.852765	2.000000
154.330000	46.710000	-158.117599	15.409600	-5.744711	138.838921	1371.117652	2.000000
154.330000	46.710000	-158.117599	15.659600	-5.641814	138.701355	1366.382538	1.000000
154.330000	46.710000	-158.117599	15.909600	-5.538248	138.562537	1361.647425	1.000000
154.330000	46.710000	-158.117599	16.159600	-5.445641	138.422359	1356.912311	0.000000
154.330000	46.710000	-158.117599	16.409600	-5.342174	138.280909	1352.187900	0.000000
154.330000	46.710000	-158.117599	16.659600	-5.247742	138.138076	1347.470013	0.000000
154.330000	46.710000	-158.117599	16.909600	-5.141215	137.993950	1342.752125	0.000000
154.330000	46.710000	-158.117599	17.159600	-5.033871	137.848416	1338.034238	0.000000
154.330000	46.710000	-158.117599	17.409600	-4.925805	137.701569	1333.316351	0.000000
154.330000	46.710000	-158.117599	17.659600	-4.816899	137.553289	1328.598463	0.000000
154.330000	46.710000	-158.117599	17.909600	-4.707254	137.403675	1323.880576	0.000000
154.330000	46.710000	-158.117599	18.159600	-4.596746	137.252602	1319.162688	0.000000
154.330000	46.710000	-158.117599	18.409600	-4.485479	137.100173	1314.444801	0.000000
154.330000	46.710000	-158.117599	18.659600	-4.373327	136.946261	1309.726913	0.000000
154.330000	46.710000	-158.117599	18.909600	-4.260399	136.790971	1305.009026	0.000000
154.330000	46.710000	-158.117599	19.159600	-4.146561	136.634171	1300.291139	0.000000
154.330000	46.710000	-158.117599	19.409600	-3.880362	136.475972	1295.573251	1.000000
154.330000	46.710000	-158.117599	19.659600	-3.521769	136.316236	1290.855364	1.000000
154.330000	46.710000	-158.117599	19.909600	-3.155323	136.155079	1286.137476	1.000000
154.330000	46.710000	-158.117599	20.159600	-2.614549	135.992358	1281.419589	1.000000
154.330000	46.710000	-158.117599	20.409600	-2.687878	135.828194	1276.675356	1.000000
154.330000	46.710000	-158.117599	20.659600	-3.504235	135.662437	1272.181535	2.000000
154.330000	46.710000	-158.117599	20.909600	-3.338872	135.495217	1267.687713	2.000000
154.330000	46.710000	-158.117599	21.159600	0.268185	135.326375	1263.179581	2.000000
154.330000	46.710000	-158.117599	21.409600	3.486517	135.156048	1257.725577	1.000000
154.330000	46.710000	-158.117599	21.659600	3.609561	134.984070	1252.271574	2.000000
154.330000	46.710000	-158.117599	21.909600	3.733476	134.810584	1246.817571	2.000000
154.330000	46.710000	-158.117599	22.159600	3.858431	134.635420	1241.363567	1.000000
154.330000	46.710000	-158.117599	22.409600	3.851616	134.458724	1235.909564	1.000000
154.330000	46.710000	-158.117599	22.659600	3.082482	134.280321	1230.521758	1.000000
154.330000	46.710000	-158.117599	22.909600	2.343254	134.100364	1225.352439	1.000000
154.330000	46.710000	-158.117599	23.159600	2.339212	133.918669	1220.183119	1.000000
154.330000	46.710000	-158.117599	23.409600	2.468738	133.735398	1215.013800	1.000000
154.330000	46.710000	-158.117599	23.659600	2.599381	133.550360	1209.844480	0.000000
154.330000	46.710000	-157.867599	15.159600	-5.762321	138.890617	1380.731902	1.000000
154.330000	46.710000	-157.867599	15.409600	-5.660689	138.754899	1375.996788	1.000000
154.330000	46.710000	-157.867599	15.659600	-5.558361	138.617903	1371.261675	0.000000
154.330000	46.710000	-157.867599	15.909600	-5.455325	138.479613	1366.526561	0.000000
154.330000	46.710000	-157.867599	16.159600	-5.351572	138.340022	1361.791448	0.000000
154.330000	46.710000	-157.867599	16.409600	-5.259155	138.199117	1357.056334	0.000000
154.330000	46.710000	-157.867599	16.659600	-5.157938	138.056888	1352.335600	0.000000
154.330000	46.710000	-157.867599	16.909600	-5.060589	137.913323	1347.617713	0.000000
154.330000	46.710000	-157.867599	17.159600	-4.953866	137.768411	1342.899826	0.000000
154.330000	46.710000	-157.867599	17.409600	-4.846378	137.622142	1338.181938	0.000000
154.330000	46.710000	-157.867599	17.659600	-4.738113	137.474503	1333.464051	0.000000
154.330000	46.710000	-157.867599	17.909600	-4.629063	137.325484	1328.746163	0.000000
154.330000	46.710000	-157.867599	18.159600	-4.519215	137.175071	1324.028276	0.000000
154.330000	46.710000	-157.867599	18.409600	-4.408563	137.023257	1319.310388	0.000000
154.330000	46.710000	-157.867599	18.659600	-4.297090	136.870024	1314.592501	0.000000
154.330000	46.710000	-157.867599	18.909600	-4.184794	136.715367	1309.874614	0.000000
154.330000	46.710000	-157.867599	19.159600	-4.071657	136.559267	1305.156726	0.000000
154.330000	46.710000	-157.867599	19.409600	-3.957676	136.401720	1300.438839	0.000000
154.330000	46.710000	-157.867599	19.659600	-3.782808	136.242706	1295.720951	1.000000
154.330000	46.710000	-157.867599	19.909600	-3.478192	136.082221	1291.001449	1.000000
154.330000	46.710000	-157.867599	20.159600	-2.841947	135.920243	1286.251876	1.000000
154.330000	46.710000	-157.867599	20.409600	-2.870672	135.756772	1281.423461	1.000000
154.330000	46.710000	-157.867599	20.659600	-3.105389	135.591782	1276.825628	1.000000
154.330000	46.710000	-157.867599	20.909600	-2.721929	135.425275	1272.331806	1.000000
154.330000	46.710000	-157.867599	21.159600	1.341277	135.257224	1267.649430	2.000000
154.330000	46.710000	-157.867599	21.409600	3.554933	135.087632	1262.195426	1.000000
154.330000	46.710000	-157.867599	21.659600	3.677163	134.916468	1256.741423	0.000000
154.330000	46.710000	-157.867599	21.909600	3.800320	134.743741	1251.287420	1.000000
154.330000	46.710000	-157.867599	22.159600	3.759402	134.569415	1245.833417	1.000000
154.330000	46.710000	-157.867599	22.409600	3.435124	134.393502	1240.404841	1.000000
154.330000	46.710000	-157.867599	22.659600	2.601057	134.215963	1235.070263	1.000000
154.330000	46.710000	-157.867599	22.909600	2.274164	134.036812	1229.900944	1.000000
154.330000	46.710000	-157.867599	23.159600	2.401873	133.856008	1224.731624	1.000000
154.330000	46.710000	-157.867599	23.409600	2.530568	133.673568	1219.562305	1.000000
154.330000	46.710000	-157.617599	15.159600	-5.427428	138.807094	1385.611038	1.000000
154.330000	46.710000	-157.617599	15.409600	-5.336515	138.671942	1380.875925	1.000000
154.330000	46.710000	-157.617599	15.659600	-5.475929	138.535471	1376.140811	0.000000
154.330000	46.710000	-157.617599	15.909600	-5.373474	138.397763	1371.405698	0.000000
154.330000	46.710000	-157.617599	16.159600	-5.270261	138.258712	1366.670584	0.000000
154.330000	46.710000	-157.617599	16.409600	-5.168887	138.118406	1361.935470	0.000000
154.330000	46.710000	-157.617599	16.659600	-5.074114	137.976733	1357.201188	0.000000
154.330000	46.710000	-157.617599	16.909600	-4.981049	137.833784	1352.483301	0.000000
154.330000	46.710000	-157.617599	17.159600	-4.874900	137.689445	1347.765413	0.000000
154.330000	46.710000	-157.617599	17.409600	-4.768047	137.543811	1343.047526	0.000000
154.330000	46.710000	-157.617599	17.659600	-4.660371	137.396761	1338.329638	0.000000
154.330000	46.710000	-157.617599	17.909600	-4.551975	137.248396	1333.611751	0.000000
154.330000	46.710000	-157.617599	18.159600	-4.442734	137.098590	1328.893863	0.000000
154.330000	46.710000	-157.617599	18.409600	-4.332754	136.947449	1324.175976	0.000000
154.330000	46.710000	-157.617599	18.659600	-4.221908	136.794841	1319.458089	0.000000
154.330000	46.710000	-157.617599	18.909600	-4.110305	136.640878	1314.740201	0.000000
154.330000	46.710000	-157.617599	19.159600	-3.985274	136.485422	1310.022314	0.000000
154.330000	46.710000	-157.617599	19.409600	-3.722112	136.328589	1305.304426	0.000000
154.330000	46.710000	-157.617599	19.659600	-3.418963	136.170239	1300.567752	1.000000
154.330000	46.710000	-157.617599	19.909600	-3.075614	136.010489	1295.818179	1.000000
154.330000	46.710000	-157.617599	20.159600	-2.407586	135.849196	1291.035097	1.000000
154.330000	46.710000	-157.617599	20.409600	-2.428051	135.686482	1286.187039	1.000000
154.330000	46.710000	-157.617599	20.659600	-2.662998	135.522197	1281.469722	2.000000
154.330000	46.710000	-157.617599	20.909600	-2.115594	135.356471	1276.975900	2.000000
154.330000	46.710000	-157.617599	21.159600	1.896613	135.189145	1272.119279	2.000000
154.330000	46.710000	-157.617599	21.409600	3.622207	135.020357	1266.665276	0.000000
154.330000	46.710000	-157.617599	21.659600	3.743689	134.849942	1261.211272	0.000000
154.330000	46.710000	-157.617599	21.909600	3.668447	134.678043	1255.757269	1.000000
154.330000	46.710000	-157.617599	22.159600	3.545156	134.504489	1250.334323	1.000000
154.330000	46.710000	-157.617599	22.409600	3.300713	134.329428	1244.922930	1.000000
154.330000	46.710000	-157.617599	22.659600	2.581420	134.152684	1239.618769	1.000000
154.330000	46.710000	-157.617599	22.909600	2.336564	133.974412	1234.449449	1.000000
154.330000	46.710000	-157.617599	23.159600	2.463453	133.794428	1229.280129	1.000000
154.330000	46.710000	-157.617599	23.409600	2.591243	133.612893	1224.110810	1.000000
154.330000	46.710000	-157.367599	15.159600	-5.155276	138.724621	1390.321783	1.000000
154.330000	46.710000	-157.367599	15.409600	-5.250040	138.589990	1385.673082	1.000000
154.330000	46.710000	-157.367599	15.659600	-5.143267	138.454094	1381.019948	0.000000
154.330000	46.710000	-157.367599	15.909600	-5.049285	138.316922	1376.284834	0.000000
154.330000	46.710000	-157.367599	16.159600	-5.190014	138.178464	1371.549721	0.000000
154.330000	46.710000	-157.367599	16.409600	-5.086683	138.038709	1366.814607	0.000000
154.330000	46.710000	-157.367599	16.659600	-4.993804	137.897646	1362.079493	0.000000
154.330000	46.710000	-157.367599	16.909600	-4.890580	137.755265	1357.348888	0.000000
154.330000	46.710000	-157.367599	17.159600	-4.797009	137.611554	1352.631001	0.000000
154.330000	46.710000	-157.367599	17.409600	-4.690740	137.466504	1347.913113	1.000000
154.330000	46.710000	-157.367599	17.659600	-4.583711	137.320100	1343.195226	1.000000
154.330000	46.710000	-157.367599	17.909600	-4.475916	137.172336	1338.477338	1.000000
154.330000	46.710000	-157.367599	18.159600	-4.367340	137.023196	1333.759451	0.000000
154.330000	46.710000	-157.367599	18.409600	-4.257980	136.872674	1329.041564	0.000000
154.330000	46.710000	-157.367599	18.659600	-4.147818	136.720752	1324.323676	0.000000
154.330000	46.710000	-157.367599	18.909600	-3.960946	136.567426	1319.605789	0.000000
154.330000	46.710000	-157.367599	19.159600	-3.660171	136.412676	1314.883627	0.000000
154.330000	46.710000	-157.367599	19.409600	-3.371387	136.256499	1310.134054	0.000000
154.330000	46.710000	-157.367599	19.659600	-3.219767	136.098875	1305.384482	0.000000
154.330000	46.710000	-157.367599	19.909600	-2.723100	135.939802	1300.634910	1.000000
154.330000	46.710000	-157.367599	20.159600	-2.121249	135.779256	1295.798675	2.000000
154.330000	46.710000	-157.367599	20.409600	-2.003708	135.617239	1290.950616	2.000000
154.330000	46.710000	-157.367599	20.659600	-2.557284	135.453724	1286.113815	2.000000
154.330000	46.710000	-157.367599	20.909600	-1.519630	135.288716	1281.619994	2.000000
154.330000	46.710000	-157.367599	21.159600	2.442079	135.122184	1276.589128	1.000000
154.330000	46.710000	-157.367599	21.409600	3.688430	134.954135	1271.135125	1.000000
154.330000	46.710000	-157.367599	21.659600	3.578999	134.784537	1265.681122	0.000000
154.330000	46.710000	-157.367599	21.909600	3.453968	134.613399	1260.263805	0.000000
154.330000	46.710000	-157.367599	22.159600	3.524335	134.440686	1254.852412	1.000000
154.330000	46.710000	-157.367599	22.409600	3.282632	134.266410	1249.441019	1.000000
154.330000	46.710000	-157.367599	22.659600	2.560401	134.090532	1244.167274	1.000000
154.330000	46.710000	-157.367599	22.909600	2.397908	133.913068	1238.997954	1.000000
154.330000	46.710000	-157.367599	23.159600	2.523904	133.733976	1233.828635	1.000000
154.330000	46.710000	-157.117599	15.159600	-5.064097	138.643149	1395.027362	1.000000
154.330000	46.710000	-157.117599	15.409600	-4.905750	138.509089	1390.378660	0.000000
154.330000	46.710000	-157.117599	15.659600	-4.818565	138.373725	1385.729959	0.000000
154.330000	46.710000	-157.117599	15.909600	-4.967198	138.237141	1381.081258	0.000000
154.330000	46.710000	-157.117599	16.159600	-4.859580	138.099229	1376.428857	0.000000
154.330000	46.710000	-157.117599	16.409600	-4.762578	137.960079	1371.693743	0.000000
154.330000	46.710000	-157.117599	16.659600	-4.904564	137.819578	1366.958630	0.000000
154.330000	46.710000	-157.117599	16.909600	-4.811909	137.677820	1362.223516	1.000000
154.330000	46.710000	-157.117599	17.159600	-4.708526	137.534687	1357.496588	1.000000
154.330000	46.710000	-157.117599	17.409600	-4.614513	137.390277	1352.778701	1.000000
154.330000	46.710000	-157.117599	17.659600	-4.508079	137.244469	1348.060813	1.000000
154.330000	46.710000	-157.117599	17.909600	-4.400943	137.097364	1343.342926	1.000000
154.330000	46.710000	-157.117599	18.159600	-4.292980	136.948837	1338.625039	1.000000
154.330000	46.710000	-157.117599	18.409600	-4.163950	136.798993	1333.907151	0.000000
154.330000	46.710000	-157.117599	18.659600	-3.896408	136.647701	1329.189264	0.000000
154.330000	46.710000	-157.117599	18.909600	-3.597096	136.495073	1324.449930	0.000000
154.330000	46.710000	-157.117599	19.159600	-3.374009	136.340972	1319.700357	0.000000
154.330000	46.710000	-157.117599	19.409600	-3.262175	136.185514	1314.950785	0.000000
154.330000	46.710000	-157.117599	19.659600	-3.025397	136.028558	1310.201213	0.000000
154.330000	46.710000	-157.117599	19.909600	-2.336433	135.870225	1305.410310	0.000000
154.330000	46.710000	-157.117599	20.159600	-2.017443	135.710367	1300.562252	1.000000
154.330000	46.710000	-157.117599	20.409600	-1.902338	135.549111	1295.714194	2.000000
154.330000	46.710000	-157.117599	20.659600	-2.487335	135.386305	1290.866136	1.000000
154.330000	46.710000	-157.117599	20.909600	-0.616113	135.222080	1286.264087	1.000000
154.330000	46.710000	-157.117599	21.159600	2.960902	135.056278	1281.058977	1.000000
154.330000	46.710000	-157.117599	21.409600	3.490921	134.889036	1275.604974	1.000000
154.330000	46.710000	-157.117599	21.659600	3.364271	134.720189	1270.193288	1.000000
154.330000	46.710000	-157.117599	21.909600	3.465455	134.549882	1264.781895	0.000000
154.330000	46.710000	-157.117599	22.159600	3.587078	134.377943	1259.370502	0.000000
154.330000	46.710000	-157.117599	22.409600	3.263169	134.204522	1253.959109	0.000000
154.330000	46.710000	-157.117599	22.659600	2.538064	134.029441	1248.715779	1.000000
154.330000	46.710000	-157.117599	22.909600	2.458118	133.852857	1243.546459	0.000000
154.330000	46.710000	-156.867599	15.159600	-4.985270	138.562712	1399.697665	0.000000
154.330000	46.710000	-156.867599	15.409600	-4.883440	138.429179	1395.084239	0.000000
154.330000	46.710000	-156.867599	15.659600	-4.725764	138.294398	1390.435537	0.000000
154.330000	46.710000	-156.867599	15.909600	-4.625011	138.158356	1385.786836	0.000000
154.330000	46.710000	-156.867599	16.159600	-4.534820	138.021043	1381.138135	0.000000
154.330000	46.710000	-156.867599	16.409600	-4.684859	137.882450	1376.489434	0.000000
154.330000	46.710000	-156.867599	16.659600	-4.576443	137.742566	1371.837766	0.000000
154.330000	46.710000	-156.867599	16.909600	-4.476369	137.601380	1367.102653	1.000000
154.330000	46.710000	-156.867599	17.159600	-4.631494	137.458881	1362.367539	1.000000
154.330000	46.710000	-156.867599	17.409600	-4.528015	137.315061	1357.644288	1.000000
154.330000	46.710000	-156.867599	17.659600	-4.433515	137.169905	1352.926401	1.000000
154.330000	46.710000	-156.867599	17.909600	-4.326985	137.023406	1348.208513	1.000000
154.330000	46.710000	-156.867599	18.159600	-4.127894	136.875549	1343.490626	1.000000
154.330000	46.710000	-156.867599	18.409600	-3.830775	136.726329	1338.765805	1.000000
154.330000	46.710000	-156.867599	18.659600	-3.553689	136.575728	1334.016233	0.000000
154.330000	46.710000	-156.867599	18.909600	-3.413759	136.423742	1329.266660	0.000000
154.330000	46.710000	-156.867599	19.159600	-3.303387	136.270351	1324.517088	0.000000
154.330000	46.710000	-156.867599	19.409600	-3.192215	136.115554	1319.767515	0.000000
154.330000	46.710000	-156.867599	19.659600	-2.651102	135.959328	1315.017943	0.000000
154.330000	46.710000	-156.867599	19.909600	-2.075033	135.801675	1310.173888	0.000000
154.330000	46.710000	-156.867599	20.159600	-1.949646	135.642569	1305.325829	1.000000
154.330000	46.710000	-156.867599	20.409600	-1.835241	135.482014	1300.477771	1.000000
154.330000	46.710000	-156.867599	20.659600	-2.095687	135.319981	1295.629713	1.000000
154.330000	46.710000	-156.867599	20.909600	0.617324	135.156477	1290.908181	1.000000
154.330000	46.710000	-156.867599	21.159600	3.207996	134.991471	1285.534163	1.000000
154.330000	46.710000	-156.867599	21.409600	3.290005	134.824971	1280.122770	1.000000
154.330000	46.710000	-156.867599	21.659600	3.408069	134.656944	1274.711377	1.000000
154.330000	46.710000	-156.867599	21.909600	3.527936	134.487400	1269.299984	0.000000
154.330000	46.710000	-156.867599	22.159600	3.648715	134.316305	1263.888591	0.000000
154.330000	46.710000	-156.867599	22.409600	3.242416	134.143670	1258.477198	0.000000
154.330000	46.710000	-156.867599	22.659600	2.514361	133.969458	1253.264284	0.000000
154.330000	46.710000	-156.617599	15.159600	-4.963320	138.483263	1404.366520	0.000000
154.330000	46.710000	-156.617599	15.409600	-4.806173	138.350309	1399.773003	0.000000
154.330000	46.710000	-156.617599	15.659600	-4.699219	138.216064	1395.141116	0.000000
154.330000	46.710000	-156.617599	15.909600	-4.547272	138.080616	1390.492415	0.000000
154.330000	46.710000	-156.617599	16.159600	-4.446389	137.943856	1385.843713	0.000000
154.330000	46.710000	-156.617599	16.409600	-4.344871	137.805874	1381.195012	0.000000
154.330000	46.710000	-156.617599	16.659600	-4.251622	137.666557	1376.546311	1.000000
154.330000	46.710000	-156.617599	16.909600	-4.403114	137.526000	1371.897609	1.000000
154.330000	46.710000	-156.617599	17.159600	-4.293849	137.384085	1367.246676	1.000000
154.330000	46.710000	-156.617599	17.409600	-4.202621	137.240910	1362.511562	1.000000
154.330000	46.710000	-156.617599	17.659600	-4.324862	137.096354	1357.791988	1.000000
154.330000	46.710000	-156.617599	17.909600	-4.059808	136.950520	1353.074101	1.000000
154.330000	46.710000	-156.617599	18.159600	-3.764020	136.803281	1348.332108	1.000000
154.330000	46.710000	-156.617599	18.409600	-3.560532	136.654744	1343.582536	1.000000
154.330000	46.710000	-156.617599	18.659600	-3.452379	136.504777	1338.832963	1.000000
154.330000	46.710000	-156.617599	18.909600	-3.343511	136.353494	1334.083391	1.000000
154.330000	46.710000	-156.617599	19.159600	-3.233793	136.200757	1329.333818	1.000000
154.330000	46.710000	-156.617599	19.409600	-2.964528	136.046682	1324.584246	1.000000
154.330000	46.710000	-156.617599	19.659600	-2.265756	135.891129	1319.785523	1.000000
154.330000	46.710000	-156.617599	19.909600	-1.995759	135.734219	1314.937465	1.000000
154.330000	46.710000	-156.617599	20.159600	-1.882882	135.575805	1310.089407	2.000000
154.330000	46.710000	-156.617599	20.409600	-1.508852	135.416015	1305.241349	2.000000
154.330000	46.710000	-156.617599	20.659600	-0.511228	135.254694	1300.393291	2.000000
154.330000	46.710000	-156.617599	20.909600	2.363229	135.091976	1295.443440	2.000000
154.330000	46.710000	-156.617599	21.159600	3.408527	134.927703	1290.052253	2.000000
154.330000	46.710000	-156.617599	21.409600	3.352040	134.762012	1284.640860	2.000000
154.330000	46.710000	-156.617599	21.659600	3.470274	134.594739	1279.229466	1.000000
154.330000	46.710000	-156.617599	21.909600	3.589308	134.426029	1273.818073	1.000000
154.330000	46.710000	-156.617599	22.159600	3.709312	134.255709	1268.406680	1.000000
154.330000	46.710000	-156.617599	22.409600	3.165874	134.083931	1262.995287	1.000000
154.330000	46.710000	-156.617599	22.659600	2.489358	133.910517	1257.812789	1.000000
154.330000	46.710000	-156.367599	15.159600	-4.884894	138.404837	1409.035375	0.000000
154.330000	46.710000	-156.367599	15.409600	-4.781458	138.272416	1404.441858	0.000000
154.330000	46.710000	-156.367599	15.659600	-4.628518	138.138760	1399.846694	0.000000
154.330000	46.710000	-156.367599	15.909600	-4.470515	138.003860	1395.197993	0.000000
154.330000	46.710000	-156.367599	16.159600	-4.370237	137.867705	1390.549292	0.000000
154.330000	46.710000	-156.367599	16.409600	-4.269282	137.730285	1385.900590	0.000000
154.330000	46.710000	-156.367599	16.659600	-4.167642	137.591590	1381.251889	1.000000
154.330000	46.710000	-156.367599	16.909600	-4.065307	137.451611	1376.603188	1.000000
154.330000	46.710000	-156.367599	17.159600	-3.969052	137.310335	1371.954487	1.000000
154.330000	46.710000	-156.367599	17.409600	-4.096669	137.167755	1367.305785	1.000000
154.330000	46.710000	-156.367599	17.659600	-3.850982	137.023857	1362.647360	1.000000
154.330000	46.710000	-156.367599	17.909600	-3.522559	136.878634	1357.898411	1.000000
154.330000	46.710000	-156.367599	18.159600	-3.538938	136.732070	1353.148839	1.000000
154.330000	46.710000	-156.367599	18.409600	-3.489949	136.584161	1348.399266	2.000000
154.330000	46.710000	-156.367599	18.659600	-3.382491	136.434890	1343.649694	1.000000
154.330000	46.710000	-156.367599	18.909600	-3.274270	136.284252	1338.900121	1.000000
154.330000	46.710000	-156.367599	19.159600	-3.153784	136.132229	1334.150549	1.000000
154.330000	46.710000	-156.367599	19.409600	-2.579666	135.978820	1329.397159	1.000000
154.330000	46.710000	-156.367599	19.659600	-2.040619	135.824001	1324.549101	1.000000
154.330000	46.710000	-156.367599	19.909600	-1.641463	135.667775	1319.701043	1.000000
154.330000	46.710000	-156.367599	20.159600	-0.691007	135.510117	1314.852984	2.000000
154.330000	46.710000	-156.367599	20.409600	0.571404	135.351029	1309.918645	2.000000
154.330000	46.710000	-156.367599	20.659600	1.782701	135.190486	1304.880013	2.000000
154.330000	46.710000	-156.367599	20.909600	3.204187	135.028492	1299.773867	2.000000
154.330000	46.710000	-156.367599	21.159600	3.574527	134.865017	1294.498577	2.000000
154.330000	46.710000	-156.367599	21.409600	3.615786	134.700071	1289.158949	2.000000
154.330000	46.710000	-156.367599	21.659600	3.531393	134.533620	1283.747556	3.000000
154.330000	46.710000	-156.367599	21.909600	3.649661	134.365675	1278.336163	1.000000
154.330000	46.710000	-156.367599	22.159600	3.723396	134.196201	1272.924770	1.000000
154.330000	46.710000	-156.367599	22.409600	3.046649	134.025211	1267.530614	1.000000
154.330000	46.710000	-156.117599	15.159600	-4.807443	138.327386	1413.704230	0.000000
154.330000	46.710000	-156.117599	15.409600	-4.709719	138.195549	1409.110713	0.000000
154.330000	46.710000	-156.117599	15.659600	-4.553803	138.062436	1404.517196	0.000000
154.330000	46.710000	-156.117599	15.909600	-4.452376	137.928136	1399.903571	0.000000
154.330000	46.710000	-156.117599	16.159600	-4.295071	137.792539	1395.254870	0.000000
154.330000	46.710000	-156.117599	16.409600	-4.194733	137.655736	1390.606169	0.000000
154.330000	46.710000	-156.117599	16.659600	-4.093665	137.517614	1385.957467	1.000000
154.330000	46.710000	-156.117599	16.909600	-3.991964	137.378268	1381.308766	1.000000
154.330000	46.710000	-156.117599	17.159600	-3.889514	137.237581	1376.660065	1.000000
154.330000	46.710000	-156.117599	17.409600	-3.737666	137.095652	1372.011364	1.000000
154.330000	46.710000	-156.117599	17.659600	-3.438345	136.952359	1367.346801	1.000000
154.330000	46.710000	-156.117599	17.909600	-3.372385	136.807805	1362.646472	1.000000
154.330000	46.710000	-156.117599	18.159600	-3.325194	136.661863	1357.946144	2.000000
154.330000	46.710000	-156.117599	18.409600	-3.218168	136.514642	1353.215997	2.000000
154.330000	46.710000	-156.117599	18.659600	-3.199954	136.366010	1348.466424	1.000000
154.330000	46.710000	-156.117599	18.909600	-3.206097	136.216079	1343.716852	1.000000
154.330000	46.710000	-156.117599	19.159600	-2.892288	136.064714	1338.967279	1.000000
154.330000	46.710000	-156.117599	19.409600	-1.891853	135.912031	1334.160736	1.000000
154.330000	46.710000	-156.117599	19.659600	-0.793734	135.757888	1329.312678	1.000000
154.330000	46.710000	-156.117599	19.909600	0.507337	135.602409	1324.369299	2.000000
154.330000	46.710000	-156.117599	20.159600	1.591129	135.445445	1319.330667	2.000000
154.330000	46.710000	-156.117599	20.409600	2.135215	135.287126	1314.292035	2.000000
154.330000	46.710000	-156.117599	20.659600	2.651397	135.127297	1309.253403	2.000000
154.330000	46.710000	-156.117599	20.909600	3.546062	134.966093	1304.104294	2.000000
154.330000	46.710000	-156.117599	21.159600	3.904219	134.803353	1298.829003	2.000000
154.330000	46.710000	-156.117599	21.409600	3.781068	134.639219	1293.553713	3.000000
154.330000	46.710000	-156.117599	21.659600	3.821632	134.473524	1288.265645	3.000000
154.330000	46.710000	-156.117599	21.909600	3.831434	134.306414	1282.854252	1.000000
154.330000	46.710000	-156.117599	22.159600	3.701535	134.137717	1277.442859	1.000000
154.330000	46.710000	-155.867599	15.159600	-4.731003	138.250946	1418.373085	0.000000
154.330000	46.710000	-155.867599	15.409600	-4.633817	138.119647	1413.779569	0.000000
154.330000	46.710000	-155.867599	15.659600	-4.535997	137.987129	1409.186052	0.000000
154.330000	46.710000	-155.867599	15.909600	-4.379224	137.853381	1404.592535	0.000000
154.330000	46.710000	-155.867599	16.159600	-4.272095	137.718395	1399.960448	0.000000
154.330000	46.710000	-155.867599	16.409600	-4.121157	137.582160	1395.311747	0.000000
154.330000	46.710000	-155.867599	16.659600	-4.020717	137.444665	1390.663046	0.000000
154.330000	46.710000	-155.867599	16.909600	-3.919599	137.305903	1386.014345	1.000000
154.330000	46.710000	-155.867599	17.159600	-3.817793	137.165860	1381.365643	1.000000
154.330000	46.710000	-155.867599	17.409600	-3.647703	137.024530	1376.716942	1.000000
154.330000	46.710000	-155.867599	17.659600	-3.349142	136.881899	1372.046242	1.000000
154.330000	46.710000	-155.867599	17.909600	-3.154928	136.737960	1367.345914	1.000000
154.330000	46.710000	-155.867599	18.159600	-3.050314	136.592699	1362.645585	2.000000
154.330000	46.710000	-155.867599	18.409600	-3.035584	136.446111	1357.945256	2.000000
154.330000	46.710000	-155.867599	18.659600	-3.044971	136.298177	1353.244928	1.000000
154.330000	46.710000	-155.867599	18.909600	-2.901935	136.148897	1348.533582	1.000000
154.330000	46.710000	-155.867599	19.159600	-1.085474	135.998250	1343.772372	1.000000
154.330000	46.710000	-155.867599	19.409600	0.903271	135.846235	1338.819952	1.000000
154.330000	46.710000	-155.867599	19.659600	2.007269	135.692831	1333.781321	1.000000
154.330000	46.710000	-155.867599	19.909600	2.604939	135.538039	1328.729738	2.000000
154.330000	46.710000	-155.867599	20.159600	2.851303	135.381834	1323.663194	1.000000
154.330000	46.710000	-155.867599	20.409600	3.056687	135.224220	1318.596650	1.000000
154.330000	46.710000	-155.867599	20.659600	3.481322	135.065172	1313.530106	1.000000
154.330000	46.710000	-155.867599	20.909600	3.935722	134.904693	1308.385549	1.000000
154.330000	46.710000	-155.867599	21.159600	4.252977	134.742756	1303.140262	1.000000
154.330000	46.710000	-155.867599	21.409600	4.349276	134.579367	1297.884140	2.000000
154.330000	46.710000	-155.867599	21.659600	4.375116	134.414497	1292.608849	2.000000
154.330000	46.710000	-155.867599	21.909600	4.208375	134.248154	1287.333558	1.000000
154.330000	46.710000	-155.867599	22.159600	3.945592	134.080304	1281.960948	1.000000
154.330000	46.710000	-155.617599	15.159600	-4.655524	138.175467	1423.041941	0.000000
154.330000	46.710000	-155.617599	15.409600	-4.558929	138.044758	1418.448424	0.000000
154.330000	46.710000	-155.617599	15.659600	-4.461657	137.912789	1413.854907	0.000000
154.330000	46.710000	-155.617599	15.909600	-4.358049	137.779647	1409.261390	0.000000
154.330000	46.710000	-155.617599	16.159600	-4.206131	137.645223	1404.666027	0.000000
154.330000	46.710000	-155.617599	16.409600	-4.048607	137.509610	1400.017325	0.000000
154.330000	46.710000	-155.617599	16.659600	-3.948745	137.372693	1395.368624	0.000000
154.330000	46.710000	-155.617599	16.909600	-3.848266	137.234570	1390.719923	0.000000
154.330000	46.710000	-155.617599	17.159600	-3.747053	137.095120	1386.071222	1.000000
154.330000	46.710000	-155.617599	17.409600	-3.558790	136.954446	1381.422520	1.000000
154.330000	46.710000	-155.617599	17.659600	-3.260936	136.812424	1376.745684	1.000000
154.330000	46.710000	-155.617599	17.909600	-3.086127	136.669160	1372.045355	1.000000
154.330000	46.710000	-155.617599	18.159600	-2.982139	136.524524	1367.345026	2.000000
154.330000	46.710000	-155.617599	18.409600	-2.877491	136.378628	1362.644698	1.000000
154.330000	46.710000	-155.617599	18.659600	-2.772050	136.231338	1357.944369	1.000000
154.330000	46.710000	-155.617599	18.909600	-0.841761	136.082768	1353.244040	1.000000
154.330000	46.710000	-155.617599	19.159600	1.826531	135.932782	1348.170832	1.000000
154.330000	46.710000	-155.617599	19.409600	2.781833	135.781497	1343.025379	1.000000
154.330000	46.710000	-155.617599	19.659600	3.217762	135.628772	1337.958835	1.000000
154.330000	46.710000	-155.617599	19.909600	3.378218	135.474730	1332.892292	2.000000
154.330000	46.710000	-155.617599	20.159600	3.488550	135.319223	1327.825748	1.000000
154.330000	46.710000	-155.617599	20.409600	3.599594	135.162381	1322.759204	1.000000
154.330000	46.710000	-155.617599	20.659600	3.815798	135.004049	1317.692660	1.000000
154.330000	46.710000	-155.617599	20.909600	4.158231	134.844363	1312.588836	1.000000
154.330000	46.710000	-155.617599	21.159600	4.645060	134.683163	1307.343548	1.000000
154.330000	46.710000	-155.617599	21.409600	4.722997	134.520588	1302.098260	2.000000
154.330000	46.710000	-155.617599	21.659600	4.737452	134.356475	1296.852972	2.000000
154.330000	46.710000	-155.617599	21.909600	4.752920	134.190969	1291.607685	1.000000
154.330000	46.710000	-155.367599	15.159600	-4.581044	138.100987	1427.710796	0.000000
154.330000	46.710000	-155.367599	15.409600	-4.484993	137.970822	1423.117279	0.000000
154.330000	46.710000	-155.367599	15.659600	-4.388320	137.839453	1418.523762	0.000000
154.330000	46.710000	-155.367599	15.909600	-4.291019	137.706869	1413.930245	0.000000
154.330000	46.710000	-155.367599	16.159600	-4.135578	137.573061	1409.336728	0.000000
154.330000	46.710000	-155.367599	16.409600	-4.034586	137.438021	1404.722904	0.000000
154.330000	46.710000	-155.367599	16.659600	-3.877788	137.301736	1400.074203	0.000000
154.330000	46.710000	-155.367599	16.909600	-3.777896	137.164201	1395.425501	0.000000
154.330000	46.710000	-155.367599	17.159600	-3.677333	137.025400	1390.776800	0.000000
154.330000	46.710000	-155.367599	17.409600	-3.470856	136.885330	1386.128099	1.000000
154.330000	46.710000	-155.367599	17.659600	-3.173767	136.743974	1381.445125	1.000000
154.330000	46.710000	-155.367599	17.909600	-3.018297	136.601329	1376.744796	0.000000
154.330000	46.710000	-155.367599	18.159600	-2.914994	136.457378	1372.044467	1.000000
154.330000	46.710000	-155.367599	18.409600	-2.810981	136.312119	1367.344139	1.000000
154.330000	46.710000	-155.367599	18.659600	-1.303740	136.165531	1362.643810	1.000000
154.330000	46.710000	-155.367599	18.909600	1.114045	136.017616	1357.702193	1.000000
154.330000	46.710000	-155.367599	19.159600	2.440881	135.868351	1352.537340	1.000000
154.330000	46.710000	-155.367599	19.409600	2.874215	135.717738	1347.322328	1.000000
154.330000	46.710000	-155.367599	19.659600	3.065455	135.565754	1342.121389	1.000000
154.330000	46.710000	-155.367599	19.909600	3.299630	135.412402	1337.054845	1.000000
154.330000	46.710000	-155.367599	20.159600	3.550116	135.257657	1331.988301	1.000000
154.330000	46.710000	-155.367599	20.409600	3.660451	135.101524	1326.921757	1.000000
154.330000	46.710000	-155.367599	20.659600	3.771577	134.943974	1321.855214	1.000000
154.330000	46.710000	-155.367599	20.909600	4.243547	134.785016	1316.788670	1.000000
154.330000	46.710000	-155.367599	21.159600	4.694282	134.624620	1311.546834	1.000000
154.330000	46.710000	-155.367599	21.409600	4.817281	134.462794	1306.301546	2.000000
154.330000	46.710000	-155.367599	21.659600	4.931786	134.299506	1301.056259	1.000000
154.330000	46.710000	-155.117599	15.159600	-4.507514	138.027456	1432.379651	0.000000
154.330000	46.710000	-155.117599	15.409600	-4.412058	137.897887	1427.786134	0.000000
154.330000	46.710000	-155.117599	15.659600	-4.315939	137.767071	1423.192617	0.000000
154.330000	46.710000	-155.117599	15.909600	-4.219248	137.635098	1418.599100	0.000000
154.330000	46.710000	-155.117599	16.159600	-4.121877	137.501858	1414.005583	0.000000
154.330000	46.710000	-155.117599	16.409600	-3.965612	137.367445	1409.412067	0.000000
154.330000	46.710000	-155.117599	16.659600	-3.858340	137.231742	1404.779781	0.000000
154.330000	46.710000	-155.117599	16.909600	-3.708546	137.094850	1400.131080	0.000000
154.330000	46.710000	-155.117599	17.159600	-3.608580	136.956648	1395.482378	0.000000
154.330000	46.710000	-155.117599	17.409600	-3.383957	136.817238	1390.833677	0.000000
154.330000	46.710000	-155.117599	17.659600	-3.087580	136.676496	1386.144566	0.000000
154.330000	46.710000	-155.117599	17.909600	-2.951496	136.534528	1381.444237	0.000000
154.330000	46.710000	-155.117599	18.159600	-2.848823	136.391207	1376.743909	0.000000
154.330000	46.710000	-155.117599	18.409600	-1.475209	136.246643	1372.043580	1.000000
154.330000	46.710000	-155.117599	18.659600	0.447539	136.100703	1367.123675	1.000000
154.330000	46.710000	-155.117599	18.909600	1.792809	135.953502	1362.118861	1.000000
154.330000	46.710000	-155.117599	19.159600	2.641478	135.804901	1356.903849	1.000000
154.330000	46.710000	-155.117599	19.409600	2.747933	135.655022	1351.688836	1.000000
154.330000	46.710000	-155.117599	19.659600	2.901076	135.503720	1346.473824	1.000000
154.330000	46.710000	-155.117599	19.909600	3.204051	135.351121	1341.258811	0.000000
154.330000	46.710000	-155.117599	20.159600	3.397811	135.197077	1336.150855	0.000000
154.330000	46.710000	-155.117599	20.409600	3.720258	135.041716	1331.084311	1.000000
154.330000	46.710000	-155.117599	20.659600	3.830665	134.884887	1326.017767	2.000000
154.330000	46.710000	-155.117599	20.909600	4.316274	134.726723	1320.951223	2.000000
154.330000	46.710000	-155.117599	21.159600	4.641582	134.567065	1315.750120	2.000000
154.330000	46.710000	-155.117599	21.409600	4.874020	134.406055	1310.504833	1.000000
154.330000	46.710000	-155.117599	21.659600	5.258706	134.243527	1305.259545	2.000000
154.330000	46.710000	-154.867599	15.159600	-4.434969	137.954912	1437.048506	0.000000
154.330000	46.710000	-154.867599	15.409600	-4.340062	137.825891	1432.454989	0.000000
154.330000	46.710000	-154.867599	15.659600	-4.244548	137.695680	1427.861472	0.000000
154.330000	46.710000	-154.867599	15.909600	-4.148421	137.564271	1423.267956	0.000000
154.330000	46.710000	-154.867599	16.159600	-4.051670	137.431651	1418.674439	0.000000
154.330000	46.710000	-154.867599	16.409600	-3.947923	137.297815	1414.080922	0.000000
154.330000	46.710000	-154.867599	16.659600	-3.797160	137.162750	1409.485359	0.000000
154.330000	46.710000	-154.867599	16.909600	-3.640146	137.026450	1404.836658	0.000000
154.330000	46.710000	-154.867599	17.159600	-3.540834	136.888901	1400.187957	1.000000
154.330000	46.710000	-154.867599	17.409600	-3.294812	136.750099	1395.539255	1.000000
154.330000	46.710000	-154.867599	17.659600	-3.002416	136.610028	1390.844007	0.000000
154.330000	46.710000	-154.867599	17.909600	-2.885652	136.468684	1386.143679	0.000000
154.330000	46.710000	-154.867599	18.159600	-1.645564	136.326051	1381.443350	0.000000
154.330000	46.710000	-154.867599	18.409600	0.242187	136.182127	1376.545157	0.000000
154.330000	46.710000	-154.867599	18.659600	1.063943	136.036894	1371.551924	1.000000
154.330000	46.710000	-154.867599	18.909600	2.190844	135.890349	1366.485370	1.000000
154.330000	46.710000	-154.867599	19.159600	2.703905	135.742474	1361.270357	1.000000
154.330000	46.710000	-154.867599	19.409600	2.809685	135.593269	1356.055345	1.000000
154.330000	46.710000	-154.867599	19.659600	2.916201	135.442712	1350.840332	0.000000
154.330000	46.710000	-154.867599	19.909600	3.023447	135.290806	1345.625320	0.000000
154.330000	46.710000	-154.867599	20.159600	3.341343	135.137525	1340.410307	0.000000
154.330000	46.710000	-154.867599	20.409600	3.534100	134.982876	1335.246865	1.000000
154.330000	46.710000	-154.867599	20.659600	3.875361	134.826831	1330.180321	1.000000
154.330000	46.710000	-154.867599	20.909600	4.260826	134.669397	1325.113777	1.000000
154.330000	46.710000	-154.867599	21.159600	4.587354	134.510545	1319.953406	1.000000
154.330000	46.710000	-154.867599	21.409600	4.929790	134.350285	1314.708119	1.000000
154.330000	46.710000	-154.617599	15.159600	-4.363362	137.883305	1441.717361	0.000000
154.330000	46.710000	-154.617599	15.409600	-4.269056	137.754885	1437.123845	0.000000
154.330000	46.710000	-154.617599	15.659600	-4.174100	137.625232	1432.530328	0.000000
154.330000	46.710000	-154.617599	15.909600	-4.078588	137.494438	1427.936811	0.000000
154.330000	46.710000	-154.617599	16.159600	-3.982410	137.362391	1423.343294	0.000000
154.330000	46.710000	-154.617599	16.409600	-3.885662	137.229186	1418.749777	0.000000
154.330000	46.710000	-154.617599	16.659600	-3.730726	137.094708	1414.156260	1.000000
154.330000	46.710000	-154.617599	16.909600	-3.630302	136.959056	1409.542236	1.000000
154.330000	46.710000	-154.617599	17.159600	-3.470791	136.822109	1404.893535	1.000000
154.330000	46.710000	-154.617599	17.409600	-3.191238	136.683971	1400.243777	1.000000
154.330000	46.710000	-154.617599	17.659600	-2.921437	136.544517	1395.543448	1.000000
154.330000	46.710000	-154.617599	17.909600	-1.814903	136.403855	1390.843120	1.000000
154.330000	46.710000	-154.617599	18.159600	0.071342	136.261856	1385.966640	0.000000
154.330000	46.710000	-154.617599	18.409600	0.814964	136.118632	1380.973406	0.000000
154.330000	46.710000	-154.617599	18.659600	1.301562	135.974048	1375.980173	0.000000
154.330000	46.710000	-154.617599	18.909600	2.423440	135.828221	1370.851878	0.000000
154.330000	46.710000	-154.617599	19.159600	2.765366	135.681013	1365.636866	0.000000
154.330000	46.710000	-154.617599	19.409600	2.870410	135.532545	1360.421853	0.000000
154.330000	46.710000	-154.617599	19.659600	2.976241	135.382672	1355.206841	0.000000
154.330000	46.710000	-154.617599	19.909600	3.082731	135.231521	1349.991828	0.000000
154.330000	46.710000	-154.617599	20.159600	3.190028	135.078944	1344.776816	0.000000
154.330000	46.710000	-154.617599	20.409600	3.466540	134.925070	1339.561803	1.000000
154.330000	46.710000	-154.617599	20.659600	3.669057	134.769747	1334.346790	1.000000
154.330000	46.710000	-154.617599	20.909600	4.012778	134.613109	1329.276331	1.000000
154.330000	46.710000	-154.617599	21.159600	4.531657	134.454998	1324.156693	1.000000
154.330000	46.710000	-154.367599	15.159600	-4.292729	137.812672	1446.386217	0.000000
154.330000	46.710000	-154.367599	15.409600	-4.198976	137.684805	1441.792700	0.000000
154.330000	46.710000	-154.367599	15.659600	-4.104631	137.555763	1437.199183	0.000000
154.330000	46.710000	-154.367599	15.909600	-4.009686	137.425536	1432.605666	0.000000
154.330000	46.710000	-154.367599	16.159600	-3.914134	137.294115	1428.012149	0.000000
154.330000	46.710000	-154.367599	16.409600	-3.817967	137.161492	1423.418632	0.000000
154.330000	46.710000	-154.367599	16.659600	-3.721176	137.027655	1418.825115	1.000000
154.330000	46.710000	-154.367599	16.909600	-3.565447	136.892599	1414.231598	1.000000
154.330000	46.710000	-154.367599	17.159600	-3.436010	136.756310	1409.599113	1.000000
154.330000	46.710000	-154.367599	17.409600	-3.091818	136.618783	1404.943218	1.000000
154.330000	46.710000	-154.367599	17.659600	-1.983174	136.480004	1400.242890	1.000000
154.330000	46.710000	-154.367599	17.909600	-0.098475	136.339969	1395.388122	1.000000
154.330000	46.710000	-154.367599	18.159600	0.776140	136.198662	1390.394889	1.000000
154.330000	46.710000	-154.367599	18.409600	0.877514	136.056081	1385.401655	0.000000
154.330000	46.710000	-154.367599	18.659600	1.655738	135.912207	1380.408422	0.000000
154.330000	46.710000	-154.367599	18.909600	2.653961	135.767040	1375.218387	0.000000
154.330000	46.710000	-154.367599	19.159600	2.825819	135.620560	1370.003374	0.000000
154.330000	46.710000	-154.367599	19.409600	2.930185	135.472769	1364.788362	0.000000
154.330000	46.710000	-154.367599	19.659600	3.035269	135.323644	1359.573349	0.000000
154.330000	46.710000	-154.367599	19.909600	3.141065	135.173188	1354.358337	0.000000
154.330000	46.710000	-154.367599	20.159600	3.247594	135.021377	1349.143324	0.000000
154.330000	46.710000	-154.367599	20.409600	3.354850	134.868217	1343.928311	1.000000
154.330000	46.710000	-154.367599	20.659600	3.462857	134.713680	1338.713299	1.000000
154.330000	46.710000	-154.367599	20.909600	3.928067	134.557774	1333.498286	1.000000
154.330000	46.710000	-154.117599	15.159600	-4.223022	137.742965	1451.055072	0.000000
154.330000	46.710000	-154.117599	15.409600	-4.129874	137.615703	1446.461555	0.000000
154.330000	46.710000	-154.117599	15.659600	-4.036091	137.487223	1441.868038	0.000000
154.330000	46.710000	-154.117599	15.909600	-3.941767	137.357617	1437.274521	0.000000
154.330000	46.710000	-154.117599	16.159600	-3.846791	137.226772	1432.681004	0.000000
154.330000	46.710000	-154.117599	16.409600	-3.751260	137.094785	1428.087487	1.000000
154.330000	46.710000	-154.117599	16.659600	-3.655060	136.961539	1423.493970	1.000000
154.330000	46.710000	-154.117599	16.909600	-3.551305	136.827135	1418.900454	1.000000
154.330000	46.710000	-154.117599	17.159600	-3.360515	136.691451	1414.304692	1.000000
154.330000	46.710000	-154.117599	17.409600	-2.265754	136.554593	1409.642660	1.000000
154.330000	46.710000	-154.117599	17.659600	-0.267230	136.416435	1404.809604	1.000000
154.330000	46.710000	-154.117599	17.909600	0.738316	136.277085	1399.816371	1.000000
154.330000	46.710000	-154.117599	18.159600	0.838387	136.136415	1394.823138	1.000000
154.330000	46.710000	-154.117599	18.409600	1.044074	135.994536	1389.829904	0.000000
154.330000	46.710000	-154.117599	18.659600	2.089311	135.851316	1384.799908	0.000000
154.330000	46.710000	-154.117599	18.909600	2.782319	135.706870	1379.584895	0.000000
154.330000	46.710000	-154.117599	19.159600	2.885319	135.561060	1374.369883	0.000000
154.330000	46.710000	-154.117599	19.409600	2.988947	135.414007	1369.154870	0.000000
154.330000	46.710000	-154.117599	19.659600	3.093344	135.265569	1363.939858	0.000000
154.330000	46.710000	-154.117599	19.909600	3.198381	135.115871	1358.724845	0.000000
154.330000	46.710000	-154.117599	20.159600	3.304206	134.964765	1353.509833	0.000000
154.330000	46.710000	-154.117599	20.409600	3.633198	134.812383	1348.294820	1.000000
154.330000	46.710000	-154.117599	20.659600	4.337612	134.658569	1343.079807	1.000000
154.330000	46.710000	-154.117599	20.909600	5.940940	134.503461	1337.837212	1.000000
154.330000	46.710000	-153.867599	15.159600	-4.154277	137.674220	1455.723927	0.000000
154.330000	46.710000	-153.867599	15.409600	-4.061687	137.547516	1451.130410	0.000000
154.330000	46.710000	-153.867599	15.659600	-3.968519	137.419651	1446.536893	0.000000
154.330000	46.710000	-153.867599	15.909600	-3.874766	137.290616	1441.943376	0.000000
154.330000	46.710000	-153.867599	16.159600	-3.780420	137.160401	1437.349859	0.000000
154.330000	46.710000	-153.867599	16.409600	-3.685475	137.028999	1432.756343	1.000000
154.330000	46.710000	-153.867599	16.659600	-3.589920	136.896399	1428.162826	1.000000
154.330000	46.710000	-153.867599	16.909600	-3.493751	136.762595	1423.569309	1.000000
154.330000	46.710000	-153.867599	17.159600	-2.664944	136.627573	1418.975792	1.000000
154.330000	46.710000	-153.867599	17.409600	-0.620150	136.491330	1414.231087	1.000000
154.330000	46.710000	-153.867599	17.659600	0.701547	136.353850	1409.237853	1.000000
154.330000	46.710000	-153.867599	17.909600	0.800271	136.215131	1404.244620	2.000000
154.330000	46.710000	-153.867599	18.159600	0.899646	136.075156	1399.251387	2.000000
154.330000	46.710000	-153.867599	18.409600	1.280124	135.933924	1394.258153	1.000000
154.330000	46.710000	-153.867599	18.659600	2.401701	135.791415	1389.166416	1.000000
154.330000	46.710000	-153.867599	18.909600	2.841557	135.647632	1383.951404	0.000000
154.330000	46.710000	-153.867599	19.159600	2.943826	135.502553	1378.736391	0.000000
154.330000	46.710000	-153.867599	19.409600	3.046774	135.356181	1373.521379	0.000000
154.330000	46.710000	-153.867599	19.659600	3.150421	135.208492	1368.306366	0.000000
154.330000	46.710000	-153.867599	19.909600	3.610160	135.059491	1363.091354	0.000000
154.330000	46.710000	-153.867599	20.159600	4.423559	134.909154	1357.876341	0.000000
154.330000	46.710000	-153.867599	20.409600	5.482416	134.757486	1352.593302	1.000000
154.330000	46.710000	-153.867599	20.659600	6.367105	134.604460	1347.220511	1.000000
154.330000	46.710000	-153.617599	15.159600	-4.086445	137.606388	1460.392782	0.000000
154.330000	46.710000	-153.617599	15.409600	-3.994465	137.480294	1455.799265	0.000000
154.330000	46.710000	-153.617599	15.659600	-3.901863	137.352995	1451.205748	0.000000
154.330000	46.710000	-153.617599	15.909600	-3.808736	137.224585	1446.612232	0.000000
154.330000	46.710000	-153.617599	16.159600	-3.714970	137.094951	1442.018715	0.000000
154.330000	46.710000	-153.617599	16.409600	-3.620665	136.964189	1437.425198	1.000000
154.330000	46.710000	-153.617599	16.659600	-3.525704	136.832183	1432.831681	1.000000
154.330000	46.710000	-153.617599	16.909600	-2.788921	136.699035	1428.238164	1.000000
154.330000	46.710000	-153.617599	17.159600	-1.286981	136.564622	1423.556328	1.000000
154.330000	46.710000	-153.617599	17.409600	0.414738	136.429051	1418.656152	1.000000
154.330000	46.710000	-153.617599	17.659600	0.765924	136.292196	1413.666102	2.000000
154.330000	46.710000	-153.617599	17.909600	0.861236	136.154165	1408.672869	2.000000
154.330000	46.710000	-153.617599	18.159600	0.959972	136.014830	1403.679636	2.000000
154.330000	46.710000	-153.617599	18.409600	1.514692	135.874303	1398.686402	1.000000
154.330000	46.710000	-153.617599	18.659600	2.630644	135.732451	1393.532925	1.000000
154.330000	46.710000	-153.617599	18.909600	2.899798	135.589391	1388.317912	1.000000
154.330000	46.710000	-153.617599	19.159600	3.001395	135.444984	1383.102900	0.000000
154.330000	46.710000	-153.617599	19.409600	3.592322	135.299353	1377.887887	0.000000
154.330000	46.710000	-153.617599	19.659600	4.514072	135.152354	1372.672875	0.000000
154.330000	46.710000	-153.617599	19.909600	5.569839	135.004113	1367.349391	0.000000
154.330000	46.710000	-153.617599	20.159600	6.344140	134.854482	1361.976601	0.000000
154.330000	46.710000	-153.617599	20.409600	6.760970	134.703594	1356.603811	1.000000
154.330000	46.710000	-153.367599	15.159600	-4.019564	137.539507	1465.061637	0.000000
154.330000	46.710000	-153.367599	15.409600	-3.928146	137.413975	1460.468121	0.000000
154.330000	46.710000	-153.367599	15.659600	-3.836164	137.287296	1455.874604	0.000000
154.330000	46.710000	-153.367599	15.909600	-3.743611	137.159461	1451.281087	0.000000
154.330000	46.710000	-153.367599	16.159600	-3.650480	137.030460	1446.687570	0.000000
154.330000	46.710000	-153.367599	16.409600	-3.556764	136.900288	1442.094053	0.000000
154.330000	46.710000	-153.367599	16.659600	-2.630072	136.768932	1437.500536	1.000000
154.330000	46.710000	-153.367599	16.909600	-1.597304	136.636387	1432.787847	1.000000
154.330000	46.710000	-153.367599	17.159600	-0.431674	136.502640	1428.042973	1.000000
154.330000	46.710000	-153.367599	17.409600	0.660118	136.367687	1423.079603	2.000000
154.330000	46.710000	-153.367599	17.659600	0.828362	136.231512	1418.090684	2.000000
154.330000	46.710000	-153.367599	17.909600	0.924186	136.094116	1413.101118	2.000000
154.330000	46.710000	-153.367599	18.159600	1.019911	135.955478	1408.107885	2.000000
154.330000	46.710000	-153.367599	18.409600	1.946083	135.815601	1403.114446	1.000000
154.330000	46.710000	-153.367599	18.659600	2.959898	135.674464	1397.899433	1.000000
154.330000	46.710000	-153.367599	18.909600	3.579596	135.532070	1392.684421	1.000000
154.330000	46.710000	-153.367599	19.159600	4.608916	135.388396	1387.469408	1.000000
154.330000	46.710000	-153.367599	19.409600	5.661645	135.243447	1382.105481	0.000000
154.330000	46.710000	-153.367599	19.659600	6.329525	135.097199	1376.732691	0.000000
154.330000	46.710000	-153.367599	19.909600	6.604330	134.949657	1371.359901	0.000000
154.330000	46.710000	-153.367599	20.159600	6.708788	134.800797	1365.987111	0.000000
154.330000	46.710000	-153.367599	20.409600	7.444308	134.650625	1360.614320	0.000000
154.330000	46.710000	-153.117599	15.159600	-3.953585	137.473528	1469.730493	0.000000
154.330000	46.710000	-153.117599	15.409600	-3.862781	137.348611	1465.136976	0.000000
154.330000	46.710000	-153.117599	15.659600	-3.771369	137.222501	1460.543459	0.000000
154.330000	46.710000	-153.117599	15.909600	-3.679446	137.095296	1455.949942	0.000000
154.330000	46.710000	-153.117599	16.159600	-3.496319	136.966879	1451.356425	0.000000
154.330000	46.710000	-153.117599	16.409600	-2.470276	136.837351	1446.762908	0.000000
154.330000	46.710000	-153.117599	16.659600	-1.438524	136.706592	1442.019366	1.000000
154.330000	46.710000	-153.117599	16.909600	-1.124352	136.574707	1437.274492	1.000000
154.330000	46.710000	-153.117599	17.159600	0.018206	136.441572	1432.491973	1.000000
154.330000	46.710000	-153.117599	17.409600	0.793770	136.307294	1427.503054	2.000000
154.330000	46.710000	-153.117599	17.659600	0.889925	136.171747	1422.514135	2.000000
154.330000	46.710000	-153.117599	17.909600	0.985015	136.035042	1417.525216	2.000000
154.330000	46.710000	-153.117599	18.159600	1.257598	135.897047	1412.536134	1.000000
154.330000	46.710000	-153.117599	18.409600	3.221031	135.757878	1407.480954	1.000000
154.330000	46.710000	-153.117599	18.659600	4.707967	135.617400	1402.234361	1.000000
154.330000	46.710000	-153.117599	18.909600	5.675471	135.475731	1396.861571	1.000000
154.330000	46.710000	-153.117599	19.159600	6.319987	135.332732	1391.488781	1.000000
154.330000	46.710000	-153.117599	19.409600	6.452417	135.188526	1386.115990	0.000000
154.330000	46.710000	-153.117599	19.659600	6.554803	135.042969	1380.743200	0.000000
154.330000	46.710000	-153.117599	19.909600	6.657797	134.896190	1375.370410	0.000000
154.330000	46.710000	-153.117599	20.159600	6.808475	134.748037	1369.997620	0.000000
154.330000	46.710000	-152.867599	15.159600	-3.888545	137.408488	1474.399348	0.000000
154.330000	46.710000	-152.867599	15.409600	-3.798307	137.284137	1469.805831	0.000000
154.330000	46.710000	-152.867599	15.659600	-3.707519	137.158651	1465.212314	0.000000
154.330000	46.710000	-152.867599	15.909600	-3.338788	137.032024	1460.618797	0.000000
154.330000	46.710000	-152.867599	16.159600	-2.309495	136.904245	1455.995758	0.000000
154.330000	46.710000	-152.867599	16.409600	-1.367806	136.775310	1451.250885	0.000000
154.330000	46.710000	-152.867599	16.659600	-1.270556	136.645204	1446.506011	0.000000
154.330000	46.710000	-152.867599	16.909600	-0.874215	136.513925	1441.761137	0.000000
154.330000	46.710000	-152.867599	17.159600	0.345194	136.381459	1436.915425	1.000000
154.330000	46.710000	-152.867599	17.409600	0.853261	136.247803	1431.926506	2.000000
154.330000	46.710000	-152.867599	17.659600	0.948732	136.112940	1426.937587	1.000000
154.330000	46.710000	-152.867599	17.909600	1.189823	135.976871	1421.948668	1.000000
154.330000	46.710000	-152.867599	18.159600	3.466642	135.839578	1416.959749	1.000000
154.330000	46.710000	-152.867599	18.409600	5.591067	135.701061	1411.617660	1.000000
154.330000	46.710000	-152.867599	18.659600	6.205495	135.561300	1406.244870	1.000000
154.330000	46.710000	-152.867599	18.909600	6.305154	135.420299	1400.872080	1.000000
154.330000	46.710000	-152.867599	19.159600	6.405468	135.278035	1395.499290	1.000000
154.330000	46.710000	-152.867599	19.409600	6.506430	135.134513	1390.126500	0.000000
154.330000	46.710000	-152.867599	19.659600	6.608063	134.989709	1384.753710	0.000000
154.330000	46.710000	-152.867599	19.909600	6.710357	134.843630	1379.380920	0.000000
154.330000	46.710000	-152.617599	15.159600	-3.824396	137.344339	1479.068203	0.000000
154.330000	46.710000	-152.617599	15.409600	-3.734776	137.220605	1474.474686	0.000000
154.330000	46.710000	-152.617599	15.659600	-3.176147	137.095694	1469.881169	0.000000
154.330000	46.710000	-152.617599	15.909600	-2.147824	136.969700	1465.227277	0.000000
154.330000	46.710000	-152.617599	16.159600	-1.394243	136.842508	1460.482404	0.000000
154.330000	46.710000	-152.617599	16.409600	-1.302467	136.714220	1455.737530	1.000000
154.330000	46.710000	-152.617599	16.659600	-1.210068	136.584716	1450.992656	1.000000
154.330000	46.710000	-152.617599	16.909600	-0.626304	136.454100	1446.247782	1.000000
154.330000	46.710000	-152.617599	17.159600	0.587527	136.322249	1441.338876	0.000000
154.330000	46.710000	-152.617599	17.409600	0.911793	136.189271	1436.349957	1.000000
154.330000	46.710000	-152.617599	17.659600	1.472048	136.055039	1431.361038	1.000000
154.330000	46.710000	-152.617599	17.909600	3.769135	135.919664	1426.327330	1.000000
154.330000	46.710000	-152.617599	18.159600	5.941961	135.783015	1420.977751	1.000000
154.330000	46.710000	-152.617599	18.409600	6.125998	135.645209	1415.628170	1.000000
154.330000	46.710000	-152.617599	18.659600	6.260686	135.506109	1410.255380	1.000000
154.330000	46.710000	-152.617599	18.909600	6.359617	135.365836	1404.882590	1.000000
154.330000	46.710000	-152.617599	19.159600	6.459255	135.224248	1399.509799	1.000000
154.330000	46.710000	-152.617599	19.409600	6.559472	135.081472	1394.137009	0.000000
154.330000	46.710000	-152.617599	19.659600	6.660411	134.937361	1388.764219	0.000000
154.330000	46.710000	-152.367599	15.159600	-3.761175	137.281117	1483.737058	1.000000
154.330000	46.710000	-152.367599	15.409600	-3.012618	137.157954	1479.143541	1.000000
154.330000	46.710000	-152.367599	15.659600	-1.985225	137.033669	1474.458796	0.000000
154.330000	46.710000	-152.367599	15.909600	-1.424072	136.908257	1469.713923	0.000000
154.330000	46.710000	-152.367599	16.159600	-1.333442	136.781708	1464.969049	1.000000
154.330000	46.710000	-152.367599	16.409600	-1.242262	136.654015	1460.224175	1.000000
154.330000	46.710000	-152.367599	16.659600	-1.150520	136.525168	1455.479301	1.000000
154.330000	46.710000	-152.367599	16.909600	-0.232210	136.395161	1450.734427	1.000000
154.330000	46.710000	-152.367599	17.159600	0.827675	136.263982	1445.762327	1.000000
154.330000	46.710000	-152.367599	17.409600	1.796249	136.131628	1440.773408	1.000000
154.330000	46.710000	-152.367599	17.659600	4.090595	135.998083	1435.680538	1.000000
154.330000	46.710000	-152.367599	17.909600	5.951137	135.863347	1430.330959	1.000000
154.330000	46.710000	-152.367599	18.159600	6.047523	135.727402	1424.981381	1.000000
154.330000	46.710000	-152.367599	18.409600	6.187001	135.590250	1419.631803	1.000000
154.330000	46.710000	-152.367599	18.659600	6.297094	135.451870	1414.265889	1.000000
154.330000	46.710000	-152.367599	18.909600	6.413187	135.312266	1408.893099	1.000000
154.330000	46.710000	-152.367599	19.159600	6.512087	135.171416	1403.520309	0.000000
154.330000	46.710000	-152.367599	19.409600	6.611619	135.029325	1398.147519	0.000000
154.330000	46.710000	-152.367599	19.659600	6.802352	134.885969	1392.774729	0.000000
154.330000	46.710000	-152.117599	15.159600	-2.848178	137.218775	1488.405914	1.000000
154.330000	46.710000	-152.117599	15.409600	-1.821787	137.096234	1483.690315	1.000000
154.330000	46.710000	-152.117599	15.659600	-1.453011	136.972526	1478.945442	0.000000
154.330000	46.710000	-152.117599	15.909600	-1.363566	136.847751	1474.200568	1.000000
154.330000	46.710000	-152.117599	16.159600	-1.273527	136.721792	1469.455694	1.000000
154.330000	46.710000	-152.117599	16.409600	-1.182997	136.594750	1464.710820	1.000000
154.330000	46.710000	-152.117599	16.659600	-0.952217	136.466507	1459.965946	1.000000
154.330000	46.710000	-152.117599	16.909600	0.214574	136.337166	1455.174697	1.000000
154.330000	46.710000	-152.117599	17.159600	2.121234	136.206605	1450.185778	1.000000
154.330000	46.710000	-152.117599	17.409600	4.412554	136.074932	1445.033746	1.000000
154.330000	46.710000	-152.117599	17.659600	5.911425	135.942020	1439.684167	0.000000
154.330000	46.710000	-152.117599	17.909600	6.006504	135.807981	1434.334589	1.000000
154.330000	46.710000	-152.117599	18.159600	6.102242	135.672683	1428.985011	1.000000
154.330000	46.710000	-152.117599	18.409600	6.223130	135.536244	1423.635432	1.000000
154.330000	46.710000	-152.117599	18.659600	6.332584	135.398526	1418.276399	1.000000
154.330000	46.710000	-152.117599	18.909600	6.465801	135.259652	1412.903608	0.000000
154.330000	46.710000	-152.117599	19.159600	6.564022	135.119480	1407.530818	0.000000
154.330000	46.710000	-152.117599	19.409600	6.662807	134.978136	1402.158028	0.000000
154.330000	46.710000	-151.867599	15.159600	-1.272846	137.157350	1492.921834	1.000000
154.330000	46.710000	-151.867599	15.409600	-1.131163	137.035382	1488.176961	1.000000
154.330000	46.710000	-151.867599	15.659600	-1.083448	136.912305	1483.432087	1.000000
154.330000	46.710000	-151.867599	15.909600	-1.035157	136.788115	1478.687213	1.000000
154.330000	46.710000	-151.867599	16.159600	-0.986279	136.662801	1473.942339	1.000000
154.330000	46.710000	-151.867599	16.409600	-0.936811	136.536358	1469.197465	1.000000
154.330000	46.710000	-151.867599	16.659600	-0.557961	136.408774	1464.452592	1.000000
154.330000	46.710000	-151.867599	16.909600	2.069583	136.280046	1459.598148	1.000000
154.330000	46.710000	-151.867599	17.159600	4.735022	136.150159	1454.386954	1.000000
154.330000	46.710000	-151.867599	17.409600	5.872696	136.019113	1449.037375	1.000000
154.330000	46.710000	-151.867599	17.659600	5.966554	135.886891	1443.687797	1.000000
154.330000	46.710000	-151.867599	17.909600	6.060992	135.753492	1438.338219	0.000000
154.330000	46.710000	-151.867599	18.159600	6.156024	135.618901	1432.988640	0.000000
154.330000	46.710000	-151.867599	18.409600	6.258354	135.483117	1427.639062	0.000000
154.330000	46.710000	-151.867599	18.659600	6.382076	135.346122	1422.286908	1.000000
154.330000	46.710000	-151.867599	18.909600	6.517534	135.207919	1416.914118	1.000000
154.330000	46.710000	-151.867599	19.159600	6.615017	135.068486	1411.541328	1.000000
154.330000	46.710000	-151.617599	15.159600	0.558620	137.096794	1497.286906	1.000000
154.330000	46.710000	-151.617599	15.409600	0.602847	136.975450	1492.554619	1.000000
154.330000	46.710000	-151.617599	15.659600	0.647688	136.852954	1487.822332	1.000000
154.330000	46.710000	-151.617599	15.909600	0.693044	136.729404	1483.090045	1.000000
154.330000	46.710000	-151.617599	16.159600	0.739029	136.604684	1478.357758	1.000000
154.330000	46.710000	-151.617599	16.409600	0.785540	136.478895	1473.625472	1.000000
154.330000	46.710000	-151.617599	16.659600	2.072643	136.351917	1468.893185	1.000000
154.330000	46.710000	-151.617599	16.909600	4.699895	136.223858	1463.740162	1.000000
154.330000	46.710000	-151.617599	17.159600	5.806059	136.094592	1458.390583	1.000000
154.330000	46.710000	-151.617599	17.409600	5.917122	135.964229	1453.041005	1.000000
154.330000	46.710000	-151.617599	17.659600	6.020803	135.832641	1447.691427	1.000000
154.330000	46.710000	-151.617599	17.909600	6.114542	135.699942	1442.341848	0.000000
154.330000	46.710000	-151.617599	18.159600	6.208925	135.566000	1436.992270	0.000000
154.330000	46.710000	-151.617599	18.409600	6.303834	135.430932	1431.642692	1.000000
154.330000	46.710000	-151.617599	18.659600	6.439639	135.294601	1426.293113	1.000000
154.330000	46.710000	-151.617599	18.909600	6.557161	135.157129	1420.924627	1.000000
154.330000	46.710000	-151.617599	19.159600	6.799150	135.018376	1415.551837	1.000000
154.330000	46.710000	-151.367599	15.409600	2.122915	136.916376	1496.514960	1.000000
154.330000	46.710000	-151.367599	15.659600	2.210372	136.794514	1491.782673	0.000000
154.330000	46.710000	-151.367599	15.909600	2.298340	136.671552	1487.050386	1.000000
154.330000	46.710000	-151.367599	16.159600	2.386829	136.547480	1482.318099	1.000000
154.330000	46.710000	-151.367599	16.409600	2.475841	136.422292	1477.585812	1.000000
154.330000	46.710000	-151.367599	16.659600	3.633146	136.295977	1472.853525	1.000000
154.330000	46.710000	-151.367599	16.909600	5.040407	136.168533	1467.757444	1.000000
154.330000	46.710000	-151.367599	17.159600	5.832792	136.039944	1462.402545	1.000000
154.330000	46.710000	-151.367599	17.409600	5.937178	135.910210	1457.047645	1.000000
154.330000	46.710000	-151.367599	17.659600	6.034319	135.779315	1451.695056	1.000000
154.330000	46.710000	-151.367599	17.909600	6.138049	135.647259	1446.345478	0.000000
154.330000	46.710000	-151.367599	18.159600	6.250213	135.514024	1440.995900	1.000000
154.330000	46.710000	-151.367599	18.409600	6.355152	135.379614	1435.646322	1.000000
154.330000	46.710000	-151.367599	18.659600	6.481305	135.244007	1430.296743	1.000000
154.330000	46.710000	-151.367599	18.909600	6.589228	135.107208	1424.935137	1.000000
154.330000	46.710000	-151.117599	15.659600	2.267953	136.736933	1495.743013	0.000000
154.330000	46.710000	-151.117599	15.909600	2.355278	136.614614	1491.010726	1.000000
154.330000	46.710000	-151.117599	16.159600	2.443171	136.491138	1486.278440	1.000000
154.330000	46.710000	-151.117599	16.409600	2.531526	136.366607	1481.546153	1.000000
154.330000	46.710000	-151.117599	16.659600	3.517275	136.240902	1476.813866	1.000000
154.330000	46.710000	-151.117599	16.909600	4.927196	136.114128	1471.777101	1.000000
154.330000	46.710000	-151.117599	17.159600	5.859919	135.986162	1466.422201	1.000000
154.330000	46.710000	-151.117599	17.409600	5.951171	135.857114	1461.067302	1.000000
154.330000	46.710000	-151.117599	17.659600	6.051045	135.726856	1455.712402	0.000000
154.330000	46.710000	-151.117599	17.909600	6.161865	135.595501	1450.357502	0.000000
154.330000	46.710000	-151.117599	18.159600	6.267487	135.462918	1445.002603	1.000000
154.330000	46.710000	-151.117599	18.409600	6.365636	135.329224	1439.649951	1.000000
154.330000	46.710000	-151.117599	18.659600	6.483705	135.194283	1434.300373	1.000000
154.330000	46.710000	-150.867599	15.659600	2.324634	136.680252	1499.703354	0.000000
154.330000	46.710000	-150.867599	15.909600	2.411368	136.558524	1494.971067	0.000000
154.330000	46.710000	-150.867599	16.159600	2.498610	136.435698	1490.238780	1.000000
154.330000	46.710000	-150.867599	16.409600	2.586361	136.311772	1485.506493	1.000000
154.330000	46.710000	-150.867599	16.659600	3.399285	136.186731	1480.774206	1.000000
154.330000	46.710000	-150.867599	16.909600	4.820294	136.060575	1475.796758	1.000000
154.330000	46.710000	-150.867599	17.159600	5.912793	135.933289	1470.441858	1.000000
154.330000	46.710000	-150.867599	17.409600	6.003413	135.804871	1465.086959	1.000000
154.330000	46.710000	-150.867599	17.659600	6.094586	135.675307	1459.732059	0.000000
154.330000	46.710000	-150.867599	17.909600	6.186307	135.544598	1454.377159	0.000000
154.330000	46.710000	-150.867599	18.159600	6.278594	135.412724	1449.022260	1.000000
154.330000	46.710000	-150.867599	18.409600	6.379238	135.279689	1443.667360	1.000000
154.330000	46.710000	-150.617599	15.909600	2.466556	136.503336	1498.931407	0.000000
154.330000	46.710000	-150.617599	16.159600	2.553199	136.381110	1494.199121	0.000000
154.330000	46.710000	-150.617599	16.409600	2.640291	136.257842	1489.466834	0.000000
154.330000	46.710000	-150.617599	16.659600	3.279217	136.133414	1484.734547	1.000000
154.330000	46.710000	-150.617599	16.909600	4.711370	136.007931	1479.816415	1.000000
154.330000	46.710000	-150.617599	17.159600	5.964812	135.881270	1474.461515	0.000000
154.330000	46.710000	-150.617599	17.409600	6.054744	135.753540	1469.106616	0.000000
154.330000	46.710000	-150.617599	17.659600	6.145278	135.624615	1463.751716	0.000000
154.330000	46.710000	-150.617599	17.909600	6.236297	135.494608	1458.396816	0.000000
154.330000	46.710000	-150.617599	18.159600	6.327930	135.363388	1453.041917	1.000000
154.330000	46.710000	-150.367599	16.159600	2.606896	136.327413	1498.159461	0.000000
154.330000	46.710000	-150.367599	16.409600	2.693381	136.204752	1493.427174	0.000000
154.330000	46.710000	-150.367599	16.659600	3.157022	136.080991	1488.694887	0.000000
154.330000	46.710000	-150.367599	16.909600	4.600484	135.956128	1483.836072	0.000000
154.330000	46.710000	-150.367599	17.159600	6.015934	135.830148	1478.481172	0.000000
154.330000	46.710000	-150.367599	17.409600	6.105233	135.703051	1473.126272	0.000000
154.330000	46.710000	-150.367599	17.659600	6.195071	135.574822	1467.771373	0.000000
154.330000	46.710000	-150.367599	17.909600	6.285443	135.445462	1462.416473	0.000000
154.330000	46.710000	-150.117599	16.409600	2.745576	136.152557	1497.387515	0.000000
154.330000	46.710000	-150.117599	16.659600	3.032742	136.029410	1492.655228	0.000000
154.330000	46.710000	-150.117599	16.909600	4.487570	135.905222	1487.855729	0.000000
154.330000	46.710000	-150.117599	17.159600	6.066213	135.779869	1482.500829	0.000000
154.330000	46.710000	-150.117599	17.409600	6.154822	135.653462	1477.145929	0.000000
154.330000	46.710000	-150.117599	17.659600	6.244019	135.525874	1471.791030	0.000000
154.330000	46.710000	-149.867599	16.659600	2.906324	135.978712	1496.615568	1.000000
154.330000	46.710000	-149.867599	16.909600	4.553351	135.855146	1491.875386	1.000000
154.330000	46.710000	-149.867599	17.159600	6.115605	135.730476	1486.520486	1.000000
154.330000	46.710000	-149.867599	17.409600	6.203580	135.604704	1481.165586	1.000000
154.330000	46.710000	-149.617599	16.909600	4.646441	135.805956	1495.843622	1.000000
154.330000	46.710000	-149.617599	17.159600	6.030131	135.681916	1490.540143	1.000000
