-161.314896	21.956301	2449.987000	-0.883257
-158.933105	24.573799	2541.048000	-0.328079
-153.868195	17.315399	2430.980000	1.789619
-157.859100	14.659600	2315.212000	NaN
-155.772995	19.079000	2446.900000	1.001526
-155.996994	20.771000	2486.881000	0.830789
-159.664993	22.122999	2472.858000	-0.481260
-160.047501	19.823400	2410.863000	-0.614024
-161.314896	21.956301	2449.862000	-0.883257
-161.095001	23.997200	2502.862000	-1.215130
-158.933105	24.573799	2540.873000	-0.328079
-158.185394	22.620199	2502.879000	0.940167
-155.636200	22.299900	2528.872000	-0.007537
-154.251801	21.168699	2516.865000	-2.796580
-150.914993	18.914200	2501.867000	NaN
-153.868195	17.315399	2430.855000	1.789619
-156.206604	16.162001	2371.881000	1.389814
-157.859100	14.659600	2314.862000	NaN
-158.179504	20.377800	2447.861000	0.750187
