-155.772995	19.079000	2113.684000	2.581632
-155.996994	20.771000	2120.663000	0.742925
-156.658005	20.891001	2137.682000	0.074000
-159.664993	22.122999	2214.670000	-2.039979
-161.314896	21.956301	2256.620000	-3.031762
-161.095001	23.997200	2246.654000	NaN
-155.765305	26.776699	2118.095000	1.890139
-152.765793	25.592800	2044.662000	NaN
-156.964600	24.312099	2143.622000	NaN
-158.185394	22.620199	2176.654000	-0.704988
-150.914993	18.914200	1987.694000	NaN
-153.967499	14.731300	2065.656000	NaN
-156.206604	16.162001	2121.654000	1.411503
-157.859100	14.659600	2166.049000	NaN
-158.982498	15.574000	2193.661000	4.002681
-158.760193	18.564699	2191.656000	4.164282
-158.179504	20.377800	2178.105000	0.205333
-152.765793	25.592800	2044.412000	NaN
