-113.690000	-21.000000	-157.127594	19.680099	7.536654	311.390995	1630.534900
-113.690000	-21.000000	-157.127594	19.930099	6.028170	311.503995	1635.439222
-113.690000	-21.000000	-157.127594	20.180099	4.214057	311.616053	1640.100585
-113.690000	-21.000000	-157.127594	20.430099	3.964173	311.727192	1644.731977
-113.690000	-21.000000	-156.877594	18.930099	8.037495	311.223766	1611.098235
-113.690000	-21.000000	-156.877594	19.180099	7.872424	311.340059	1616.595039
-113.690000	-21.000000	-156.877594	19.430099	7.823033	311.455436	1621.606095
-113.690000	-21.000000	-156.877594	19.680099	6.399470	311.569828	1626.510417
-113.690000	-21.000000	-156.877594	19.930099	4.480671	311.683313	1631.232616
-113.690000	-21.000000	-156.877594	20.180099	3.941779	311.795825	1635.864009
-113.690000	-21.000000	-156.877594	20.430099	3.511093	311.907436	1640.495401
-113.690000	-21.000000	-156.877594	20.680099	2.932432	312.018085	1645.126794
-113.690000	-21.000000	-156.627594	18.680099	5.582995	311.284402	1600.888599
-113.690000	-21.000000	-156.627594	18.930099	6.509083	311.402168	1606.573100
-113.690000	-21.000000	-156.627594	19.180099	6.228996	311.518960	1612.163366
-113.690000	-21.000000	-156.627594	19.430099	5.706243	311.634802	1617.581612
-113.690000	-21.000000	-156.627594	19.680099	2.656058	311.749680	1622.364648
-113.690000	-21.000000	-156.627594	19.930099	1.702290	311.863617	1626.996040
-113.690000	-21.000000	-156.627594	20.180099	0.899402	311.976601	1631.627433
-113.690000	-21.000000	-156.627594	20.430099	-0.041989	312.088654	1636.177728
-113.690000	-21.000000	-156.627594	20.680099	-0.724051	312.199763	1640.682435
-113.690000	-21.000000	-156.377594	18.430099	3.758259	311.344127	1590.991840
-113.690000	-21.000000	-156.377594	18.680099	4.404818	311.463330	1595.797831
-113.690000	-21.000000	-156.377594	18.930099	4.848160	311.581595	1601.465496
-113.690000	-21.000000	-156.377594	19.180099	4.760320	311.698851	1607.149997
-113.690000	-21.000000	-156.377594	19.430099	1.065509	311.815178	1612.741491
-113.690000	-21.000000	-156.377594	19.680099	-2.087352	311.930508	1617.460092
-113.690000	-21.000000	-156.377594	19.930099	-2.664310	312.044917	1622.077382
-113.690000	-21.000000	-156.377594	20.180099	-2.935819	312.158341	1626.582089
-113.690000	-21.000000	-156.377594	20.430099	-2.633335	312.270852	1631.086797
-113.690000	-21.000000	-156.377594	20.680099	-2.763219	312.382389	1635.591504
-113.690000	-21.000000	-156.377594	20.930099	-1.771785	312.493022	1640.096211
-113.690000	-21.000000	-156.127594	18.430099	3.631045	311.523613	1586.456896
-113.690000	-21.000000	-156.127594	18.680099	4.317895	311.643316	1591.262887
-113.690000	-21.000000	-156.127594	18.930099	3.992070	311.762044	1596.357893
-113.690000	-21.000000	-156.127594	19.180099	2.477101	311.879786	1602.042394
-113.690000	-21.000000	-156.127594	19.430099	-2.654174	311.996564	1607.111434
-113.690000	-21.000000	-156.127594	19.680099	-3.833524	312.112367	1611.830035
-113.690000	-21.000000	-156.127594	19.930099	-3.670722	312.227215	1616.548636
-113.690000	-21.000000	-156.127594	20.180099	-2.992766	312.341098	1621.267237
-113.690000	-21.000000	-156.127594	20.430099	-2.899716	312.454037	1625.985838
-113.690000	-21.000000	-156.127594	20.680099	-2.532103	312.566020	1630.500573
-113.690000	-21.000000	-156.127594	20.930099	-1.571854	312.677070	1635.089608
-113.690000	-21.000000	-155.877594	18.180099	3.275789	311.582952	1577.115960
-113.690000	-21.000000	-155.877594	18.430099	3.186049	311.704150	1581.921952
-113.690000	-21.000000	-155.877594	18.680099	2.991923	311.824317	1586.727943
-113.690000	-21.000000	-155.877594	18.930099	3.142979	311.943530	1591.533935
-113.690000	-21.000000	-155.877594	19.180099	0.129481	312.061724	1596.762777
-113.690000	-21.000000	-155.877594	19.430099	-2.166450	312.178972	1601.481378
-113.690000	-21.000000	-155.877594	19.680099	-1.939401	312.295214	1606.199979
-113.690000	-21.000000	-155.877594	19.930099	-1.453013	312.410520	1610.946294
-113.690000	-21.000000	-155.877594	20.180099	-1.046463	312.524830	1615.778482
-113.690000	-21.000000	-155.877594	20.430099	-0.804859	312.638213	1620.610669
-113.690000	-21.000000	-155.877594	20.680099	-0.420974	312.750612	1625.453313
-113.690000	-21.000000	-155.877594	20.930099	-0.572827	312.862093	1630.108199
-113.690000	-21.000000	-155.627594	18.180099	2.327065	311.764074	1572.507132
-113.690000	-21.000000	-155.627594	18.430099	2.354093	311.885736	1577.302893
-113.690000	-21.000000	-155.627594	18.680099	2.160161	312.006388	1582.098653
-113.690000	-21.000000	-155.627594	18.930099	1.929277	312.126052	1586.894413
-113.690000	-21.000000	-155.627594	19.180099	0.529962	312.244718	1591.677662
-113.690000	-21.000000	-155.627594	19.430099	0.725279	312.362405	1596.509850
-113.690000	-21.000000	-155.627594	19.680099	0.899549	312.479104	1601.342037
-113.690000	-21.000000	-155.627594	19.930099	0.995107	312.594836	1606.174225
-113.690000	-21.000000	-155.627594	20.180099	0.974010	312.709591	1611.006412
-113.690000	-21.000000	-155.627594	20.430099	1.146639	312.823389	1615.857637
-113.690000	-21.000000	-155.627594	20.680099	0.730019	312.936220	1620.745598
-113.690000	-21.000000	-155.627594	20.930099	-0.301888	313.048104	1625.463549
-113.690000	-21.000000	-155.377594	17.930099	1.052367	311.823114	1563.022784
-113.690000	-21.000000	-155.377594	18.180099	1.818388	311.946239	1567.781902
-113.690000	-21.000000	-155.377594	18.430099	1.847945	312.068386	1572.577662
-113.690000	-21.000000	-155.377594	18.680099	1.684915	312.189489	1577.373422
-113.690000	-21.000000	-155.377594	18.930099	1.467897	312.309624	1582.169182
-113.690000	-21.000000	-155.377594	19.180099	1.261017	312.428727	1586.946746
-113.690000	-21.000000	-155.377594	19.430099	1.068385	312.546871	1591.737780
-113.690000	-21.000000	-155.377594	19.680099	0.970910	312.663996	1596.569967
-113.690000	-21.000000	-155.377594	19.930099	1.000187	312.780171	1601.402155
-113.690000	-21.000000	-155.377594	20.180099	1.172110	312.895339	1606.261960
-113.690000	-21.000000	-155.377594	20.430099	1.205748	313.009567	1611.149921
-113.690000	-21.000000	-155.377594	20.680099	0.730731	313.122800	1616.037882
-113.690000	-21.000000	-155.377594	20.930099	-0.168641	313.235102	1620.818900
-113.690000	-21.000000	-155.127594	17.930099	0.743778	312.005891	1558.260151
-113.690000	-21.000000	-155.127594	18.180099	1.642406	312.129502	1563.029076
-113.690000	-21.000000	-155.127594	18.430099	1.746478	312.252100	1567.852431
-113.690000	-21.000000	-155.127594	18.680099	1.500730	312.373674	1572.648191
-113.690000	-21.000000	-155.127594	18.930099	1.270133	312.494246	1577.443951
-113.690000	-21.000000	-155.127594	19.180099	0.997553	312.613806	1582.217121
-113.690000	-21.000000	-155.127594	19.430099	0.884191	312.732375	1586.985073
-113.690000	-21.000000	-155.127594	19.680099	1.098604	312.849943	1591.797897
-113.690000	-21.000000	-155.127594	19.930099	1.197732	312.966530	1596.666284
-113.690000	-21.000000	-155.127594	20.180099	1.179422	313.082128	1601.554245
-113.690000	-21.000000	-155.127594	20.430099	1.018558	313.196757	1606.442206
-113.690000	-21.000000	-155.127594	20.680099	0.729246	313.310407	1611.330167
-113.690000	-21.000000	-155.127594	20.930099	-0.019974	313.423099	1616.174250
-113.690000	-21.000000	-155.127594	21.180099	0.355162	313.534822	1620.755649
-113.690000	-21.000000	-154.877594	17.680099	-0.162168	312.064631	1549.012018
-113.690000	-21.000000	-154.877594	17.930099	0.568304	312.189761	1553.497517
-113.690000	-21.000000	-154.877594	18.180099	1.548161	312.313823	1558.269164
-113.690000	-21.000000	-154.877594	18.430099	1.598090	312.436890	1563.127200
-113.690000	-21.000000	-154.877594	18.680099	1.315503	312.558901	1567.922961
-113.690000	-21.000000	-154.877594	18.930099	1.060491	312.679929	1572.718721
-113.690000	-21.000000	-154.877594	19.180099	0.798263	312.799913	1577.487496
-113.690000	-21.000000	-154.877594	19.430099	1.202078	312.918923	1582.255448
-113.690000	-21.000000	-154.877594	19.680099	1.597773	313.036903	1587.113395
-113.690000	-21.000000	-154.877594	19.930099	1.431740	313.153919	1591.958569
-113.690000	-21.000000	-154.877594	20.180099	1.243447	313.269917	1596.846530
-113.690000	-21.000000	-154.877594	20.430099	0.930667	313.384960	1601.734491
-113.690000	-21.000000	-154.877594	20.680099	0.669462	313.498999	1606.622452
-113.690000	-21.000000	-154.877594	20.930099	-0.011666	313.612092	1611.510413
-113.690000	-21.000000	-154.877594	21.180099	0.360534	313.724193	1616.177463
-113.690000	-21.000000	-154.627594	17.680099	-0.346679	312.249142	1544.249385
-113.690000	-21.000000	-154.627594	17.930099	0.391736	312.374722	1548.734884
-113.690000	-21.000000	-154.627594	18.180099	1.408413	312.499255	1553.509252
-113.690000	-21.000000	-154.627594	18.430099	1.410259	312.622759	1558.379947
-113.690000	-21.000000	-154.627594	18.680099	1.184195	312.745226	1563.197730
-113.690000	-21.000000	-154.627594	18.930099	0.847290	312.866677	1567.989919
-113.690000	-21.000000	-154.627594	19.180099	1.082111	312.987103	1572.757871
-113.690000	-21.000000	-154.627594	19.430099	2.014861	313.106524	1577.624497
-113.690000	-21.000000	-154.627594	19.680099	1.931634	313.224932	1582.544301
-113.690000	-21.000000	-154.627594	19.930099	1.508388	313.342346	1587.382767
-113.690000	-21.000000	-154.627594	20.180099	1.191716	313.458759	1592.221232
-113.690000	-21.000000	-154.627594	20.430099	0.925269	313.574189	1597.059697
-113.690000	-21.000000	-154.627594	20.680099	0.756888	313.688629	1601.914736
-113.690000	-21.000000	-154.627594	20.930099	0.185095	313.802098	1606.802697
-113.690000	-21.000000	-154.377594	17.680099	-0.425288	312.434740	1539.486752
-113.690000	-21.000000	-154.377594	17.930099	0.214060	312.560789	1543.972251
-113.690000	-21.000000	-154.377594	18.180099	1.229985	312.685758	1548.749340
-113.690000	-21.000000	-154.377594	18.430099	1.287513	312.809716	1553.620035
-113.690000	-21.000000	-154.377594	18.680099	1.037109	312.932607	1558.472499
-113.690000	-21.000000	-154.377594	18.930099	0.877796	313.054498	1563.260294
-113.690000	-21.000000	-154.377594	19.180099	1.920778	313.175334	1568.087163
-113.690000	-21.000000	-154.377594	19.430099	2.346932	313.295181	1573.065396
-113.690000	-21.000000	-154.377594	19.680099	1.713228	313.413987	1577.975208
-113.690000	-21.000000	-154.377594	19.930099	1.339944	313.531813	1582.813673
-113.690000	-21.000000	-154.377594	20.180099	1.177514	313.648611	1587.652138
-113.690000	-21.000000	-154.377594	20.430099	1.015434	313.764441	1592.490604
-113.690000	-21.000000	-154.377594	20.680099	0.601915	313.879255	1597.329069
-113.690000	-21.000000	-154.377594	20.930099	-0.009008	313.993111	1602.148933
-113.690000	-21.000000	-154.127594	17.930099	0.149701	312.747963	1539.209618
-113.690000	-21.000000	-154.127594	18.180099	1.550381	312.873387	1543.989427
-113.690000	-21.000000	-154.127594	18.430099	1.611785	312.997768	1548.860123
-113.690000	-21.000000	-154.127594	18.680099	1.319687	313.121098	1553.730818
-113.690000	-21.000000	-154.127594	18.930099	1.783925	313.243399	1558.549829
-113.690000	-21.000000	-154.127594	19.180099	2.518703	313.364661	1563.528062
-113.690000	-21.000000	-154.127594	19.430099	2.128249	313.484904	1568.506295
-113.690000	-21.000000	-154.127594	19.680099	1.493711	313.604122	1573.406114
-113.690000	-21.000000	-154.127594	19.930099	1.149425	313.722333	1578.244580
-113.690000	-21.000000	-154.127594	20.180099	0.916037	313.839530	1583.083045
-113.690000	-21.000000	-154.127594	20.430099	0.454833	313.955732	1587.921510
-113.690000	-21.000000	-154.127594	20.680099	-0.021390	314.070931	1592.713577
-113.690000	-21.000000	-154.127594	20.930099	-0.281525	314.185149	1597.500383
-113.690000	-21.000000	-153.877594	17.930099	0.477492	312.936255	1534.629211
-113.690000	-21.000000	-153.877594	18.180099	2.168153	313.062101	1539.394280
-113.690000	-21.000000	-153.877594	18.430099	2.282043	313.186920	1544.251456
-113.690000	-21.000000	-153.877594	18.680099	2.270857	313.310660	1549.112278
-113.690000	-21.000000	-153.877594	18.930099	2.640150	313.433384	1554.001768
-113.690000	-21.000000	-153.877594	19.180099	2.450436	313.555041	1558.968962
-113.690000	-21.000000	-153.877594	19.430099	1.908469	313.675695	1563.947195
-113.690000	-21.000000	-153.877594	19.680099	1.273125	313.795296	1568.837021
-113.690000	-21.000000	-153.877594	19.930099	0.733712	313.913903	1573.675486
-113.690000	-21.000000	-153.877594	20.180099	0.256260	314.031471	1578.491416
-113.690000	-21.000000	-153.877594	20.430099	-0.153180	314.148056	1583.278221
-113.690000	-21.000000	-153.877594	20.680099	-0.331787	314.263615	1588.065027
-113.690000	-21.000000	-153.627594	18.180099	2.652864	313.251955	1534.920704
-113.690000	-21.000000	-153.627594	18.430099	2.774088	313.377182	1539.790262
-113.690000	-21.000000	-153.627594	18.680099	2.657439	313.501345	1544.679753
-113.690000	-21.000000	-153.627594	18.930099	2.287983	313.624463	1549.569243
-113.690000	-21.000000	-153.627594	19.180099	1.791301	313.746531	1554.458733
-113.690000	-21.000000	-153.627594	19.430099	1.122899	313.867566	1559.388094
-113.690000	-21.000000	-153.627594	19.680099	0.345984	313.987562	1564.267927
-113.690000	-21.000000	-153.627594	19.930099	-0.133344	314.106539	1569.056060
-113.690000	-21.000000	-153.627594	20.180099	-0.270151	314.224489	1573.842865
-113.690000	-21.000000	-153.627594	20.430099	-0.362763	314.341433	1578.629671
-113.690000	-21.000000	-153.627594	20.680099	-0.524920	314.457361	1583.416477
-113.690000	-21.000000	-153.377594	18.180099	2.739285	313.442907	1530.468247
-113.690000	-21.000000	-153.377594	18.430099	2.641313	313.568557	1535.357738
-113.690000	-21.000000	-153.377594	18.680099	2.085084	313.693113	1540.215774
-113.690000	-21.000000	-153.377594	18.930099	1.418956	313.816639	1545.041707
-113.690000	-21.000000	-153.377594	19.180099	0.853979	313.939087	1549.867641
-113.690000	-21.000000	-153.377594	19.430099	0.050693	314.060516	1554.693575
-113.690000	-21.000000	-153.377594	19.680099	-0.440850	314.180880	1559.519508
-113.690000	-21.000000	-153.377594	19.930099	-0.376404	314.300237	1564.345442
-113.690000	-21.000000	-153.377594	20.180099	-0.349568	314.418543	1569.171375
-113.690000	-21.000000	-153.377594	20.430099	-0.488660	314.535852	1573.981121
