130.150000	33.720000	-157.127594	19.680099	-8.895728	120.443322	1792.079200
130.150000	33.720000	-156.877594	18.930099	-11.622803	120.667241	1805.672028
130.150000	33.720000	-156.877594	19.180099	-9.765299	120.603742	1803.386054
130.150000	33.720000	-156.877594	19.430099	-9.195508	120.540072	1800.933507
130.150000	33.720000	-156.877594	19.680099	-7.765174	120.476015	1798.444358
130.150000	33.720000	-156.627594	18.680099	-12.843256	120.759446	1813.932238
130.150000	33.720000	-156.627594	18.930099	-11.388388	120.697306	1811.845049
130.150000	33.720000	-156.627594	19.180099	-10.441438	120.634874	1809.559076
130.150000	33.720000	-156.627594	19.430099	-9.712449	120.572197	1807.246162
130.150000	33.720000	-156.377594	18.430099	-13.738863	120.849872	1822.291537
130.150000	33.720000	-156.377594	18.680099	-12.804494	120.788943	1820.275420
130.150000	33.720000	-156.377594	18.930099	-11.855450	120.727860	1818.153591
130.150000	33.720000	-156.377594	19.180099	-11.283101	120.666412	1815.889883
130.150000	33.720000	-156.127594	18.430099	-13.381451	120.878838	1828.676991
130.150000	33.720000	-156.127594	18.680099	-13.470488	120.818958	1826.679296
130.150000	33.720000	-156.127594	18.930099	-12.491282	120.758851	1824.674311
130.150000	33.720000	-156.127594	19.180099	-9.950339	120.698463	1822.410602
130.150000	33.720000	-155.877594	18.180099	-14.539864	120.966863	1837.097226
130.150000	33.720000	-155.877594	18.430099	-13.490060	120.908296	1835.092792
130.150000	33.720000	-155.877594	18.680099	-13.420292	120.849383	1833.088358
130.150000	33.720000	-155.877594	18.930099	-12.328190	120.790327	1831.085478
130.150000	33.720000	-155.627594	18.180099	-13.641747	120.995801	1843.466164
130.150000	33.720000	-155.627594	18.430099	-13.306240	120.938193	1841.455049
130.150000	33.720000	-155.627594	18.680099	-13.239635	120.880323	1839.443934
130.150000	33.720000	-155.627594	18.930099	-10.749898	120.822236	1837.432819
130.150000	33.720000	-155.377594	17.930099	-14.817787	121.081600	1851.739871
130.150000	33.720000	-155.377594	18.180099	-13.641959	121.025154	1849.822181
130.150000	33.720000	-155.377594	18.430099	-13.046623	120.968579	1847.747975
130.150000	33.720000	-155.377594	18.680099	-13.188654	120.911671	1845.736861
130.150000	33.720000	-155.127594	17.930099	-14.928642	121.110443	1858.047905
130.150000	33.720000	-155.127594	18.180099	-13.737003	121.055022	1856.217424
130.150000	33.720000	-155.127594	18.430099	-12.818949	120.999401	1854.086891
130.150000	33.720000	-155.127594	18.680099	-12.490945	120.943529	1852.029787
130.150000	33.720000	-154.877594	17.680099	-15.012137	121.193937	1866.186419
130.150000	33.720000	-154.877594	17.930099	-14.957977	121.139777	1864.355938
130.150000	33.720000	-154.877594	18.180099	-14.087742	121.085303	1862.525458
130.150000	33.720000	-154.877594	18.430099	-13.003435	121.030709	1860.499407
130.150000	33.720000	-154.627594	17.680099	-15.015500	121.222772	1872.494452
130.150000	33.720000	-154.627594	17.930099	-14.955300	121.169551	1870.663972
130.150000	33.720000	-154.627594	18.180099	-14.527208	121.116096	1868.833491
130.150000	33.720000	-154.377594	17.680099	-15.035254	121.252023	1878.770340
