-157.931000	21.646000	1752.758000
-155.996994	20.771000	1810.743000
-154.983002	19.601000	1848.759000
-155.710999	20.046000	1826.746000
-159.401001	21.971001	1714.766000
-156.658005	20.891001	1793.741000
-157.270004	21.108999	1775.764000
-159.664993	22.122999	1706.741000
-156.755997	21.136000	1788.761000
-154.617798	20.088900	1851.733000
-155.679398	21.205500	1813.508000
-154.994400	21.507000	1825.999000
-154.482803	21.001900	1843.729000
-153.982697	21.519699	1847.883000
-153.292099	20.892599	1870.740000
-153.503204	19.495199	1884.746000
-152.132401	18.481400	1926.732000
