130.150000	33.720000	-158.914993	21.981400	-2.608764	119.538188	1726.190719
130.150000	33.720000	-158.664993	21.981400	-5.783888	119.577701	1732.342908
130.150000	33.720000	-158.414993	21.731400	-0.888377	119.691336	1740.576642
130.150000	33.720000	-157.914993	21.481400	0.784781	119.841354	1755.612217
130.150000	33.720000	-157.664993	21.481400	-2.261489	119.880370	1761.449508
130.150000	33.720000	-157.414993	21.231400	-1.084970	119.988385	1770.666911
130.150000	33.720000	-157.414993	21.481400	-4.460341	119.919879	1767.657424
130.150000	33.720000	-157.164993	21.231400	-3.601942	120.027218	1777.132858
130.150000	33.720000	-157.164993	21.481400	-3.008754	119.959762	1773.651757
130.150000	33.720000	-156.914993	20.981400	-5.064607	120.132448	1786.203842
130.150000	33.720000	-156.914993	21.231400	-2.287833	120.066462	1783.484111
130.150000	33.720000	-156.914993	21.481400	-2.453751	120.000134	1779.700637
130.150000	33.720000	-156.664993	20.981400	-5.309386	120.171032	1792.596429
130.150000	33.720000	-156.664993	21.231400	-0.459672	120.106163	1789.478444
130.150000	33.720000	-156.664993	21.481400	-2.824631	120.040877	1785.773046
130.150000	33.720000	-156.414993	20.731400	-4.543054	120.273678	1801.475154
130.150000	33.720000	-156.414993	20.981400	-3.368265	120.210108	1798.534215
130.150000	33.720000	-156.414993	21.231400	-0.988092	120.146271	1795.472776
130.150000	33.720000	-156.414993	21.481400	-1.025168	120.082106	1791.845456
130.150000	33.720000	-156.164993	20.731400	-3.103476	120.312108	1807.322402
130.150000	33.720000	-156.164993	20.981400	-3.948511	120.249562	1804.457585
130.150000	33.720000	-156.164993	21.231400	-1.574728	120.186834	1801.467109
130.150000	33.720000	-156.164993	21.481400	0.710501	120.123704	1797.917866
130.150000	33.720000	-155.914993	20.481400	-2.791030	120.412092	1816.381328
130.150000	33.720000	-155.914993	20.731400	-4.228045	120.350951	1813.294354
130.150000	33.720000	-155.914993	20.981400	-4.529560	120.289505	1810.380954
130.150000	33.720000	-155.914993	21.231400	-2.258186	120.227802	1807.461442
130.150000	33.720000	-155.664993	20.231400	-5.480359	120.510191	1825.584714
130.150000	33.720000	-155.664993	20.481400	-3.827697	120.450304	1822.571510
130.150000	33.720000	-155.664993	20.731400	-3.907796	120.390253	1819.558305
130.150000	33.720000	-155.664993	20.981400	-3.527394	120.329822	1816.545101
130.150000	33.720000	-155.664993	21.231400	-1.708156	120.269221	1813.501619
130.150000	33.720000	-155.414993	20.231400	-3.434694	120.547815	1831.417143
130.150000	33.720000	-155.414993	20.481400	-3.166798	120.489008	1828.403938
130.150000	33.720000	-155.414993	20.731400	-3.059169	120.429964	1825.390734
130.150000	33.720000	-155.414993	20.981400	-2.981525	120.370626	1822.369893
130.150000	33.720000	-155.414993	21.231400	-2.244723	120.311044	1819.370281
130.150000	33.720000	-155.164993	19.981400	-4.221741	120.643353	1840.202018
130.150000	33.720000	-155.164993	20.231400	-3.499752	120.585902	1837.249571
130.150000	33.720000	-155.164993	20.481400	-3.146521	120.528093	1834.236367
130.150000	33.720000	-155.164993	20.731400	-2.880308	120.470131	1831.213695
130.150000	33.720000	-155.164993	20.981400	-2.969519	120.411802	1828.165141
130.150000	33.720000	-155.164993	21.231400	-3.267254	120.353314	1825.194897
130.150000	33.720000	-154.914993	19.981400	-4.299297	120.680865	1846.027517
130.150000	33.720000	-154.914993	20.231400	-3.495062	120.624403	1843.081999
130.150000	33.720000	-154.914993	20.481400	-2.967042	120.567667	1840.057496
130.150000	33.720000	-154.914993	20.731400	-2.764373	120.510705	1837.008943
130.150000	33.720000	-154.914993	20.981400	-3.125639	120.453461	1833.960389
130.150000	33.720000	-154.914993	21.231400	-3.395178	120.395985	1831.019512
130.150000	33.720000	-154.664993	19.731400	-5.485277	120.774025	1854.732671
130.150000	33.720000	-154.664993	19.981400	-4.237034	120.718762	1851.859510
130.150000	33.720000	-154.664993	20.231400	-2.721711	120.663364	1848.901298
130.150000	33.720000	-154.664993	20.481400	-2.383886	120.607619	1845.852744
130.150000	33.720000	-154.664993	20.731400	-2.451324	120.551732	1842.804190
130.150000	33.720000	-154.664993	20.981400	-2.757180	120.495491	1839.755637
130.150000	33.720000	-154.664993	21.231400	-1.294547	120.439101	1836.768529
130.150000	33.720000	-154.414993	19.731400	-5.383691	120.811359	1860.606964
130.150000	33.720000	-154.414993	19.981400	-2.408128	120.757152	1857.732790
130.150000	33.720000	-154.414993	20.231400	-1.053192	120.702736	1854.406890
130.150000	33.720000	-154.414993	20.481400	-2.036041	120.648058	1851.417252
130.150000	33.720000	-154.414993	20.731400	-2.110078	120.593165	1848.427614
130.150000	33.720000	-154.414993	20.981400	-1.249583	120.538001	1845.437976
130.150000	33.720000	-154.414993	21.231400	0.308491	120.482616	1842.217123
130.150000	33.720000	-154.164993	19.731400	-4.204052	120.849158	1866.481257
130.150000	33.720000	-154.164993	19.981400	-0.803910	120.795925	1863.350731
130.150000	33.720000	-154.164993	20.231400	-0.489696	120.742566	1859.996305
130.150000	33.720000	-154.164993	20.481400	-1.039098	120.688872	1856.814042
130.150000	33.720000	-154.164993	20.731400	-1.621985	120.635047	1853.824404
130.150000	33.720000	-154.164993	20.981400	-0.706568	120.580879	1850.827846
130.150000	33.720000	-154.164993	21.231400	0.198159	120.526574	1847.638750
130.150000	33.720000	-153.914993	19.481400	-7.284370	120.939313	1875.140168
130.150000	33.720000	-153.914993	19.731400	-2.583347	120.887372	1872.323099
130.150000	33.720000	-153.914993	19.981400	0.005890	120.835187	1868.968672
130.150000	33.720000	-153.914993	20.231400	0.058272	120.782805	1865.614246
130.150000	33.720000	-153.914993	20.481400	-0.709159	120.730171	1862.259819
130.150000	33.720000	-153.914993	20.731400	-1.391795	120.677332	1859.221194
130.150000	33.720000	-153.914993	20.981400	-0.650495	120.624235	1856.206327
130.150000	33.720000	-153.664993	19.481400	-5.782155	120.976949	1881.051062
130.150000	33.720000	-153.664993	19.731400	-0.827540	120.926048	1877.941040
130.150000	33.720000	-153.664993	19.981400	0.018965	120.874831	1874.586614
130.150000	33.720000	-153.664993	20.231400	0.017579	120.823498	1871.232187
130.150000	33.720000	-153.664993	20.481400	-0.287888	120.771843	1867.877761
130.150000	33.720000	-153.664993	20.731400	-0.766359	120.720066	1864.617984
130.150000	33.720000	-153.414993	19.481400	-2.888780	121.015078	1886.769949
130.150000	33.720000	-153.414993	19.731400	0.527229	120.965136	1883.475526
130.150000	33.720000	-153.414993	19.981400	0.576607	120.914962	1880.181104
130.150000	33.720000	-153.414993	20.231400	0.715935	120.864599	1876.850129
130.150000	33.720000	-153.414993	20.481400	0.715422	120.813996	1873.495702
130.150000	33.720000	-153.164993	19.231400	-4.482811	121.102400	1895.234095
130.150000	33.720000	-153.164993	19.481400	0.998662	121.053593	1891.990697
130.150000	33.720000	-153.164993	19.731400	1.248264	121.004684	1888.696275
130.150000	33.720000	-153.164993	19.981400	1.297477	120.955471	1885.401852
130.150000	33.720000	-152.914993	19.231400	-0.179529	121.140379	1900.505868
130.150000	33.720000	-152.914993	19.481400	1.160351	121.092597	1897.211446
130.150000	33.720000	-152.664993	18.981400	-1.814898	121.225371	1909.021039
