5.510000	78.730000	-157.127594	19.680099	2.574965	183.186875	2265.184774
5.510000	78.730000	-157.127594	19.930099	2.929579	183.184087	2257.851984
5.510000	78.730000	-157.127594	20.180099	0.025399	183.181292	2251.181297
5.510000	78.730000	-157.127594	20.430099	-0.008525	183.178496	2244.663748
5.510000	78.730000	-156.877594	19.180099	-1.962219	183.237146	2279.979436
5.510000	78.730000	-156.877594	19.430099	-3.120415	183.234329	2272.383288
5.510000	78.730000	-156.877594	19.680099	-1.717990	183.231508	2264.676120
5.510000	78.730000	-156.877594	19.930099	-0.681288	183.228684	2257.323220
5.510000	78.730000	-156.877594	20.180099	0.219110	183.225855	2250.811856
5.510000	78.730000	-156.877594	20.430099	0.160247	183.223023	2244.294307
5.510000	78.730000	-156.877594	20.680099	-1.372992	183.220186	2237.776757
5.510000	78.730000	-156.627594	18.930099	-0.464941	183.284643	2286.750631
5.510000	78.730000	-156.627594	19.180099	-0.429207	183.281793	2279.659742
5.510000	78.730000	-156.627594	19.430099	-2.500659	183.278943	2272.487138
5.510000	78.730000	-156.627594	19.680099	-4.134698	183.276086	2264.786857
5.510000	78.730000	-156.627594	19.930099	-2.845824	183.273228	2257.235166
5.510000	78.730000	-156.627594	20.180099	-1.117647	183.270363	2250.396975
5.510000	78.730000	-156.627594	20.430099	0.355328	183.267496	2243.893140
5.510000	78.730000	-156.627594	20.680099	0.205649	183.264623	2237.389304
5.510000	78.730000	-156.377594	18.680099	-0.204263	183.332151	2293.534930
5.510000	78.730000	-156.377594	18.930099	0.111886	183.329271	2286.369667
5.510000	78.730000	-156.377594	19.180099	0.174091	183.326389	2279.268712
5.510000	78.730000	-156.377594	19.430099	-0.505694	183.323502	2272.181248
5.510000	78.730000	-156.377594	19.680099	-3.444840	183.320612	2264.904697
5.510000	78.730000	-156.377594	19.930099	-3.697861	183.317717	2257.215875
5.510000	78.730000	-156.377594	20.180099	-2.873252	183.314819	2250.310334
5.510000	78.730000	-156.377594	20.430099	-1.133203	183.311916	2243.470731
5.510000	78.730000	-156.377594	20.680099	0.217651	183.309009	2236.966896
5.510000	78.730000	-156.377594	20.930099	1.023286	183.306097	2229.762768
5.510000	78.730000	-156.127594	18.680099	0.559000	183.376757	2293.111000
5.510000	78.730000	-156.127594	18.930099	0.239065	183.373845	2285.892777
5.510000	78.730000	-156.127594	19.180099	0.394587	183.370926	2278.791821
5.510000	78.730000	-156.127594	19.430099	-0.082084	183.368006	2271.780145
5.510000	78.730000	-156.127594	19.680099	-1.436554	183.365080	2264.819305
5.510000	78.730000	-156.127594	19.930099	-4.284767	183.362152	2257.331998
5.510000	78.730000	-156.127594	20.180099	-3.200710	183.359218	2250.291042
5.510000	78.730000	-156.127594	20.430099	-2.920644	183.356282	2243.385501
5.510000	78.730000	-156.127594	20.680099	-0.585813	183.353339	2236.544487
5.510000	78.730000	-156.127594	20.930099	-1.070866	183.350393	2229.422696
5.510000	78.730000	-155.877594	18.430099	2.746253	183.424253	2299.573780
5.510000	78.730000	-155.877594	18.680099	1.952103	183.421309	2292.541473
5.510000	78.730000	-155.877594	18.930099	1.158081	183.418361	2285.465542
5.510000	78.730000	-155.877594	19.180099	0.964612	183.415410	2278.339884
5.510000	78.730000	-155.877594	19.430099	0.704487	183.412454	2271.379043
5.510000	78.730000	-155.877594	19.680099	0.598553	183.409495	2264.418202
5.510000	78.730000	-155.877594	19.930099	-1.691951	183.406532	2257.449839
5.510000	78.730000	-155.877594	20.180099	-1.659660	183.403564	2250.271751
5.510000	78.730000	-155.877594	20.430099	-0.868714	183.400592	2243.366210
5.510000	78.730000	-155.877594	20.680099	0.121860	183.397616	2236.291933
5.510000	78.730000	-155.877594	20.930099	-0.040149	183.394634	2229.187204
5.510000	78.730000	-155.627594	18.180099	3.602365	183.471754	2305.839909
5.510000	78.730000	-155.627594	18.430099	2.536229	183.468781	2298.811946
5.510000	78.730000	-155.627594	18.680099	2.521690	183.465802	2291.783983
5.510000	78.730000	-155.627594	18.930099	2.324986	183.462821	2284.756021
5.510000	78.730000	-155.627594	19.180099	2.077258	183.459834	2277.712865
5.510000	78.730000	-155.627594	19.430099	2.342325	183.456846	2270.778089
5.510000	78.730000	-155.627594	19.680099	2.238722	183.453851	2263.843314
5.510000	78.730000	-155.627594	19.930099	2.242510	183.450855	2256.908538
5.510000	78.730000	-155.627594	20.180099	1.780273	183.447852	2249.862248
5.510000	78.730000	-155.627594	20.430099	2.522842	183.444847	2242.767336
5.510000	78.730000	-155.627594	20.680099	2.608263	183.441834	2235.672424
5.510000	78.730000	-155.627594	20.930099	2.504699	183.438820	2228.577512
5.510000	78.730000	-155.377594	17.930099	5.294845	183.519263	2311.736122
5.510000	78.730000	-155.377594	18.180099	5.323991	183.516258	2304.876008
5.510000	78.730000	-155.377594	18.430099	3.151945	183.513250	2298.095200
5.510000	78.730000	-155.377594	18.680099	2.312931	183.510238	2291.067238
5.510000	78.730000	-155.377594	18.930099	2.321908	183.507223	2284.039275
5.510000	78.730000	-155.377594	19.180099	2.394598	183.504203	2276.984828
5.510000	78.730000	-155.377594	19.430099	2.952395	183.501180	2269.970428
5.510000	78.730000	-155.377594	19.680099	3.123652	183.498153	2263.035652
5.510000	78.730000	-155.377594	19.930099	3.553829	183.495121	2256.055978
5.510000	78.730000	-155.377594	20.180099	3.622016	183.492085	2248.977801
5.510000	78.730000	-155.377594	20.430099	3.616752	183.489044	2241.882889
5.510000	78.730000	-155.377594	20.680099	3.534134	183.485999	2234.787977
5.510000	78.730000	-155.377594	20.930099	3.147746	183.482950	2227.711244
5.510000	78.730000	-155.127594	17.930099	4.713840	183.563740	2310.717811
5.510000	78.730000	-155.127594	18.180099	5.582568	183.560701	2303.718370
5.510000	78.730000	-155.127594	18.430099	5.295421	183.557660	2297.198292
5.510000	78.730000	-155.127594	18.680099	2.803703	183.554614	2290.350492
5.510000	78.730000	-155.127594	18.930099	2.309338	183.551566	2283.318347
5.510000	78.730000	-155.127594	19.180099	2.425275	183.548512	2276.259289
5.510000	78.730000	-155.127594	19.430099	3.466186	183.545456	2269.200230
5.510000	78.730000	-155.127594	19.680099	3.669562	183.542393	2262.227990
5.510000	78.730000	-155.127594	19.930099	3.604087	183.539329	2255.170258
5.510000	78.730000	-155.127594	20.180099	3.578475	183.536258	2248.093354
5.510000	78.730000	-155.127594	20.430099	3.467380	183.533185	2240.998442
5.510000	78.730000	-155.127594	20.680099	3.089394	183.530105	2233.927310
5.510000	78.730000	-155.127594	20.930099	2.746138	183.527022	2226.940504
5.510000	78.730000	-155.127594	21.180099	2.913969	183.523932	2219.904535
5.510000	78.730000	-154.877594	17.680099	4.666355	183.611225	2316.698942
5.510000	78.730000	-154.877594	17.930099	4.669423	183.608157	2309.699500
5.510000	78.730000	-154.877594	18.180099	4.858754	183.605086	2302.700058
5.510000	78.730000	-154.877594	18.430099	6.594199	183.602011	2296.013060
5.510000	78.730000	-154.877594	18.680099	5.473715	183.598932	2289.520576
5.510000	78.730000	-154.877594	18.930099	5.124427	183.595850	2282.592808
5.510000	78.730000	-154.877594	19.180099	5.720876	183.592763	2275.507485
5.510000	78.730000	-154.877594	19.430099	5.891132	183.589673	2268.244707
5.510000	78.730000	-154.877594	19.680099	5.734757	183.586578	2261.260280
5.510000	78.730000	-154.877594	19.930099	4.422149	183.583479	2254.284538
5.510000	78.730000	-154.877594	20.180099	3.410030	183.580376	2247.208908
5.510000	78.730000	-154.877594	20.430099	3.022313	183.577268	2240.143376
5.510000	78.730000	-154.877594	20.680099	2.720899	183.574155	2233.156570
5.510000	78.730000	-154.877594	20.930099	2.688601	183.571037	2226.169764
5.510000	78.730000	-154.877594	21.180099	2.913308	183.567915	2219.103260
5.510000	78.730000	-154.877594	21.430099	3.320682	183.564787	2211.919149
5.510000	78.730000	-154.627594	17.680099	6.186109	183.655612	2315.680631
5.510000	78.730000	-154.627594	17.930099	5.900210	183.652513	2308.681189
5.510000	78.730000	-154.627594	18.180099	5.736714	183.649407	2301.681747
5.510000	78.730000	-154.627594	18.430099	7.099858	183.646300	2294.827829
5.510000	78.730000	-154.627594	18.680099	8.388757	183.643188	2288.207486
5.510000	78.730000	-154.627594	18.930099	8.303571	183.640073	2281.168967
5.510000	78.730000	-154.627594	19.180099	8.541775	183.636952	2273.906190
5.510000	78.730000	-154.627594	19.430099	7.377086	183.633830	2266.820972
5.510000	78.730000	-154.627594	19.680099	7.244996	183.630701	2259.936587
5.510000	78.730000	-154.627594	19.930099	6.583121	183.627570	2253.194059
5.510000	78.730000	-154.627594	20.180099	5.322022	183.624432	2246.359442
5.510000	78.730000	-154.627594	20.430099	4.550230	183.621291	2239.372636
5.510000	78.730000	-154.627594	20.680099	4.189092	183.618144	2232.385830
5.510000	78.730000	-154.627594	20.930099	3.717295	183.614994	2225.399024
5.510000	78.730000	-154.627594	21.180099	3.254782	183.611837	2218.285613
5.510000	78.730000	-154.627594	21.430099	3.559934	183.608677	2211.003223
5.510000	78.730000	-154.377594	17.680099	7.740707	183.699940	2314.277195
5.510000	78.730000	-154.377594	17.930099	7.590774	183.696807	2307.343646
5.510000	78.730000	-154.377594	18.180099	7.380884	183.693670	2300.410097
5.510000	78.730000	-154.377594	18.430099	7.924735	183.690529	2293.455828
5.510000	78.730000	-154.377594	18.680099	9.243693	183.687384	2286.609335
5.510000	78.730000	-154.377594	18.930099	8.894194	183.684236	2279.567673
5.510000	78.730000	-154.377594	19.180099	7.556204	183.681084	2272.410914
5.510000	78.730000	-154.377594	19.430099	6.970835	183.677927	2265.526529
5.510000	78.730000	-154.377594	19.680099	7.035749	183.674766	2258.642144
5.510000	78.730000	-154.377594	19.930099	7.590883	183.671600	2251.839009
5.510000	78.730000	-154.377594	20.180099	7.518456	183.668430	2245.033048
5.510000	78.730000	-154.377594	20.430099	7.066439	183.665256	2238.136837
5.510000	78.730000	-154.377594	20.680099	6.616635	183.662076	2231.240625
5.510000	78.730000	-154.377594	20.930099	6.095001	183.658892	2224.355407
5.510000	78.730000	-154.377594	21.180099	4.886157	183.655702	2217.369686
5.510000	78.730000	-154.377594	21.430099	3.516103	183.652507	2210.087296
5.510000	78.730000	-154.127594	17.680099	7.583111	183.744203	2312.870877
5.510000	78.730000	-154.127594	17.930099	6.983814	183.741038	2305.913395
5.510000	78.730000	-154.127594	18.180099	6.359381	183.737867	2298.963471
5.510000	78.730000	-154.127594	18.430099	5.664886	183.734695	2291.991108
5.510000	78.730000	-154.127594	18.680099	6.359626	183.731517	2285.018745
5.510000	78.730000	-154.127594	18.930099	6.370276	183.728337	2278.000856
5.510000	78.730000	-154.127594	19.180099	5.682675	183.725151	2271.116471
5.510000	78.730000	-154.127594	19.430099	5.962412	183.721962	2264.232086
5.510000	78.730000	-154.127594	19.680099	6.256355	183.718767	2257.347701
5.510000	78.730000	-154.127594	19.930099	6.900867	183.715570	2250.483959
5.510000	78.730000	-154.127594	20.180099	6.958348	183.712366	2243.649597
5.510000	78.730000	-154.127594	20.430099	6.602202	183.709160	2236.758627
5.510000	78.730000	-154.127594	20.680099	6.287379	183.705946	2229.886609
5.510000	78.730000	-154.127594	20.930099	6.002499	183.702730	2223.014590
5.510000	78.730000	-153.877594	18.180099	4.745944	183.782005	2297.930850
5.510000	78.730000	-153.877594	18.430099	3.809675	183.778799	2291.147399
5.510000	78.730000	-153.877594	18.680099	2.905024	183.775590	2284.119523
5.510000	78.730000	-153.877594	18.930099	1.971395	183.772376	2277.091648
5.510000	78.730000	-153.877594	19.180099	1.738534	183.769158	2270.129577
5.510000	78.730000	-153.877594	19.430099	2.193031	183.765936	2263.176855
5.510000	78.730000	-153.877594	19.680099	2.397573	183.762710	2256.224133
5.510000	78.730000	-153.877594	19.930099	2.253270	183.759479	2249.271411
5.510000	78.730000	-153.627594	18.430099	4.538227	183.822839	2290.151111
5.510000	78.730000	-153.627594	18.680099	2.469973	183.819596	2283.372395
5.510000	78.730000	-153.627594	18.930099	0.372704	183.816352	2276.593679
5.510000	78.730000	-153.627594	19.180099	-0.872027	183.813100	2269.774743
5.510000	78.730000	-153.627594	19.430099	-0.553451	183.809847	2262.780633
5.510000	78.730000	-153.627594	19.680099	-0.664901	183.806587	2255.846839
