-178.780000	-32.780000	-156.727295	18.930099	1.323619	21.323448	1522.670039
-178.780000	-32.780000	-156.477295	18.930099	-0.018410	21.543510	1525.357255
-178.780000	-32.780000	-156.477295	19.180099	0.228208	21.451896	1531.665588
-178.780000	-32.780000	-156.227295	18.680099	-1.341754	21.855612	1521.345873
-178.780000	-32.780000	-156.227295	18.930099	-1.488608	21.762913	1527.706367
-178.780000	-32.780000	-156.227295	19.180099	-1.652427	21.670635	1534.011616
-178.780000	-32.780000	-156.227295	19.430099	0.393344	21.578872	1540.584948
-178.780000	-32.780000	-155.977295	18.430099	0.650192	22.168842	1517.476974
-178.780000	-32.780000	-155.977295	18.680099	-0.332453	22.075014	1523.661471
-178.780000	-32.780000	-155.977295	18.930099	-1.159180	21.981662	1530.035999
-178.780000	-32.780000	-155.977295	19.180099	-1.152595	21.888783	1536.357643
-178.780000	-32.780000	-155.977295	19.430099	-0.546001	21.796366	1543.275019
-178.780000	-32.780000	-155.727295	18.180099	1.613137	22.483060	1513.993668
-178.780000	-32.780000	-155.727295	18.430099	1.143869	22.388154	1520.174160
-178.780000	-32.780000	-155.727295	18.680099	1.222456	22.293686	1526.354526
-178.780000	-32.780000	-155.727295	18.930099	0.055869	22.199743	1532.534892
-178.780000	-32.780000	-155.727295	19.180099	-0.053720	22.106223	1539.023782
-178.780000	-32.780000	-155.727295	19.430099	-0.829610	22.013215	1545.965090
-178.780000	-32.780000	-155.477295	18.180099	-0.725274	22.702323	1516.638044
-178.780000	-32.780000	-155.477295	18.430099	0.810614	22.606787	1522.859845
-178.780000	-32.780000	-155.477295	18.680099	0.975670	22.511739	1529.040211
-178.780000	-32.780000	-155.477295	18.930099	0.459502	22.417165	1535.220577
-178.780000	-32.780000	-155.477295	19.180099	0.348700	22.323064	1541.798116
-178.780000	-32.780000	-155.477295	19.430099	-0.778299	22.229425	1548.655161
-178.780000	-32.780000	-155.227295	17.930099	0.235435	23.017466	1513.013046
-178.780000	-32.780000	-155.227295	18.180099	-1.642812	22.920825	1519.001922
-178.780000	-32.780000	-155.227295	18.430099	-1.161033	22.824721	1525.545530
-178.780000	-32.780000	-155.227295	18.680099	0.738616	22.729054	1531.725896
-178.780000	-32.780000	-155.227295	18.930099	0.572999	22.633910	1537.917921
-178.780000	-32.780000	-155.227295	19.180099	0.360432	22.539191	1544.635813
-178.780000	-32.780000	-155.227295	19.430099	-0.050779	22.444982	1551.353705
-178.780000	-32.780000	-154.977295	17.680099	0.000728	23.333579	1509.634128
-178.780000	-32.780000	-154.977295	17.930099	0.098427	23.235880	1515.576422
-178.780000	-32.780000	-154.977295	18.180099	-0.758573	23.138682	1521.518715
-178.780000	-32.780000	-154.977295	18.430099	-2.886259	23.041969	1527.913991
-178.780000	-32.780000	-154.977295	18.680099	-1.284813	22.945745	1534.411581
-178.780000	-32.780000	-154.977295	18.930099	0.229681	22.849992	1540.755617
-178.780000	-32.780000	-154.977295	19.180099	-0.485414	22.754714	1547.473509
-178.780000	-32.780000	-154.977295	19.430099	-0.624348	22.659895	1554.191401
-178.780000	-32.780000	-154.727295	17.680099	0.452330	23.551809	1512.197503
-178.780000	-32.780000	-154.727295	17.930099	0.351436	23.453564	1518.139797
-178.780000	-32.780000	-154.727295	18.180099	-0.191031	23.355772	1524.082091
-178.780000	-32.780000	-154.727295	18.430099	-2.587829	23.258512	1530.277869
-178.780000	-32.780000	-154.727295	18.680099	-1.532166	23.161692	1536.826060
-178.780000	-32.780000	-154.727295	18.930099	-0.463493	23.065390	1543.483829
-178.780000	-32.780000	-154.727295	19.180099	-1.524857	22.969515	1550.137821
-178.780000	-32.780000	-154.477295	17.680099	1.627021	23.769366	1514.926516
-178.780000	-32.780000	-154.477295	17.930099	1.553274	23.670537	1520.819388
-178.780000	-32.780000	-154.477295	18.180099	1.367784	23.572209	1526.712260
-178.780000	-32.780000	-154.477295	18.430099	0.357882	23.474365	1532.722085
-178.780000	-32.780000	-154.477295	18.680099	-0.640294	23.377007	1539.648064
-178.780000	-32.780000	-154.477295	18.930099	0.224111	23.280120	1546.297286
-178.780000	-32.780000	-154.227295	17.680099	1.830165	23.986127	1517.793332
-178.780000	-32.780000	-154.227295	17.930099	1.979554	23.886773	1523.691731
-178.780000	-32.780000	-154.227295	18.180099	2.536026	23.787875	1529.617240
-178.780000	-32.780000	-154.227295	18.430099	2.994686	23.689504	1535.991937
-178.780000	-32.780000	-154.227295	18.680099	0.770869	23.591574	1542.514913
-178.780000	-32.780000	-154.227295	18.930099	-0.091390	23.494159	1549.160475
-178.780000	-32.780000	-153.977295	17.680099	1.469065	24.202208	1520.640666
-178.780000	-32.780000	-153.977295	17.930099	0.979390	24.102295	1526.552184
-178.780000	-32.780000	-153.977295	18.180099	1.098717	24.002882	1532.797786
-178.780000	-32.780000	-153.977295	18.430099	0.580243	23.903950	1539.204480
-178.780000	-32.780000	-153.977295	18.680099	0.444925	23.805503	1545.611173
-178.780000	-32.780000	-153.977295	18.930099	-2.115046	23.707525	1551.899593
-178.780000	-32.780000	-153.727295	17.680099	1.212573	24.417488	1523.476941
-178.780000	-32.780000	-153.727295	17.930099	0.821935	24.317073	1529.381804
-178.780000	-32.780000	-153.727295	18.180099	0.039990	24.217112	1535.544439
-178.780000	-32.780000	-153.727295	18.430099	-1.095352	24.117675	1541.827065
-178.780000	-32.780000	-153.727295	18.680099	-1.571685	24.018679	1548.233758
-178.780000	-32.780000	-153.477295	17.930099	1.088605	24.531133	1532.215036
-178.780000	-32.780000	-153.477295	18.180099	0.700415	24.430678	1538.405824
-178.780000	-32.780000	-153.477295	18.430099	0.337603	24.330703	1544.596612
-178.780000	-32.780000	-153.477295	18.680099	-1.629199	24.231211	1550.856344
-178.780000	-32.780000	-153.227295	17.930099	4.803949	24.744441	1535.183925
-178.780000	-32.780000	-153.227295	18.180099	1.758923	24.643463	1541.352589
-178.780000	-32.780000	-153.227295	18.430099	1.822241	24.543004	1547.545322
-178.780000	-32.780000	-152.977295	18.180099	3.282210	24.855578	1544.542716
-178.780000	-32.780000	-152.977295	18.430099	2.500221	24.754603	1550.735449
-178.780000	-32.780000	-152.727295	18.430099	1.445813	24.965470	1553.925576
