-153.292099	20.892599	1783.301000
-156.510101	19.477699	1692.583000
-156.932007	19.832701	1684.628000
-157.627594	20.346100	1671.672000
-155.772995	19.079000	1708.235000
-155.996994	20.771000	1717.209000
-154.983002	19.601000	1732.198000
-156.658005	20.891001	1702.208000
-156.755997	21.136000	1702.227000
-154.482803	21.001900	1757.195000
-153.292099	20.892599	1783.201000
-156.465103	18.775000	1687.207000
-157.227295	18.984800	1670.219000
-156.510101	19.477699	1692.208000
-156.932007	19.832701	1684.203000
-157.627594	20.346100	1671.197000
