179.520000	51.150000	-157.431000	20.680099	-1.006034	156.354160	974.376974
179.520000	51.150000	-157.431000	20.930099	-0.622822	156.245520	967.903244
179.520000	51.150000	-157.431000	21.180099	-0.511371	156.135575	961.429514
179.520000	51.150000	-157.431000	21.430099	-0.072185	156.024283	954.954878
179.520000	51.150000	-157.181000	20.180099	-1.241643	156.368439	990.000678
179.520000	51.150000	-157.181000	20.430099	-1.004086	156.261919	983.822014
179.520000	51.150000	-157.181000	20.680099	-1.553107	156.154173	977.418551
179.520000	51.150000	-157.181000	20.930099	-0.507167	156.045109	970.836767
179.520000	51.150000	-157.181000	21.180099	-0.165367	155.934765	964.363037
179.520000	51.150000	-157.181000	21.430099	0.733290	155.823051	957.800626
179.520000	51.150000	-156.931000	19.930099	-0.545060	156.276405	999.078520
179.520000	51.150000	-156.931000	20.180099	-0.727342	156.170743	992.899856
179.520000	51.150000	-156.931000	20.430099	-0.854379	156.063839	986.721191
179.520000	51.150000	-156.931000	20.680099	-0.911463	155.955685	980.542527
179.520000	51.150000	-156.931000	20.930099	-1.231267	155.846237	973.842547
179.520000	51.150000	-156.931000	21.180099	0.519656	155.735488	967.296559
179.520000	51.150000	-156.681000	19.430099	-0.203518	156.288965	1014.639901
179.520000	51.150000	-156.681000	19.680099	-0.723041	156.185326	1008.306964
179.520000	51.150000	-156.681000	19.930099	-0.601062	156.080473	1001.926817
179.520000	51.150000	-156.681000	20.180099	-0.181698	155.974441	995.646986
179.520000	51.150000	-156.681000	20.430099	0.039204	155.867146	989.529426
179.520000	51.150000	-156.681000	20.680099	0.208834	155.758623	983.411865
179.520000	51.150000	-156.681000	20.930099	0.795559	155.648786	977.122174
179.520000	51.150000	-156.431000	19.180099	-0.087370	156.198103	1023.936953
179.520000	51.150000	-156.431000	19.430099	0.080308	156.095241	1017.541390
179.520000	51.150000	-156.431000	19.680099	0.023476	155.991223	1011.233647
179.520000	51.150000	-156.431000	19.930099	-0.061466	155.886015	1004.853499
179.520000	51.150000	-156.431000	20.180099	-0.057879	155.779606	998.473351
179.520000	51.150000	-156.431000	20.430099	0.442398	155.671957	992.192598
179.520000	51.150000	-156.431000	20.680099	1.483004	155.563059	986.075038
179.520000	51.150000	-156.431000	20.930099	2.929913	155.452870	979.616413
179.520000	51.150000	-156.181000	18.680099	-0.326035	156.209104	1039.563800
179.520000	51.150000	-156.181000	18.930099	0.571060	156.108132	1033.199376
179.520000	51.150000	-156.181000	19.180099	1.430021	156.006071	1026.676304
179.520000	51.150000	-156.181000	19.430099	1.005164	155.902845	1020.249204
179.520000	51.150000	-156.181000	19.680099	0.855806	155.798486	1013.952077
179.520000	51.150000	-156.181000	19.930099	0.643762	155.692916	1007.654950
179.520000	51.150000	-156.181000	20.180099	0.503188	155.586167	1001.357823
179.520000	51.150000	-156.181000	20.430099	0.647342	155.478159	995.019886
179.520000	51.150000	-156.181000	20.680099	1.608779	155.368923	988.738210
179.520000	51.150000	-156.181000	20.930099	1.572506	155.258377	982.298014
179.520000	51.150000	-155.931000	18.430099	0.362025	156.119359	1048.857362
179.520000	51.150000	-155.931000	18.680099	1.561705	156.019157	1042.334290
179.520000	51.150000	-155.931000	18.930099	2.215587	155.917855	1035.811218
179.520000	51.150000	-155.931000	19.180099	1.599017	155.815445	1029.318021
179.520000	51.150000	-155.931000	19.430099	1.035733	155.711890	1022.966631
179.520000	51.150000	-155.931000	19.680099	1.050959	155.607184	1016.669504
179.520000	51.150000	-155.931000	19.930099	1.156855	155.501288	1010.372377
179.520000	51.150000	-155.931000	20.180099	1.263949	155.394194	1004.075250
179.520000	51.150000	-155.931000	20.430099	1.215953	155.285862	997.778123
179.520000	51.150000	-155.931000	20.680099	1.549758	155.176284	991.480996
179.520000	51.150000	-155.931000	20.930099	1.467442	155.065417	985.127989
179.520000	51.150000	-155.681000	18.430099	2.247769	155.931037	1051.469203
179.520000	51.150000	-155.681000	18.680099	2.348288	155.830519	1044.946132
179.520000	51.150000	-155.681000	18.930099	2.040356	155.728881	1038.423060
179.520000	51.150000	-155.681000	19.180099	1.393110	155.626156	1032.019186
179.520000	51.150000	-155.681000	19.430099	1.198608	155.522268	1025.684057
179.520000	51.150000	-155.681000	19.680099	1.240894	155.417249	1019.386930
179.520000	51.150000	-155.681000	19.930099	1.347121	155.311022	1013.089804
179.520000	51.150000	-155.681000	20.180099	1.454526	155.203617	1006.792677
179.520000	51.150000	-155.681000	20.430099	1.632175	155.094958	1000.495550
179.520000	51.150000	-155.681000	20.680099	1.928566	154.985072	994.179404
179.520000	51.150000	-155.681000	20.930099	1.980806	154.873881	987.848212
179.520000	51.150000	-155.431000	18.180099	2.342259	155.843876	1060.604117
179.520000	51.150000	-155.431000	18.430099	2.434707	155.744099	1054.081045
179.520000	51.150000	-155.431000	18.680099	2.443008	155.643258	1047.557973
179.520000	51.150000	-155.431000	18.930099	1.748363	155.541318	1041.094705
179.520000	51.150000	-155.431000	19.180099	1.506756	155.438273	1034.720351
179.520000	51.150000	-155.431000	19.430099	1.359987	155.334085	1028.401484
179.520000	51.150000	-155.431000	19.680099	1.429395	155.228748	1022.104357
179.520000	51.150000	-155.431000	19.930099	1.535919	155.122224	1015.807230
179.520000	51.150000	-155.431000	20.180099	1.662071	155.014506	1009.510103
179.520000	51.150000	-155.431000	20.430099	1.957661	154.905551	1003.203177
179.520000	51.150000	-155.431000	20.680099	2.165172	154.795355	996.871985
179.520000	51.150000	-155.181000	17.930099	2.456183	155.757536	1069.743743
179.520000	51.150000	-155.181000	18.180099	2.527421	155.658525	1063.215959
179.520000	51.150000	-155.181000	18.430099	2.619750	155.558439	1056.692887
179.520000	51.150000	-155.181000	18.680099	2.151623	155.457307	1050.170223
179.520000	51.150000	-155.181000	18.930099	1.679883	155.355061	1043.795870
179.520000	51.150000	-155.181000	19.180099	1.625595	155.251727	1037.421517
179.520000	51.150000	-155.181000	19.430099	1.519972	155.147236	1031.118911
179.520000	51.150000	-155.181000	19.680099	1.616529	155.041614	1024.821784
179.520000	51.150000	-155.181000	19.930099	1.724314	154.934790	1018.524657
179.520000	51.150000	-155.181000	20.180099	1.985962	154.826789	1012.226949
179.520000	51.150000	-155.181000	20.430099	2.242988	154.717539	1005.895757
179.520000	51.150000	-154.931000	17.680099	2.561259	155.672118	1078.896265
179.520000	51.150000	-154.931000	17.930099	2.639698	155.573832	1072.355460
179.520000	51.150000	-154.931000	18.180099	2.711232	155.474524	1065.827801
179.520000	51.150000	-154.931000	18.430099	2.552546	155.374159	1059.304729
179.520000	51.150000	-154.931000	18.680099	1.857075	155.272734	1052.871389
179.520000	51.150000	-154.931000	18.930099	1.847313	155.170211	1046.497036
179.520000	51.150000	-154.931000	19.180099	1.721976	155.066587	1040.133464
179.520000	51.150000	-154.931000	19.430099	1.696321	154.961822	1033.836337
179.520000	51.150000	-154.931000	19.680099	1.802230	154.855913	1027.539210
179.520000	51.150000	-154.931000	19.930099	2.013435	154.748819	1021.242083
179.520000	51.150000	-154.931000	20.180099	2.305906	154.640536	1014.919530
179.520000	51.150000	-154.681000	17.680099	2.743426	155.489952	1081.507982
179.520000	51.150000	-154.681000	17.930099	2.821960	155.391381	1074.967176
179.520000	51.150000	-154.681000	18.180099	2.847721	155.291805	1068.439643
179.520000	51.150000	-154.681000	18.430099	2.257089	155.191159	1061.946907
179.520000	51.150000	-154.681000	18.680099	1.945475	155.089469	1055.572554
179.520000	51.150000	-154.681000	18.930099	2.004535	154.986669	1049.198201
179.520000	51.150000	-154.681000	19.180099	1.858135	154.882783	1042.850891
179.520000	51.150000	-154.681000	19.430099	1.880398	154.777745	1036.553764
179.520000	51.150000	-154.681000	19.680099	2.040144	154.671578	1030.256637
179.520000	51.150000	-154.681000	19.930099	2.334053	154.564214	1023.943302
179.520000	51.150000	-154.681000	20.180099	4.888618	154.455676	1017.612111
179.520000	51.150000	-154.431000	17.680099	3.089410	155.309108	1084.119698
179.520000	51.150000	-154.431000	17.930099	3.002871	155.210281	1077.578893
179.520000	51.150000	-154.431000	18.180099	2.663061	155.110436	1071.051485
179.520000	51.150000	-154.431000	18.430099	2.072233	155.009537	1064.648073
179.520000	51.150000	-154.431000	18.680099	2.127363	154.907581	1058.273720
179.520000	51.150000	-154.431000	18.930099	2.160296	154.804530	1051.899366
179.520000	51.150000	-154.431000	19.180099	2.013774	154.700383	1045.568317
179.520000	51.150000	-154.431000	19.430099	2.074606	154.595098	1039.271190
179.520000	51.150000	-154.431000	19.680099	2.359157	154.488673	1032.967075
179.520000	51.150000	-154.431000	19.930099	4.985423	154.381067	1026.635883
179.520000	51.150000	-154.181000	17.680099	3.588230	155.129521	1086.675572
179.520000	51.150000	-154.181000	17.930099	3.399159	155.030437	1080.190609
179.520000	51.150000	-154.181000	18.180099	2.363536	154.930349	1073.723591
179.520000	51.150000	-154.181000	18.430099	2.205748	154.829196	1067.349238
179.520000	51.150000	-154.181000	18.680099	2.307943	154.727002	1060.974885
179.520000	51.150000	-154.181000	18.930099	2.314690	154.623701	1054.600532
179.520000	51.150000	-154.181000	19.180099	2.168019	154.519318	1048.285744
179.520000	51.150000	-154.181000	19.430099	2.383570	154.413788	1041.988617
179.520000	51.150000	-154.181000	19.680099	5.078333	154.307132	1035.659656
179.520000	51.150000	-153.931000	17.680099	4.273844	154.951256	1089.149803
179.520000	51.150000	-153.931000	17.930099	4.066633	154.851940	1082.699207
179.520000	51.150000	-153.931000	18.180099	2.846611	154.751610	1076.424757
179.520000	51.150000	-153.931000	18.430099	2.384715	154.650229	1070.050404
179.520000	51.150000	-153.931000	18.680099	2.487149	154.547795	1063.676051
179.520000	51.150000	-153.931000	18.930099	2.410794	154.444271	1057.301697
179.520000	51.150000	-153.931000	19.180099	2.409502	154.339654	1051.003171
179.520000	51.150000	-153.931000	19.430099	5.151933	154.233904	1044.683428
179.520000	51.150000	-153.681000	17.680099	4.780923	154.774248	1091.561392
179.520000	51.150000	-153.681000	17.930099	4.488083	154.674701	1085.096057
179.520000	51.150000	-153.681000	18.180099	3.589350	154.574153	1078.937511
179.520000	51.150000	-153.681000	18.430099	3.083376	154.472545	1072.751569
179.520000	51.150000	-153.681000	18.680099	2.641028	154.369897	1066.377216
179.520000	51.150000	-153.681000	18.930099	2.538051	154.266151	1060.017724
179.520000	51.150000	-153.681000	19.180099	5.198110	154.161324	1053.707201
179.520000	51.150000	-153.431000	17.930099	4.300160	154.498805	1087.503955
179.520000	51.150000	-153.431000	18.180099	4.020413	154.398040	1081.371324
179.520000	51.150000	-153.431000	18.430099	3.952553	154.296229	1075.238692
179.520000	51.150000	-153.431000	18.680099	3.442317	154.193370	1069.078382
179.520000	51.150000	-153.431000	18.930099	5.310007	154.089424	1062.730973
179.520000	51.150000	-153.431000	19.180099	7.923812	153.984391	1055.937605
179.520000	51.150000	-153.181000	18.180099	4.438380	154.223209	1083.789104
179.520000	51.150000	-153.181000	18.430099	4.444504	154.121197	1077.656259
179.520000	51.150000	-153.181000	18.680099	5.107460	154.018148	1071.523414
179.520000	51.150000	-153.181000	18.930099	7.723678	153.914007	1064.957166
179.520000	51.150000	-152.931000	18.180099	4.846904	154.049719	1086.186880
179.520000	51.150000	-152.931000	18.430099	4.698316	153.947527	1080.054036
179.520000	51.150000	-152.931000	18.680099	6.247882	153.844294	1073.921191
179.520000	51.150000	-152.681000	18.430099	5.163584	153.775141	1082.451812
