-69.230000	-20.020000	-156.727295	18.680099	0.759949	290.781254	2633.583525
-69.230000	-20.020000	-156.727295	18.930099	2.116487	290.791921	2636.078403
-69.230000	-20.020000	-156.477295	18.680099	2.130652	290.858880	2627.240396
-69.230000	-20.020000	-156.477295	18.930099	2.645604	290.870640	2629.927407
-69.230000	-20.020000	-156.477295	19.180099	2.671601	290.882338	2632.626966
-69.230000	-20.020000	-156.227295	18.430099	-0.758478	290.924148	2617.960051
-69.230000	-20.020000	-156.227295	18.680099	3.378072	290.936868	2620.849166
-69.230000	-20.020000	-156.227295	18.930099	2.987600	290.949642	2623.699739
-69.230000	-20.020000	-156.227295	19.180099	2.518807	290.962433	2626.398598
-69.230000	-20.020000	-156.227295	19.430099	2.685500	290.975280	2629.111233
-69.230000	-20.020000	-155.977295	18.180099	-1.269782	290.987579	2609.429776
-69.230000	-20.020000	-155.977295	18.430099	2.675379	291.001366	2611.980457
-69.230000	-20.020000	-155.977295	18.680099	3.363962	291.015096	2614.537231
-69.230000	-20.020000	-155.977295	18.930099	3.493530	291.028958	2617.426345
-69.230000	-20.020000	-155.977295	19.180099	2.708547	291.042765	2620.170230
-69.230000	-20.020000	-155.977295	19.430099	2.679059	291.056705	2622.900543
-69.230000	-20.020000	-155.977295	19.680099	1.186188	291.070592	2625.632085
-69.230000	-20.020000	-155.727295	18.180099	1.903769	291.064083	2603.786096
-69.230000	-20.020000	-155.727295	18.430099	1.929655	291.078875	2606.312101
-69.230000	-20.020000	-155.727295	18.680099	1.826718	291.093688	2608.832098
-69.230000	-20.020000	-155.727295	18.930099	1.534973	291.108561	2611.352095
-69.230000	-20.020000	-155.727295	19.180099	2.200997	291.123457	2613.958311
-69.230000	-20.020000	-155.727295	19.430099	2.621415	291.138414	2616.689853
-69.230000	-20.020000	-155.727295	19.680099	2.587122	291.153395	2619.421395
-69.230000	-20.020000	-155.477295	17.930099	0.633221	291.125098	2595.020791
-69.230000	-20.020000	-155.477295	18.180099	0.828283	291.140834	2597.559184
-69.230000	-20.020000	-155.477295	18.430099	0.989878	291.156705	2600.097741
-69.230000	-20.020000	-155.477295	18.680099	0.900618	291.172525	2602.617738
-69.230000	-20.020000	-155.477295	18.930099	1.415254	291.188482	2605.137735
-69.230000	-20.020000	-155.477295	19.180099	2.260582	291.204390	2607.790641
-69.230000	-20.020000	-155.477295	19.430099	2.452985	291.220436	2610.490514
-69.230000	-20.020000	-155.477295	19.680099	2.505909	291.236435	2613.210705
-69.230000	-20.020000	-155.477295	19.930099	2.487944	291.252574	2615.942247
-69.230000	-20.020000	-155.227295	17.930099	0.101465	291.201146	2588.743435
-69.230000	-20.020000	-155.227295	18.180099	0.887333	291.217956	2591.200678
-69.230000	-20.020000	-155.227295	18.430099	1.248440	291.234829	2593.883382
-69.230000	-20.020000	-155.227295	18.680099	0.836857	291.251729	2596.403379
-69.230000	-20.020000	-155.227295	18.930099	1.618775	291.268694	2598.927277
-69.230000	-20.020000	-155.227295	19.180099	2.369794	291.285687	2601.627151
-69.230000	-20.020000	-155.227295	19.430099	2.352734	291.302746	2604.327024
-69.230000	-20.020000	-155.227295	19.680099	2.319630	291.319836	2607.026897
-69.230000	-20.020000	-155.227295	19.930099	2.371604	291.336993	2609.731557
-69.230000	-20.020000	-155.227295	20.180099	2.404612	291.354182	2612.463100
-69.230000	-20.020000	-154.977295	17.680099	-0.032154	291.259666	2580.027784
-69.230000	-20.020000	-154.977295	17.930099	-0.050010	291.277522	2582.466079
-69.230000	-20.020000	-154.977295	18.180099	0.629262	291.295330	2584.904373
-69.230000	-20.020000	-154.977295	18.430099	1.255677	291.313279	2587.526928
-69.230000	-20.020000	-154.977295	18.680099	1.318273	291.331182	2590.189019
-69.230000	-20.020000	-154.977295	18.930099	1.774638	291.349228	2592.763787
-69.230000	-20.020000	-154.977295	19.180099	2.274979	291.367229	2595.463660
-69.230000	-20.020000	-154.977295	19.430099	2.270107	291.385374	2598.163533
-69.230000	-20.020000	-154.977295	19.680099	2.252004	291.403477	2600.863406
-69.230000	-20.020000	-154.977295	19.930099	2.225580	291.421726	2603.563280
-69.230000	-20.020000	-154.977295	20.180099	2.234815	291.439934	2606.263153
-69.230000	-20.020000	-154.977295	20.430099	0.572974	291.458290	2608.983952
-69.230000	-20.020000	-154.727295	17.680099	-0.019034	291.335350	2573.750428
-69.230000	-20.020000	-154.727295	17.930099	-0.064455	291.354200	2576.188722
-69.230000	-20.020000	-154.727295	18.180099	0.298448	291.373080	2578.627017
-69.230000	-20.020000	-154.727295	18.430099	0.967559	291.392027	2581.168422
-69.230000	-20.020000	-154.727295	18.680099	1.771101	291.411007	2583.853178
-69.230000	-20.020000	-154.727295	18.930099	2.132257	291.430056	2586.575315
-69.230000	-20.020000	-154.727295	19.180099	2.086173	291.449139	2589.292395
-69.230000	-20.020000	-154.727295	19.430099	2.029400	291.468293	2592.000042
-69.230000	-20.020000	-154.727295	19.680099	2.009073	291.487483	2594.699916
-69.230000	-20.020000	-154.727295	19.930099	2.018866	291.506746	2597.399789
-69.230000	-20.020000	-154.727295	20.180099	2.028690	291.526047	2600.099662
-69.230000	-20.020000	-154.727295	20.430099	2.023978	291.545423	2602.799536
-69.230000	-20.020000	-154.727295	20.680099	-0.965344	291.564838	2605.504804
-69.230000	-20.020000	-154.477295	17.680099	-0.059486	291.411293	2567.530496
-69.230000	-20.020000	-154.477295	17.930099	-0.111513	291.431210	2569.951657
-69.230000	-20.020000	-154.477295	18.180099	-0.037772	291.451085	2572.372817
-69.230000	-20.020000	-154.477295	18.430099	1.148113	291.471105	2574.821881
-69.230000	-20.020000	-154.477295	18.680099	2.018123	291.491084	2577.562905
-69.230000	-20.020000	-154.477295	18.930099	1.916748	291.511210	2580.291557
-69.230000	-20.020000	-154.477295	19.180099	1.852231	291.531298	2583.008637
-69.230000	-20.020000	-154.477295	19.430099	1.847671	291.551534	2585.725718
-69.230000	-20.020000	-154.477295	19.680099	1.856118	291.571734	2588.442798
-69.230000	-20.020000	-154.477295	19.930099	1.867143	291.592085	2591.159878
-69.230000	-20.020000	-154.477295	20.180099	1.884347	291.612400	2593.876959
-69.230000	-20.020000	-154.477295	20.430099	1.901511	291.632870	2596.594039
-69.230000	-20.020000	-154.477295	20.680099	1.909728	291.653306	2599.311120
-69.230000	-20.020000	-154.227295	17.680099	-0.124955	291.487617	2561.366328
-69.230000	-20.020000	-154.227295	17.930099	-0.044127	291.508526	2563.781416
-69.230000	-20.020000	-154.227295	18.180099	0.406312	291.529469	2566.208164
-69.230000	-20.020000	-154.227295	18.430099	1.032018	291.550484	2568.711814
-69.230000	-20.020000	-154.227295	18.680099	1.496317	291.571537	2571.279311
-69.230000	-20.020000	-154.227295	18.930099	1.841601	291.592663	2574.007799
-69.230000	-20.020000	-154.227295	19.180099	1.785291	291.613829	2576.724880
-69.230000	-20.020000	-154.227295	19.430099	1.772721	291.635071	2579.441960
-69.230000	-20.020000	-154.227295	19.680099	1.766244	291.656353	2582.159040
-69.230000	-20.020000	-154.227295	19.930099	1.773613	291.677715	2584.877714
-69.230000	-20.020000	-154.227295	20.180099	1.774825	291.699119	2587.600008
-69.230000	-20.020000	-154.227295	20.430099	1.762047	291.720605	2590.322301
-69.230000	-20.020000	-154.227295	20.680099	1.749231	291.742134	2593.044595
-69.230000	-20.020000	-154.227295	20.930099	0.176548	291.763748	2595.766888
-69.230000	-20.020000	-153.977295	17.680099	-0.022880	291.564206	2555.223568
-69.230000	-20.020000	-153.977295	17.930099	0.426462	291.586178	2557.637507
-69.230000	-20.020000	-153.977295	18.180099	0.862339	291.608113	2560.130164
-69.230000	-20.020000	-153.977295	18.430099	0.855729	291.630197	2562.628739
-69.230000	-20.020000	-153.977295	18.680099	1.353103	291.652246	2565.127314
-69.230000	-20.020000	-153.977295	18.930099	1.994389	291.674446	2567.728210
-69.230000	-20.020000	-153.977295	19.180099	2.198938	291.696613	2570.450503
-69.230000	-20.020000	-153.977295	19.430099	1.929577	291.718933	2573.172797
-69.230000	-20.020000	-153.977295	19.680099	1.754449	291.741222	2575.895090
-69.230000	-20.020000	-153.977295	19.930099	1.738059	291.763667	2578.617384
-69.230000	-20.020000	-153.977295	20.180099	1.715643	291.786083	2581.339677
-69.230000	-20.020000	-153.977295	20.430099	1.693069	291.808657	2584.061971
-69.230000	-20.020000	-153.977295	20.680099	1.670522	291.831204	2586.784264
-69.230000	-20.020000	-153.977295	20.930099	-0.091818	291.853912	2589.506558
-69.230000	-20.020000	-153.977295	21.180099	-2.233595	291.876595	2591.782565
-69.230000	-20.020000	-153.727295	17.680099	0.667065	291.641179	2549.174537
-69.230000	-20.020000	-153.727295	17.930099	0.843272	291.664140	2551.644873
-69.230000	-20.020000	-153.727295	18.180099	0.982811	291.687140	2554.140667
-69.230000	-20.020000	-153.727295	18.430099	1.765629	291.710216	2556.639242
-69.230000	-20.020000	-153.727295	18.680099	2.404013	291.733334	2559.268829
-69.230000	-20.020000	-153.727295	18.930099	2.112155	291.756532	2561.863291
-69.230000	-20.020000	-153.727295	19.180099	1.731037	291.779773	2564.435895
-69.230000	-20.020000	-153.727295	19.430099	1.661590	291.803095	2567.008498
-69.230000	-20.020000	-153.727295	19.680099	1.974156	291.826463	2569.634760
-69.230000	-20.020000	-153.727295	19.930099	2.067846	291.849916	2572.357053
-69.230000	-20.020000	-153.727295	20.180099	1.788035	291.873416	2575.079347
-69.230000	-20.020000	-153.727295	20.430099	1.604724	291.897002	2577.801640
-69.230000	-20.020000	-153.727295	20.680099	1.581088	291.920639	2580.523934
-69.230000	-20.020000	-153.727295	20.930099	-0.426059	291.944365	2583.246227
-69.230000	-20.020000	-153.477295	17.930099	1.002884	291.742442	2545.652595
-69.230000	-20.020000	-153.477295	18.180099	1.946405	291.766431	2548.173130
-69.230000	-20.020000	-153.477295	18.430099	2.715853	291.790573	2550.821164
-69.230000	-20.020000	-153.477295	18.680099	2.447138	291.814684	2553.469198
-69.230000	-20.020000	-153.477295	18.930099	2.072549	291.838951	2556.050837
-69.230000	-20.020000	-153.477295	19.180099	2.011083	291.863190	2558.623440
-69.230000	-20.020000	-153.477295	19.430099	1.986686	291.887587	2561.196044
-69.230000	-20.020000	-153.477295	19.680099	1.864811	291.911958	2563.768647
-69.230000	-20.020000	-153.477295	19.930099	1.572203	291.936490	2566.341250
-69.230000	-20.020000	-153.477295	20.180099	1.506407	291.960998	2568.913854
-69.230000	-20.020000	-153.477295	20.430099	1.817590	291.985669	2571.541310
-69.230000	-20.020000	-153.477295	20.680099	1.746327	292.010319	2574.263603
-69.230000	-20.020000	-153.227295	17.930099	0.947104	291.821057	2539.739422
-69.230000	-20.020000	-153.227295	18.180099	2.637631	291.846108	2542.373500
-69.230000	-20.020000	-153.227295	18.430099	2.654082	291.871239	2545.021534
-69.230000	-20.020000	-153.227295	18.680099	2.289090	291.896416	2547.665780
-69.230000	-20.020000	-153.227295	18.930099	1.952595	291.921677	2550.238383
-69.230000	-20.020000	-153.227295	19.180099	1.927286	291.946987	2552.810986
-69.230000	-20.020000	-153.227295	19.430099	1.901890	291.972383	2555.383590
-69.230000	-20.020000	-153.227295	19.680099	1.876444	291.997829	2557.956193
-69.230000	-20.020000	-153.227295	19.930099	1.850908	292.023364	2560.528796
-69.230000	-20.020000	-153.227295	20.180099	1.825320	292.048953	2563.101399
-69.230000	-20.020000	-152.977295	18.180099	1.630436	291.926054	2536.573870
-69.230000	-20.020000	-152.977295	18.430099	2.520621	291.952247	2539.221904
-69.230000	-20.020000	-152.977295	18.680099	2.137814	291.978414	2541.853325
-69.230000	-20.020000	-152.977295	18.930099	1.869531	292.004742	2544.425929
-69.230000	-20.020000	-152.977295	19.180099	1.843227	292.031046	2546.998532
-69.230000	-20.020000	-152.977295	19.430099	1.816760	292.057513	2549.571135
-69.230000	-20.020000	-152.977295	19.680099	1.790314	292.083959	2552.143739
-69.230000	-20.020000	-152.727295	18.430099	2.342398	292.033569	2533.422274
-69.230000	-20.020000	-152.727295	18.680099	2.002754	292.060799	2536.040871
-69.230000	-20.020000	-152.727295	18.930099	1.786156	292.088117	2538.613475
-69.230000	-20.020000	-152.727295	19.180099	1.758785	292.115488	2541.186078
