-126.760000	40.640000	-158.651001	21.430099	-6.599958	225.176628	909.374158
-126.760000	40.640000	-158.401001	21.180099	-6.209614	224.791113	910.330051
-126.760000	40.640000	-158.401001	21.430099	-6.447426	225.024035	905.606765
-126.760000	40.640000	-158.151001	20.680099	-5.531957	224.175313	916.054182
-126.760000	40.640000	-158.151001	20.930099	-5.817528	224.403850	911.285943
-126.760000	40.640000	-158.151001	21.180099	-6.058610	224.635219	906.562657
-126.760000	40.640000	-158.151001	21.430099	-6.292495	224.869104	901.839371
-126.760000	40.640000	-157.901001	20.430099	-5.140183	223.788270	917.016539
-126.760000	40.640000	-157.901001	20.680099	-4.984070	224.015245	912.241836
-126.760000	40.640000	-157.901001	20.930099	-4.758181	224.244768	907.518549
-126.760000	40.640000	-157.901001	21.180099	-4.529291	224.477060	902.795263
-126.760000	40.640000	-157.901001	21.430099	-6.090390	224.711994	898.071977
-126.760000	40.640000	-157.651001	19.930099	-3.161503	223.177123	922.779380
-126.760000	40.640000	-157.651001	20.180099	-2.393298	223.399856	917.978896
-126.760000	40.640000	-157.651001	20.430099	-2.178763	223.624988	913.197728
-126.760000	40.640000	-157.651001	20.680099	-3.050103	223.852909	908.354301
-126.760000	40.640000	-157.651001	20.930099	-3.425353	224.083316	903.502503
-126.760000	40.640000	-157.651001	21.180099	-3.346346	224.316615	898.650705
-126.760000	40.640000	-157.651001	21.430099	-3.346903	224.552489	893.757253
-126.760000	40.640000	-157.401001	19.680099	-1.687523	222.789083	923.628372
-126.760000	40.640000	-157.401001	19.930099	-1.481609	223.009970	918.556877
-126.760000	40.640000	-157.401001	20.180099	-0.804086	223.233492	913.485895
-126.760000	40.640000	-157.401001	20.430099	0.786621	223.459526	908.517508
-126.760000	40.640000	-157.401001	20.680099	1.472049	223.688290	903.872313
-126.760000	40.640000	-157.401001	20.930099	-0.236153	223.919658	899.184519
-126.760000	40.640000	-157.401001	21.180099	-2.633664	224.153857	894.332721
-126.760000	40.640000	-157.401001	21.430099	-2.851083	224.390756	888.748220
-126.760000	40.640000	-157.151001	19.430099	-0.056416	222.399537	923.940110
-126.760000	40.640000	-157.151001	19.680099	0.397032	222.618806	918.868615
-126.760000	40.640000	-157.151001	19.930099	0.411036	222.840445	913.797119
-126.760000	40.640000	-157.151001	20.180099	0.169319	223.064827	908.802239
-126.760000	40.640000	-157.151001	20.430099	0.318045	223.291664	903.833852
-126.760000	40.640000	-157.151001	20.680099	2.221804	223.521348	898.968930
-126.760000	40.640000	-157.151001	20.930099	1.658073	223.753575	894.391523
-126.760000	40.640000	-157.151001	21.180099	-0.156830	223.988755	889.410889
-126.760000	40.640000	-157.151001	21.430099	-2.833594	224.226571	884.005666
-126.760000	40.640000	-156.901001	18.930099	-2.344418	221.793900	929.834673
-126.760000	40.640000	-156.901001	19.180099	-1.565185	222.008900	924.452361
-126.760000	40.640000	-156.901001	19.430099	-0.296492	222.226285	919.293844
-126.760000	40.640000	-156.901001	19.680099	-0.152889	222.446266	914.164638
-126.760000	40.640000	-156.901001	19.930099	0.140428	222.668720	909.086886
-126.760000	40.640000	-156.901001	20.180099	0.425136	222.893865	904.118583
-126.760000	40.640000	-156.901001	20.430099	0.194314	223.121576	899.150196
-126.760000	40.640000	-156.901001	20.680099	1.077837	223.352076	894.181809
-126.760000	40.640000	-156.901001	20.930099	1.515459	223.585238	889.488140
-126.760000	40.640000	-156.901001	21.180099	0.093101	223.821292	884.361927
-126.760000	40.640000	-156.901001	21.430099	-2.142825	224.060107	879.263111
-126.760000	40.640000	-156.651001	18.680099	-0.892588	221.403737	930.778973
-126.760000	40.640000	-156.651001	18.930099	-2.100512	221.616859	925.414580
-126.760000	40.640000	-156.651001	19.180099	-2.216150	221.832579	920.032268
-126.760000	40.640000	-156.651001	19.430099	-1.035964	222.050638	914.699803
-126.760000	40.640000	-156.651001	19.680099	-0.485093	222.271393	909.583154
-126.760000	40.640000	-156.651001	19.930099	-0.438427	222.494571	904.491391
-126.760000	40.640000	-156.651001	20.180099	0.069226	222.720547	899.432152
-126.760000	40.640000	-156.651001	20.430099	0.383353	222.949034	894.464705
-126.760000	40.640000	-156.651001	20.680099	0.169974	223.180425	889.497259
-126.760000	40.640000	-156.651001	20.930099	0.704390	223.414418	884.537063
-126.760000	40.640000	-156.651001	21.180099	0.402957	223.651426	879.566176
-126.760000	40.640000	-156.651001	21.430099	-2.336815	223.891132	874.678602
-126.760000	40.640000	-156.401001	18.430099	0.423805	221.012382	931.237603
-126.760000	40.640000	-156.401001	18.680099	0.833466	221.223834	926.177642
-126.760000	40.640000	-156.401001	18.930099	-1.264146	221.437633	920.970622
-126.760000	40.640000	-156.401001	19.180099	-1.913901	221.653987	915.583150
-126.760000	40.640000	-156.401001	19.430099	-1.782020	221.872776	910.205868
-126.760000	40.640000	-156.401001	19.680099	-1.133138	222.094214	905.041656
-126.760000	40.640000	-156.401001	19.930099	-0.926584	222.318177	899.928857
-126.760000	40.640000	-156.401001	20.180099	-0.674672	222.544887	894.837094
-126.760000	40.640000	-156.401001	20.430099	0.015602	222.774217	889.777418
-126.760000	40.640000	-156.401001	20.680099	0.375849	223.006397	884.809971
-126.760000	40.640000	-156.401001	20.930099	0.034734	223.241295	879.857928
-126.760000	40.640000	-156.401001	21.180099	0.885230	223.479149	874.823621
-126.760000	40.640000	-156.401001	21.430099	-2.188466	223.719825	870.160000
-126.760000	40.640000	-156.151001	18.430099	1.048324	220.829512	926.536802
-126.760000	40.640000	-156.151001	18.680099	1.614331	221.041600	921.515934
-126.760000	40.640000	-156.151001	18.930099	-0.045249	221.255995	916.469940
-126.760000	40.640000	-156.151001	19.180099	-1.342069	221.473037	911.082467
-126.760000	40.640000	-156.151001	19.430099	-1.641497	221.692469	905.825947
-126.760000	40.640000	-156.151001	19.680099	-1.612386	221.914649	900.661734
-126.760000	40.640000	-156.151001	19.930099	-1.671563	222.139305	895.497521
-126.760000	40.640000	-156.151001	20.180099	-1.603177	222.366815	890.333308
-126.760000	40.640000	-156.151001	20.430099	-1.164862	222.596892	885.182797
-126.760000	40.640000	-156.151001	20.680099	-0.257039	222.829931	880.122684
-126.760000	40.640000	-156.151001	20.930099	0.243288	223.065632	875.134288
-126.760000	40.640000	-156.151001	21.180099	1.671055	223.304410	870.081067
-126.760000	40.640000	-156.151001	21.430099	-1.829640	223.545949	865.641397
-126.760000	40.640000	-155.901001	18.180099	-0.525524	220.434314	927.109553
-126.760000	40.640000	-155.901001	18.430099	0.886882	220.644446	922.006044
-126.760000	40.640000	-155.901001	18.680099	1.034419	220.857091	916.902535
-126.760000	40.640000	-155.901001	18.930099	0.670767	221.072130	911.833356
-126.760000	40.640000	-155.901001	19.180099	-0.650268	221.289774	906.610238
-126.760000	40.640000	-155.901001	19.430099	-0.954428	221.509903	901.446025
-126.760000	40.640000	-155.901001	19.680099	-1.127740	221.732734	896.281812
-126.760000	40.640000	-155.901001	19.930099	-1.326466	221.958142	891.117600
-126.760000	40.640000	-155.901001	20.180099	-1.547679	222.186356	885.945080
-126.760000	40.640000	-155.901001	20.430099	-1.658939	222.417243	880.765392
-126.760000	40.640000	-155.901001	20.680099	-1.338505	222.651041	875.578664
-126.760000	40.640000	-155.901001	20.930099	-0.592602	222.887615	870.392235
-126.760000	40.640000	-155.901001	21.180099	2.394328	223.127210	865.338857
-126.760000	40.640000	-155.651001	18.180099	0.571416	220.246305	922.601659
-126.760000	40.640000	-155.651001	18.430099	1.063443	220.456955	917.496441
-126.760000	40.640000	-155.651001	18.680099	0.855571	220.670201	912.391223
-126.760000	40.640000	-155.651001	18.930099	0.714775	220.885803	907.286006
-126.760000	40.640000	-155.651001	19.180099	-0.037628	221.104101	902.167017
-126.760000	40.640000	-155.651001	19.430099	-0.481959	221.324840	896.987329
-126.760000	40.640000	-155.651001	19.680099	-0.656551	221.548379	891.807641
-126.760000	40.640000	-155.651001	19.930099	-0.833745	221.774449	886.627953
-126.760000	40.640000	-155.651001	20.180099	-0.988657	222.003427	881.448265
-126.760000	40.640000	-155.651001	20.430099	-1.113688	222.235030	876.247903
-126.760000	40.640000	-155.651001	20.680099	-1.264459	222.469654	871.005620
-126.760000	40.640000	-155.651001	20.930099	-1.444295	222.707000	865.818409
-126.760000	40.640000	-155.651001	21.180099	0.621522	222.947486	860.641320
-126.760000	40.640000	-155.401001	17.930099	-1.384620	219.847165	923.483046
-126.760000	40.640000	-155.401001	18.180099	0.263433	220.056020	918.110667
-126.760000	40.640000	-155.401001	18.430099	1.126119	220.267228	912.966132
-126.760000	40.640000	-155.401001	18.680099	1.104472	220.480997	907.860914
-126.760000	40.640000	-155.401001	18.930099	0.855652	220.697206	902.755696
-126.760000	40.640000	-155.401001	19.180099	0.532015	220.916073	897.636736
-126.760000	40.640000	-155.401001	19.430099	-0.038682	221.137472	892.490513
-126.760000	40.640000	-155.401001	19.680099	-0.398310	221.361630	887.310825
-126.760000	40.640000	-155.401001	19.930099	-0.568073	221.588416	882.131137
-126.760000	40.640000	-155.401001	20.180099	-0.761874	221.818065	876.917142
-126.760000	40.640000	-155.401001	20.430099	-0.829460	222.050443	871.648841
-126.760000	40.640000	-155.401001	20.680099	-1.122078	222.285794	866.446662
-126.760000	40.640000	-155.401001	20.930099	-1.855298	222.523979	861.298921
-126.760000	40.640000	-155.401001	21.180099	-0.981946	222.765250	856.573775
-126.760000	40.640000	-155.151001	17.930099	-0.951782	219.653966	919.120922
-126.760000	40.640000	-155.151001	18.180099	-0.331734	219.863337	913.676526
-126.760000	40.640000	-155.151001	18.430099	0.767121	220.075028	908.462183
-126.760000	40.640000	-155.151001	18.680099	1.175687	220.289361	903.330605
-126.760000	40.640000	-155.151001	18.930099	1.048438	220.506099	898.223588
-126.760000	40.640000	-155.151001	19.180099	0.796814	220.725581	893.101717
-126.760000	40.640000	-155.151001	19.430099	0.127974	220.947557	887.979846
-126.760000	40.640000	-155.151001	19.680099	-0.274682	221.172385	882.814010
-126.760000	40.640000	-155.151001	19.930099	-0.338150	221.399799	877.586381
-126.760000	40.640000	-155.151001	20.180099	-0.442423	221.630176	872.318080
-126.760000	40.640000	-155.151001	20.430099	-0.776567	221.863236	867.074915
-126.760000	40.640000	-155.151001	20.680099	-1.142358	222.099377	861.956522
-126.760000	40.640000	-155.151001	20.930099	-2.640565	222.338301	857.335772
-126.760000	40.640000	-155.151001	21.180099	-2.123670	222.580427	852.408481
-126.760000	40.640000	-154.901001	17.680099	-0.549043	219.251226	920.203193
-126.760000	40.640000	-154.901001	17.930099	-0.756343	219.458526	914.758798
-126.760000	40.640000	-154.901001	18.180099	-0.571296	219.668340	909.314402
-126.760000	40.640000	-154.901001	18.430099	0.337338	219.880550	904.022482
-126.760000	40.640000	-154.901001	18.680099	0.565317	220.095370	898.813699
-126.760000	40.640000	-154.901001	18.930099	0.154233	220.312677	893.688569
-126.760000	40.640000	-154.901001	19.180099	-0.191669	220.532693	888.566698
-126.760000	40.640000	-154.901001	19.430099	-0.814825	220.755291	883.523708
-126.760000	40.640000	-154.901001	19.680099	-1.749903	220.980702	878.308452
-126.760000	40.640000	-154.901001	19.930099	-0.848816	221.208795	872.987319
-126.760000	40.640000	-154.901001	20.180099	-0.348462	221.439808	867.719018
-126.760000	40.640000	-154.901001	20.430099	-0.775880	221.673606	862.614122
-126.760000	40.640000	-154.901001	20.680099	-1.291231	221.910438	857.993372
-126.760000	40.640000	-154.901001	20.930099	-3.041183	222.150164	853.372622
-126.760000	40.640000	-154.901001	21.180099	-3.493115	222.393041	848.243187
-126.760000	40.640000	-154.651001	17.680099	-1.800803	219.052903	915.841070
-126.760000	40.640000	-154.651001	17.930099	-1.727043	219.260606	910.396674
-126.760000	40.640000	-154.651001	18.180099	-1.467901	219.470896	904.952279
-126.760000	40.640000	-154.651001	18.430099	-0.286896	219.683552	899.582780
-126.760000	40.640000	-154.651001	18.680099	-0.060831	219.898897	894.454367
-126.760000	40.640000	-154.651001	18.930099	-0.469256	220.116696	889.482053
-126.760000	40.640000	-154.651001	19.180099	-1.241862	220.337288	884.468767
-126.760000	40.640000	-154.651001	19.430099	-1.460431	220.560426	879.390304
-126.760000	40.640000	-154.651001	19.680099	-3.253285	220.786468	874.211305
-126.760000	40.640000	-154.651001	19.930099	-3.429984	221.015151	868.586812
-126.760000	40.640000	-154.651001	20.180099	-1.293590	221.246853	863.271723
-126.760000	40.640000	-154.651001	20.430099	-1.117587	221.481297	858.650973
-126.760000	40.640000	-154.651001	20.680099	-1.298228	221.718881	854.030223
-126.760000	40.640000	-154.651001	20.930099	-3.095962	221.959310	849.409473
-126.760000	40.640000	-154.651001	21.180099	-4.761697	222.203005	844.077893
-126.760000	40.640000	-154.401001	17.680099	-2.904655	218.852271	911.922040
-126.760000	40.640000	-154.401001	17.930099	-3.726894	219.060406	906.393396
-126.760000	40.640000	-154.401001	18.180099	-3.655869	219.271100	900.864752
-126.760000	40.640000	-154.401001	18.430099	-2.500689	219.484236	895.400426
-126.760000	40.640000	-154.401001	18.680099	-0.533009	219.700028	890.386715
-126.760000	40.640000	-154.401001	18.930099	-0.832418	219.918356	885.413827
-126.760000	40.640000	-154.401001	19.180099	-1.059258	220.139443	880.366694
-126.760000	40.640000	-154.401001	19.430099	-1.304829	220.363164	875.187696
-126.760000	40.640000	-154.401001	19.680099	-2.231096	220.589750	870.008697
-126.760000	40.640000	-154.401001	19.930099	-3.675778	220.819072	864.567217
-126.760000	40.640000	-154.401001	20.180099	-2.801327	221.051373	859.395660
-126.760000	40.640000	-154.401001	20.430099	-1.320464	221.286515	854.759077
-126.760000	40.640000	-154.401001	20.680099	-0.278476	221.524753	850.122493
-126.760000	40.640000	-154.401001	20.930099	-1.251311	221.765945	845.352610
-126.760000	40.640000	-154.401001	21.180099	-4.407251	222.010354	839.912599
-126.760000	40.640000	-154.151001	17.680099	-0.959268	218.649181	907.907669
-126.760000	40.640000	-154.151001	17.930099	-3.066173	218.857681	902.557965
-126.760000	40.640000	-154.151001	18.180099	-3.613643	219.068808	897.077664
-126.760000	40.640000	-154.151001	18.430099	-3.917324	219.282351	891.691729
-126.760000	40.640000	-154.151001	18.680099	-1.847162	219.498626	886.319064
-126.760000	40.640000	-154.151001	18.930099	-0.977164	219.717406	881.343085
-126.760000	40.640000	-154.151001	19.180099	-1.203892	219.939028	876.164086
-126.760000	40.640000	-154.151001	19.430099	-1.328958	220.163249	870.985087
-126.760000	40.640000	-154.151001	19.680099	-1.671141	220.390425	865.806089
-126.760000	40.640000	-154.151001	19.930099	-2.228343	220.620299	860.547622
-126.760000	40.640000	-154.151001	20.180099	-0.942934	220.853247	855.539596
-126.760000	40.640000	-154.151001	20.430099	0.129271	221.088996	850.879221
-126.760000	40.640000	-154.151001	20.680099	0.137288	221.327944	845.782054
-126.760000	40.640000	-154.151001	20.930099	0.430706	221.569801	840.684888
-126.760000	40.640000	-154.151001	21.180099	-1.293541	221.814987	835.414178
-126.760000	40.640000	-153.901001	17.680099	-0.474748	218.443746	903.732156
-126.760000	40.640000	-153.901001	17.930099	-1.990489	218.652635	898.584990
-126.760000	40.640000	-153.901001	18.180099	-2.509903	218.864127	893.126764
-126.760000	40.640000	-153.901001	18.430099	-1.883843	219.078105	887.764566
-126.760000	40.640000	-153.901001	18.680099	-1.546217	219.294789	882.402368
-126.760000	40.640000	-153.901001	18.930099	-0.813727	219.514055	877.266439
-126.760000	40.640000	-153.901001	19.180099	-2.082946	219.736131	872.057940
-126.760000	40.640000	-153.901001	19.430099	-2.609163	219.960891	866.849440
-126.760000	40.640000	-153.901001	19.680099	-2.714279	220.188572	861.640941
-126.760000	40.640000	-153.901001	19.930099	-2.019349	220.419041	856.432442
-126.760000	40.640000	-153.901001	20.180099	-0.434255	220.652547	851.308665
-126.760000	40.640000	-153.901001	20.430099	1.592894	220.888953	846.211498
-126.760000	40.640000	-153.901001	20.680099	1.353332	221.128515	841.114332
-126.760000	40.640000	-153.901001	20.930099	0.588573	221.371092	836.017166
-126.760000	40.640000	-153.901001	21.180099	-0.116808	221.616953	830.727369
-126.760000	40.640000	-153.651001	17.680099	-0.773997	218.235807	899.793082
-126.760000	40.640000	-153.651001	17.930099	-2.081280	218.445019	894.663843
-126.760000	40.640000	-153.651001	18.180099	-2.954883	218.656900	889.113495
-126.760000	40.640000	-153.651001	18.430099	-1.968659	218.871245	883.553162
-126.760000	40.640000	-153.651001	18.680099	-0.359560	219.088366	878.190964
-126.760000	40.640000	-153.651001	18.930099	0.622637	219.308043	873.055538
-126.760000	40.640000	-153.651001	19.180099	-0.511147	219.530609	868.126502
-126.760000	40.640000	-153.651001	19.430099	-3.175716	219.755828	863.034588
-126.760000	40.640000	-153.651001	19.680099	-3.429786	219.984053	857.820268
-126.760000	40.640000	-153.651001	19.930099	-3.379023	220.215033	852.358451
-126.760000	40.640000	-153.651001	20.180099	-2.171888	220.449143	846.896634
-126.760000	40.640000	-153.651001	20.430099	-0.270441	220.686114	841.543776
-126.760000	40.640000	-153.651001	20.680099	1.323436	220.926342	836.446610
-126.760000	40.640000	-153.651001	20.930099	0.795983	221.169544	831.345656
-126.760000	40.640000	-153.401001	17.930099	-2.065110	218.235043	890.721747
-126.760000	40.640000	-153.401001	18.180099	-3.530307	218.447246	885.142337
-126.760000	40.640000	-153.401001	18.430099	-3.684755	218.661981	879.562926
-126.760000	40.640000	-153.401001	18.680099	-2.071671	218.879468	873.983516
-126.760000	40.640000	-153.401001	18.930099	-1.009124	219.099584	868.842082
-126.760000	40.640000	-153.401001	19.180099	-0.893058	219.322563	863.937497
-126.760000	40.640000	-153.401001	19.430099	-1.947241	219.548275	859.200905
-126.760000	40.640000	-153.401001	19.680099	-3.200821	219.776962	853.725356
-126.760000	40.640000	-153.401001	19.930099	-3.384893	220.008492	848.249807
-126.760000	40.640000	-153.401001	20.180099	-3.538822	220.243117	842.774718
-126.760000	40.640000	-153.401001	20.430099	-3.331995	220.480698	837.312901
-126.760000	40.640000	-153.151001	18.180099	-4.059677	218.234997	881.324089
-126.760000	40.640000	-153.151001	18.430099	-4.476338	218.450054	875.746280
-126.760000	40.640000	-153.151001	18.680099	-3.241749	218.667931	870.168472
-126.760000	40.640000	-153.151001	18.930099	-2.579375	218.888415	865.181153
-126.760000	40.640000	-153.151001	19.180099	-2.926972	219.111836	860.476912
-126.760000	40.640000	-153.151001	19.430099	-2.552824	219.337963	855.169887
-126.760000	40.640000	-153.151001	19.680099	-3.207201	219.567148	849.694338
-126.760000	40.640000	-153.151001	19.930099	-3.439197	219.799145	844.218789
-126.760000	40.640000	-152.901001	18.180099	-3.438280	218.020284	877.623620
-126.760000	40.640000	-152.901001	18.430099	-4.674309	218.235682	872.045811
-126.760000	40.640000	-152.901001	18.680099	-3.549185	218.453880	866.468003
-126.760000	40.640000	-152.901001	18.930099	-2.815226	218.674755	861.720569
-126.760000	40.640000	-152.901001	19.180099	-2.177122	218.898543	856.614418
-126.760000	40.640000	-152.901001	19.430099	-2.765168	219.125115	851.138869
-126.760000	40.640000	-152.651001	18.430099	-3.793899	218.018600	868.345342
-126.760000	40.640000	-152.651001	18.680099	-4.136716	218.237139	862.964225
-126.760000	40.640000	-152.651001	18.930099	-1.918301	218.458335	858.058950
