-111.930000	-23.990000	-157.127594	19.930099	-0.095256	314.633599	1741.425593
-111.930000	-23.990000	-157.127594	20.180099	-1.369968	314.775732	1746.103891
-111.930000	-23.990000	-156.877594	19.180099	0.460235	314.374878	1722.129841
-111.930000	-23.990000	-156.877594	19.430099	0.235801	314.518207	1726.955609
-111.930000	-23.990000	-156.877594	19.680099	-0.155665	314.661240	1731.780016
-111.930000	-23.990000	-156.877594	19.930099	-1.128563	314.804047	1736.535936
-111.930000	-23.990000	-156.877594	20.180099	-1.654474	314.946568	1741.177268
-111.930000	-23.990000	-156.627594	18.680099	0.363025	314.256668	1707.542724
-111.930000	-23.990000	-156.627594	18.930099	-0.033500	314.400950	1712.367131
-111.930000	-23.990000	-156.627594	19.180099	-0.217302	314.544947	1717.191538
-111.930000	-23.990000	-156.627594	19.430099	-0.364976	314.688676	1722.015945
-111.930000	-23.990000	-156.627594	19.680099	-0.750609	314.832128	1726.840351
-111.930000	-23.990000	-156.627594	19.930099	-1.457418	314.975322	1731.583502
-111.930000	-23.990000	-156.627594	20.180099	-1.821877	315.118248	1736.250645
-111.930000	-23.990000	-156.377594	18.430099	-0.934403	314.281763	1697.564914
-111.930000	-23.990000	-156.377594	18.680099	0.115753	314.426735	1702.597682
-111.930000	-23.990000	-156.377594	18.930099	-0.231793	314.571450	1707.427466
-111.930000	-23.990000	-156.377594	19.180099	-0.392147	314.715846	1712.251873
-111.930000	-23.990000	-156.377594	19.430099	-0.536293	314.859993	1717.076280
-111.930000	-23.990000	-156.377594	19.680099	-0.976464	315.003832	1721.900687
-111.930000	-23.990000	-156.377594	19.930099	-1.684022	315.147429	1726.625760
-111.930000	-23.990000	-156.377594	20.180099	-1.988851	315.290727	1731.298102
-111.930000	-23.990000	-156.127594	18.430099	-1.103198	314.452299	1692.488625
-111.930000	-23.990000	-156.127594	18.680099	-0.033845	314.597703	1697.521393
-111.930000	-23.990000	-156.127594	18.930099	-0.203653	314.742817	1702.487802
-111.930000	-23.990000	-156.127594	19.180099	-0.563931	314.887630	1707.312209
-111.930000	-23.990000	-156.127594	19.430099	-0.708462	315.032162	1712.136616
-111.930000	-23.990000	-156.127594	19.680099	-1.203287	315.176403	1716.961023
-111.930000	-23.990000	-156.127594	19.930099	-1.912046	315.320371	1721.668018
-111.930000	-23.990000	-156.127594	20.180099	-2.161599	315.464058	1726.340360
-111.930000	-23.990000	-156.127594	20.430099	-2.305585	315.607480	1731.012701
-111.930000	-23.990000	-155.877594	18.180099	-2.782520	314.477580	1682.860776
-111.930000	-23.990000	-155.877594	18.430099	-1.272883	314.623725	1687.412336
-111.930000	-23.990000	-155.877594	18.680099	-0.016190	314.769527	1692.445104
-111.930000	-23.990000	-155.877594	18.930099	-0.369601	314.915056	1697.477873
-111.930000	-23.990000	-155.877594	19.180099	-0.528729	315.060254	1702.372545
-111.930000	-23.990000	-155.877594	19.430099	-0.881487	315.205186	1707.196952
-111.930000	-23.990000	-155.877594	19.680099	-1.435382	315.349798	1712.021359
-111.930000	-23.990000	-155.877594	19.930099	-2.141008	315.494152	1716.710277
-111.930000	-23.990000	-155.877594	20.180099	-2.335736	315.638194	1721.382618
-111.930000	-23.990000	-155.877594	20.430099	-2.693770	315.781988	1726.054959
-111.930000	-23.990000	-155.627594	18.180099	-2.952605	314.649500	1677.783903
-111.930000	-23.990000	-155.627594	18.430099	-1.443460	314.796042	1682.336047
-111.930000	-23.990000	-155.627594	18.680099	-0.188923	314.942260	1687.368815
-111.930000	-23.990000	-155.627594	18.930099	-0.339021	315.088172	1692.401584
-111.930000	-23.990000	-155.627594	19.180099	-0.691596	315.233770	1697.432881
-111.930000	-23.990000	-155.627594	19.430099	-1.059829	315.379072	1702.257288
-111.930000	-23.990000	-155.627594	19.680099	-1.716424	315.524068	1707.080193
-111.930000	-23.990000	-155.627594	19.930099	-2.366319	315.668778	1711.752535
-111.930000	-23.990000	-155.627594	20.180099	-2.850696	315.813191	1716.424876
-111.930000	-23.990000	-155.627594	20.430099	-2.168310	315.957326	1721.050229
-111.930000	-23.990000	-155.377594	17.930099	-3.163094	314.675048	1668.213505
-111.930000	-23.990000	-155.377594	18.180099	-3.123571	314.822301	1672.707031
-111.930000	-23.990000	-155.377594	18.430099	-1.614935	314.969257	1677.259758
-111.930000	-23.990000	-155.377594	18.680099	-0.362520	315.115857	1682.292526
-111.930000	-23.990000	-155.377594	18.930099	-0.508831	315.262168	1687.325295
-111.930000	-23.990000	-155.377594	19.180099	-0.859750	315.408134	1692.358063
-111.930000	-23.990000	-155.377594	19.430099	-1.072354	315.553819	1697.317624
-111.930000	-23.990000	-155.377594	19.680099	-1.993955	315.699169	1702.122451
-111.930000	-23.990000	-155.377594	19.930099	-3.007458	315.844247	1706.794793
-111.930000	-23.990000	-155.377594	20.180099	-3.968681	315.989001	1711.398966
-111.930000	-23.990000	-155.377594	20.430099	0.680538	316.133490	1715.933648
-111.930000	-23.990000	-155.127594	17.930099	-3.336415	314.848369	1663.136633
-111.930000	-23.990000	-155.127594	18.180099	-3.295471	314.996036	1667.630159
-111.930000	-23.990000	-155.127594	18.430099	-1.787311	315.143373	1672.183469
-111.930000	-23.990000	-155.127594	18.680099	-0.537034	315.290372	1677.216237
-111.930000	-23.990000	-155.127594	18.930099	-0.683712	315.437049	1682.249006
-111.930000	-23.990000	-155.127594	19.180099	-0.830061	315.583398	1687.281774
-111.930000	-23.990000	-155.127594	19.430099	-1.122935	315.729436	1692.314542
-111.930000	-23.990000	-155.127594	19.680099	-2.648184	315.875155	1697.164709
-111.930000	-23.990000	-155.127594	19.930099	-4.125771	316.020572	1701.747703
-111.930000	-23.990000	-155.127594	20.180099	-3.007493	316.165678	1706.282385
-111.930000	-23.990000	-155.127594	20.430099	4.656997	316.310492	1711.343239
-111.930000	-23.990000	-154.877594	17.680099	-3.362233	314.874187	1653.566235
-111.930000	-23.990000	-154.877594	17.930099	-3.510660	315.022615	1658.059761
-111.930000	-23.990000	-154.877594	18.180099	-3.468262	315.170662	1662.553287
-111.930000	-23.990000	-154.877594	18.430099	-1.960593	315.318395	1667.107180
-111.930000	-23.990000	-154.877594	18.680099	-0.712423	315.465760	1672.139948
-111.930000	-23.990000	-154.877594	18.930099	-0.468488	315.612819	1677.172717
-111.930000	-23.990000	-154.877594	19.180099	0.040455	315.759519	1682.205485
-111.930000	-23.990000	-154.877594	19.430099	-1.168242	315.905923	1687.297999
-111.930000	-23.990000	-154.877594	19.680099	-3.726391	316.051979	1692.086626
-111.930000	-23.990000	-154.877594	19.930099	-4.681641	316.197746	1696.631122
-111.930000	-23.990000	-154.877594	20.180099	0.379163	316.343176	1701.165803
-111.930000	-23.990000	-154.877594	20.430099	6.889974	316.488326	1706.957033
-111.930000	-23.990000	-154.877594	20.680099	7.250979	316.633148	1712.968523
-111.930000	-23.990000	-154.627594	17.680099	-3.004390	315.048980	1648.489363
-111.930000	-23.990000	-154.627594	17.930099	-3.188697	315.197787	1652.982889
-111.930000	-23.990000	-154.627594	18.180099	-3.247972	315.346231	1657.476415
-111.930000	-23.990000	-154.627594	18.430099	-1.290538	315.494329	1662.030891
-111.930000	-23.990000	-154.627594	18.680099	0.604605	315.642074	1667.063660
-111.930000	-23.990000	-154.627594	18.930099	1.423311	315.789483	1672.234053
-111.930000	-23.990000	-154.627594	19.180099	0.520133	315.936549	1677.435359
-111.930000	-23.990000	-154.627594	19.430099	-2.963373	316.083289	1682.342506
-111.930000	-23.990000	-154.627594	19.680099	-3.559732	316.229694	1686.916939
-111.930000	-23.990000	-154.627594	19.930099	1.548075	316.375784	1691.491371
-111.930000	-23.990000	-154.627594	20.180099	9.469202	316.521548	1696.559337
-111.930000	-23.990000	-154.627594	20.430099	11.367102	316.667006	1702.570827
-111.930000	-23.990000	-154.627594	20.680099	10.005139	316.812148	1708.582318
-111.930000	-23.990000	-154.377594	17.680099	-2.684663	315.224690	1643.624573
-111.930000	-23.990000	-154.377594	17.930099	-2.819841	315.373892	1648.081813
-111.930000	-23.990000	-154.377594	18.180099	-1.508686	315.522699	1652.539053
-111.930000	-23.990000	-154.377594	18.430099	1.230688	315.671176	1657.249705
-111.930000	-23.990000	-154.377594	18.680099	2.043168	315.819271	1662.371413
-111.930000	-23.990000	-154.377594	18.930099	1.507105	315.967043	1667.572719
-111.930000	-23.990000	-154.377594	19.180099	-0.861211	316.114444	1672.598386
-111.930000	-23.990000	-154.377594	19.430099	1.520937	316.261531	1677.172819
-111.930000	-23.990000	-154.377594	19.680099	8.081568	316.408257	1682.161661
-111.930000	-23.990000	-154.377594	19.930099	13.396177	316.554678	1687.925837
-111.930000	-23.990000	-154.127594	17.680099	-2.268028	315.401370	1638.774550
-111.930000	-23.990000	-154.127594	17.930099	-0.825480	315.550934	1643.272848
-111.930000	-23.990000	-154.127594	18.180099	0.954641	315.700120	1647.987430
-111.930000	-23.990000	-154.127594	18.430099	1.918952	315.848945	1652.830531
-111.930000	-23.990000	-154.127594	18.680099	2.116192	315.997402	1657.723801
-111.930000	-23.990000	-154.127594	18.930099	3.666707	316.145508	1662.854266
-111.930000	-23.990000	-154.127594	19.180099	7.002344	316.293255	1667.919746
-111.930000	-23.990000	-154.127594	19.430099	11.632624	316.440661	1673.665724
-111.930000	-23.990000	-153.877594	17.680099	-0.234302	315.578976	1634.065633
-111.930000	-23.990000	-153.877594	17.930099	0.722584	315.728917	1638.780216
-111.930000	-23.990000	-153.877594	18.180099	1.417846	315.878450	1643.518089
-111.930000	-23.990000	-153.877594	18.430099	2.967893	316.027636	1648.411358
-111.930000	-23.990000	-153.877594	18.680099	7.026023	316.176425	1653.381922
-111.930000	-23.990000	-153.627594	17.930099	0.765096	315.907848	1634.287584
