-155.772995	19.079000	1906.743000
-155.996994	20.771000	1912.717000
-154.983002	19.601000	1885.729000
-153.292099	20.892599	1840.414000
-153.503204	19.495199	1847.174000
-154.393997	19.262501	1870.765000
-153.992294	18.797600	1860.299000
-152.132401	18.481400	1813.974000
-154.030502	17.988400	1863.068000
-154.495895	18.401699	1873.722000
-155.714996	18.000299	1907.660000
-156.808197	18.404200	1935.492000
-156.465103	18.775000	1925.707000
-157.227295	18.984800	1945.710000
-156.510101	19.477699	1925.233000
-156.932007	19.832701	1936.710000
