-177.100000	-14.260000	-157.127594	19.680099	-0.313240	30.054731	1076.922504
-177.100000	-14.260000	-157.127594	19.930099	-0.453689	29.860976	1082.853878
-177.100000	-14.260000	-157.127594	20.180099	0.017334	29.668817	1088.826380
-177.100000	-14.260000	-157.127594	20.430099	0.346769	29.478346	1094.808395
-177.100000	-14.260000	-157.127594	20.680099	0.625014	29.289420	1100.815895
-177.100000	-14.260000	-156.877594	19.180099	2.948911	30.769402	1068.840658
-177.100000	-14.260000	-156.877594	19.430099	1.718412	30.571128	1074.598797
-177.100000	-14.260000	-156.877594	19.680099	1.293861	30.374586	1080.394932
-177.100000	-14.260000	-156.877594	19.930099	0.703003	30.179679	1086.258008
-177.100000	-14.260000	-156.877594	20.180099	0.229725	29.986453	1092.298556
-177.100000	-14.260000	-156.877594	20.430099	0.628218	29.794816	1098.339104
-177.100000	-14.260000	-156.877594	20.680099	0.934627	29.604812	1104.379652
-177.100000	-14.260000	-156.627594	18.930099	1.292666	31.290570	1067.094073
-177.100000	-14.260000	-156.627594	19.180099	2.567763	31.089526	1072.679297
-177.100000	-14.260000	-156.627594	19.430099	1.623261	30.890238	1078.292486
-177.100000	-14.260000	-156.627594	19.680099	1.754919	30.692591	1084.114512
-177.100000	-14.260000	-156.627594	19.930099	1.924436	30.496656	1089.973165
-177.100000	-14.260000	-156.627594	20.180099	1.089415	30.302310	1095.862314
-177.100000	-14.260000	-156.627594	20.430099	0.429808	30.109632	1101.902862
-177.100000	-14.260000	-156.627594	20.680099	0.620946	29.918493	1107.943410
-177.100000	-14.260000	-156.627594	20.930099	1.586428	29.728980	1113.983958
-177.100000	-14.260000	-156.377594	18.680099	-0.666355	31.813826	1065.071072
-177.100000	-14.260000	-156.377594	18.930099	0.338400	31.610041	1070.742967
-177.100000	-14.260000	-156.377594	19.180099	0.612610	31.408026	1076.297016
-177.100000	-14.260000	-156.377594	19.430099	0.617217	31.207673	1081.887621
-177.100000	-14.260000	-156.377594	19.680099	0.538116	31.009039	1087.821310
-177.100000	-14.260000	-156.377594	19.930099	1.161795	30.812022	1093.719457
-177.100000	-14.260000	-156.377594	20.180099	1.534238	30.616673	1099.578110
-177.100000	-14.260000	-156.377594	20.430099	0.960117	30.422898	1105.466620
-177.100000	-14.260000	-156.377594	20.680099	0.084214	30.230743	1111.507168
-177.100000	-14.260000	-156.377594	20.930099	0.814798	30.040119	1117.656594
-177.100000	-14.260000	-156.127594	18.680099	-2.451151	32.132350	1068.352682
-177.100000	-14.260000	-156.127594	18.930099	-1.540491	31.927636	1074.094783
-177.100000	-14.260000	-156.127594	19.180099	-0.904932	31.724605	1079.648832
-177.100000	-14.260000	-156.127594	19.430099	-0.285429	31.523305	1085.444784
-177.100000	-14.260000	-156.127594	19.680099	-0.381546	31.323637	1091.378472
-177.100000	-14.260000	-156.127594	19.930099	-0.045489	31.125656	1097.312160
-177.100000	-14.260000	-156.127594	20.180099	0.464837	30.929256	1103.245849
-177.100000	-14.260000	-156.127594	20.430099	0.958361	30.734503	1109.179537
-177.100000	-14.260000	-156.127594	20.680099	0.110692	30.541281	1115.070926
-177.100000	-14.260000	-156.127594	20.930099	-0.285834	30.349664	1121.344860
-177.100000	-14.260000	-155.877594	18.430099	-2.430048	32.656554	1065.872172
-177.100000	-14.260000	-155.877594	18.680099	-2.148735	32.449179	1071.619572
-177.100000	-14.260000	-155.877594	18.930099	-1.748950	32.243492	1077.366972
-177.100000	-14.260000	-155.877594	19.180099	-0.850707	32.039557	1083.068257
-177.100000	-14.260000	-155.877594	19.430099	-0.609722	31.837264	1089.001946
-177.100000	-14.260000	-155.877594	19.680099	-0.367335	31.636673	1094.935634
-177.100000	-14.260000	-155.877594	19.930099	-0.149113	31.437680	1100.872715
-177.100000	-14.260000	-155.877594	20.180099	0.074657	31.240342	1106.820308
-177.100000	-14.260000	-155.877594	20.430099	0.324095	31.044558	1112.767901
-177.100000	-14.260000	-155.877594	20.680099	0.482739	30.850382	1118.716623
-177.100000	-14.260000	-155.877594	20.930099	-0.119090	30.657720	1125.035461
-177.100000	-14.260000	-155.627594	18.180099	-1.750713	33.182336	1063.535252
-177.100000	-14.260000	-155.627594	18.430099	-1.477090	32.972317	1069.302537
-177.100000	-14.260000	-155.627594	18.680099	-1.197035	32.764020	1075.069821
-177.100000	-14.260000	-155.627594	18.930099	-1.006575	32.557471	1080.837105
-177.100000	-14.260000	-155.627594	19.180099	-0.532055	32.352592	1086.692129
-177.100000	-14.260000	-155.627594	19.430099	-0.612352	32.149417	1092.639722
-177.100000	-14.260000	-155.627594	19.680099	-0.362170	31.947862	1098.587315
-177.100000	-14.260000	-155.627594	19.930099	-0.125550	31.747969	1104.534908
-177.100000	-14.260000	-155.627594	20.180099	0.078761	31.549647	1110.482501
-177.100000	-14.260000	-155.627594	20.430099	-0.043749	31.352948	1116.432148
-177.100000	-14.260000	-155.627594	20.680099	0.513918	31.157771	1122.539436
-177.100000	-14.260000	-155.627594	20.930099	0.242928	30.964176	1128.911598
-177.100000	-14.260000	-155.377594	17.930099	-1.257135	33.709781	1061.411060
-177.100000	-14.260000	-155.377594	18.180099	-1.246642	33.497176	1067.171959
-177.100000	-14.260000	-155.377594	18.430099	-1.051768	33.286280	1072.939243
-177.100000	-14.260000	-155.377594	18.680099	-0.908710	33.077166	1078.706527
-177.100000	-14.260000	-155.377594	18.930099	-0.639630	32.869715	1084.503340
-177.100000	-14.260000	-155.377594	19.180099	-0.564731	32.663997	1090.392048
-177.100000	-14.260000	-155.377594	19.430099	-0.694121	32.459899	1096.301914
-177.100000	-14.260000	-155.377594	19.680099	-0.635066	32.257486	1102.249507
-177.100000	-14.260000	-155.377594	19.930099	-0.427000	32.056650	1108.197100
-177.100000	-14.260000	-155.377594	20.180099	-0.219737	31.857451	1114.147673
-177.100000	-14.260000	-155.377594	20.430099	-0.263052	31.659788	1120.101284
-177.100000	-14.260000	-155.377594	20.680099	-0.162488	31.463718	1126.415572
-177.100000	-14.260000	-155.377594	20.930099	-0.296233	31.269143	1132.732857
-177.100000	-14.260000	-155.127594	17.930099	-1.728746	34.023394	1065.050666
-177.100000	-14.260000	-155.127594	18.180099	-1.542617	33.809964	1070.809144
-177.100000	-14.260000	-155.127594	18.430099	-1.362708	33.598294	1076.575949
-177.100000	-14.260000	-155.127594	18.680099	-1.232605	33.388329	1082.343233
-177.100000	-14.260000	-155.127594	18.930099	-0.970004	33.180083	1088.204442
-177.100000	-14.260000	-155.127594	19.180099	-0.823785	32.973491	1094.093150
-177.100000	-14.260000	-155.127594	19.430099	-0.717412	32.768576	1099.981857
-177.100000	-14.260000	-155.127594	19.680099	-0.820056	32.565266	1105.911700
-177.100000	-14.260000	-155.127594	19.930099	-0.724639	32.363593	1111.863199
-177.100000	-14.260000	-155.127594	20.180099	-0.836081	32.163478	1117.816810
-177.100000	-14.260000	-155.127594	20.430099	-0.447944	31.964960	1123.919546
-177.100000	-14.260000	-155.127594	20.680099	-1.045313	31.767954	1130.219924
-177.100000	-14.260000	-155.127594	20.930099	-0.658843	31.572507	1136.265738
-177.100000	-14.260000	-154.877594	17.680099	-2.256464	34.551112	1062.931794
-177.100000	-14.260000	-154.877594	17.930099	-2.040499	34.335147	1068.690272
-177.100000	-14.260000	-154.877594	18.180099	-1.838532	34.120989	1074.448750
-177.100000	-14.260000	-154.877594	18.430099	-1.748966	33.908514	1080.212655
-177.100000	-14.260000	-154.877594	18.680099	-1.458167	33.697798	1086.016837
-177.100000	-14.260000	-154.877594	18.930099	-1.189143	33.488721	1091.905544
-177.100000	-14.260000	-154.877594	19.180099	-0.840053	33.281355	1097.794252
-177.100000	-14.260000	-154.877594	19.430099	-0.509709	33.075585	1103.701647
-177.100000	-14.260000	-154.877594	19.680099	-0.582146	32.871480	1109.600531
-177.100000	-14.260000	-154.877594	19.930099	-0.797657	32.668931	1115.532335
-177.100000	-14.260000	-154.877594	20.180099	-1.254182	32.468000	1121.485946
-177.100000	-14.260000	-154.877594	20.430099	-1.441680	32.268585	1127.706990
-177.100000	-14.260000	-154.877594	20.680099	-1.770800	32.070745	1133.752805
-177.100000	-14.260000	-154.877594	20.930099	-0.568150	31.874382	1139.798619
-177.100000	-14.260000	-154.627594	17.680099	-2.985084	34.861530	1066.571400
-177.100000	-14.260000	-154.627594	17.930099	-2.675980	34.644883	1072.329878
-177.100000	-14.260000	-154.627594	18.180099	-2.399296	34.429972	1078.088356
-177.100000	-14.260000	-154.627594	18.430099	-3.077197	34.216790	1083.849361
-177.100000	-14.260000	-154.627594	18.680099	-2.868884	34.005294	1089.717939
-177.100000	-14.260000	-154.627594	18.930099	-2.148439	33.795485	1095.649693
-177.100000	-14.260000	-154.627594	19.180099	-1.282149	33.587314	1101.591117
-177.100000	-14.260000	-154.627594	19.430099	-0.999465	33.380790	1107.522384
-177.100000	-14.260000	-154.627594	19.680099	-1.252644	33.175856	1113.387668
-177.100000	-14.260000	-154.627594	19.930099	-1.941797	32.972531	1119.252953
-177.100000	-14.260000	-154.627594	20.180099	-2.814222	32.770750	1125.194057
-177.100000	-14.260000	-154.627594	20.430099	-3.492412	32.570539	1131.239871
-177.100000	-14.260000	-154.627594	20.680099	-3.053357	32.371827	1137.285686
-177.100000	-14.260000	-154.627594	20.930099	-1.229201	32.174650	1143.331500
-177.100000	-14.260000	-154.627594	21.180099	1.962666	31.978928	1148.722625
-177.100000	-14.260000	-154.377594	17.680099	-2.590700	35.170121	1070.100851
-177.100000	-14.260000	-154.377594	17.930099	-3.491062	34.952768	1075.878176
-177.100000	-14.260000	-154.377594	18.180099	-3.333256	34.737196	1081.655501
-177.100000	-14.260000	-154.377594	18.430099	-4.690638	34.523279	1087.239034
-177.100000	-14.260000	-154.377594	18.680099	-7.203212	34.311096	1093.145484
-177.100000	-14.260000	-154.377594	18.930099	-6.885050	34.100526	1099.223418
-177.100000	-14.260000	-154.377594	19.180099	-4.599708	33.891643	1105.301353
-177.100000	-14.260000	-154.377594	19.430099	-2.832269	33.684332	1111.182573
-177.100000	-14.260000	-154.377594	19.680099	-2.798318	33.478665	1116.908762
-177.100000	-14.260000	-154.377594	19.930099	-3.125847	33.274529	1122.634951
-177.100000	-14.260000	-154.377594	20.180099	-4.237586	33.071993	1128.394475
-177.100000	-14.260000	-154.377594	20.430099	-5.558488	32.870949	1134.431060
-177.100000	-14.260000	-154.377594	20.680099	-5.257629	32.671463	1140.543437
-177.100000	-14.260000	-154.377594	20.930099	-3.414789	32.473432	1146.655814
-177.100000	-14.260000	-154.377594	21.180099	-0.456850	32.276916	1152.074156
-177.100000	-14.260000	-154.377594	21.430099	3.457104	32.081819	1157.054138
-177.100000	-14.260000	-154.127594	17.680099	-0.730350	35.476613	1073.851755
-177.100000	-14.260000	-154.127594	17.930099	-1.667207	35.258644	1079.399958
-177.100000	-14.260000	-154.127594	18.180099	-1.945936	35.042389	1085.024125
-177.100000	-14.260000	-154.127594	18.430099	-1.357563	34.827830	1090.438432
-177.100000	-14.260000	-154.127594	18.680099	-4.685745	34.614935	1095.852739
-177.100000	-14.260000	-154.127594	18.930099	-9.165136	34.403697	1101.901113
-177.100000	-14.260000	-154.127594	19.180099	-8.326660	34.194076	1108.300069
-177.100000	-14.260000	-154.127594	19.430099	-5.131537	33.986073	1114.456092
-177.100000	-14.260000	-154.127594	19.680099	-4.057636	33.779642	1120.182281
-177.100000	-14.260000	-154.127594	19.930099	-3.799825	33.574792	1125.924032
-177.100000	-14.260000	-154.127594	20.180099	-3.757770	33.371468	1131.688250
-177.100000	-14.260000	-154.127594	20.430099	-5.290706	33.169689	1137.513765
-177.100000	-14.260000	-154.127594	20.680099	-6.205843	32.969393	1143.626142
-177.100000	-14.260000	-154.127594	20.930099	-4.674676	32.770606	1149.738519
-177.100000	-14.260000	-154.127594	21.180099	-2.770321	32.573261	1155.174902
-177.100000	-14.260000	-153.877594	18.180099	0.020816	35.345828	1088.850418
-177.100000	-14.260000	-153.877594	18.430099	1.214513	35.130602	1094.398258
-177.100000	-14.260000	-153.877594	18.680099	2.408640	34.917084	1099.744590
-177.100000	-14.260000	-153.877594	18.930099	-1.378677	34.705151	1105.090922
-177.100000	-14.260000	-153.877594	19.180099	-6.296949	34.494881	1111.388902
-177.100000	-14.260000	-153.877594	19.430099	-6.142929	34.286157	1117.729610
-177.100000	-14.260000	-153.877594	19.680099	-4.332668	34.079053	1123.455799
-177.100000	-14.260000	-153.877594	19.930099	-4.124322	33.873456	1129.217807
-177.100000	-14.260000	-153.877594	20.180099	-3.925034	33.669438	1134.982025
-177.100000	-14.260000	-153.877594	20.430099	-4.369919	33.466888	1140.746243
-177.100000	-14.260000	-153.877594	20.680099	-6.169586	33.265876	1146.708847
-177.100000	-14.260000	-153.877594	20.930099	-4.901279	33.066297	1152.821224
-177.100000	-14.260000	-153.627594	20.180099	-3.444418	33.965646	1138.275800
-177.100000	-14.260000	-153.627594	20.430099	-4.018015	33.762418	1144.040017
-177.100000	-14.260000	-153.627594	20.680099	-5.213123	33.560659	1149.804235
-177.100000	-14.260000	-153.627594	20.930099	-5.302597	33.360380	1155.882433
-177.100000	-14.260000	-153.377594	20.430099	-3.858436	34.056413	1147.333792
-177.100000	-14.260000	-153.377594	20.680099	-4.172240	33.853993	1153.098010
