-155.772995	19.079000	1511.797000
-157.931000	21.646000	1486.783000
-155.996994	20.771000	1523.776000
-154.983002	19.601000	1535.750000
-159.401001	21.971001	1456.777000
-156.658005	20.891001	1508.779000
-157.270004	21.108999	1495.789000
-159.664993	22.122999	1452.775000
-154.617798	20.088900	1550.441000
-155.679398	21.205500	1535.759000
-153.992294	18.797600	1550.266000
-153.290604	17.906200	1555.763000
-153.700806	17.297501	1539.830000
-154.691299	17.180099	1514.754000
-154.030502	17.988400	1538.765000
-154.495895	18.401699	1532.767000
-154.797394	18.803101	1531.182000
-155.714996	18.000299	1499.754000
-156.808197	18.404200	1478.755000
-156.167007	18.301001	1492.773000
-157.227295	18.984800	1475.763000
-156.510101	19.477699	1497.376000
-156.932007	19.832701	1490.766000
-157.627594	20.346100	1479.527000
