-163.930000	53.750000	-158.651001	21.430099	-1.528090	174.598346	900.153327
-163.930000	53.750000	-158.401001	21.180099	-1.513379	174.374540	908.079768
-163.930000	53.750000	-158.401001	21.430099	-0.432531	174.345795	900.918056
-163.930000	53.750000	-158.151001	20.680099	-4.136598	174.182532	922.845238
-163.930000	53.750000	-158.151001	20.930099	-1.502513	174.153384	916.006210
-163.930000	53.750000	-158.151001	21.180099	-0.218732	174.123766	908.844498
-163.930000	53.750000	-158.151001	21.430099	-0.154504	174.093825	901.682786
-163.930000	53.750000	-157.901001	20.430099	-4.144787	173.964613	930.725275
-163.930000	53.750000	-157.901001	20.680099	-1.495243	173.934628	923.932652
-163.930000	53.750000	-157.901001	20.930099	0.000809	173.904225	916.770940
-163.930000	53.750000	-157.901001	21.180099	0.031601	173.873433	909.609228
-163.930000	53.750000	-157.901001	21.430099	0.137144	173.842204	902.447516
-163.930000	53.750000	-157.651001	19.930099	-4.356621	173.779588	945.212880
-163.930000	53.750000	-157.651001	20.180099	-3.939003	173.749174	938.605312
-163.930000	53.750000	-157.651001	20.430099	-2.006545	173.718438	931.859093
-163.930000	53.750000	-157.651001	20.680099	0.217811	173.687222	924.697381
-163.930000	53.750000	-157.651001	20.930099	0.249366	173.655668	917.535670
-163.930000	53.750000	-157.651001	21.180099	0.285260	173.623614	910.373958
-163.930000	53.750000	-157.651001	21.430099	0.596763	173.591203	903.203149
-163.930000	53.750000	-157.401001	19.680099	-3.538156	173.567221	953.070126
-163.930000	53.750000	-157.401001	19.930099	-3.247095	173.536088	946.408073
-163.930000	53.750000	-157.401001	20.180099	-1.698421	173.504571	939.733121
-163.930000	53.750000	-157.401001	20.430099	-0.387935	173.472626	932.751274
-163.930000	53.750000	-157.401001	20.680099	-0.261479	173.440280	925.462111
-163.930000	53.750000	-157.401001	20.930099	0.497549	173.407485	918.300399
-163.930000	53.750000	-157.401001	21.180099	0.560697	173.374271	911.138688
-163.930000	53.750000	-157.401001	21.430099	1.022510	173.340587	903.905748
-163.930000	53.750000	-157.151001	19.430099	-2.758388	173.357285	960.819359
-163.930000	53.750000	-157.151001	19.680099	-2.593805	173.325406	954.157306
-163.930000	53.750000	-157.151001	19.930099	-1.602778	173.293191	947.495253
-163.930000	53.750000	-157.151001	20.180099	-0.138610	173.260490	940.571791
-163.930000	53.750000	-157.151001	20.430099	0.010298	173.227435	933.589944
-163.930000	53.750000	-157.151001	20.680099	-0.974530	173.193874	926.425967
-163.930000	53.750000	-157.151001	20.930099	0.237655	173.159942	919.065129
-163.930000	53.750000	-157.151001	21.180099	0.835359	173.125481	911.903417
-163.930000	53.750000	-157.151001	21.430099	1.237156	173.090630	904.608347
-163.930000	53.750000	-156.901001	18.930099	-3.344534	173.181680	975.479691
-163.930000	53.750000	-156.901001	19.180099	-2.986899	173.149552	968.594439
-163.930000	53.750000	-156.901001	19.430099	-2.367768	173.117003	961.906540
-163.930000	53.750000	-156.901001	19.680099	-1.732472	173.084062	955.244487
-163.930000	53.750000	-156.901001	19.930099	-0.202081	173.050681	948.392307
-163.930000	53.750000	-156.901001	20.180099	0.133473	173.016892	941.410460
-163.930000	53.750000	-156.901001	20.430099	0.167722	172.982643	934.428614
-163.930000	53.750000	-156.901001	20.680099	-0.282031	172.947966	927.446768
-163.930000	53.750000	-156.901001	20.930099	-0.887369	172.912808	919.981333
-163.930000	53.750000	-156.901001	21.180099	1.405976	172.877203	912.668147
-163.930000	53.750000	-156.901001	21.430099	1.157185	172.841096	905.310946
-163.930000	53.750000	-156.651001	18.680099	-1.771541	172.976947	983.514092
-163.930000	53.750000	-156.651001	18.930099	-2.018915	172.944176	976.707604
-163.930000	53.750000	-156.651001	19.180099	-2.187618	172.910933	969.835015
-163.930000	53.750000	-156.651001	19.430099	-1.433544	172.877341	962.993720
-163.930000	53.750000	-156.651001	19.680099	-0.047643	172.843258	956.212823
-163.930000	53.750000	-156.651001	19.930099	0.907021	172.808810	949.230977
-163.930000	53.750000	-156.651001	20.180099	1.036668	172.773850	942.249130
-163.930000	53.750000	-156.651001	20.430099	1.166735	172.738507	935.267284
-163.930000	53.750000	-156.651001	20.680099	1.368248	172.702631	928.285438
-163.930000	53.750000	-156.651001	20.930099	1.241479	172.666351	921.135438
-163.930000	53.750000	-156.651001	21.180099	2.031005	172.629516	913.372066
-163.930000	53.750000	-156.651001	21.430099	0.726035	172.592256	906.086379
-163.930000	53.750000	-156.401001	18.430099	-0.712010	172.774374	991.277516
-163.930000	53.750000	-156.401001	18.680099	-0.190869	172.740935	984.471027
-163.930000	53.750000	-156.401001	18.930099	0.174363	172.707068	977.664539
-163.930000	53.750000	-156.401001	19.180099	0.290734	172.672801	970.834444
-163.930000	53.750000	-156.401001	19.430099	0.298524	172.638087	963.956053
-163.930000	53.750000	-156.401001	19.680099	0.379092	172.602956	956.984196
-163.930000	53.750000	-156.401001	19.930099	0.859340	172.567358	949.930008
-163.930000	53.750000	-156.401001	20.180099	1.648873	172.531325	942.924809
-163.930000	53.750000	-156.401001	20.430099	2.334376	172.494803	935.919610
-163.930000	53.750000	-156.401001	20.680099	2.584432	172.457826	928.914412
-163.930000	53.750000	-156.401001	20.930099	3.472059	172.420339	921.573051
-163.930000	53.750000	-156.401001	21.180099	2.132270	172.382375	914.074665
-163.930000	53.750000	-156.401001	21.430099	0.579390	172.343877	906.940314
-163.930000	53.750000	-156.151001	18.430099	1.246199	172.539981	992.177731
-163.930000	53.750000	-156.151001	18.680099	1.427128	172.505468	985.294175
-163.930000	53.750000	-156.151001	18.930099	1.563506	172.470595	978.410618
-163.930000	53.750000	-156.151001	19.180099	1.731719	172.435229	971.527062
-163.930000	53.750000	-156.151001	19.430099	1.269038	172.399487	964.709873
-163.930000	53.750000	-156.151001	19.680099	0.606459	172.363230	957.939466
-163.930000	53.750000	-156.151001	19.930099	-0.158708	172.326579	950.851064
-163.930000	53.750000	-156.151001	20.180099	0.571276	172.289392	943.677147
-163.930000	53.750000	-156.151001	20.430099	1.198102	172.251790	936.535136
-163.930000	53.750000	-156.151001	20.680099	2.406767	172.213631	929.529937
-163.930000	53.750000	-156.151001	20.930099	2.654244	172.175037	922.201143
-163.930000	53.750000	-156.151001	21.180099	2.281669	172.135861	914.777264
-163.930000	53.750000	-156.151001	21.430099	0.749136	172.096228	907.794248
-163.930000	53.750000	-155.901001	18.180099	1.464887	172.341098	999.522202
-163.930000	53.750000	-155.901001	18.430099	3.022046	172.306003	992.728294
-163.930000	53.750000	-155.901001	18.680099	2.667466	172.270504	985.934386
-163.930000	53.750000	-155.901001	18.930099	2.330951	172.234551	979.103237
-163.930000	53.750000	-155.901001	19.180099	2.604120	172.198176	972.234100
-163.930000	53.750000	-155.901001	19.430099	2.306378	172.161327	965.463693
-163.930000	53.750000	-155.901001	19.680099	2.224120	172.124037	958.693286
-163.930000	53.750000	-155.901001	19.930099	1.007627	172.086252	951.891851
-163.930000	53.750000	-155.901001	20.180099	0.755845	172.048007	944.717933
-163.930000	53.750000	-155.901001	20.430099	1.616564	172.009244	937.544016
-163.930000	53.750000	-155.901001	20.680099	3.028307	171.970000	930.264224
-163.930000	53.750000	-155.901001	20.930099	3.156067	171.930216	922.908048
-163.930000	53.750000	-155.901001	21.180099	2.583928	171.889928	915.482824
-163.930000	53.750000	-155.651001	18.180099	3.284032	172.108738	1000.075234
-163.930000	53.750000	-155.651001	18.430099	2.864881	172.072675	993.288156
-163.930000	53.750000	-155.651001	18.680099	2.872835	172.036117	986.501078
-163.930000	53.750000	-155.651001	18.930099	2.786059	171.999174	979.714000
-163.930000	53.750000	-155.651001	19.180099	3.472804	171.961715	972.767807
-163.930000	53.750000	-155.651001	19.430099	4.601789	171.923852	966.021409
-163.930000	53.750000	-155.651001	19.680099	4.504438	171.885453	959.282596
-163.930000	53.750000	-155.651001	19.930099	4.366762	171.846630	952.543783
-163.930000	53.750000	-155.651001	20.180099	3.999380	171.807248	945.488720
-163.930000	53.750000	-155.651001	20.430099	4.761346	171.767422	938.149787
-163.930000	53.750000	-155.651001	20.680099	5.031825	171.727014	930.810854
-163.930000	53.750000	-155.651001	20.930099	4.637011	171.686140	923.471921
-163.930000	53.750000	-155.651001	21.180099	-0.315516	171.644658	916.156900
-163.930000	53.750000	-155.401001	17.930099	3.174965	171.913541	1007.511170
-163.930000	53.750000	-155.401001	18.180099	4.024897	171.876896	1000.619641
-163.930000	53.750000	-155.401001	18.430099	2.989719	171.839793	993.930787
-163.930000	53.750000	-155.401001	18.680099	2.788837	171.802263	987.143709
-163.930000	53.750000	-155.401001	18.930099	3.051346	171.764255	980.356631
-163.930000	53.750000	-155.401001	19.180099	3.726955	171.725801	973.327478
-163.930000	53.750000	-155.401001	19.430099	5.052372	171.686849	966.282427
-163.930000	53.750000	-155.401001	19.680099	6.134410	171.647432	959.543614
-163.930000	53.750000	-155.401001	19.930099	6.221452	171.607493	952.804801
-163.930000	53.750000	-155.401001	20.180099	6.164938	171.567069	945.773288
-163.930000	53.750000	-155.401001	20.430099	6.253360	171.526100	938.434355
-163.930000	53.750000	-155.401001	20.680099	5.643264	171.484624	931.095422
-163.930000	53.750000	-155.401001	20.930099	-0.170971	171.442578	923.849731
-163.930000	53.750000	-155.401001	21.180099	-2.682090	171.400002	917.613233
-163.930000	53.750000	-155.151001	17.930099	3.545973	171.683311	1008.099664
-163.930000	53.750000	-155.151001	18.180099	4.074819	171.645646	1001.048261
-163.930000	53.750000	-155.151001	18.430099	4.110103	171.607589	994.507564
-163.930000	53.750000	-155.151001	18.680099	3.148981	171.569017	987.786341
-163.930000	53.750000	-155.151001	18.930099	3.655746	171.530033	980.967582
-163.930000	53.750000	-155.151001	19.180099	3.989956	171.490513	973.887148
-163.930000	53.750000	-155.151001	19.430099	4.147948	171.450562	966.806715
-163.930000	53.750000	-155.151001	19.680099	5.497607	171.410052	959.804632
-163.930000	53.750000	-155.151001	19.930099	6.456137	171.369092	953.065819
-163.930000	53.750000	-155.151001	20.180099	6.400738	171.327550	946.057856
-163.930000	53.750000	-155.151001	20.430099	5.555756	171.285534	938.718923
-163.930000	53.750000	-155.151001	20.680099	-0.464132	171.242913	931.542562
-163.930000	53.750000	-155.151001	20.930099	-6.127785	171.199795	925.541824
-163.930000	53.750000	-155.151001	21.180099	-0.939080	171.156045	918.848817
-163.930000	53.750000	-154.901001	17.680099	3.737570	171.491713	1015.739561
-163.930000	53.750000	-154.901001	17.930099	3.775741	171.453543	1008.688158
-163.930000	53.750000	-154.901001	18.180099	3.697583	171.414943	1001.636754
-163.930000	53.750000	-154.901001	18.430099	5.026385	171.375861	994.923838
-163.930000	53.750000	-154.901001	18.680099	4.330234	171.336332	988.395486
-163.930000	53.750000	-154.901001	18.930099	4.523921	171.296300	981.527253
-163.930000	53.750000	-154.901001	19.180099	4.517639	171.255801	974.446819
-163.930000	53.750000	-154.901001	19.430099	4.449495	171.214778	967.366386
-163.930000	53.750000	-154.901001	19.680099	4.661550	171.173267	960.285952
-163.930000	53.750000	-154.901001	19.930099	5.997395	171.131208	953.326837
-163.930000	53.750000	-154.901001	20.180099	5.376934	171.088640	946.342424
-163.930000	53.750000	-154.901001	20.430099	-0.609587	171.045501	939.235393
-163.930000	53.750000	-154.901001	20.680099	-6.749260	171.001829	933.234655
-163.930000	53.750000	-154.901001	20.930099	-5.389332	170.957560	927.233917
-163.930000	53.750000	-154.901001	21.180099	-0.164859	170.912733	920.084401
-163.930000	53.750000	-154.651001	17.680099	5.156725	171.263553	1016.328054
-163.930000	53.750000	-154.651001	17.930099	4.969180	171.224464	1009.276651
-163.930000	53.750000	-154.651001	18.180099	4.734208	171.184861	1002.225248
-163.930000	53.750000	-154.651001	18.430099	5.281642	171.144840	995.340113
-163.930000	53.750000	-154.651001	18.680099	5.575033	171.104285	988.801497
-163.930000	53.750000	-154.651001	18.930099	5.531664	171.063293	981.986959
-163.930000	53.750000	-154.651001	19.180099	5.520901	171.021745	974.933658
-163.930000	53.750000	-154.651001	19.430099	5.453118	170.979739	967.880356
-163.930000	53.750000	-154.651001	19.680099	5.225247	170.937154	960.827055
-163.930000	53.750000	-154.651001	19.930099	4.528938	170.894091	953.765189
-163.930000	53.750000	-154.651001	20.180099	2.703773	170.850424	946.928224
-163.930000	53.750000	-154.651001	20.430099	-3.044783	170.806255	940.927486
-163.930000	53.750000	-154.651001	20.680099	-3.788797	170.761458	934.926748
-163.930000	53.750000	-154.651001	20.930099	-2.950073	170.716134	928.926010
-163.930000	53.750000	-154.651001	21.180099	0.554402	170.670155	921.319986
-163.930000	53.750000	-154.401001	17.930099	6.597863	170.995876	1009.626436
-163.930000	53.750000	-154.401001	18.180099	5.993534	170.955352	1002.631076
-163.930000	53.750000	-154.401001	18.430099	5.220988	170.914324	995.762160
-163.930000	53.750000	-154.401001	18.680099	5.979126	170.872827	989.170260
-163.930000	53.750000	-154.401001	18.930099	6.153202	170.830805	982.352379
-163.930000	53.750000	-154.401001	19.180099	6.014880	170.788294	975.299078
-163.930000	53.750000	-154.401001	19.430099	4.994246	170.745234	968.245776
-163.930000	53.750000	-154.401001	19.680099	3.886696	170.701665	961.232784
-163.930000	53.750000	-154.401001	19.930099	2.384545	170.657523	954.439488
-163.930000	53.750000	-154.401001	20.180099	0.985015	170.612847	947.792796
-163.930000	53.750000	-154.401001	20.430099	2.513611	170.567575	941.838653
-163.930000	53.750000	-154.401001	20.680099	1.645918	170.521745	936.011447
-163.930000	53.750000	-154.401001	20.930099	2.002989	170.475290	930.184241
-163.930000	53.750000	-154.401001	21.180099	2.940089	170.428253	922.555570
-163.930000	53.750000	-154.151001	18.180099	5.547066	170.726493	1002.964247
-163.930000	53.750000	-154.151001	18.430099	4.909683	170.684542	996.249445
-163.930000	53.750000	-154.151001	18.680099	5.531809	170.642037	989.539023
-163.930000	53.750000	-154.151001	18.930099	4.994931	170.599071	982.717799
-163.930000	53.750000	-154.151001	19.180099	3.957337	170.555529	975.721555
-163.930000	53.750000	-154.151001	19.430099	2.835904	170.511504	968.928259
-163.930000	53.750000	-154.151001	19.680099	1.933026	170.466879	962.134963
-163.930000	53.750000	-154.151001	19.930099	1.212496	170.421750	955.405396
-163.930000	53.750000	-154.151001	20.180099	0.938559	170.375995	948.789434
-163.930000	53.750000	-154.151001	20.430099	3.471924	170.329712	942.357112
-163.930000	53.750000	-154.151001	20.680099	4.632889	170.282777	936.529905
-163.930000	53.750000	-154.151001	20.930099	5.311203	170.235287	930.702699
-163.930000	53.750000	-154.151001	21.180099	6.155114	170.187118	923.216528
-163.930000	53.750000	-153.901001	18.430099	4.561967	170.455293	996.796536
-163.930000	53.750000	-153.901001	18.680099	4.628256	170.411863	990.075235
-163.930000	53.750000	-153.901001	18.930099	4.005104	170.367885	983.417031
-163.930000	53.750000	-153.901001	19.180099	2.448782	170.323397	976.623734
-163.930000	53.750000	-153.901001	19.430099	2.156804	170.278337	969.830438
-163.930000	53.750000	-153.901001	19.680099	1.798922	170.232745	963.037142
-163.930000	53.750000	-153.901001	19.930099	1.258933	170.186557	956.402034
-163.930000	53.750000	-153.901001	20.180099	1.293483	170.139812	949.786072
-163.930000	53.750000	-153.901001	20.430099	1.821698	170.092445	943.170110
-163.930000	53.750000	-153.901001	20.680099	4.995864	170.044497	937.048364
-163.930000	53.750000	-153.901001	20.930099	5.763426	169.995897	931.221158
-163.930000	53.750000	-153.901001	21.180099	7.568176	169.946691	923.552528
-163.930000	53.750000	-153.651001	18.680099	4.004471	170.182385	990.700139
-163.930000	53.750000	-153.651001	18.930099	4.473611	170.137481	984.043133
-163.930000	53.750000	-153.651001	19.180099	3.699311	170.091980	977.444644
-163.930000	53.750000	-153.651001	19.430099	2.871717	170.045973	970.732617
-163.930000	53.750000	-153.651001	19.680099	1.936719	169.999345	964.014634
-163.930000	53.750000	-153.651001	19.930099	1.658053	169.952188	957.398672
-163.930000	53.750000	-153.651001	20.180099	1.528911	169.904384	950.782710
-163.930000	53.750000	-153.651001	20.430099	1.567030	169.856025	944.166748
-163.930000	53.750000	-153.651001	20.680099	3.334558	169.806993	937.566822
-163.930000	53.750000	-153.651001	20.930099	6.819221	169.757378	931.703405
-163.930000	53.750000	-153.401001	18.930099	4.755100	169.907652	984.667455
-163.930000	53.750000	-153.401001	19.180099	4.697980	169.861224	978.071766
-163.930000	53.750000	-153.401001	19.430099	3.534929	169.814201	971.499024
-163.930000	53.750000	-153.401001	19.680099	2.336767	169.766625	964.926281
-163.930000	53.750000	-153.401001	19.930099	2.016558	169.718428	958.353538
-163.930000	53.750000	-153.401001	20.180099	1.736915	169.669654	951.779348
-163.930000	53.750000	-153.401001	20.430099	1.813063	169.620232	945.163386
-163.930000	53.750000	-153.401001	20.680099	1.930598	169.570206	938.547424
