-155.996994	20.771000	912.999000
-155.710999	20.046000	935.994000
-156.658005	20.891001	904.990000
-157.270004	21.108999	895.013000
-156.755997	21.136000	897.003000
-160.047501	19.823400	914.006000
-162.025604	19.986300	898.976000
-155.765305	26.776699	751.186000
-155.636200	22.299900	872.893000
-154.251801	21.168699	911.995000
-150.914993	18.914200	996.070000
-149.000900	16.989000	1062.047000
-151.637604	16.737801	1045.994000
-151.686600	14.689100	1100.065000
-153.868195	17.315399	1018.042000
-156.206604	16.162001	1036.988000
