-155.772995	19.079000	1386.152000
-155.996994	20.771000	1339.142000
-155.710999	20.046000	1362.138000
-159.401001	21.971001	1270.160000
-156.658005	20.891001	1329.135000
-157.270004	21.108999	1317.157000
-159.664993	22.122999	1267.126000
-156.755997	21.136000	1321.155000
-158.903000	21.298401	1299.197000
-160.047501	19.823400	1322.133000
-162.025604	19.986300	1297.129000
-161.314896	21.956301	1254.068000
-161.095001	23.997200	1204.130000
-158.933105	24.573799	1210.200000
-152.765793	25.592800	1252.964000
-156.964600	24.312099	1238.176000
-158.185394	22.620199	1268.143000
-155.636200	22.299900	1302.927000
-154.251801	21.168699	1346.128000
-152.981201	18.301800	1431.186000
-149.000900	16.989000	1507.203000
-151.686600	14.689100	1535.260000
-153.967499	14.731300	1515.130000
-153.868195	17.315399	1449.188000
-156.387695	17.614901	1417.219000
-156.206604	16.162001	1455.130000
-157.859100	14.659600	1474.199000
-157.700806	16.348400	1433.226000
-158.982498	15.574000	1438.144000
-158.760193	18.564699	1367.133000
-158.179504	20.377800	1326.163000
