-151.686600	14.689100	1595.531000
-156.387695	17.614901	1452.434000
-157.700806	16.348400	1447.456000
-155.772995	19.079000	1439.298000
-155.710999	20.046000	1422.284000
-158.903000	21.298401	1337.354000
-160.047501	19.823400	1339.239000
-162.025604	19.986300	1297.270000
-161.314896	21.956301	1275.114000
-161.095001	23.997200	1241.263000
-152.765793	25.592800	1366.894000
-158.185394	22.620199	1322.279000
-151.686600	14.689100	1595.281000
-153.868195	17.315399	1508.341000
-156.387695	17.614901	1452.285000
-157.700806	16.348400	1447.281000
-158.982498	15.574000	1435.280000
-158.179504	20.377800	1366.249000
