-155.772995	19.079000	1154.967000
-155.996994	20.771000	1145.969000
-155.710999	20.046000	1144.963000
-159.401001	21.971001	1213.987000
-157.270004	21.108999	1174.983000
-159.664993	22.122999	1225.953000
-156.755997	21.136000	1161.981000
-158.903000	21.298401	1214.947000
-160.047501	19.823400	1254.869000
-161.314896	21.956301	1266.671000
-161.095001	23.997200	1245.961000
-158.933105	24.573799	1188.956000
-156.964600	24.312099	1142.984000
-158.185394	22.620199	1184.964000
-155.636200	22.299900	1124.945000
-154.251801	21.168699	1098.948000
-152.981201	18.301800	1093.011000
-150.914993	18.914200	1037.964000
-151.686600	14.689100	1098.963000
-153.967499	14.731300	1152.950000
-153.868195	17.315399	1123.954000
-156.387695	17.614901	1183.947000
-156.206604	16.162001	1191.973000
-157.700806	16.348400	1226.239000
-158.982498	15.574000	1264.947000
-158.760193	18.564699	1234.962000
-158.179504	20.377800	1203.855000
