95.890000	-45.630000	-160.814896	21.409600	5.306530	46.236679	3173.425424
95.890000	-45.630000	-160.814896	21.659600	5.161560	46.272340	3177.562377
95.890000	-45.630000	-160.814896	21.909600	4.199171	46.308110	3181.699330
95.890000	-45.630000	-160.814896	22.159600	2.445958	46.344107	3186.114408
95.890000	-45.630000	-160.814896	22.409600	1.856611	46.380216	3190.706463
95.890000	-45.630000	-160.814896	22.659600	1.820269	46.416559	3195.298519
95.890000	-45.630000	-160.814896	22.909600	1.783809	46.453019	3199.890574
95.890000	-45.630000	-160.814896	23.159600	1.747110	46.489717	3204.482630
95.890000	-45.630000	-160.814896	23.409600	1.662089	46.526539	3209.074686
95.890000	-45.630000	-160.814896	23.659600	1.980202	46.563604	3213.659818
95.890000	-45.630000	-160.564896	20.659600	5.368414	46.149974	3166.191973
95.890000	-45.630000	-160.564896	20.909600	5.388308	46.185830	3170.340083
95.890000	-45.630000	-160.564896	21.159600	5.212048	46.221852	3174.477036
95.890000	-45.630000	-160.564896	21.409600	5.175863	46.258037	3178.613989
95.890000	-45.630000	-160.564896	21.659600	5.139508	46.294392	3182.750942
95.890000	-45.630000	-160.564896	21.909600	4.327887	46.330915	3186.887894
95.890000	-45.630000	-160.564896	22.159600	2.567741	46.367614	3191.256991
95.890000	-45.630000	-160.564896	22.409600	1.832341	46.404486	3195.849047
95.890000	-45.630000	-160.564896	22.659600	1.795288	46.441539	3200.441102
95.890000	-45.630000	-160.564896	22.909600	1.758056	46.478771	3205.033158
95.890000	-45.630000	-160.564896	23.159600	1.678414	46.516189	3209.625213
95.890000	-45.630000	-160.564896	23.409600	1.660201	46.553792	3214.192130
95.890000	-45.630000	-160.564896	23.659600	2.615355	46.591586	3218.725541
95.890000	-45.630000	-160.564896	23.909600	2.432552	46.629570	3222.870326
95.890000	-45.630000	-160.314896	19.909600	5.507910	46.059898	3158.863265
95.890000	-45.630000	-160.314896	20.159600	5.404898	46.096008	3163.081012
95.890000	-45.630000	-160.314896	20.409600	5.424136	46.132221	3167.254742
95.890000	-45.630000	-160.314896	20.659600	5.295255	46.168654	3171.391695
95.890000	-45.630000	-160.314896	20.909600	5.228707	46.205193	3175.528648
95.890000	-45.630000	-160.314896	21.159600	5.191942	46.241958	3179.665600
95.890000	-45.630000	-160.314896	21.409600	5.155066	46.278834	3183.802553
95.890000	-45.630000	-160.314896	21.659600	5.117959	46.315941	3187.939506
95.890000	-45.630000	-160.314896	21.909600	4.457819	46.353164	3192.076459
95.890000	-45.630000	-160.314896	22.159600	2.690667	46.390624	3196.399574
95.890000	-45.630000	-160.314896	22.409600	1.808623	46.428204	3200.991630
95.890000	-45.630000	-160.314896	22.659600	1.762698	46.466027	3205.583685
95.890000	-45.630000	-160.314896	22.909600	1.696625	46.503976	3210.175741
95.890000	-45.630000	-160.314896	23.159600	1.677891	46.542173	3214.724441
95.890000	-45.630000	-160.314896	23.409600	1.830540	46.580501	3219.257852
95.890000	-45.630000	-160.314896	23.659600	2.717761	46.619084	3223.716068
95.890000	-45.630000	-160.314896	23.909600	3.235363	46.657803	3227.654440
95.890000	-45.630000	-160.064896	19.409600	5.528759	46.002826	3155.752304
95.890000	-45.630000	-160.064896	19.659600	5.561704	46.039290	3159.970051
95.890000	-45.630000	-160.064896	19.909600	5.772895	46.075910	3164.169401
95.890000	-45.630000	-160.064896	20.159600	5.337916	46.112694	3168.306354
95.890000	-45.630000	-160.064896	20.409600	5.269228	46.149638	3172.443307
95.890000	-45.630000	-160.064896	20.659600	5.278687	46.186752	3176.580259
95.890000	-45.630000	-160.064896	20.909600	5.227388	46.224032	3180.717212
95.890000	-45.630000	-160.064896	21.159600	5.175905	46.261486	3184.854165
95.890000	-45.630000	-160.064896	21.409600	5.134789	46.299111	3188.991118
95.890000	-45.630000	-160.064896	21.659600	5.096985	46.336915	3193.128071
95.890000	-45.630000	-160.064896	21.909600	4.588931	46.374896	3197.265023
95.890000	-45.630000	-160.064896	22.159600	2.814813	46.413061	3201.542157
95.890000	-45.630000	-160.064896	22.409600	1.735911	46.451408	3206.134213
95.890000	-45.630000	-160.064896	22.659600	1.716676	46.489946	3210.723341
95.890000	-45.630000	-160.064896	22.909600	1.688295	46.528670	3215.256752
95.890000	-45.630000	-160.064896	23.159600	1.606444	46.567591	3219.790164
95.890000	-45.630000	-160.064896	23.409600	2.586043	46.606705	3224.323575
95.890000	-45.630000	-160.064896	23.659600	3.052128	46.646020	3228.500182
95.890000	-45.630000	-160.064896	23.909600	3.326160	46.685535	3232.438555
95.890000	-45.630000	-160.064896	24.159600	1.562558	46.725257	3236.525552
95.890000	-45.630000	-159.814896	18.659600	5.587414	45.906380	3148.423597
95.890000	-45.630000	-159.814896	18.909600	5.561360	45.943035	3152.640448
95.890000	-45.630000	-159.814896	19.159600	5.546184	45.979902	3156.842549
95.890000	-45.630000	-159.814896	19.409600	5.474235	46.016870	3161.044649
95.890000	-45.630000	-159.814896	19.659600	5.439257	46.054056	3165.265629
95.890000	-45.630000	-159.814896	19.909600	6.253939	46.091347	3169.475404
95.890000	-45.630000	-159.814896	20.159600	6.073799	46.128860	3173.464352
95.890000	-45.630000	-159.814896	20.409600	5.001815	46.166484	3177.626287
95.890000	-45.630000	-159.814896	20.659600	5.054934	46.204336	3181.780551
95.890000	-45.630000	-159.814896	20.909600	5.160589	46.242303	3185.912289
95.890000	-45.630000	-159.814896	21.159600	5.176468	46.280503	3190.044027
95.890000	-45.630000	-159.814896	21.409600	5.187671	46.318823	3194.179682
95.890000	-45.630000	-159.814896	21.659600	5.136237	46.357383	3198.316635
95.890000	-45.630000	-159.814896	21.909600	4.767097	46.396067	3202.453588
95.890000	-45.630000	-159.814896	22.159600	2.899475	46.434997	3206.684741
95.890000	-45.630000	-159.814896	22.409600	1.738609	46.474056	3211.255653
95.890000	-45.630000	-159.814896	22.659600	1.660668	46.513367	3215.789064
95.890000	-45.630000	-159.814896	22.909600	1.621223	46.552812	3220.322475
95.890000	-45.630000	-159.814896	23.159600	1.718011	46.592516	3224.855886
95.890000	-45.630000	-159.814896	23.409600	2.689405	46.632360	3229.345925
95.890000	-45.630000	-159.814896	23.659600	3.865682	46.672469	3233.284297
95.890000	-45.630000	-159.814896	23.909600	3.417913	46.712723	3237.222669
95.890000	-45.630000	-159.814896	24.159600	1.648282	46.753248	3241.275889
95.890000	-45.630000	-159.814896	24.409600	0.519535	46.793925	3245.657308
95.890000	-45.630000	-159.564896	17.909600	5.697667	45.806623	3141.094150
95.890000	-45.630000	-159.564896	18.159600	5.668942	45.843528	3145.296250
95.890000	-45.630000	-159.564896	18.409600	5.590534	45.880583	3149.498350
95.890000	-45.630000	-159.564896	18.659600	5.511893	45.917795	3153.700450
95.890000	-45.630000	-159.564896	18.909600	5.465155	45.955161	3157.902550
95.890000	-45.630000	-159.564896	19.159600	5.410118	45.992689	3162.109964
95.890000	-45.630000	-159.564896	19.409600	5.372567	46.030377	3166.338195
95.890000	-45.630000	-159.564896	19.659600	5.353820	46.068231	3170.566425
95.890000	-45.630000	-159.564896	19.909600	6.055909	46.106249	3174.794655
95.890000	-45.630000	-159.564896	20.159600	7.220500	46.144439	3178.815416
95.890000	-45.630000	-159.564896	20.409600	6.272309	46.182798	3182.774861
95.890000	-45.630000	-159.564896	20.659600	5.026207	46.221335	3186.907826
95.890000	-45.630000	-159.564896	20.909600	4.734371	46.260045	3191.069761
95.890000	-45.630000	-159.564896	21.159600	4.777672	46.298938	3195.231697
95.890000	-45.630000	-159.564896	21.409600	4.904676	46.338010	3199.393632
95.890000	-45.630000	-159.564896	21.659600	5.034845	46.377271	3203.527418
95.890000	-45.630000	-159.564896	21.909600	5.098524	46.416716	3207.659156
95.890000	-45.630000	-159.564896	22.159600	3.496486	46.456355	3211.787964
95.890000	-45.630000	-159.564896	22.409600	1.677850	46.496185	3216.321375
95.890000	-45.630000	-159.564896	22.659600	1.637821	46.536214	3220.854786
95.890000	-45.630000	-159.564896	22.909600	1.597595	46.576440	3225.388198
95.890000	-45.630000	-159.564896	23.159600	2.561780	46.616871	3229.921609
95.890000	-45.630000	-159.564896	23.409600	2.929990	46.657505	3234.130039
95.890000	-45.630000	-159.564896	23.659600	3.839801	46.698350	3238.068411
95.890000	-45.630000	-159.564896	23.909600	3.510586	46.739404	3242.006783
95.890000	-45.630000	-159.564896	24.159600	1.734972	46.780676	3246.026226
95.890000	-45.630000	-159.564896	24.409600	0.491296	46.822163	3250.407644
95.890000	-45.630000	-159.314896	17.409600	5.730787	45.740742	3137.952051
95.890000	-45.630000	-159.314896	17.659600	5.652057	45.778045	3142.154151
95.890000	-45.630000	-159.314896	17.909600	5.575119	45.815442	3146.356252
95.890000	-45.630000	-159.314896	18.159600	5.537512	45.853049	3150.558352
95.890000	-45.630000	-159.314896	18.409600	5.511248	45.890756	3154.760452
95.890000	-45.630000	-159.314896	18.659600	5.483209	45.928677	3158.962552
95.890000	-45.630000	-159.314896	18.909600	5.427721	45.966702	3163.182530
95.890000	-45.630000	-159.314896	19.159600	5.417103	46.004947	3167.410760
95.890000	-45.630000	-159.314896	19.409600	5.378750	46.043301	3171.638990
95.890000	-45.630000	-159.314896	19.659600	5.340171	46.081880	3175.867220
95.890000	-45.630000	-159.314896	19.909600	5.725732	46.120572	3180.095450
95.890000	-45.630000	-159.314896	20.159600	7.007671	46.159496	3184.195984
95.890000	-45.630000	-159.314896	20.409600	7.452904	46.198536	3188.155429
95.890000	-45.630000	-159.314896	20.659600	6.570774	46.237814	3192.114874
95.890000	-45.630000	-159.314896	20.909600	5.304906	46.277214	3196.189365
95.890000	-45.630000	-159.314896	21.159600	4.574069	46.316858	3200.351300
95.890000	-45.630000	-159.314896	21.409600	4.534298	46.356628	3204.513235
95.890000	-45.630000	-159.314896	21.659600	4.597570	46.396648	3208.675171
95.890000	-45.630000	-159.314896	21.909600	4.778700	46.436800	3212.844189
95.890000	-45.630000	-159.314896	22.159600	4.150451	46.477208	3216.990732
95.890000	-45.630000	-159.314896	22.409600	2.089546	46.517753	3221.387098
95.890000	-45.630000	-159.314896	22.659600	1.615475	46.558560	3225.920509
95.890000	-45.630000	-159.314896	22.909600	1.610816	46.599511	3230.453920
95.890000	-45.630000	-159.314896	23.159600	2.666061	46.640730	3234.975781
95.890000	-45.630000	-159.314896	23.409600	3.856054	46.682097	3238.914153
95.890000	-45.630000	-159.314896	23.659600	3.814411	46.723740	3242.852525
95.890000	-45.630000	-159.314896	23.909600	3.604222	46.765538	3246.790898
95.890000	-45.630000	-159.314896	24.159600	1.822551	46.807618	3250.776562
95.890000	-45.630000	-159.314896	24.409600	0.463601	46.849859	3255.157981
95.890000	-45.630000	-159.314896	24.659600	0.421071	46.892389	3259.539400
95.890000	-45.630000	-159.064896	16.659600	5.795765	45.634749	3130.607853
95.890000	-45.630000	-159.064896	16.909600	5.718321	45.672241	3134.809953
95.890000	-45.630000	-159.064896	17.159600	5.680679	45.709883	3139.012053
95.890000	-45.630000	-159.064896	17.409600	5.642889	45.747672	3143.214153
95.890000	-45.630000	-159.064896	17.659600	5.604945	45.785616	3147.416253
95.890000	-45.630000	-159.064896	17.909600	5.566849	45.823713	3151.618353
95.890000	-45.630000	-159.064896	18.159600	5.559021	45.861969	3155.820453
95.890000	-45.630000	-159.064896	18.409600	5.503096	45.900382	3160.026865
95.890000	-45.630000	-159.064896	18.659600	5.461339	45.938960	3164.255095
95.890000	-45.630000	-159.064896	18.909600	5.444352	45.977699	3168.483325
95.890000	-45.630000	-159.064896	19.159600	5.405443	46.016608	3172.711555
95.890000	-45.630000	-159.064896	19.409600	5.366367	46.055684	3176.939785
95.890000	-45.630000	-159.064896	19.659600	5.327117	46.094934	3181.168015
95.890000	-45.630000	-159.064896	19.909600	5.446331	46.134357	3185.396245
95.890000	-45.630000	-159.064896	20.159600	6.640341	46.173959	3189.576551
95.890000	-45.630000	-159.064896	20.409600	7.437701	46.213739	3193.535996
95.890000	-45.630000	-159.064896	20.659600	7.397736	46.253704	3197.495441
95.890000	-45.630000	-159.064896	20.909600	6.867622	46.293851	3201.454886
95.890000	-45.630000	-159.064896	21.159600	5.602773	46.334190	3205.470904
95.890000	-45.630000	-159.064896	21.409600	4.581489	46.374717	3209.632839
95.890000	-45.630000	-159.064896	21.659600	4.474547	46.415441	3213.813167
95.890000	-45.630000	-159.064896	21.909600	4.465854	46.456358	3218.007361
95.890000	-45.630000	-159.064896	22.159600	4.353516	46.497478	3222.198514
95.890000	-45.630000	-159.064896	22.409600	2.523793	46.538799	3226.452820
95.890000	-45.630000	-159.064896	22.659600	1.593708	46.580328	3230.986231
95.890000	-45.630000	-159.064896	22.909600	2.485916	46.622063	3235.519643
95.890000	-45.630000	-159.064896	23.159600	2.813193	46.664012	3239.759895
95.890000	-45.630000	-159.064896	23.409600	3.831976	46.706175	3243.698267
95.890000	-45.630000	-159.064896	23.659600	3.789592	46.748558	3247.636640
95.890000	-45.630000	-159.064896	23.909600	3.698785	46.791161	3251.575012
95.890000	-45.630000	-159.064896	24.159600	1.971608	46.833992	3255.526899
95.890000	-45.630000	-159.064896	24.409600	0.436412	46.877048	3259.908318
95.890000	-45.630000	-159.064896	24.659600	0.393121	46.920339	3264.289737
95.890000	-45.630000	-158.814896	15.909600	5.823908	45.525518	3123.263654
95.890000	-45.630000	-158.814896	16.159600	5.827303	45.563258	3127.465754
95.890000	-45.630000	-158.814896	16.409600	5.789474	45.601087	3131.667854
95.890000	-45.630000	-158.814896	16.659600	5.751443	45.639119	3135.869955
95.890000	-45.630000	-158.814896	16.909600	5.713318	45.677243	3140.072055
95.890000	-45.630000	-158.814896	17.159600	5.674987	45.715575	3144.274155
95.890000	-45.630000	-158.814896	17.409600	5.636558	45.754004	3148.476255
95.890000	-45.630000	-158.814896	17.659600	5.606697	45.792645	3152.678355
95.890000	-45.630000	-158.814896	17.909600	5.581170	45.831388	3156.880455
95.890000	-45.630000	-158.814896	18.159600	5.524743	45.870349	3161.099430
95.890000	-45.630000	-158.814896	18.409600	5.512635	45.909415	3165.327660
95.890000	-45.630000	-158.814896	18.659600	5.473346	45.948705	3169.555890
95.890000	-45.630000	-158.814896	18.909600	5.433945	45.988106	3173.784120
95.890000	-45.630000	-158.814896	19.159600	5.394316	46.027735	3178.012350
95.890000	-45.630000	-158.814896	19.409600	5.354572	46.067479	3182.240580
95.890000	-45.630000	-158.814896	19.659600	5.314593	46.107458	3186.468810
95.890000	-45.630000	-158.814896	19.909600	5.274494	46.147557	3190.697040
95.890000	-45.630000	-158.814896	20.159600	6.150371	46.187896	3194.925270
95.890000	-45.630000	-158.814896	20.409600	7.313231	46.228360	3198.916564
95.890000	-45.630000	-158.814896	20.659600	7.382370	46.269070	3202.876008
95.890000	-45.630000	-158.814896	20.909600	7.305523	46.309911	3206.835453
95.890000	-45.630000	-158.814896	21.159600	6.745191	46.351003	3210.794898
95.890000	-45.630000	-158.814896	21.409600	5.632644	46.392232	3214.798987
95.890000	-45.630000	-158.814896	21.659600	4.767576	46.433718	3218.976339
95.890000	-45.630000	-158.814896	21.909600	4.447059	46.475346	3223.170532
95.890000	-45.630000	-158.814896	22.159600	4.538283	46.517239	3227.364726
95.890000	-45.630000	-158.814896	22.409600	3.211374	46.559278	3231.518543
95.890000	-45.630000	-158.814896	22.659600	1.572446	46.601589	3236.051954
95.890000	-45.630000	-158.814896	22.909600	2.647866	46.644053	3240.585365
95.890000	-45.630000	-158.814896	23.159600	3.779074	46.686795	3244.544010
95.890000	-45.630000	-158.814896	23.409600	3.808456	46.729695	3248.482382
95.890000	-45.630000	-158.814896	23.659600	3.765270	46.772881	3252.420754
95.890000	-45.630000	-158.814896	23.909600	3.721920	46.816231	3256.359126
95.890000	-45.630000	-158.814896	24.159600	2.161505	46.859875	3260.297498
95.890000	-45.630000	-158.814896	24.409600	0.475869	46.903689	3264.658655
95.890000	-45.630000	-158.814896	24.659600	0.365656	46.947803	3269.040074
95.890000	-45.630000	-158.814896	24.909600	0.321364	46.992095	3273.421492
95.890000	-45.630000	-158.564896	15.659600	4.175707	45.489127	3124.191894
95.890000	-45.630000	-158.564896	15.909600	5.284778	45.527343	3128.525756
95.890000	-45.630000	-158.564896	16.159600	5.824855	45.565707	3132.727856
95.890000	-45.630000	-158.564896	16.409600	5.786346	45.604215	3136.929956
95.890000	-45.630000	-158.564896	16.659600	5.747684	45.642877	3141.132056
95.890000	-45.630000	-158.564896	16.909600	5.708873	45.681688	3145.334156
95.890000	-45.630000	-158.564896	17.159600	5.669904	45.720657	3149.536256
95.890000	-45.630000	-158.564896	17.409600	5.661884	45.759780	3153.738357
95.890000	-45.630000	-158.564896	17.659600	5.605082	45.799066	3157.943765
95.890000	-45.630000	-158.564896	17.909600	5.559143	45.838510	3162.171995
95.890000	-45.630000	-158.564896	18.159600	5.543928	45.878123	3166.400225
95.890000	-45.630000	-158.564896	18.409600	5.504152	45.917898	3170.628455
95.890000	-45.630000	-158.564896	18.659600	5.464204	45.957847	3174.856685
95.890000	-45.630000	-158.564896	18.909600	5.424086	45.997964	3179.084915
95.890000	-45.630000	-158.564896	19.159600	5.383791	46.038260	3183.313145
95.890000	-45.630000	-158.564896	19.409600	5.343322	46.078729	3187.541375
95.890000	-45.630000	-158.564896	19.659600	5.302669	46.119382	3191.769605
95.890000	-45.630000	-158.564896	19.909600	5.261837	46.160214	3195.997835
95.890000	-45.630000	-158.564896	20.159600	5.743681	46.201235	3200.226065
95.890000	-45.630000	-158.564896	20.409600	7.025370	46.242441	3204.297131
95.890000	-45.630000	-158.564896	20.659600	7.321212	46.283842	3208.256576
95.890000	-45.630000	-158.564896	20.909600	7.358081	46.325433	3212.201867
95.890000	-45.630000	-158.564896	21.159600	6.771556	46.367224	3216.075868
95.890000	-45.630000	-158.564896	21.409600	6.113843	46.409212	3220.113981
95.890000	-45.630000	-158.564896	21.659600	5.650711	46.451406	3224.225751
95.890000	-45.630000	-158.564896	21.909600	5.125568	46.493803	3228.337520
95.890000	-45.630000	-158.564896	22.159600	4.586328	46.536412	3232.527898
95.890000	-45.630000	-158.564896	22.409600	3.775907	46.579231	3236.722092
95.890000	-45.630000	-158.564896	22.659600	2.830064	46.622267	3241.117676
95.890000	-45.630000	-158.564896	22.909600	2.761677	46.665519	3245.389752
95.890000	-45.630000	-158.564896	23.159600	3.829154	46.708996	3249.328124
95.890000	-45.630000	-158.564896	23.409600	3.785455	46.752696	3253.266496
95.890000	-45.630000	-158.564896	23.659600	3.741524	46.796626	3257.204868
95.890000	-45.630000	-158.564896	23.909600	3.697365	46.840786	3261.143241
95.890000	-45.630000	-158.564896	24.159600	2.291910	46.885184	3265.081613
95.890000	-45.630000	-158.564896	24.409600	0.560236	46.929819	3269.408991
95.890000	-45.630000	-158.564896	24.659600	0.338761	46.974699	3273.790410
95.890000	-45.630000	-158.564896	24.909600	0.293638	47.019822	3278.171829
95.890000	-45.630000	-158.314896	15.409600	4.001473	45.450975	3124.934929
95.890000	-45.630000	-158.314896	15.659600	3.962728	45.489721	3129.334614
95.890000	-45.630000	-158.314896	15.909600	4.570324	45.528558	3133.734300
95.890000	-45.630000	-158.314896	16.159600	5.645360	45.567600	3137.989958
95.890000	-45.630000	-158.314896	16.409600	5.783825	45.606737	3142.192058
95.890000	-45.630000	-158.314896	16.659600	5.744478	45.646083	3146.394158
95.890000	-45.630000	-158.314896	16.909600	5.711150	45.685529	3150.596258
95.890000	-45.630000	-158.314896	17.159600	5.688041	45.725190	3154.798358
95.890000	-45.630000	-158.314896	17.409600	5.630805	45.764955	3159.016330
95.890000	-45.630000	-158.314896	17.659600	5.617111	45.804939	3163.244560
95.890000	-45.630000	-158.314896	17.909600	5.577018	45.845033	3167.472790
95.890000	-45.630000	-158.314896	18.159600	5.536699	45.885352	3171.701020
95.890000	-45.630000	-158.314896	18.409600	5.496267	45.925784	3175.929250
95.890000	-45.630000	-158.314896	18.659600	5.455604	45.966447	3180.157480
95.890000	-45.630000	-158.314896	18.909600	5.414823	46.007228	3184.385710
95.890000	-45.630000	-158.314896	19.159600	5.373804	46.048246	3188.613940
95.890000	-45.630000	-158.314896	19.409600	5.332664	46.089387	3192.842170
95.890000	-45.630000	-158.314896	19.659600	5.278236	46.130771	3197.070400
95.890000	-45.630000	-158.314896	19.909600	5.223488	46.172283	3201.298630
95.890000	-45.630000	-158.314896	20.159600	5.425096	46.214043	3205.526860
95.890000	-45.630000	-158.314896	20.409600	6.690880	46.255937	3209.677698
95.890000	-45.630000	-158.314896	20.659600	7.407050	46.298086	3213.599711
95.890000	-45.630000	-158.314896	20.909600	7.349425	46.340373	3217.473713
95.890000	-45.630000	-158.314896	21.159600	6.615361	46.382922	3221.347714
95.890000	-45.630000	-158.314896	21.409600	5.951257	46.425615	3225.428975
95.890000	-45.630000	-158.314896	21.659600	5.805281	46.468575	3229.540745
95.890000	-45.630000	-158.314896	21.909600	5.762171	46.511686	3233.652514
95.890000	-45.630000	-158.314896	22.159600	5.481671	46.555071	3237.764283
95.890000	-45.630000	-158.314896	22.409600	4.595205	46.598612	3241.885264
95.890000	-45.630000	-158.314896	22.659600	3.618264	46.642435	3246.183399
95.890000	-45.630000	-158.314896	22.909600	3.666287	46.686420	3250.173866
95.890000	-45.630000	-158.314896	23.159600	3.807458	46.730693	3254.112238
95.890000	-45.630000	-158.314896	23.409600	3.763017	46.775134	3258.050610
95.890000	-45.630000	-158.314896	23.659600	3.718279	46.819872	3261.988983
95.890000	-45.630000	-158.314896	23.909600	3.673367	46.864783	3265.927355
95.890000	-45.630000	-158.314896	24.159600	2.383123	46.909999	3269.865727
95.890000	-45.630000	-158.314896	24.409600	0.645548	46.955396	3274.159328
95.890000	-45.630000	-158.314896	24.659600	0.312355	47.001105	3278.540747
95.890000	-45.630000	-158.314896	24.909600	0.266459	47.047001	3282.922166
95.890000	-45.630000	-158.314896	25.159600	0.220243	47.093217	3287.303585
95.890000	-45.630000	-158.064896	15.159600	4.041331	45.411117	3125.677965
95.890000	-45.630000	-158.064896	15.409600	4.002117	45.450332	3130.077650
95.890000	-45.630000	-158.064896	15.659600	3.962751	45.489697	3134.477335
95.890000	-45.630000	-158.064896	15.909600	4.002605	45.529209	3138.877020
95.890000	-45.630000	-158.064896	16.159600	4.997425	45.568876	3143.252060
95.890000	-45.630000	-158.064896	16.409600	5.781866	45.608695	3147.454160
95.890000	-45.630000	-158.064896	16.659600	5.773665	45.648674	3151.656260
95.890000	-45.630000	-158.064896	16.909600	5.716010	45.688809	3155.860665
95.890000	-45.630000	-158.064896	17.159600	5.665899	45.729109	3160.088895
95.890000	-45.630000	-158.064896	17.409600	5.647145	45.769570	3164.317125
95.890000	-45.630000	-158.064896	17.659600	5.593282	45.810201	3168.545355
95.890000	-45.630000	-158.064896	17.909600	5.539246	45.850998	3172.773585
95.890000	-45.630000	-158.064896	18.159600	5.485026	45.891971	3177.001815
95.890000	-45.630000	-158.064896	18.409600	5.430627	45.933114	3181.230045
95.890000	-45.630000	-158.064896	18.659600	5.376041	45.974439	3185.458275
95.890000	-45.630000	-158.064896	18.909600	5.321270	46.015939	3189.686505
95.890000	-45.630000	-158.064896	19.159600	5.266305	46.057626	3193.914735
95.890000	-45.630000	-158.064896	19.409600	5.227516	46.099495	3198.142965
95.890000	-45.630000	-158.064896	19.659600	5.188772	46.141556	3202.366245
95.890000	-45.630000	-158.064896	19.909600	5.077990	46.183804	3206.589456
95.890000	-45.630000	-158.064896	20.159600	5.028029	46.226249	3210.812666
95.890000	-45.630000	-158.064896	20.409600	6.183805	46.268888	3214.989503
95.890000	-45.630000	-158.064896	20.659600	7.349660	46.311730	3218.871557
95.890000	-45.630000	-158.064896	20.909600	7.290450	46.354771	3222.745559
95.890000	-45.630000	-158.064896	21.159600	6.563625	46.398022	3226.632200
95.890000	-45.630000	-158.064896	21.409600	5.832379	46.441478	3230.743969
95.890000	-45.630000	-158.064896	21.659600	5.788707	46.485150	3234.855739
95.890000	-45.630000	-158.064896	21.909600	5.744824	46.529033	3238.967508
95.890000	-45.630000	-158.064896	22.159600	5.700718	46.573139	3243.079277
95.890000	-45.630000	-158.064896	22.409600	5.692135	46.617462	3247.191047
95.890000	-45.630000	-158.064896	22.659600	5.144396	46.662014	3251.087424
95.890000	-45.630000	-158.064896	22.909600	4.420991	46.706792	3254.957980
95.890000	-45.630000	-158.064896	23.159600	3.786347	46.751804	3258.896352
95.890000	-45.630000	-158.064896	23.409600	3.741102	46.797048	3262.834725
95.890000	-45.630000	-158.064896	23.659600	3.695616	46.842535	3266.773097
95.890000	-45.630000	-158.064896	23.909600	3.649890	46.888261	3270.711469
95.890000	-45.630000	-158.064896	24.159600	2.475321	46.934236	3274.649841
95.890000	-45.630000	-158.064896	24.409600	0.731769	46.980457	3278.909665
95.890000	-45.630000	-158.064896	24.659600	0.286524	47.026936	3283.291084
95.890000	-45.630000	-158.064896	24.909600	0.239791	47.073668	3287.672503
95.890000	-45.630000	-158.064896	25.159600	0.192794	47.120665	3292.053921
95.890000	-45.630000	-157.814896	15.159600	3.849082	45.409242	3130.820685
95.890000	-45.630000	-157.814896	15.409600	3.855567	45.449074	3135.220371
95.890000	-45.630000	-157.814896	15.659600	3.831040	45.489111	3139.620056
95.890000	-45.630000	-157.814896	15.909600	3.806406	45.529247	3144.019741
95.890000	-45.630000	-157.814896	16.159600	4.182064	45.569593	3148.419426
95.890000	-45.630000	-157.814896	16.409600	5.290771	45.610042	3152.716261
95.890000	-45.630000	-157.814896	16.659600	5.668422	45.650707	3156.933230
95.890000	-45.630000	-157.814896	16.909600	5.640189	45.691479	3161.161460
95.890000	-45.630000	-157.814896	17.159600	5.592609	45.732473	3165.389690
95.890000	-45.630000	-157.814896	17.409600	5.554817	45.773578	3169.615895
95.890000	-45.630000	-157.814896	17.659600	5.510100	45.814910	3173.839105
95.890000	-45.630000	-157.814896	17.909600	5.455351	45.856359	3178.062316
95.890000	-45.630000	-157.814896	18.159600	5.400361	45.898040	3182.285526
95.890000	-45.630000	-157.814896	18.409600	5.345242	45.939843	3186.508736
95.890000	-45.630000	-157.814896	18.659600	5.289877	45.981884	3190.731947
95.890000	-45.630000	-157.814896	18.909600	5.234378	46.024051	3194.955157
95.890000	-45.630000	-157.814896	19.159600	5.178626	46.066464	3199.178367
95.890000	-45.630000	-157.814896	19.409600	5.122736	46.109007	3203.401578
95.890000	-45.630000	-157.814896	19.659600	5.012982	46.151801	3207.624788
95.890000	-45.630000	-157.814896	19.909600	5.006269	46.194731	3211.827091
95.890000	-45.630000	-157.814896	20.159600	4.929456	46.237919	3215.994702
95.890000	-45.630000	-157.814896	20.409600	5.493113	46.281249	3220.162314
95.890000	-45.630000	-157.814896	20.659600	6.988907	46.324842	3224.143403
95.890000	-45.630000	-157.814896	20.909600	7.124856	46.368583	3228.017405
95.890000	-45.630000	-157.814896	21.159600	6.479995	46.412594	3231.947194
95.890000	-45.630000	-157.814896	21.409600	5.817098	46.456758	3236.058963
95.890000	-45.630000	-157.814896	21.659600	5.772656	46.501200	3240.170733
95.890000	-45.630000	-157.814896	21.909600	5.728056	46.545801	3244.282502
95.890000	-45.630000	-157.814896	22.159600	5.775609	46.590686	3248.394271
95.890000	-45.630000	-157.814896	22.409600	5.982696	46.635737	3252.250182
95.890000	-45.630000	-157.814896	22.659600	5.868155	46.681079	3256.055684
95.890000	-45.630000	-157.814896	22.909600	5.590680	46.726592	3259.861185
95.890000	-45.630000	-157.814896	23.159600	4.687166	46.772405	3263.680467
95.890000	-45.630000	-157.814896	23.409600	3.829670	46.818395	3267.618839
95.890000	-45.630000	-157.814896	23.659600	3.673457	46.864693	3271.557211
95.890000	-45.630000	-157.814896	23.909600	3.626976	46.911175	3275.495583
95.890000	-45.630000	-157.814896	24.159600	2.568425	46.957973	3279.433956
95.890000	-45.630000	-157.814896	24.409600	0.818943	47.004961	3283.660002
95.890000	-45.630000	-157.814896	24.659600	0.261187	47.052273	3288.041420
95.890000	-45.630000	-157.814896	24.909600	0.213677	47.099783	3292.422839
95.890000	-45.630000	-157.814896	25.159600	0.165834	47.147625	3296.804258
95.890000	-45.630000	-157.814896	25.409600	0.117787	47.195673	3301.185677
95.890000	-45.630000	-157.564896	15.159600	3.518210	45.406744	3135.898905
95.890000	-45.630000	-157.564896	15.409600	3.581750	45.447245	3140.309538
95.890000	-45.630000	-157.564896	15.659600	3.614937	45.487904	3144.714828
95.890000	-45.630000	-157.564896	15.909600	3.604971	45.528715	3149.120117
95.890000	-45.630000	-157.564896	16.159600	3.579595	45.569689	3153.525407
95.890000	-45.630000	-157.564896	16.409600	4.262443	45.610821	3157.930697
95.890000	-45.630000	-157.564896	16.659600	5.327486	45.652121	3162.204806
95.890000	-45.630000	-157.564896	16.909600	5.559279	45.693584	3166.428017
95.890000	-45.630000	-157.564896	17.159600	5.504301	45.735219	3170.651227
95.890000	-45.630000	-157.564896	17.409600	5.454534	45.777022	3174.874437
95.890000	-45.630000	-157.564896	17.659600	5.412553	45.819003	3179.097648
95.890000	-45.630000	-157.564896	17.909600	5.370399	45.861157	3183.320858
95.890000	-45.630000	-157.564896	18.159600	5.328061	45.903495	3187.544068
95.890000	-45.630000	-157.564896	18.409600	5.285545	45.946011	3191.767279
95.890000	-45.630000	-157.564896	18.659600	5.242840	45.988716	3195.990489
95.890000	-45.630000	-157.564896	18.909600	5.199950	46.031606	3200.213699
95.890000	-45.630000	-157.564896	19.159600	5.088747	46.074689	3204.436910
95.890000	-45.630000	-157.564896	19.409600	5.066396	46.117963	3208.660120
95.890000	-45.630000	-157.564896	19.659600	5.059370	46.161437	3212.832290
95.890000	-45.630000	-157.564896	19.909600	4.937323	46.205106	3216.999902
95.890000	-45.630000	-157.564896	20.159600	4.893448	46.248982	3221.167514
95.890000	-45.630000	-157.564896	20.409600	5.144393	46.293060	3225.335126
95.890000	-45.630000	-157.564896	20.659600	6.601684	46.337350	3229.415250
95.890000	-45.630000	-157.564896	20.909600	6.960402	46.381848	3233.289251
95.890000	-45.630000	-157.564896	21.159600	6.318397	46.426564	3237.262188
95.890000	-45.630000	-157.564896	21.409600	5.802362	46.471495	3241.373957
95.890000	-45.630000	-157.564896	21.659600	5.677441	46.516651	3245.485726
95.890000	-45.630000	-157.564896	21.909600	5.836626	46.562029	3249.597496
95.890000	-45.630000	-157.564896	22.159600	6.045398	46.607637	3253.412941
95.890000	-45.630000	-157.564896	22.409600	5.895760	46.653474	3257.218442
95.890000	-45.630000	-157.564896	22.659600	5.849685	46.699549	3261.023944
95.890000	-45.630000	-157.564896	22.909600	5.803374	46.745860	3264.829445
95.890000	-45.630000	-157.564896	23.159600	5.718428	46.792416	3268.634947
95.890000	-45.630000	-157.564896	23.409600	4.951711	46.839214	3272.440448
95.890000	-45.630000	-157.564896	23.659600	4.045124	46.886264	3276.341326
95.890000	-45.630000	-157.564896	23.909600	3.604586	46.933565	3280.279698
95.890000	-45.630000	-157.564896	24.159600	2.662521	46.981126	3284.218070
95.890000	-45.630000	-157.564896	24.409600	0.907033	47.028944	3288.410338
95.890000	-45.630000	-157.564896	24.659600	0.236430	47.077030	3292.791757
95.890000	-45.630000	-157.564896	24.909600	0.188078	47.125382	3297.173176
95.890000	-45.630000	-157.564896	25.159600	0.139450	47.174009	3301.554595
95.890000	-45.630000	-157.564896	25.409600	0.090549	47.222911	3305.936014
95.890000	-45.630000	-157.314896	15.409600	3.406780	45.444797	3145.372301
95.890000	-45.630000	-157.314896	15.659600	3.436291	45.486129	3149.792286
95.890000	-45.630000	-157.314896	15.909600	3.483235	45.527566	3154.203043
95.890000	-45.630000	-157.314896	16.159600	3.500229	45.569221	3158.608333
95.890000	-45.630000	-157.314896	16.409600	3.474071	45.610985	3163.013623
95.890000	-45.630000	-157.314896	16.659600	4.240420	45.652973	3167.418913
95.890000	-45.630000	-157.314896	16.909600	5.288290	45.695074	3171.686559
95.890000	-45.630000	-157.314896	17.159600	5.494151	45.737405	3175.909769
95.890000	-45.630000	-157.314896	17.409600	5.451702	45.779854	3180.132980
95.890000	-45.630000	-157.314896	17.659600	5.409017	45.822539	3184.356190
95.890000	-45.630000	-157.314896	17.909600	5.366209	45.865347	3188.579400
95.890000	-45.630000	-157.314896	18.159600	5.323160	45.908396	3192.802611
95.890000	-45.630000	-157.314896	18.409600	5.279983	45.951573	3197.025821
95.890000	-45.630000	-157.314896	18.659600	5.236273	45.994998	3201.249031
95.890000	-45.630000	-157.314896	18.909600	5.129250	46.038556	3205.472242
95.890000	-45.630000	-157.314896	19.159600	5.121692	46.082368	3209.669879
95.890000	-45.630000	-157.314896	19.409600	5.028443	46.126318	3213.837490
95.890000	-45.630000	-157.314896	19.659600	4.971901	46.170529	3218.005102
95.890000	-45.630000	-157.314896	19.909600	4.927547	46.214883	3222.172714
95.890000	-45.630000	-157.314896	20.159600	4.882925	46.259505	3226.340325
95.890000	-45.630000	-157.314896	20.409600	4.838154	46.304276	3230.507937
95.890000	-45.630000	-157.314896	20.659600	5.986673	46.349320	3234.675549
95.890000	-45.630000	-157.314896	20.909600	6.756928	46.394521	3238.561097
95.890000	-45.630000	-157.314896	21.159600	6.157908	46.440002	3242.577182
95.890000	-45.630000	-157.314896	21.409600	5.705492	46.485644	3246.688951
95.890000	-45.630000	-157.314896	21.659600	5.899722	46.531574	3250.770198
95.890000	-45.630000	-157.314896	21.909600	5.999224	46.577671	3254.575699
95.890000	-45.630000	-157.314896	22.159600	5.925170	46.624064	3258.381201
95.890000	-45.630000	-157.314896	22.409600	5.878603	46.670631	3262.186702
95.890000	-45.630000	-157.314896	22.659600	5.831734	46.717501	3265.992204
95.890000	-45.630000	-157.314896	22.909600	5.784684	46.764551	3269.797705
95.890000	-45.630000	-157.314896	23.159600	5.737323	46.811911	3273.603207
95.890000	-45.630000	-157.314896	23.409600	5.689775	46.859459	3277.408708
95.890000	-45.630000	-157.314896	23.659600	5.214497	46.907326	3281.214210
95.890000	-45.630000	-157.314896	23.909600	4.308037	46.955387	3285.063812
95.890000	-45.630000	-157.314896	24.159600	2.778706	47.003775	3289.002184
95.890000	-45.630000	-157.314896	24.409600	0.996083	47.052364	3293.160675
95.890000	-45.630000	-157.314896	24.659600	0.212171	47.101289	3297.542094
95.890000	-45.630000	-157.314896	24.909600	0.163037	47.150422	3301.923513
95.890000	-45.630000	-157.314896	25.159600	0.113559	47.199901	3306.304932
95.890000	-45.630000	-157.314896	25.409600	0.063865	47.249595	3310.686350
95.890000	-45.630000	-157.314896	25.659600	0.013816	47.299643	3315.067769
95.890000	-45.630000	-157.064896	15.659600	3.341591	45.483729	3154.845697
95.890000	-45.630000	-157.064896	15.909600	3.325384	45.525843	3159.265682
95.890000	-45.630000	-157.064896	16.159600	3.353542	45.568128	3163.685666
95.890000	-45.630000	-157.064896	16.409600	3.399474	45.610577	3168.096549
95.890000	-45.630000	-157.064896	16.659600	3.415901	45.653201	3172.501839
95.890000	-45.630000	-157.064896	16.909600	4.236153	45.695995	3176.907128
95.890000	-45.630000	-157.064896	17.159600	5.283009	45.738969	3181.168312
95.890000	-45.630000	-157.064896	17.409600	5.449438	45.782118	3185.391522
95.890000	-45.630000	-157.064896	17.659600	5.406102	45.825454	3189.614732
95.890000	-45.630000	-157.064896	17.909600	5.362586	45.868970	3193.837943
95.890000	-45.630000	-157.064896	18.159600	5.318879	45.912677	3198.061153
95.890000	-45.630000	-157.064896	18.409600	5.194771	45.956571	3202.284363
95.890000	-45.630000	-157.064896	18.659600	5.186740	46.000661	3206.507467
95.890000	-45.630000	-157.064896	18.909600	5.178582	46.044944	3210.675078
95.890000	-45.630000	-157.064896	19.159600	5.053000	46.089429	3214.842690
95.890000	-45.630000	-157.064896	19.409600	5.008317	46.134113	3219.010302
95.890000	-45.630000	-157.064896	19.659600	4.963424	46.179006	3223.177913
95.890000	-45.630000	-157.064896	19.909600	4.918327	46.224103	3227.345525
95.890000	-45.630000	-157.064896	20.159600	4.873015	46.269415	3231.513137
95.890000	-45.630000	-157.064896	20.409600	4.827493	46.314937	3235.680748
95.890000	-45.630000	-157.064896	20.659600	5.401742	46.360681	3239.848360
95.890000	-45.630000	-157.064896	20.909600	6.253235	46.406642	3243.832943
95.890000	-45.630000	-157.064896	21.159600	5.948358	46.452831	3247.892176
95.890000	-45.630000	-157.064896	21.409600	5.964982	46.499244	3251.932956
95.890000	-45.630000	-157.064896	21.659600	6.003343	46.545891	3255.738458
95.890000	-45.630000	-157.064896	21.909600	5.956465	46.592769	3259.543959
95.890000	-45.630000	-157.064896	22.159600	5.909345	46.639889	3263.349461
95.890000	-45.630000	-157.064896	22.409600	5.861988	46.687246	3267.154962
95.890000	-45.630000	-157.064896	22.659600	5.812166	46.734853	3270.960464
95.890000	-45.630000	-157.064896	22.909600	5.733442	46.782704	3274.765965
95.890000	-45.630000	-157.064896	23.159600	5.654418	46.830811	3278.571467
95.890000	-45.630000	-157.064896	23.409600	5.575099	46.879171	3282.376968
95.890000	-45.630000	-157.064896	23.659600	5.495471	46.927795	3286.182470
95.890000	-45.630000	-157.064896	23.909600	5.539981	46.976679	3289.987971
95.890000	-45.630000	-157.064896	24.159600	4.349757	47.025834	3293.793473
95.890000	-45.630000	-157.064896	24.409600	1.430723	47.075258	3297.911012
95.890000	-45.630000	-157.064896	24.659600	0.188498	47.124962	3302.292431
95.890000	-45.630000	-157.064896	24.909600	0.138518	47.174942	3306.673849
95.890000	-45.630000	-157.064896	25.159600	0.088250	47.225210	3311.055268
95.890000	-45.630000	-157.064896	25.409600	0.037696	47.275763	3315.436687
95.890000	-45.630000	-157.064896	25.659600	-0.013153	47.326613	3319.818106
95.890000	-45.630000	-156.814896	15.909600	3.301822	45.523498	3164.319094
95.890000	-45.630000	-156.814896	16.159600	3.258855	45.566465	3168.739078
95.890000	-45.630000	-156.814896	16.409600	3.241329	45.609548	3173.159063
95.890000	-45.630000	-156.814896	16.659600	3.268058	45.652862	3177.579047
95.890000	-45.630000	-156.814896	16.909600	3.313004	45.696296	3181.990055
95.890000	-45.630000	-156.814896	17.159600	4.214935	45.739968	3186.395344
95.890000	-45.630000	-156.814896	17.409600	5.276821	45.783766	3190.650064
95.890000	-45.630000	-156.814896	17.659600	5.403749	45.827807	3194.873275
95.890000	-45.630000	-156.814896	17.909600	5.346879	45.871978	3199.096485
95.890000	-45.630000	-156.814896	18.159600	5.254433	45.916399	3203.319695
95.890000	-45.630000	-156.814896	18.409600	5.246165	45.960956	3207.512666
95.890000	-45.630000	-156.814896	18.659600	5.136661	46.005769	3211.680278
95.890000	-45.630000	-156.814896	18.909600	5.091707	46.050723	3215.847890
95.890000	-45.630000	-156.814896	19.159600	5.046491	46.095939	3220.015502
95.890000	-45.630000	-156.814896	19.409600	5.001128	46.141302	3224.183113
95.890000	-45.630000	-156.814896	19.659600	4.955496	46.186934	3228.350725
95.890000	-45.630000	-156.814896	19.909600	4.874961	46.232719	3232.518337
95.890000	-45.630000	-156.814896	20.159600	4.769704	46.278780	3236.685948
95.890000	-45.630000	-156.814896	20.409600	4.664139	46.324998	3240.853560
95.890000	-45.630000	-156.814896	20.659600	4.841793	46.371500	3245.021172
95.890000	-45.630000	-156.814896	20.909600	5.699078	46.418166	3249.104789
95.890000	-45.630000	-156.814896	21.159600	5.907420	46.465123	3253.095715
95.890000	-45.630000	-156.814896	21.409600	5.843950	46.512250	3256.901216
95.890000	-45.630000	-156.814896	21.659600	5.765383	46.559675	3260.706718
95.890000	-45.630000	-156.814896	21.909600	5.686596	46.607277	3264.512219
95.890000	-45.630000	-156.814896	22.159600	5.607459	46.655185	3268.317721
95.890000	-45.630000	-156.814896	22.409600	5.530995	46.703276	3272.123222
95.890000	-45.630000	-156.814896	22.659600	5.491702	46.751680	3275.927928
95.890000	-45.630000	-156.814896	22.909600	5.553073	46.800275	3279.722347
95.890000	-45.630000	-156.814896	23.159600	5.898636	46.849191	3283.516766
95.890000	-45.630000	-156.814896	23.409600	6.236987	46.898305	3287.311186
95.890000	-45.630000	-156.814896	23.659600	6.249613	46.947749	3291.105605
95.890000	-45.630000	-156.814896	23.909600	5.965238	46.997398	3294.988638
95.890000	-45.630000	-156.814896	24.159600	5.869072	47.047385	3298.918538
95.890000	-45.630000	-156.814896	24.409600	3.589236	47.097584	3302.769020
95.890000	-45.630000	-156.814896	24.659600	1.237095	47.148131	3307.042767
95.890000	-45.630000	-156.814896	24.909600	0.457122	47.198898	3311.424186
95.890000	-45.630000	-156.814896	25.159600	0.063438	47.250022	3315.805605
95.890000	-45.630000	-156.814896	25.409600	0.012086	47.301373	3320.187024
95.890000	-45.630000	-156.814896	25.659600	-0.039632	47.353091	3324.568443
95.890000	-45.630000	-156.814896	25.909600	-0.091586	47.405046	3328.949862
95.890000	-45.630000	-156.564896	15.909600	3.304745	45.520575	3169.372506
95.890000	-45.630000	-156.564896	16.159600	3.261147	45.564173	3173.792490
95.890000	-45.630000	-156.564896	16.409600	3.217378	45.607942	3178.212475
95.890000	-45.630000	-156.564896	16.659600	3.173426	45.651894	3182.632459
95.890000	-45.630000	-156.564896	16.909600	3.154504	45.696023	3187.052444
95.890000	-45.630000	-156.564896	17.159600	3.179829	45.740340	3191.472428
95.890000	-45.630000	-156.564896	17.409600	4.149189	45.784840	3195.883560
95.890000	-45.630000	-156.564896	17.659600	5.173305	45.829534	3200.131817
95.890000	-45.630000	-156.564896	17.909600	5.119631	45.874415	3204.350255
95.890000	-45.630000	-156.564896	18.159600	4.965106	45.919497	3208.517866
95.890000	-45.630000	-156.564896	18.409600	4.778258	45.964772	3212.685478
95.890000	-45.630000	-156.564896	18.659600	4.672646	46.010253	3216.853090
95.890000	-45.630000	-156.564896	18.909600	4.566679	46.055934	3221.020701
95.890000	-45.630000	-156.564896	19.159600	4.460347	46.101827	3225.188313
95.890000	-45.630000	-156.564896	19.409600	4.353652	46.147926	3229.355925
95.890000	-45.630000	-156.564896	19.659600	4.289927	46.194243	3233.523536
95.890000	-45.630000	-156.564896	19.909600	4.256345	46.240773	3237.678314
95.890000	-45.630000	-156.564896	20.159600	4.179035	46.287527	3241.824109
95.890000	-45.630000	-156.564896	20.409600	4.070900	46.334500	3245.969903
95.890000	-45.630000	-156.564896	20.659600	4.132201	46.381704	3250.115697
95.890000	-45.630000	-156.564896	20.909600	5.160507	46.429135	3254.211593
95.890000	-45.630000	-156.564896	21.159600	5.642010	46.476802	3258.006012
95.890000	-45.630000	-156.564896	21.409600	5.562540	46.524704	3261.800432
95.890000	-45.630000	-156.564896	21.659600	5.482781	46.572849	3265.594851
95.890000	-45.630000	-156.564896	21.909600	5.402737	46.621235	3269.389270
95.890000	-45.630000	-156.564896	22.159600	5.711953	46.669873	3273.183690
95.890000	-45.630000	-156.564896	22.409600	6.057040	46.718758	3276.978109
95.890000	-45.630000	-156.564896	22.659600	6.264137	46.767903	3280.772528
95.890000	-45.630000	-156.564896	22.909600	6.080918	46.817303	3284.603693
95.890000	-45.630000	-156.564896	23.159600	6.029896	46.866970	3288.550511
95.890000	-45.630000	-156.564896	23.409600	6.378809	46.916900	3292.497329
95.890000	-45.630000	-156.564896	23.659600	6.683303	46.967105	3296.444148
95.890000	-45.630000	-156.564896	23.909600	6.988428	47.017581	3300.342029
95.890000	-45.630000	-156.564896	24.159600	7.005017	47.068341	3304.087126
95.890000	-45.630000	-156.564896	24.409600	5.037986	47.119379	3307.832223
95.890000	-45.630000	-156.564896	24.659600	2.626989	47.170709	3312.035917
95.890000	-45.630000	-156.564896	24.909600	2.000872	47.222328	3316.289245
95.890000	-45.630000	-156.564896	25.159600	1.154735	47.274246	3320.555942
95.890000	-45.630000	-156.564896	25.409600	0.350465	47.326462	3324.937361
95.890000	-45.630000	-156.564896	25.659600	-0.065527	47.378986	3329.318780
95.890000	-45.630000	-156.564896	25.909600	-0.118358	47.431818	3333.700198
95.890000	-45.630000	-156.314896	16.159600	3.264014	45.561306	3178.845902
95.890000	-45.630000	-156.314896	16.409600	3.219609	45.605711	3183.265886
95.890000	-45.630000	-156.314896	16.659600	3.174965	45.650355	3187.685871
95.890000	-45.630000	-156.314896	16.909600	3.130194	45.695126	3192.105855
95.890000	-45.630000	-156.314896	17.159600	3.085177	45.740143	3196.525840
95.890000	-45.630000	-156.314896	17.409600	3.180631	45.785292	3200.945824
95.890000	-45.630000	-156.314896	17.659600	4.589519	45.830694	3205.329831
95.890000	-45.630000	-156.314896	17.909600	5.226303	45.876233	3209.450193
95.890000	-45.630000	-156.314896	18.159600	4.979194	45.922031	3213.570556
95.890000	-45.630000	-156.314896	18.409600	4.716265	45.967971	3217.711938
95.890000	-45.630000	-156.314896	18.659600	4.523588	46.014177	3221.857732
95.890000	-45.630000	-156.314896	18.909600	4.344976	46.060532	3226.003526
95.890000	-45.630000	-156.314896	19.159600	4.165350	46.107158	3230.149321
95.890000	-45.630000	-156.314896	19.409600	3.984822	46.153939	3234.295115
95.890000	-45.630000	-156.314896	19.659600	3.803263	46.200998	3238.440909
95.890000	-45.630000	-156.314896	19.909600	3.657601	46.248218	3242.586704
95.890000	-45.630000	-156.314896	20.159600	3.537090	46.295724	3246.732498
95.890000	-45.630000	-156.314896	20.409600	3.471019	46.343396	3250.878292
95.890000	-45.630000	-156.314896	20.659600	3.812534	46.391362	3255.024087
95.890000	-45.630000	-156.314896	20.909600	4.630690	46.439500	3259.056194
95.890000	-45.630000	-156.314896	21.159600	5.686903	46.487939	3262.850613
95.890000	-45.630000	-156.314896	21.409600	6.066831	46.536558	3266.645032
95.890000	-45.630000	-156.314896	21.659600	6.438226	46.585485	3270.439451
95.890000	-45.630000	-156.314896	21.909600	6.308669	46.634598	3274.233871
95.890000	-45.630000	-156.314896	22.159600	6.128320	46.684027	3278.165565
95.890000	-45.630000	-156.314896	22.409600	6.427142	46.733650	3282.112383
95.890000	-45.630000	-156.314896	22.659600	6.771197	46.783597	3286.059202
95.890000	-45.630000	-156.314896	22.909600	7.015237	46.833744	3290.006020
95.890000	-45.630000	-156.314896	23.159600	6.964756	46.884224	3293.952838
95.890000	-45.630000	-156.314896	23.409600	6.908545	46.934912	3297.899657
95.890000	-45.630000	-156.314896	23.659600	7.051404	46.985942	3301.765519
95.890000	-45.630000	-156.314896	23.909600	7.036172	47.037186	3305.510616
95.890000	-45.630000	-156.314896	24.159600	6.984576	47.088782	3309.255713
95.890000	-45.630000	-156.314896	24.409600	5.844719	47.140601	3313.000810
95.890000	-45.630000	-156.314896	24.659600	3.184046	47.192779	3317.049486
95.890000	-45.630000	-156.314896	24.909600	2.444762	47.245189	3321.302814
95.890000	-45.630000	-156.314896	25.159600	2.354268	47.297968	3325.556142
95.890000	-45.630000	-156.314896	25.409600	1.915884	47.350987	3329.809470
95.890000	-45.630000	-156.314896	25.659600	1.068348	47.404385	3334.069116
95.890000	-45.630000	-156.314896	25.909600	0.239786	47.458031	3338.450535
95.890000	-45.630000	-156.314896	26.159600	-0.196410	47.512067	3342.831954
95.890000	-45.630000	-156.064896	16.409600	3.222422	45.602898	3188.319298
95.890000	-45.630000	-156.064896	16.659600	3.177139	45.648181	3192.739283
95.890000	-45.630000	-156.064896	16.909600	3.131671	45.693649	3197.159267
95.890000	-45.630000	-156.064896	17.159600	3.086007	45.739313	3201.579252
95.890000	-45.630000	-156.064896	17.409600	3.040153	45.785167	3205.999236
95.890000	-45.630000	-156.064896	17.659600	3.990356	45.831223	3210.419221
95.890000	-45.630000	-156.064896	17.909600	5.180191	45.877475	3214.564022
95.890000	-45.630000	-156.064896	18.159600	5.216649	45.923935	3218.684385
95.890000	-45.630000	-156.064896	18.409600	5.112386	45.970597	3222.804747
95.890000	-45.630000	-156.064896	18.659600	4.995627	46.017473	3226.925110
95.890000	-45.630000	-156.064896	18.909600	4.878447	46.064557	3231.045472
95.890000	-45.630000	-156.064896	19.159600	4.760835	46.111862	3235.165835
95.890000	-45.630000	-156.064896	19.409600	4.642795	46.159382	3239.286197
95.890000	-45.630000	-156.064896	19.659600	4.524315	46.207128	3243.406560
95.890000	-45.630000	-156.064896	19.909600	4.405399	46.255096	3247.526922
95.890000	-45.630000	-156.064896	20.159600	4.221179	46.303298	3251.647285
95.890000	-45.630000	-156.064896	20.409600	4.014833	46.351728	3255.786682
95.890000	-45.630000	-156.064896	20.659600	4.581476	46.400398	3259.932476
95.890000	-45.630000	-156.064896	20.909600	5.920544	46.449304	3263.900794
95.890000	-45.630000	-156.064896	21.159600	6.357964	46.498457	3267.780619
95.890000	-45.630000	-156.064896	21.409600	6.477167	46.547853	3271.727437
95.890000	-45.630000	-156.064896	21.659600	6.824007	46.597504	3275.674256
95.890000	-45.630000	-156.064896	21.909600	7.163338	46.647405	3279.621074
95.890000	-45.630000	-156.064896	22.159600	7.151412	46.697568	3283.567893
95.890000	-45.630000	-156.064896	22.409600	7.100992	46.747989	3287.514711
95.890000	-45.630000	-156.064896	22.659600	7.050301	46.798680	3291.461529
95.890000	-45.630000	-156.064896	22.909600	6.999344	46.849637	3295.408348
95.890000	-45.630000	-156.064896	23.159600	6.972809	46.900871	3299.355166
95.890000	-45.630000	-156.064896	23.409600	7.116520	46.952380	3303.189009
95.890000	-45.630000	-156.064896	23.659600	7.069184	47.004174	3306.934106
95.890000	-45.630000	-156.064896	23.909600	7.017107	47.056251	3310.679203
95.890000	-45.630000	-156.064896	24.159600	6.964735	47.108623	3314.424300
95.890000	-45.630000	-156.064896	24.409600	6.375808	47.161286	3318.169397
95.890000	-45.630000	-156.064896	24.659600	3.710161	47.214252	3322.063055
95.890000	-45.630000	-156.064896	24.909600	2.422432	47.267518	3326.316383
95.890000	-45.630000	-156.064896	25.159600	2.368854	47.321097	3330.569711
95.890000	-45.630000	-156.064896	25.409600	2.314966	47.374985	3334.823039
95.890000	-45.630000	-156.064896	25.659600	2.242938	47.429194	3339.076366
95.890000	-45.630000	-156.064896	25.909600	1.824377	47.483723	3343.329694
95.890000	-45.630000	-156.064896	26.159600	0.977897	47.538583	3347.583022
95.890000	-45.630000	-155.814896	16.659600	3.179888	45.645432	3197.792695
95.890000	-45.630000	-155.814896	16.909600	3.133777	45.691543	3202.212679
95.890000	-45.630000	-155.814896	17.159600	3.087411	45.737909	3206.632664
95.890000	-45.630000	-155.814896	17.409600	3.040905	45.784415	3211.052648
95.890000	-45.630000	-155.814896	17.659600	3.691248	45.831180	3215.472633
95.890000	-45.630000	-155.814896	17.909600	4.975417	45.878092	3219.677851
95.890000	-45.630000	-155.814896	18.159600	5.215314	45.925270	3223.798213
95.890000	-45.630000	-155.814896	18.409600	5.167984	45.972599	3227.918576
95.890000	-45.630000	-155.814896	18.659600	5.120381	46.020203	3232.038938
95.890000	-45.630000	-155.814896	18.909600	5.072621	46.067963	3236.159301
95.890000	-45.630000	-155.814896	19.159600	5.024580	46.116004	3240.279663
95.890000	-45.630000	-155.814896	19.409600	4.976376	46.164207	3244.400026
95.890000	-45.630000	-155.814896	19.659600	4.927884	46.212699	3248.520388
95.890000	-45.630000	-155.814896	19.909600	4.879223	46.261360	3252.640751
95.890000	-45.630000	-155.814896	20.159600	4.830267	46.310317	3256.761113
95.890000	-45.630000	-155.814896	20.409600	4.607320	46.359448	3260.881476
95.890000	-45.630000	-155.814896	20.659600	4.852185	46.408883	3265.037702
95.890000	-45.630000	-155.814896	20.909600	6.358716	46.458500	3269.236128
95.890000	-45.630000	-155.814896	21.159600	7.340553	46.508428	3273.182947
95.890000	-45.630000	-155.814896	21.409600	7.290436	46.558545	3277.129765
95.890000	-45.630000	-155.814896	21.659600	7.240000	46.608980	3281.076583
95.890000	-45.630000	-155.814896	21.909600	7.189369	46.659611	3285.023402
95.890000	-45.630000	-155.814896	22.159600	7.138411	46.710570	3288.970220
95.890000	-45.630000	-155.814896	22.409600	7.087249	46.761731	3292.917039
95.890000	-45.630000	-155.814896	22.659600	7.035752	46.813229	3296.863857
95.890000	-45.630000	-155.814896	22.909600	7.039173	46.864936	3300.810675
95.890000	-45.630000	-155.814896	23.159600	7.183685	46.916988	3304.612499
95.890000	-45.630000	-155.814896	23.409600	7.104100	46.969258	3308.357596
95.890000	-45.630000	-155.814896	23.659600	7.051476	47.021882	3312.102693
95.890000	-45.630000	-155.814896	23.909600	6.998626	47.074732	3315.847790
95.890000	-45.630000	-155.814896	24.159600	6.945413	47.127945	3319.592887
95.890000	-45.630000	-155.814896	24.409600	6.891967	47.181392	3323.337985
95.890000	-45.630000	-155.814896	24.659600	4.654087	47.235211	3327.083082
95.890000	-45.630000	-155.814896	24.909600	2.422141	47.289273	3331.329952
95.890000	-45.630000	-155.814896	25.159600	2.346233	47.343718	3335.583280
95.890000	-45.630000	-155.814896	25.409600	2.291537	47.398413	3339.836608
95.890000	-45.630000	-155.814896	25.659600	2.236448	47.453502	3344.089935
95.890000	-45.630000	-155.814896	25.909600	2.181100	47.508851	3348.343263
95.890000	-45.630000	-155.814896	26.159600	2.125347	47.564603	3352.596591
95.890000	-45.630000	-155.814896	26.409600	1.707653	47.620625	3356.849919
95.890000	-45.630000	-155.564896	16.659600	3.183277	45.642043	3202.846106
95.890000	-45.630000	-155.564896	16.909600	3.136467	45.688853	3207.266091
95.890000	-45.630000	-155.564896	17.159600	3.089453	45.735867	3211.686075
95.890000	-45.630000	-155.564896	17.409600	3.042241	45.783079	3216.106060
95.890000	-45.630000	-155.564896	17.659600	3.494336	45.830501	3220.526044
95.890000	-45.630000	-155.564896	17.909600	4.772402	45.878128	3224.791680
95.890000	-45.630000	-155.564896	18.159600	5.214613	45.925970	3228.912042
95.890000	-45.630000	-155.564896	18.409600	5.166561	45.974023	3233.032405
95.890000	-45.630000	-155.564896	18.659600	5.118285	46.022299	3237.152767
95.890000	-45.630000	-155.564896	18.909600	5.069792	46.070791	3241.273130
95.890000	-45.630000	-155.564896	19.159600	5.021071	46.119513	3245.393492
95.890000	-45.630000	-155.564896	19.409600	4.972125	46.168458	3249.513855
95.890000	-45.630000	-155.564896	19.659600	4.922944	46.217640	3253.634217
95.890000	-45.630000	-155.564896	19.909600	4.873532	46.267052	3257.754580
95.890000	-45.630000	-155.564896	20.159600	4.823877	46.316707	3261.874942
95.890000	-45.630000	-155.564896	20.409600	4.509666	46.366599	3265.995305
95.890000	-45.630000	-155.564896	20.659600	4.435108	46.416742	3270.346278
95.890000	-45.630000	-155.564896	20.909600	6.134887	46.467130	3274.638456
95.890000	-45.630000	-155.564896	21.159600	7.331206	46.517775	3278.585274
95.890000	-45.630000	-155.564896	21.409600	7.280308	46.568672	3282.532093
95.890000	-45.630000	-155.564896	21.659600	7.229146	46.619835	3286.478911
95.890000	-45.630000	-155.564896	21.909600	7.177723	46.671257	3290.425729
95.890000	-45.630000	-155.564896	22.159600	7.126028	46.722953	3294.372548
95.890000	-45.630000	-155.564896	22.409600	7.055587	46.774917	3298.319366
95.890000	-45.630000	-155.564896	22.659600	7.107584	46.827161	3302.266184
95.890000	-45.630000	-155.564896	22.909600	7.252986	46.879682	3306.035989
95.890000	-45.630000	-155.564896	23.159600	7.140866	46.932492	3309.781086
95.890000	-45.630000	-155.564896	23.409600	7.087770	46.985588	3313.526183
95.890000	-45.630000	-155.564896	23.659600	7.034378	47.038980	3317.271280
95.890000	-45.630000	-155.564896	23.909600	6.980691	47.092667	3321.016378
95.890000	-45.630000	-155.564896	24.159600	6.926698	47.146660	3324.761475
95.890000	-45.630000	-155.564896	24.409600	6.872402	47.200956	3328.506572
95.890000	-45.630000	-155.564896	24.659600	5.577480	47.255567	3332.251669
95.890000	-45.630000	-155.564896	24.909600	2.920271	47.310491	3336.343521
95.890000	-45.630000	-155.564896	25.159600	2.324211	47.365739	3340.596849
95.890000	-45.630000	-155.564896	25.409600	2.268641	47.421310	3344.850177
95.890000	-45.630000	-155.564896	25.659600	2.212736	47.477215	3349.103504
95.890000	-45.630000	-155.564896	25.909600	2.156499	47.533451	3353.356832
95.890000	-45.630000	-155.564896	26.159600	2.099918	47.590033	3357.610160
95.890000	-45.630000	-155.564896	26.409600	2.042994	47.646956	3361.863488
95.890000	-45.630000	-155.314896	16.909600	3.139792	45.685528	3212.319503
95.890000	-45.630000	-155.314896	17.159600	3.092074	45.733246	3216.739487
95.890000	-45.630000	-155.314896	17.409600	3.044209	45.781111	3221.159472
95.890000	-45.630000	-155.314896	17.659600	3.299166	45.829246	3225.579456
95.890000	-45.630000	-155.314896	17.909600	4.571190	45.877533	3229.905509
95.890000	-45.630000	-155.314896	18.159600	5.214487	45.926096	3234.025871
95.890000	-45.630000	-155.314896	18.409600	5.165765	45.974819	3238.146234
95.890000	-45.630000	-155.314896	18.659600	5.116760	46.023824	3242.266596
95.890000	-45.630000	-155.314896	18.909600	5.067589	46.072994	3246.386959
95.890000	-45.630000	-155.314896	19.159600	5.018129	46.122455	3250.507321
95.890000	-45.630000	-155.314896	19.409600	4.968497	46.172087	3254.627684
95.890000	-45.630000	-155.314896	19.659600	4.918567	46.222016	3258.748046
95.890000	-45.630000	-155.314896	19.909600	4.868460	46.272123	3262.868409
95.890000	-45.630000	-155.314896	20.159600	4.580489	46.322536	3266.988771
95.890000	-45.630000	-155.314896	20.409600	4.385201	46.373133	3271.296634
95.890000	-45.630000	-155.314896	20.659600	4.190741	46.424044	3275.654854
95.890000	-45.630000	-155.314896	20.909600	5.571105	46.475145	3280.013074
95.890000	-45.630000	-155.314896	21.159600	7.226726	46.526568	3283.987602
95.890000	-45.630000	-155.314896	21.409600	7.270791	46.578189	3287.934420
95.890000	-45.630000	-155.314896	21.659600	7.218840	46.630140	3291.881239
95.890000	-45.630000	-155.314896	21.909600	7.166684	46.682296	3295.828057
95.890000	-45.630000	-155.314896	22.159600	7.039921	46.734791	3299.774875
95.890000	-45.630000	-155.314896	22.409600	7.178092	46.787499	3303.714382
95.890000	-45.630000	-155.314896	22.659600	7.297769	46.840554	3307.459479
95.890000	-45.630000	-155.314896	22.909600	7.179529	46.893829	3311.204576
95.890000	-45.630000	-155.314896	23.159600	7.125896	46.947462	3314.949673
95.890000	-45.630000	-155.314896	23.409600	7.072036	47.001322	3318.694771
95.890000	-45.630000	-155.314896	23.659600	7.017809	47.055549	3322.439868
95.890000	-45.630000	-155.314896	23.909600	6.963346	47.110012	3326.184965
95.890000	-45.630000	-155.314896	24.159600	6.908507	47.164851	3329.930062
95.890000	-45.630000	-155.314896	24.409600	6.853423	47.219935	3333.675159
95.890000	-45.630000	-155.314896	24.659600	6.107210	47.275404	3337.420256
95.890000	-45.630000	-155.314896	24.909600	3.426938	47.331128	3341.357090
95.890000	-45.630000	-155.314896	25.159600	2.302703	47.387248	3345.610418
95.890000	-45.630000	-155.314896	25.409600	2.246320	47.443631	3349.863746
95.890000	-45.630000	-155.314896	25.659600	2.189530	47.500420	3354.117074
95.890000	-45.630000	-155.314896	25.909600	2.132468	47.557482	3358.370401
95.890000	-45.630000	-155.314896	26.159600	2.074989	47.614962	3362.623729
95.890000	-45.630000	-155.064896	17.159600	3.095338	45.729982	3221.792899
95.890000	-45.630000	-155.064896	17.409600	3.046764	45.778556	3226.212884
95.890000	-45.630000	-155.064896	17.659600	3.105796	45.827348	3230.632868
95.890000	-45.630000	-155.064896	17.909600	4.297524	45.876353	3235.019337
95.890000	-45.630000	-155.064896	18.159600	5.215002	45.925582	3239.139700
95.890000	-45.630000	-155.064896	18.409600	5.165553	45.975030	3243.260062
95.890000	-45.630000	-155.064896	18.659600	5.115874	46.024710	3247.380425
95.890000	-45.630000	-155.064896	18.909600	5.065968	46.074615	3251.500787
95.890000	-45.630000	-155.064896	19.159600	5.015825	46.124759	3255.621150
95.890000	-45.630000	-155.064896	19.409600	4.965448	46.175135	3259.741512
95.890000	-45.630000	-155.064896	19.659600	4.914827	46.225757	3263.861875
95.890000	-45.630000	-155.064896	19.909600	4.653410	46.276618	3267.982237
95.890000	-45.630000	-155.064896	20.159600	4.456300	46.327732	3272.246990
95.890000	-45.630000	-155.064896	20.409600	4.235692	46.379093	3276.605210
95.890000	-45.630000	-155.064896	20.659600	4.184071	46.430713	3280.963430
95.890000	-45.630000	-155.064896	20.909600	5.079489	46.482589	3285.321651
95.890000	-45.630000	-155.064896	21.159600	6.896547	46.534732	3289.389929
95.890000	-45.630000	-155.064896	21.409600	7.261843	46.587137	3293.336748
95.890000	-45.630000	-155.064896	21.659600	7.209162	46.639818	3297.283566
95.890000	-45.630000	-155.064896	21.909600	7.111701	46.692770	3301.230385
95.890000	-45.630000	-155.064896	22.159600	7.250644	46.746005	3305.137872
95.890000	-45.630000	-155.064896	22.409600	7.273839	46.799519	3308.882969
95.890000	-45.630000	-155.064896	22.659600	7.220033	46.853325	3312.628066
95.890000	-45.630000	-155.064896	22.909600	7.165940	46.907418	3316.373164
95.890000	-45.630000	-155.064896	23.159600	7.111546	46.961812	3320.118261
95.890000	-45.630000	-155.064896	23.409600	7.056857	47.016501	3323.863358
95.890000	-45.630000	-155.064896	23.659600	7.001857	47.071501	3327.608455
95.890000	-45.630000	-155.064896	23.909600	6.946553	47.126805	3331.353552
95.890000	-45.630000	-155.064896	24.159600	6.890929	47.182429	3335.098649
95.890000	-45.630000	-155.064896	24.409600	6.834991	47.238367	3338.843746
95.890000	-45.630000	-155.064896	24.659600	6.645498	47.294633	3342.588844
95.890000	-45.630000	-155.064896	24.909600	4.269703	47.351223	3346.370659
95.890000	-45.630000	-155.064896	25.159600	2.281799	47.408151	3350.623987
95.890000	-45.630000	-155.064896	25.409600	2.224537	47.465414	3354.877315
95.890000	-45.630000	-155.064896	25.659600	2.166926	47.523024	3359.130643
95.890000	-45.630000	-155.064896	25.909600	2.108971	47.580980	3363.383970
95.890000	-45.630000	-155.064896	26.159600	2.050657	47.639294	3367.637298
95.890000	-45.630000	-154.814896	17.409600	3.049958	45.775362	3231.266295
95.890000	-45.630000	-154.814896	17.659600	3.000451	45.824869	3235.686280
95.890000	-45.630000	-154.814896	17.909600	3.932063	45.874536	3240.106264
95.890000	-45.630000	-154.814896	18.159600	5.124832	45.924489	3244.253529
95.890000	-45.630000	-154.814896	18.409600	5.165976	45.974608	3248.373891
95.890000	-45.630000	-154.814896	18.659600	5.115564	46.025020	3252.494254
95.890000	-45.630000	-154.814896	18.909600	5.064978	46.075605	3256.614616
95.890000	-45.630000	-154.814896	19.159600	5.014093	46.126490	3260.734979
95.890000	-45.630000	-154.814896	19.409600	4.963029	46.177555	3264.855341
95.890000	-45.630000	-154.814896	19.659600	4.728351	46.228927	3268.975704
95.890000	-45.630000	-154.814896	19.909600	4.529472	46.280486	3273.197346
95.890000	-45.630000	-154.814896	20.159600	4.282423	46.332361	3277.555566
95.890000	-45.630000	-154.814896	20.409600	4.230356	46.384429	3281.913787
95.890000	-45.630000	-154.814896	20.659600	4.177964	46.436821	3286.272007
95.890000	-45.630000	-154.814896	20.909600	4.763593	46.489413	3290.630227
95.890000	-45.630000	-154.814896	21.159600	6.569589	46.542337	3294.792257
95.890000	-45.630000	-154.814896	21.409600	7.253511	46.595469	3298.739075
95.890000	-45.630000	-154.814896	21.659600	7.185487	46.648942	3302.685894
95.890000	-45.630000	-154.814896	21.909600	7.325291	46.702631	3306.561362
95.890000	-45.630000	-154.814896	22.159600	7.316689	46.756669	3310.306459
95.890000	-45.630000	-154.814896	22.409600	7.262428	46.810930	3314.051557
95.890000	-45.630000	-154.814896	22.659600	7.207808	46.865550	3317.796654
95.890000	-45.630000	-154.814896	22.909600	7.152957	46.920401	3321.541751
95.890000	-45.630000	-154.814896	23.159600	7.097737	46.975621	3325.286848
95.890000	-45.630000	-154.814896	23.409600	7.042278	47.031080	3329.031945
95.890000	-45.630000	-154.814896	23.659600	6.986440	47.086918	3332.777042
95.890000	-45.630000	-154.814896	23.909600	6.930355	47.143003	3336.522139
95.890000	-45.630000	-154.814896	24.159600	6.873881	47.199477	3340.267237
95.890000	-45.630000	-154.814896	24.409600	6.817151	47.256207	3344.012334
95.890000	-45.630000	-154.814896	24.659600	6.760022	47.313336	3347.757431
95.890000	-45.630000	-154.814896	24.909600	5.212310	47.370731	3351.502528
95.890000	-45.630000	-154.814896	25.159600	2.656781	47.428536	3355.637556
95.890000	-45.630000	-154.814896	25.409600	2.203335	47.486616	3359.890884
95.890000	-45.630000	-154.814896	25.659600	2.144834	47.545116	3364.144212
95.890000	-45.630000	-154.814896	25.909600	2.086049	47.603902	3368.397539
95.890000	-45.630000	-154.564896	17.409600	3.053745	45.771575	3236.319707
95.890000	-45.630000	-154.564896	17.659600	3.003578	45.821742	3240.739692
95.890000	-45.630000	-154.564896	17.909600	3.642223	45.872128	3245.159676
95.890000	-45.630000	-154.564896	18.159600	4.922463	45.922749	3249.367357
95.890000	-45.630000	-154.564896	18.409600	5.166987	45.973596	3253.487720
95.890000	-45.630000	-154.564896	18.659600	5.115899	46.024685	3257.608082
95.890000	-45.630000	-154.564896	18.909600	5.064576	46.076007	3261.728445
95.890000	-45.630000	-154.564896	19.159600	5.013006	46.127578	3265.848807
95.890000	-45.630000	-154.564896	19.409600	4.805391	46.179390	3269.969170
95.890000	-45.630000	-154.564896	19.659600	4.604662	46.231457	3274.147702
95.890000	-45.630000	-154.564896	19.909600	4.331012	46.283772	3278.505923
95.890000	-45.630000	-154.564896	20.159600	4.278434	46.336350	3282.864143
95.890000	-45.630000	-154.564896	20.409600	4.225599	46.389185	3287.222363
95.890000	-45.630000	-154.564896	20.659600	4.172494	46.442290	3291.580583
95.890000	-45.630000	-154.564896	20.909600	4.450926	46.495659	3295.938803
95.890000	-45.630000	-154.564896	21.159600	6.245916	46.549307	3300.194585
95.890000	-45.630000	-154.564896	21.409600	7.261364	46.603227	3304.141403
95.890000	-45.630000	-154.564896	21.659600	7.401977	46.657433	3307.984852
95.890000	-45.630000	-154.564896	21.909600	7.361438	46.711920	3311.729950
95.890000	-45.630000	-154.564896	22.159600	7.306656	46.766702	3315.475047
95.890000	-45.630000	-154.564896	22.409600	7.251585	46.821773	3319.220144
95.890000	-45.630000	-154.564896	22.659600	7.196211	46.877147	3322.965241
95.890000	-45.630000	-154.564896	22.909600	7.140538	46.932820	3326.710338
95.890000	-45.630000	-154.564896	23.159600	7.084553	46.988805	3330.455435
95.890000	-45.630000	-154.564896	23.409600	7.028260	47.045098	3334.200532
95.890000	-45.630000	-154.564896	23.659600	6.971646	47.101712	3337.945630
95.890000	-45.630000	-154.564896	23.909600	6.914714	47.158644	3341.690727
95.890000	-45.630000	-154.564896	24.159600	6.857452	47.215906	3345.435824
95.890000	-45.630000	-154.564896	24.409600	6.799863	47.273495	3349.180921
95.890000	-45.630000	-154.564896	24.659600	6.741933	47.331425	3352.926018
95.890000	-45.630000	-154.564896	24.909600	5.839061	47.389691	3356.671115
95.890000	-45.630000	-154.564896	25.159600	3.162087	47.448309	3360.651125
95.890000	-45.630000	-154.564896	25.409600	2.182676	47.507274	3364.904453
95.890000	-45.630000	-154.564896	25.659600	2.123350	47.566601	3369.157781
95.890000	-45.630000	-154.564896	25.909600	2.063665	47.626285	3373.411109
95.890000	-45.630000	-154.314896	17.659600	3.007293	45.818027	3245.793103
95.890000	-45.630000	-154.314896	17.909600	3.447729	45.869079	3250.213088
95.890000	-45.630000	-154.314896	18.159600	4.721856	45.920424	3254.481186
95.890000	-45.630000	-154.314896	18.409600	5.168638	45.971945	3258.601549
95.890000	-45.630000	-154.314896	18.659600	5.116815	46.023768	3262.721911
95.890000	-45.630000	-154.314896	18.909600	5.064811	46.075773	3266.842274
95.890000	-45.630000	-154.314896	19.159600	4.961378	46.128087	3270.962636
95.890000	-45.630000	-154.314896	19.409600	4.681924	46.180590	3275.098059
95.890000	-45.630000	-154.314896	19.659600	4.381374	46.233410	3279.456279
95.890000	-45.630000	-154.314896	19.909600	4.328358	46.286426	3283.814499
95.890000	-45.630000	-154.314896	20.159600	4.275016	46.339768	3288.172719
95.890000	-45.630000	-154.314896	20.409600	4.221472	46.393313	3292.530939
95.890000	-45.630000	-154.314896	20.659600	4.167593	46.447191	3296.889159
95.890000	-45.630000	-154.314896	20.909600	3.486149	46.501280	3301.247380
95.890000	-45.630000	-154.314896	21.159600	4.504900	46.555712	3305.596912
95.890000	-45.630000	-154.314896	21.409600	6.683641	46.610362	3309.408343
95.890000	-45.630000	-154.314896	21.659600	7.243295	46.665363	3313.153440
95.890000	-45.630000	-154.314896	21.909600	7.352768	46.720590	3316.898537
95.890000	-45.630000	-154.314896	22.159600	7.297179	46.776179	3320.643634
95.890000	-45.630000	-154.314896	22.409600	7.241357	46.832001	3324.388731
95.890000	-45.630000	-154.314896	22.659600	7.185164	46.888194	3328.133828
95.890000	-45.630000	-154.314896	22.909600	7.128730	46.944628	3331.878925
95.890000	-45.630000	-154.314896	23.159600	7.071914	47.001444	3335.624022
95.890000	-45.630000	-154.314896	23.409600	7.014849	47.058509	3339.369120
95.890000	-45.630000	-154.314896	23.659600	6.957392	47.115966	3343.114217
95.890000	-45.630000	-154.314896	23.909600	6.899676	47.173682	3346.859314
95.890000	-45.630000	-154.314896	24.159600	6.841559	47.231799	3350.604411
95.890000	-45.630000	-154.314896	24.409600	6.783173	47.290185	3354.349508
95.890000	-45.630000	-154.314896	24.659600	6.724375	47.348983	3358.094605
95.890000	-45.630000	-154.314896	24.909600	6.375988	47.408059	3361.839702
95.890000	-45.630000	-154.314896	25.159600	3.884705	47.467558	3365.664694
95.890000	-45.630000	-154.314896	25.409600	2.162605	47.527345	3369.918022
95.890000	-45.630000	-154.314896	25.659600	2.102384	47.587567	3374.171350
95.890000	-45.630000	-154.314896	25.909600	2.041864	47.648086	3378.424678
95.890000	-45.630000	-154.064896	17.909600	3.254996	45.865433	3255.266500
95.890000	-45.630000	-154.064896	18.159600	4.523073	45.917448	3259.595015
95.890000	-45.630000	-154.064896	18.409600	5.170884	45.969699	3263.715378
95.890000	-45.630000	-154.064896	18.659600	5.118383	46.022201	3267.835740
95.890000	-45.630000	-154.064896	18.909600	5.065638	46.074945	3271.956103
95.890000	-45.630000	-154.064896	19.159600	4.761201	46.127947	3276.076465
95.890000	-45.630000	-154.064896	19.409600	4.524129	46.181199	3280.406635
95.890000	-45.630000	-154.064896	19.659600	4.380068	46.234717	3284.764855
95.890000	-45.630000	-154.064896	19.909600	4.326293	46.288492	3289.123075
95.890000	-45.630000	-154.064896	20.159600	4.272245	46.342540	3293.481295
95.890000	-45.630000	-154.064896	20.409600	3.299122	46.396854	3297.839516
95.890000	-45.630000	-154.064896	20.659600	2.995582	46.451449	3302.197736
95.890000	-45.630000	-154.064896	20.909600	3.129439	46.506318	3306.311676
95.890000	-45.630000	-154.064896	21.159600	2.424846	46.561476	3310.294362
95.890000	-45.630000	-154.064896	21.409600	2.894302	46.616917	3314.277048
95.890000	-45.630000	-154.064896	21.659600	4.174196	46.672655	3318.259734
95.890000	-45.630000	-154.064896	21.909600	5.665732	46.728684	3322.067124
95.890000	-45.630000	-154.064896	22.159600	6.498172	46.785019	3325.812221
95.890000	-45.630000	-154.064896	22.409600	7.081395	46.841655	3329.557318
95.890000	-45.630000	-154.064896	22.659600	7.174752	46.898606	3333.302415
95.890000	-45.630000	-154.064896	22.909600	7.117492	46.955866	3337.047513
95.890000	-45.630000	-154.064896	23.159600	7.059908	47.013450	3340.792610
95.890000	-45.630000	-154.064896	23.409600	7.002004	47.071354	3344.537707
95.890000	-45.630000	-154.064896	23.659600	6.943767	47.129591	3348.282804
95.890000	-45.630000	-154.064896	23.909600	6.885201	47.188158	3352.027901
95.890000	-45.630000	-154.064896	24.159600	6.826290	47.247068	3355.772998
95.890000	-45.630000	-154.064896	24.409600	6.767041	47.306317	3359.518095
95.890000	-45.630000	-154.064896	24.659600	6.707438	47.365920	3363.263193
95.890000	-45.630000	-154.064896	24.909600	6.647486	47.425872	3367.008290
95.890000	-45.630000	-154.064896	25.159600	4.829290	47.486189	3370.753387
95.890000	-45.630000	-154.064896	25.409600	2.393620	47.546866	3374.931591
95.890000	-45.630000	-154.064896	25.659600	2.082031	47.607919	3379.184919
95.890000	-45.630000	-153.814896	18.159600	4.245031	45.913881	3264.708844
95.890000	-45.630000	-153.814896	18.409600	5.173775	45.966808	3268.829206
95.890000	-45.630000	-153.814896	18.659600	5.120537	46.020046	3272.949569
95.890000	-45.630000	-153.814896	18.909600	4.842550	46.073475	3277.069931
95.890000	-45.630000	-153.814896	19.159600	4.643484	46.127223	3281.356991
95.890000	-45.630000	-153.814896	19.409600	4.433616	46.181168	3285.715211
95.890000	-45.630000	-153.814896	19.659600	4.216624	46.235442	3290.073431
95.890000	-45.630000	-153.814896	19.909600	3.139857	46.289920	3294.431651
95.890000	-45.630000	-153.814896	20.159600	3.149197	46.344734	3298.789872
95.890000	-45.630000	-153.814896	20.409600	3.286975	46.399761	3302.807550
95.890000	-45.630000	-153.814896	20.659600	2.203953	46.455133	3306.790236
95.890000	-45.630000	-153.814896	20.909600	1.733041	46.510724	3310.772921
95.890000	-45.630000	-153.814896	21.159600	1.677095	46.566670	3314.755607
95.890000	-45.630000	-153.814896	21.409600	1.620922	46.622843	3318.738293
95.890000	-45.630000	-153.814896	21.659600	1.564385	46.679380	3322.720979
95.890000	-45.630000	-153.814896	21.909600	2.060773	46.736152	3326.703665
95.890000	-45.630000	-153.814896	22.159600	2.734363	46.793298	3330.686350
95.890000	-45.630000	-153.814896	22.409600	4.031595	46.850688	3334.669036
95.890000	-45.630000	-153.814896	22.659600	5.521166	46.908461	3338.471003
95.890000	-45.630000	-153.814896	22.909600	6.331529	46.966486	3342.216100
95.890000	-45.630000	-153.814896	23.159600	6.912527	47.024905	3345.961197
95.890000	-45.630000	-153.814896	23.409600	6.989773	47.083585	3349.706294
95.890000	-45.630000	-153.814896	23.659600	6.930689	47.142669	3353.451391
95.890000	-45.630000	-153.814896	23.909600	6.871334	47.202024	3357.196488
95.890000	-45.630000	-153.814896	24.159600	6.811564	47.261794	3360.941586
95.890000	-45.630000	-153.814896	24.409600	6.751514	47.321844	3364.686683
95.890000	-45.630000	-153.814896	24.659600	6.691038	47.382320	3368.431780
95.890000	-45.630000	-153.814896	24.909600	6.630272	47.443086	3372.176877
95.890000	-45.630000	-153.814896	25.159600	5.571215	47.504290	3375.921974
95.890000	-45.630000	-153.814896	25.409600	2.897553	47.565794	3379.945160
95.890000	-45.630000	-153.814896	25.659600	2.062203	47.627747	3384.198488
95.890000	-45.630000	-153.564896	18.159600	3.881962	45.909657	3269.793308
95.890000	-45.630000	-153.564896	18.409600	5.077660	45.963316	3273.943035
95.890000	-45.630000	-153.564896	18.659600	4.925912	46.017235	3278.063398
95.890000	-45.630000	-153.564896	18.909600	4.725109	46.071406	3282.307347
95.890000	-45.630000	-153.564896	19.159600	4.068293	46.125843	3286.665567
95.890000	-45.630000	-153.564896	19.409600	3.179968	46.180541	3291.023787
95.890000	-45.630000	-153.564896	19.659600	3.306315	46.235513	3295.320737
95.890000	-45.630000	-153.564896	19.909600	3.229762	46.290754	3299.303423
95.890000	-45.630000	-153.564896	20.159600	2.008877	46.346277	3303.286109
95.890000	-45.630000	-153.564896	20.409600	1.841689	46.402076	3307.268795
95.890000	-45.630000	-153.564896	20.659600	1.785598	46.458166	3311.251481
95.890000	-45.630000	-153.564896	20.909600	1.729223	46.514541	3315.234166
95.890000	-45.630000	-153.564896	21.159600	1.672549	46.571216	3319.216852
95.890000	-45.630000	-153.564896	21.409600	1.615581	46.628183	3323.199538
95.890000	-45.630000	-153.564896	21.659600	1.558305	46.685459	3327.182224
95.890000	-45.630000	-153.564896	21.909600	1.500727	46.743038	3331.164910
95.890000	-45.630000	-153.564896	22.159600	1.442831	46.800934	3335.147595
95.890000	-45.630000	-153.564896	22.409600	1.384624	46.859141	3339.130281
95.890000	-45.630000	-153.564896	22.659600	1.896174	46.917675	3343.112967
95.890000	-45.630000	-153.564896	22.909600	2.567562	46.976530	3347.095653
95.890000	-45.630000	-153.564896	23.159600	3.881989	47.035722	3351.078339
95.890000	-45.630000	-153.564896	23.409600	5.369587	47.095244	3354.874881
95.890000	-45.630000	-153.564896	23.659600	6.157717	47.155113	3358.619979
95.890000	-45.630000	-153.564896	23.909600	6.736482	47.215323	3362.365076
95.890000	-45.630000	-153.564896	24.159600	6.797469	47.275889	3366.110173
95.890000	-45.630000	-153.564896	24.409600	6.736551	47.336807	3369.855270
95.890000	-45.630000	-153.564896	24.659600	6.675265	47.398093	3373.600367
95.890000	-45.630000	-153.564896	24.909600	6.613618	47.459740	3377.345464
95.890000	-45.630000	-153.564896	25.159600	6.106818	47.521766	3381.090561
95.890000	-45.630000	-153.564896	25.409600	3.499153	47.584166	3384.958729
95.890000	-45.630000	-153.314896	18.409600	4.710229	45.959173	3279.056864
95.890000	-45.630000	-153.314896	18.659600	4.120757	46.013830	3283.257703
95.890000	-45.630000	-153.314896	18.909600	3.336909	46.068687	3287.615923
95.890000	-45.630000	-153.314896	19.159600	3.466883	46.123874	3291.816611
95.890000	-45.630000	-153.314896	19.409600	3.047691	46.179267	3295.799297
95.890000	-45.630000	-153.314896	19.659600	2.008767	46.234998	3299.781982
95.890000	-45.630000	-153.314896	19.909600	1.952821	46.290943	3303.764668
95.890000	-45.630000	-153.314896	20.159600	1.896529	46.347236	3307.747354
95.890000	-45.630000	-153.314896	20.409600	1.840015	46.403750	3311.730040
95.890000	-45.630000	-153.314896	20.659600	1.783145	46.460620	3315.712726
95.890000	-45.630000	-153.314896	20.909600	1.726045	46.517720	3319.695411
95.890000	-45.630000	-153.314896	21.159600	1.668579	46.575185	3323.678097
95.890000	-45.630000	-153.314896	21.409600	1.610876	46.632889	3327.660783
95.890000	-45.630000	-153.314896	21.659600	1.552797	46.690967	3331.643469
95.890000	-45.630000	-153.314896	21.909600	1.494473	46.749292	3335.626155
95.890000	-45.630000	-153.314896	22.159600	1.435763	46.808002	3339.608840
95.890000	-45.630000	-153.314896	22.409600	1.376798	46.866966	3343.591526
95.890000	-45.630000	-153.314896	22.659600	1.317438	46.926326	3347.574212
95.890000	-45.630000	-153.314896	22.909600	1.257814	46.985950	3351.556898
95.890000	-45.630000	-153.314896	23.159600	1.197784	47.045980	3355.539584
95.890000	-45.630000	-153.314896	23.409600	1.724477	47.106283	3359.522269
95.890000	-45.630000	-153.314896	23.659600	2.393509	47.167003	3363.504955
95.890000	-45.630000	-153.314896	23.909600	3.725129	47.228006	3367.487641
95.890000	-45.630000	-153.314896	24.159600	5.210594	47.289437	3371.278760
95.890000	-45.630000	-153.314896	24.409600	5.976473	47.351160	3375.023857
95.890000	-45.630000	-153.314896	24.659600	6.552843	47.413323	3378.768954
95.890000	-45.630000	-153.314896	24.909600	6.597569	47.475789	3382.514051
95.890000	-45.630000	-153.314896	25.159600	6.534652	47.538706	3386.259149
95.890000	-45.630000	-153.314896	25.409600	4.445658	47.601937	3390.004246
95.890000	-45.630000	-153.064896	24.159600	1.545315	47.302346	3375.931572
95.890000	-45.630000	-153.064896	24.409600	2.211979	47.364942	3379.914258
95.890000	-45.630000	-153.064896	24.659600	3.560635	47.427919	3383.896943
95.890000	-45.630000	-153.064896	24.909600	5.043953	47.491271	3387.682639
95.890000	-45.630000	-153.064896	25.159600	5.787412	47.555015	3391.427736
95.890000	-45.630000	-153.064896	25.409600	5.209744	47.619147	3395.172833
95.890000	-45.630000	-152.814896	24.409600	0.865658	47.378106	3384.375503
95.890000	-45.630000	-152.814896	24.659600	0.801799	47.441966	3388.358188
95.890000	-45.630000	-152.814896	24.909600	1.964167	47.506141	3392.340874
95.890000	-45.630000	-152.814896	25.159600	3.301337	47.570782	3396.323560
