-155.772995	19.079000	1597.746000
-155.996994	20.771000	1607.724000
-159.401001	21.971001	1539.731000
-156.658005	20.891001	1592.738000
-159.664993	22.122999	1535.716000
-160.047501	19.823400	1498.485000
-161.314896	21.956301	1496.086000
-161.095001	23.997200	1528.716000
-158.933105	24.573799	1583.709000
-155.765305	26.776699	1677.706000
-152.765793	25.592800	1734.715000
-156.964600	24.312099	1625.715000
-158.185394	22.620199	1574.724000
-155.636200	22.299900	1631.963000
-154.251801	21.168699	1653.725000
-149.000900	16.989000	1737.715000
-151.686600	14.689100	1654.721000
-153.967499	14.731300	1597.729000
-153.868195	17.315399	1622.706000
-156.206604	16.162001	1553.709000
-157.859100	14.659600	1499.973000
-158.982498	15.574000	1480.700000
-158.760193	18.564699	1518.726000
-158.179504	20.377800	1549.707000
-157.700806	16.348400	1519.282000
