-155.890000	55.370000	-160.814896	21.409600	-3.940444	184.641959	950.491153
-155.890000	55.370000	-160.814896	21.659600	-3.957145	184.663976	943.719776
-155.890000	55.370000	-160.814896	21.909600	-2.305611	184.686377	936.669459
-155.890000	55.370000	-160.814896	22.159600	-1.941216	184.708975	929.415617
-155.890000	55.370000	-160.814896	22.409600	-1.927498	184.731973	922.349547
-155.890000	55.370000	-160.814896	22.659600	-1.950704	184.755179	915.283477
-155.890000	55.370000	-160.814896	22.909600	-1.974327	184.778802	908.217407
-155.890000	55.370000	-160.814896	23.159600	-1.998170	184.802645	901.151337
-155.890000	55.370000	-160.814896	23.409600	-2.194882	184.826922	894.085267
-155.890000	55.370000	-160.814896	23.659600	-2.611371	184.851432	887.031086
-155.890000	55.370000	-160.564896	20.659600	-3.684106	184.347033	970.713389
-155.890000	55.370000	-160.564896	20.909600	-3.681195	184.367225	963.947522
-155.890000	55.370000	-160.564896	21.159600	-3.678607	184.387664	957.177270
-155.890000	55.370000	-160.564896	21.409600	-3.686987	184.408375	950.405893
-155.890000	55.370000	-160.564896	21.659600	-3.733195	184.429344	943.634516
-155.890000	55.370000	-160.564896	21.909600	-2.112426	184.450597	936.372103
-155.890000	55.370000	-160.564896	22.159600	-1.713744	184.472120	929.069475
-155.890000	55.370000	-160.564896	22.409600	-1.689464	184.493940	922.003405
-155.890000	55.370000	-160.564896	22.659600	-1.711568	184.516043	914.937335
-155.890000	55.370000	-160.564896	22.909600	-1.733981	184.538456	907.871265
-155.890000	55.370000	-160.564896	23.159600	-2.050259	184.561166	900.805195
-155.890000	55.370000	-160.564896	23.409600	-2.467091	184.584200	893.782299
-155.890000	55.370000	-160.564896	23.659600	-2.846615	184.607546	886.816945
-155.890000	55.370000	-160.564896	23.909600	-2.870301	184.631232	879.851591
-155.890000	55.370000	-160.314896	19.909600	-3.400358	184.060403	990.933045
-155.890000	55.370000	-160.314896	20.159600	-3.418749	184.078793	984.167178
-155.890000	55.370000	-160.314896	20.409600	-3.426967	184.097501	977.401310
-155.890000	55.370000	-160.314896	20.659600	-3.422775	184.116350	970.634763
-155.890000	55.370000	-160.314896	20.909600	-3.418896	184.135529	963.863386
-155.890000	55.370000	-160.314896	21.159600	-3.433471	184.154859	957.092009
-155.890000	55.370000	-160.314896	21.409600	-3.453143	184.174531	950.320633
-155.890000	55.370000	-160.314896	21.659600	-2.955022	184.194362	943.549256
-155.890000	55.370000	-160.314896	21.909600	-1.917478	184.214550	936.074747
-155.890000	55.370000	-160.314896	22.159600	-1.485849	184.234905	928.723333
-155.890000	55.370000	-160.314896	22.409600	-1.451156	184.255632	921.657263
-155.890000	55.370000	-160.314896	22.659600	-1.492394	184.276536	914.591193
-155.890000	55.370000	-160.314896	22.909600	-1.908614	184.297827	907.525123
-155.890000	55.370000	-160.314896	23.159600	-2.325718	184.319305	900.533512
-155.890000	55.370000	-160.314896	23.409600	-2.580256	184.341187	893.568158
-155.890000	55.370000	-160.314896	23.659600	-2.602336	184.363267	886.602804
-155.890000	55.370000	-160.314896	23.909600	-2.624837	184.385768	879.637450
-155.890000	55.370000	-160.064896	19.409600	-3.138260	183.798305	1004.386833
-155.890000	55.370000	-160.064896	19.659600	-3.155253	183.815298	997.620966
-155.890000	55.370000	-160.064896	19.909600	-3.172460	183.832505	990.855099
-155.890000	55.370000	-160.064896	20.159600	-3.171831	183.849915	984.089232
-155.890000	55.370000	-160.064896	20.409600	-3.166429	183.867548	977.320879
-155.890000	55.370000	-160.064896	20.659600	-3.164006	183.885394	970.549502
-155.890000	55.370000	-160.064896	20.909600	-3.182084	183.903472	963.778126
-155.890000	55.370000	-160.064896	21.159600	-3.200384	183.921772	957.006749
-155.890000	55.370000	-160.064896	21.409600	-3.226186	183.940315	950.235373
-155.890000	55.370000	-160.064896	21.659600	-1.898113	183.959091	943.326322
-155.890000	55.370000	-160.064896	21.909600	-1.699960	183.978120	935.777391
-155.890000	55.370000	-160.064896	22.159600	-1.257593	183.997392	928.377192
-155.890000	55.370000	-160.064896	22.409600	-1.358396	184.016930	921.311122
-155.890000	55.370000	-160.064896	22.659600	-1.769770	184.036722	914.250079
-155.890000	55.370000	-160.064896	22.909600	-2.187976	184.056793	907.284725
-155.890000	55.370000	-160.064896	23.159600	-2.316198	184.077129	900.319371
-155.890000	55.370000	-160.064896	23.409600	-2.336826	184.097757	893.354017
-155.890000	55.370000	-160.064896	23.659600	-2.357732	184.118663	886.388663
-155.890000	55.370000	-160.064896	23.909600	-2.378944	184.139875	879.423310
-155.890000	55.370000	-160.064896	24.159600	-2.400449	184.161380	872.457956
-155.890000	55.370000	-159.814896	18.659600	-2.865261	183.525306	1024.606489
-155.890000	55.370000	-159.814896	18.909600	-2.880741	183.540786	1017.840622
-155.890000	55.370000	-159.814896	19.159600	-2.896319	183.556364	1011.074755
-155.890000	55.370000	-159.814896	19.409600	-2.912169	183.572214	1004.308887
-155.890000	55.370000	-159.814896	19.659600	-2.925642	183.588167	997.543020
-155.890000	55.370000	-159.814896	19.909600	-2.918770	183.604403	990.777153
-155.890000	55.370000	-159.814896	20.159600	-2.912087	183.620748	984.006995
-155.890000	55.370000	-159.814896	20.409600	-2.915998	183.637386	977.235619
-155.890000	55.370000	-159.814896	20.659600	-2.932752	183.654140	970.464242
-155.890000	55.370000	-159.814896	20.909600	-2.949810	183.671198	963.692866
-155.890000	55.370000	-159.814896	21.159600	-2.966992	183.688380	956.921489
-155.890000	55.370000	-159.814896	21.409600	-3.002650	183.705877	950.150112
-155.890000	55.370000	-159.814896	21.659600	-1.402057	183.723506	943.028966
-155.890000	55.370000	-159.814896	21.909600	-1.470704	183.741462	935.480035
-155.890000	55.370000	-159.814896	22.159600	-1.292033	183.759557	928.031050
-155.890000	55.370000	-159.814896	22.409600	-1.633867	183.777993	921.001292
-155.890000	55.370000	-159.814896	22.659600	-2.035646	183.796577	914.035938
-155.890000	55.370000	-159.814896	22.909600	-2.054585	183.815516	907.070584
-155.890000	55.370000	-159.814896	23.159600	-2.073680	183.834610	900.105230
-155.890000	55.370000	-159.814896	23.409600	-2.093145	183.854076	893.139876
-155.890000	55.370000	-159.814896	23.659600	-2.112776	183.873707	886.174523
-155.890000	55.370000	-159.814896	23.909600	-2.132793	183.893724	879.209169
-155.890000	55.370000	-159.814896	24.159600	-2.152986	183.913916	872.243815
-155.890000	55.370000	-159.814896	24.409600	-2.173582	183.934512	865.278461
-155.890000	55.370000	-159.564896	17.909600	-2.599428	183.259473	1044.826145
-155.890000	55.370000	-159.564896	18.159600	-2.613402	183.273447	1038.060277
-155.890000	55.370000	-159.564896	18.409600	-2.627543	183.287587	1031.294410
-155.890000	55.370000	-159.564896	18.659600	-2.641842	183.301886	1024.528543
-155.890000	55.370000	-159.564896	18.909600	-2.656314	183.316359	1017.762676
-155.890000	55.370000	-159.564896	19.159600	-2.670952	183.330996	1010.996809
-155.890000	55.370000	-159.564896	19.409600	-2.675678	183.345815	1004.230941
-155.890000	55.370000	-159.564896	19.659600	-2.667627	183.360805	997.464488
-155.890000	55.370000	-159.564896	19.909600	-2.659753	183.375985	990.693112
-155.890000	55.370000	-159.564896	20.159600	-2.669956	183.391344	983.921735
-155.890000	55.370000	-159.564896	20.409600	-2.685512	183.406900	977.150359
-155.890000	55.370000	-159.564896	20.659600	-2.701255	183.422643	970.378982
-155.890000	55.370000	-159.564896	20.909600	-2.717204	183.438592	963.607605
-155.890000	55.370000	-159.564896	21.159600	-2.733349	183.454737	956.836229
-155.890000	55.370000	-159.564896	21.409600	-2.778443	183.471097	950.064852
-155.890000	55.370000	-159.564896	21.659600	-1.199263	183.487662	942.731610
-155.890000	55.370000	-159.564896	21.909600	-0.256647	183.504452	935.182679
-155.890000	55.370000	-159.564896	22.159600	-1.575056	183.521456	927.753258
-155.890000	55.370000	-159.564896	22.409600	-1.782760	183.538695	920.787151
-155.890000	55.370000	-159.564896	22.659600	-1.795227	183.556158	913.821797
-155.890000	55.370000	-159.564896	22.909600	-1.812936	183.573867	906.856443
-155.890000	55.370000	-159.564896	23.159600	-1.830880	183.591811	899.891089
-155.890000	55.370000	-159.564896	23.409600	-1.849082	183.610013	892.925736
-155.890000	55.370000	-159.564896	23.659600	-1.867530	183.628461	885.960382
-155.890000	55.370000	-159.564896	23.909600	-1.886248	183.647179	878.995028
-155.890000	55.370000	-159.564896	24.159600	-1.905225	183.666155	872.029674
-155.890000	55.370000	-159.564896	24.409600	-1.924484	183.685415	865.064320
-155.890000	55.370000	-159.314896	17.409600	-2.353020	183.013065	1058.279933
-155.890000	55.370000	-159.314896	17.659600	-2.365728	183.025773	1051.514066
-155.890000	55.370000	-159.314896	17.909600	-2.378659	183.038704	1044.748199
-155.890000	55.370000	-159.314896	18.159600	-2.391657	183.051702	1037.982331
-155.890000	55.370000	-159.314896	18.409600	-2.404886	183.064931	1031.216464
-155.890000	55.370000	-159.314896	18.659600	-2.418187	183.078232	1024.450597
-155.890000	55.370000	-159.314896	18.909600	-2.431727	183.091772	1017.684730
-155.890000	55.370000	-159.314896	19.159600	-2.427700	183.105387	1010.918863
-155.890000	55.370000	-159.314896	19.409600	-2.418529	183.119251	1004.150605
-155.890000	55.370000	-159.314896	19.659600	-2.411808	183.133196	997.379228
-155.890000	55.370000	-159.314896	19.909600	-2.426009	183.147397	990.607852
-155.890000	55.370000	-159.314896	20.159600	-2.440297	183.161685	983.836475
-155.890000	55.370000	-159.314896	20.409600	-2.454851	183.176239	977.065098
-155.890000	55.370000	-159.314896	20.659600	-2.469496	183.190884	970.293722
-155.890000	55.370000	-159.314896	20.909600	-2.484418	183.205806	963.522345
-155.890000	55.370000	-159.314896	21.159600	-2.499437	183.220825	956.750969
-155.890000	55.370000	-159.314896	21.409600	-1.719627	183.236132	949.979592
-155.890000	55.370000	-159.314896	21.659600	-0.347278	183.251542	942.434254
-155.890000	55.370000	-159.314896	21.909600	-0.362178	183.267251	934.630079
-155.890000	55.370000	-159.314896	22.159600	-1.825384	183.283070	927.541830
-155.890000	55.370000	-159.314896	22.409600	-1.560686	183.299199	920.574203
-155.890000	55.370000	-159.314896	22.659600	-1.561372	183.315446	913.607656
-155.890000	55.370000	-159.314896	22.909600	-1.571085	183.332016	906.642302
-155.890000	55.370000	-159.314896	23.159600	-1.587779	183.348709	899.676948
-155.890000	55.370000	-159.314896	23.409600	-1.604810	183.365741	892.711595
-155.890000	55.370000	-159.314896	23.659600	-1.621973	183.382904	885.746241
-155.890000	55.370000	-159.314896	23.909600	-1.639487	183.400418	878.780887
-155.890000	55.370000	-159.314896	24.159600	-1.657142	183.418073	871.815533
-155.890000	55.370000	-159.314896	24.409600	-1.675164	183.436095	864.850179
-155.890000	55.370000	-159.314896	24.659600	-1.693335	183.454266	857.884825
-155.890000	55.370000	-159.064896	16.659600	-2.340847	182.759181	1078.499589
-155.890000	55.370000	-159.064896	16.909600	-2.300605	182.770624	1071.733721
-155.890000	55.370000	-159.064896	17.159600	-2.260485	182.782189	1064.967854
-155.890000	55.370000	-159.064896	17.409600	-2.220499	182.793887	1058.201987
-155.890000	55.370000	-159.064896	17.659600	-2.180640	182.805712	1051.436120
-155.890000	55.370000	-159.064896	17.909600	-2.157630	182.817675	1044.670253
-155.890000	55.370000	-159.064896	18.159600	-2.169725	182.829770	1037.904386
-155.890000	55.370000	-159.064896	18.409600	-2.181964	182.842009	1031.138518
-155.890000	55.370000	-159.064896	18.659600	-2.192262	182.854385	1024.372651
-155.890000	55.370000	-159.064896	18.909600	-2.181676	182.866912	1017.606784
-155.890000	55.370000	-159.064896	19.159600	-2.171317	182.879581	1010.836721
-155.890000	55.370000	-159.064896	19.409600	-2.171020	182.892408	1004.065345
-155.890000	55.370000	-159.064896	19.659600	-2.151269	182.905383	997.293968
-155.890000	55.370000	-159.064896	19.909600	-1.993043	182.918523	990.522591
-155.890000	55.370000	-159.064896	20.159600	-1.834989	182.931817	983.751215
-155.890000	55.370000	-159.064896	20.409600	-1.677126	182.945283	976.979838
-155.890000	55.370000	-159.064896	20.659600	-1.519447	182.958911	970.208462
-155.890000	55.370000	-159.064896	20.909600	-1.361973	182.972718	963.437085
-155.890000	55.370000	-159.064896	21.159600	-1.231700	182.986694	956.665708
-155.890000	55.370000	-159.064896	21.409600	-0.261814	183.000856	949.685829
-155.890000	55.370000	-159.064896	21.659600	0.287057	183.015196	941.952892
-155.890000	55.370000	-159.064896	21.909600	-1.729839	183.029731	934.426940
-155.890000	55.370000	-159.064896	22.159600	-1.930532	183.044451	927.395580
-155.890000	55.370000	-159.064896	22.409600	-1.679803	183.059376	920.364220
-155.890000	55.370000	-159.064896	22.659600	-1.422270	183.074494	913.395148
-155.890000	55.370000	-159.064896	22.909600	-1.337614	183.089826	906.428161
-155.890000	55.370000	-159.064896	23.159600	-1.344431	183.105362	899.462808
-155.890000	55.370000	-159.064896	23.409600	-1.360190	183.121121	892.497454
-155.890000	55.370000	-159.064896	23.659600	-1.376162	183.137093	885.532100
-155.890000	55.370000	-159.064896	23.909600	-1.392369	183.153299	878.566746
-155.890000	55.370000	-159.064896	24.159600	-1.408799	183.169730	871.601392
-155.890000	55.370000	-159.064896	24.409600	-1.425475	183.186406	864.636038
-155.890000	55.370000	-159.064896	24.659600	-1.442386	183.203317	857.670684
-155.890000	55.370000	-158.814896	15.909600	-2.942941	182.511623	1098.812958
-155.890000	55.370000	-158.814896	16.159600	-2.901524	182.521800	1092.034883
-155.890000	55.370000	-158.814896	16.409600	-2.860291	182.532160	1085.256808
-155.890000	55.370000	-158.814896	16.659600	-2.819094	182.542558	1078.478734
-155.890000	55.370000	-158.814896	16.909600	-2.778085	182.553144	1071.700659
-155.890000	55.370000	-158.814896	17.159600	-2.737117	182.563771	1064.922584
-155.890000	55.370000	-158.814896	17.409600	-2.696343	182.574593	1058.144509
-155.890000	55.370000	-158.814896	17.659600	-2.655634	182.585458	1051.366435
-155.890000	55.370000	-158.814896	17.909600	-2.615107	182.596526	1044.592307
-155.890000	55.370000	-158.814896	18.159600	-2.574543	182.607639	1037.826440
-155.890000	55.370000	-158.814896	18.409600	-2.430273	182.618962	1031.060572
-155.890000	55.370000	-158.814896	18.659600	-1.484131	182.630335	1024.294214
-155.890000	55.370000	-158.814896	18.909600	-0.616020	182.641924	1017.522838
-155.890000	55.370000	-158.814896	19.159600	0.950482	182.653566	1010.751461
-155.890000	55.370000	-158.814896	19.409600	1.190374	182.665433	1003.980085
-155.890000	55.370000	-158.814896	19.659600	1.336982	182.677357	997.200971
-155.890000	55.370000	-158.814896	19.909600	1.484716	182.689513	990.389081
-155.890000	55.370000	-158.814896	20.159600	1.641941	182.701730	983.577191
-155.890000	55.370000	-158.814896	20.409600	1.798850	182.714188	976.765301
-155.890000	55.370000	-158.814896	20.659600	1.955614	182.726712	969.953411
-155.890000	55.370000	-158.814896	20.909600	1.714369	182.739485	963.141520
-155.890000	55.370000	-158.814896	21.159600	-0.575371	182.752329	956.329630
-155.890000	55.370000	-158.814896	21.409600	0.369197	182.765432	949.275705
-155.890000	55.370000	-158.814896	21.659600	0.084426	182.778610	941.553830
-155.890000	55.370000	-158.814896	21.909600	-1.771940	182.792058	934.299754
-155.890000	55.370000	-158.814896	22.159600	-1.769316	182.805586	927.268394
-155.890000	55.370000	-158.814896	22.409600	-1.783124	182.819394	920.237034
-155.890000	55.370000	-158.814896	22.659600	-1.539501	182.833289	913.205674
-155.890000	55.370000	-158.814896	22.909600	-1.283662	182.847474	906.216092
-155.890000	55.370000	-158.814896	23.159600	-1.111401	182.861752	899.248667
-155.890000	55.370000	-158.814896	23.409600	-1.116381	182.876333	892.283313
-155.890000	55.370000	-158.814896	23.659600	-1.130081	182.891012	885.317959
-155.890000	55.370000	-158.814896	23.909600	-1.145077	182.906008	878.352605
-155.890000	55.370000	-158.814896	24.159600	-1.160177	182.921108	871.387251
-155.890000	55.370000	-158.814896	24.409600	-1.175608	182.936538	864.421897
-155.890000	55.370000	-158.814896	24.659600	-1.191150	182.952081	857.456543
-155.890000	55.370000	-158.814896	24.909600	-1.207036	182.967967	850.491190
-155.890000	55.370000	-158.564896	15.659600	-3.172620	182.288193	1105.679337
-155.890000	55.370000	-158.564896	15.909600	-3.026662	182.297444	1098.899242
-155.890000	55.370000	-158.564896	16.159600	-3.036116	182.306789	1092.121167
-155.890000	55.370000	-158.564896	16.409600	-3.045565	182.316238	1085.343092
-155.890000	55.370000	-158.564896	16.659600	-3.055112	182.325786	1078.565017
-155.890000	55.370000	-158.564896	16.909600	-3.064768	182.335441	1071.786943
-155.890000	55.370000	-158.564896	17.159600	-3.074527	182.345200	1065.008868
-155.890000	55.370000	-158.564896	17.409600	-3.084397	182.355071	1058.230793
-155.890000	55.370000	-158.564896	17.659600	-3.094375	182.365048	1051.452719
-155.890000	55.370000	-158.564896	17.909600	-3.087791	182.375143	1044.674644
-155.890000	55.370000	-158.564896	18.159600	-2.995054	182.385349	1037.896569
-155.890000	55.370000	-158.564896	18.409600	-2.056048	182.395677	1031.093953
-155.890000	55.370000	-158.564896	18.659600	-1.144515	182.406120	1024.101792
-155.890000	55.370000	-158.564896	18.909600	-0.273438	182.416691	1017.127730
-155.890000	55.370000	-158.564896	19.159600	-0.003639	182.427382	1009.983723
-155.890000	55.370000	-158.564896	19.409600	1.604154	182.438206	1003.152065
-155.890000	55.370000	-158.564896	19.659600	3.122757	182.449156	996.340175
-155.890000	55.370000	-158.564896	19.909600	4.491726	182.460244	989.528284
-155.890000	55.370000	-158.564896	20.159600	4.730645	182.471464	982.716394
-155.890000	55.370000	-158.564896	20.409600	4.719281	182.482828	975.904504
-155.890000	55.370000	-158.564896	20.659600	3.706466	182.494329	969.092614
-155.890000	55.370000	-158.564896	20.909600	1.447503	182.505981	962.375910
-155.890000	55.370000	-158.564896	21.159600	-1.157028	182.517776	956.138622
-155.890000	55.370000	-158.564896	21.409600	0.529301	182.529728	948.876643
-155.890000	55.370000	-158.564896	21.659600	-0.683472	182.541831	941.203929
-155.890000	55.370000	-158.564896	21.909600	-1.517828	182.554098	934.172569
-155.890000	55.370000	-158.564896	22.159600	-1.530252	182.566522	927.141209
-155.890000	55.370000	-158.564896	22.409600	-1.542848	182.579118	920.109849
-155.890000	55.370000	-158.564896	22.659600	-1.555608	182.591878	913.078489
-155.890000	55.370000	-158.564896	22.909600	-1.396570	182.604819	906.047129
-155.890000	55.370000	-158.564896	23.159600	-1.142248	182.617931	899.037037
-155.890000	55.370000	-158.564896	23.409600	-0.882742	182.631233	892.069410
-155.890000	55.370000	-158.564896	23.659600	-0.886599	182.644714	885.103818
-155.890000	55.370000	-158.564896	23.909600	-0.897463	182.658394	878.138464
-155.890000	55.370000	-158.564896	24.159600	-0.911332	182.672263	871.173110
-155.890000	55.370000	-158.564896	24.409600	-0.925408	182.686339	864.207756
-155.890000	55.370000	-158.564896	24.659600	-0.939683	182.700614	857.242403
-155.890000	55.370000	-158.564896	24.909600	-0.954176	182.715107	850.277049
-155.890000	55.370000	-158.314896	15.409600	-3.085678	182.066492	1112.757904
-155.890000	55.370000	-158.314896	15.659600	-3.104103	182.074758	1105.803064
-155.890000	55.370000	-158.314896	15.909600	-2.810394	182.083184	1098.985525
-155.890000	55.370000	-158.314896	16.159600	-2.820953	182.091627	1092.207451
-155.890000	55.370000	-158.314896	16.409600	-2.829560	182.100233	1085.429376
-155.890000	55.370000	-158.314896	16.659600	-2.838186	182.108859	1078.651301
-155.890000	55.370000	-158.314896	16.909600	-2.846981	182.117654	1071.873227
-155.890000	55.370000	-158.314896	17.159600	-2.855797	182.126470	1065.095152
-155.890000	55.370000	-158.314896	17.409600	-2.864788	182.135461	1058.317077
-155.890000	55.370000	-158.314896	17.659600	-2.873802	182.144475	1051.539002
-155.890000	55.370000	-158.314896	17.909600	-2.882358	182.153670	1044.760928
-155.890000	55.370000	-158.314896	18.159600	-1.993446	182.162891	1037.970962
-155.890000	55.370000	-158.314896	18.409600	-1.228794	182.172298	1030.978801
-155.890000	55.370000	-158.314896	18.659600	-1.238229	182.181734	1023.986640
-155.890000	55.370000	-158.314896	18.909600	-1.162130	182.191363	1016.994479
-155.890000	55.370000	-158.314896	19.159600	-2.065923	182.201022	1010.159905
-155.890000	55.370000	-158.314896	19.409600	-2.371347	182.210882	1003.015898
-155.890000	55.370000	-158.314896	19.659600	-1.049593	182.220775	995.871890
-155.890000	55.370000	-158.314896	19.909600	0.319122	182.230875	988.727883
-155.890000	55.370000	-158.314896	20.159600	1.756679	182.241012	981.855598
-155.890000	55.370000	-158.314896	20.409600	3.252338	182.251363	975.043707
-155.890000	55.370000	-158.314896	20.659600	1.041931	182.261755	968.483545
-155.890000	55.370000	-158.314896	20.909600	-1.081543	182.272369	962.246257
-155.890000	55.370000	-158.314896	21.159600	-0.875838	182.283026	956.008969
-155.890000	55.370000	-158.314896	21.409600	0.765620	182.293914	948.477581
-155.890000	55.370000	-158.314896	21.659600	-1.295102	182.304849	941.076744
-155.890000	55.370000	-158.314896	21.909600	-1.279753	182.316023	934.045384
-155.890000	55.370000	-158.314896	22.159600	-1.290979	182.327249	927.014024
-155.890000	55.370000	-158.314896	22.409600	-1.302453	182.338723	919.982664
-155.890000	55.370000	-158.314896	22.659600	-1.313983	182.350253	912.951304
-155.890000	55.370000	-158.314896	22.909600	-1.325772	182.362042	905.919944
-155.890000	55.370000	-158.314896	23.159600	-1.250936	182.373889	898.888584
-155.890000	55.370000	-158.314896	23.409600	-0.997204	182.386007	891.857982
-155.890000	55.370000	-158.314896	23.659600	-0.732706	182.398189	884.890355
-155.890000	55.370000	-158.314896	23.909600	-0.654396	182.410651	877.924323
-155.890000	55.370000	-158.314896	24.159600	-0.662251	182.423182	870.958969
-155.890000	55.370000	-158.314896	24.409600	-0.675075	182.436006	863.993616
-155.890000	55.370000	-158.314896	24.659600	-0.687974	182.448905	857.028262
-155.890000	55.370000	-158.314896	24.909600	-0.701177	182.462108	850.062908
-155.890000	55.370000	-158.314896	25.159600	-0.714462	182.475393	843.097554
-155.890000	55.370000	-158.064896	15.159600	-2.865569	181.846382	1119.836471
-155.890000	55.370000	-158.064896	15.409600	-2.872943	181.853757	1112.881631
-155.890000	55.370000	-158.064896	15.659600	-2.887761	181.861206	1105.926791
-155.890000	55.370000	-158.064896	15.909600	-2.593949	181.868736	1099.071809
-155.890000	55.370000	-158.064896	16.159600	-2.605671	181.876344	1092.293735
-155.890000	55.370000	-158.064896	16.409600	-2.613363	181.884036	1085.515660
-155.890000	55.370000	-158.064896	16.659600	-2.621136	181.891809	1078.737585
-155.890000	55.370000	-158.064896	16.909600	-2.628996	181.899670	1071.959510
-155.890000	55.370000	-158.064896	17.159600	-2.636941	181.907614	1065.181436
-155.890000	55.370000	-158.064896	17.409600	-2.644977	181.915650	1058.403361
-155.890000	55.370000	-158.064896	17.659600	-2.653099	181.923773	1051.625286
-155.890000	55.370000	-158.064896	17.909600	-1.815028	181.931991	1044.847211
-155.890000	55.370000	-158.064896	18.159600	-0.996744	181.940300	1037.855810
-155.890000	55.370000	-158.064896	18.409600	-1.005204	181.948708	1030.863649
-155.890000	55.370000	-158.064896	18.659600	-1.013706	181.957211	1023.871488
-155.890000	55.370000	-158.064896	18.909600	-1.018003	181.965817	1016.879327
-155.890000	55.370000	-158.064896	19.159600	-0.351214	181.974521	1009.950762
-155.890000	55.370000	-158.064896	19.409600	-1.604986	181.983334	1003.192081
-155.890000	55.370000	-158.064896	19.659600	-3.404969	181.992249	996.048073
-155.890000	55.370000	-158.064896	19.909600	-3.413996	182.001277	988.904065
-155.890000	55.370000	-158.064896	20.159600	-2.333790	182.010411	981.760058
-155.890000	55.370000	-158.064896	20.409600	-0.945028	182.019664	974.616050
-155.890000	55.370000	-158.064896	20.659600	-0.840571	182.029028	968.353892
-155.890000	55.370000	-158.064896	20.909600	-0.855174	182.038515	962.116603
-155.890000	55.370000	-158.064896	21.159600	0.430372	182.048119	955.800395
-155.890000	55.370000	-158.064896	21.409600	0.347593	182.057851	948.078519
-155.890000	55.370000	-158.064896	21.659600	-1.038576	182.067705	940.949558
-155.890000	55.370000	-158.064896	21.909600	-1.041424	182.077694	933.918198
-155.890000	55.370000	-158.064896	22.159600	-1.051540	182.087810	926.886838
-155.890000	55.370000	-158.064896	22.409600	-1.061797	182.098067	919.855478
-155.890000	55.370000	-158.064896	22.659600	-1.072187	182.108457	912.824118
-155.890000	55.370000	-158.064896	22.909600	-1.082725	182.118995	905.792758
-155.890000	55.370000	-158.064896	23.159600	-1.093402	182.129672	898.761398
-155.890000	55.370000	-158.064896	23.409600	-1.101145	182.140504	891.730038
-155.890000	55.370000	-158.064896	23.659600	-0.848490	182.151482	884.698678
-155.890000	55.370000	-158.064896	23.909600	-0.585499	182.162622	877.711300
-155.890000	55.370000	-158.064896	24.159600	-0.419522	182.173916	870.744829
-155.890000	55.370000	-158.064896	24.409600	-0.424448	182.185379	863.779475
-155.890000	55.370000	-158.064896	24.659600	-0.436073	182.197004	856.814121
-155.890000	55.370000	-158.064896	24.909600	-0.447876	182.208807	849.848767
-155.890000	55.370000	-158.064896	25.159600	-0.459848	182.220779	842.883413
-155.890000	55.370000	-157.814896	15.159600	-2.653594	181.634407	1119.960197
-155.890000	55.370000	-157.814896	15.409600	-2.660158	181.640971	1113.005358
-155.890000	55.370000	-157.814896	15.659600	-2.671313	181.647534	1106.050518
-155.890000	55.370000	-157.814896	15.909600	-2.377463	181.654236	1099.158093
-155.890000	55.370000	-157.814896	16.159600	-2.390265	181.660938	1092.380018
-155.890000	55.370000	-157.814896	16.409600	-2.397112	181.667786	1085.601944
-155.890000	55.370000	-157.814896	16.659600	-2.403960	181.674633	1078.823869
-155.890000	55.370000	-157.814896	16.909600	-2.410957	181.681630	1072.045794
-155.890000	55.370000	-157.814896	17.159600	-2.417955	181.688628	1065.267719
-155.890000	55.370000	-157.814896	17.409600	-2.425108	181.695781	1058.489645
-155.890000	55.370000	-157.814896	17.659600	-1.638554	181.702937	1051.711570
-155.890000	55.370000	-157.814896	17.909600	-0.768957	181.710253	1044.732819
-155.890000	55.370000	-157.814896	18.159600	-0.774068	181.717572	1037.740658
-155.890000	55.370000	-157.814896	18.409600	-0.781553	181.725057	1030.748497
-155.890000	55.370000	-157.814896	18.659600	-0.789043	181.732548	1023.756336
-155.890000	55.370000	-157.814896	18.909600	-0.796704	181.740208	1016.764175
-155.890000	55.370000	-157.814896	19.159600	-0.531358	181.747877	1009.772014
-155.890000	55.370000	-157.814896	19.409600	0.473532	181.755721	1002.924091
-155.890000	55.370000	-157.814896	19.659600	-1.140092	181.763575	996.224256
-155.890000	55.370000	-157.814896	19.909600	-3.184332	181.771612	989.080248
-155.890000	55.370000	-157.814896	20.159600	-3.192379	181.779659	981.936240
-155.890000	55.370000	-157.814896	20.409600	-3.259935	181.787896	974.792233
-155.890000	55.370000	-157.814896	20.659600	-0.636066	181.796146	968.224238
-155.890000	55.370000	-157.814896	20.909600	-0.646105	181.804591	961.986950
-155.890000	55.370000	-157.814896	21.159600	1.419093	181.813052	955.401333
-155.890000	55.370000	-157.814896	21.409600	-0.438724	181.821715	947.853733
-155.890000	55.370000	-157.814896	21.659600	-0.794127	181.830397	940.822373
-155.890000	55.370000	-157.814896	21.909600	-0.803019	181.839289	933.791013
-155.890000	55.370000	-157.814896	22.159600	-0.811932	181.848202	926.759653
-155.890000	55.370000	-157.814896	22.409600	-0.821062	181.857333	919.728293
-155.890000	55.370000	-157.814896	22.659600	-0.830217	181.866487	912.696933
-155.890000	55.370000	-157.814896	22.909600	-0.839597	181.875867	905.665573
-155.890000	55.370000	-157.814896	23.159600	-0.849005	181.885275	898.634213
-155.890000	55.370000	-157.814896	23.409600	-0.858647	181.894917	891.602853
-155.890000	55.370000	-157.814896	23.659600	-0.868320	181.904590	884.571493
-155.890000	55.370000	-157.814896	23.909600	-0.697081	181.914507	877.540133
-155.890000	55.370000	-157.814896	24.159600	-0.435528	181.924458	870.532244
-155.890000	55.370000	-157.814896	24.409600	-0.182131	181.934663	863.565334
-155.890000	55.370000	-157.814896	24.659600	-0.183974	181.944905	856.599980
-155.890000	55.370000	-157.814896	24.909600	-0.194482	181.955413	849.634626
-155.890000	55.370000	-157.814896	25.159600	-0.205031	181.965962	842.669272
-155.890000	55.370000	-157.814896	25.409600	-0.215856	181.976787	835.703918
-155.890000	55.370000	-157.564896	15.159600	-2.442269	181.422341	1120.083924
-155.890000	55.370000	-157.564896	15.409600	-2.447213	181.428026	1113.129085
-155.890000	55.370000	-157.564896	15.659600	-2.454787	181.433768	1106.174245
-155.890000	55.370000	-157.564896	15.909600	-2.212942	181.439573	1099.244377
-155.890000	55.370000	-157.564896	16.159600	-2.174764	181.445437	1092.466302
-155.890000	55.370000	-157.564896	16.409600	-2.180694	181.451367	1085.688227
-155.890000	55.370000	-157.564896	16.659600	-2.186685	181.457358	1078.910153
-155.890000	55.370000	-157.564896	16.909600	-2.192745	181.463418	1072.132078
-155.890000	55.370000	-157.564896	17.159600	-2.198869	181.469542	1065.354003
-155.890000	55.370000	-157.564896	17.409600	-1.464030	181.475737	1058.575929
-155.890000	55.370000	-157.564896	17.659600	-0.591763	181.481999	1051.609828
-155.890000	55.370000	-157.564896	17.909600	-0.544830	181.488334	1044.617667
-155.890000	55.370000	-157.564896	18.159600	-0.551235	181.494739	1037.625506
-155.890000	55.370000	-157.564896	18.409600	-0.557717	181.501221	1030.633345
-155.890000	55.370000	-157.564896	18.659600	-0.564271	181.507776	1023.641184
-155.890000	55.370000	-157.564896	18.909600	-0.570906	181.514410	1016.649023
-155.890000	55.370000	-157.564896	19.159600	-0.577616	181.521121	1009.656862
-155.890000	55.370000	-157.564896	19.409600	0.031336	181.527915	1002.664701
-155.890000	55.370000	-157.564896	19.659600	1.312505	181.534787	995.897421
-155.890000	55.370000	-157.564896	19.909600	-0.671058	181.541747	989.256431
-155.890000	55.370000	-157.564896	20.159600	-2.921877	181.548790	982.112423
-155.890000	55.370000	-157.564896	20.409600	-2.995860	181.555923	974.968416
-155.890000	55.370000	-157.564896	20.659600	-0.585894	181.563142	968.094585
-155.890000	55.370000	-157.564896	20.909600	-0.435803	181.570456	961.857297
-155.890000	55.370000	-157.564896	21.159600	1.543631	181.577861	955.002271
-155.890000	55.370000	-157.564896	21.409600	-0.566789	181.585364	947.726548
-155.890000	55.370000	-157.564896	21.659600	-0.556691	181.592961	940.695188
-155.890000	55.370000	-157.564896	21.909600	-0.564392	181.600662	933.663828
-155.890000	55.370000	-157.564896	22.159600	-0.572192	181.608462	926.632468
-155.890000	55.370000	-157.564896	22.409600	-0.580100	181.616370	919.601108
-155.890000	55.370000	-157.564896	22.659600	-0.588111	181.624381	912.569748
-155.890000	55.370000	-157.564896	22.909600	-0.596236	181.632506	905.538388
-155.890000	55.370000	-157.564896	23.159600	-0.604468	181.640738	898.507028
-155.890000	55.370000	-157.564896	23.409600	-0.612820	181.649090	891.475668
-155.890000	55.370000	-157.564896	23.659600	-0.621284	181.657554	884.444308
-155.890000	55.370000	-157.564896	23.909600	-0.629874	181.666144	877.412947
-155.890000	55.370000	-157.564896	24.159600	-0.542747	181.674852	870.381587
-155.890000	55.370000	-157.564896	24.409600	-0.282697	181.683691	863.353189
-155.890000	55.370000	-157.564896	24.659600	-0.014082	181.692654	856.385839
-155.890000	55.370000	-157.564896	24.909600	0.058507	181.701755	849.420485
-155.890000	55.370000	-157.564896	25.159600	0.049944	181.710987	842.455131
-155.890000	55.370000	-157.564896	25.409600	0.040568	181.720363	835.489777
-155.890000	55.370000	-157.314896	15.159600	-1.705545	181.210185	1120.207651
-155.890000	55.370000	-157.314896	15.409600	-2.234244	181.215057	1113.252811
-155.890000	55.370000	-157.314896	15.659600	-2.239097	181.219910	1106.297972
-155.890000	55.370000	-157.314896	15.909600	-2.152190	181.224885	1099.343132
-155.890000	55.370000	-157.314896	16.159600	-1.958498	181.229841	1092.552586
-155.890000	55.370000	-157.314896	16.409600	-1.964250	181.234923	1085.774511
-155.890000	55.370000	-157.314896	16.659600	-1.969314	181.239987	1078.996437
-155.890000	55.370000	-157.314896	16.909600	-1.974507	181.245181	1072.218362
-155.890000	55.370000	-157.314896	17.159600	-1.291423	181.250356	1065.440287
-155.890000	55.370000	-157.314896	17.409600	-0.416585	181.255665	1058.486837
-155.890000	55.370000	-157.314896	17.659600	-0.317453	181.260958	1051.494676
-155.890000	55.370000	-157.314896	17.909600	-0.322883	181.266387	1044.502515
-155.890000	55.370000	-157.314896	18.159600	-0.328296	181.271801	1037.510354
-155.890000	55.370000	-157.314896	18.409600	-0.333852	181.277356	1030.518193
-155.890000	55.370000	-157.314896	18.659600	-0.339392	181.282896	1023.526032
-155.890000	55.370000	-157.314896	18.909600	-0.345078	181.288582	1016.533871
-155.890000	55.370000	-157.314896	19.159600	-0.350750	181.294254	1009.541710
-155.890000	55.370000	-157.314896	19.409600	-0.356572	181.300077	1002.549549
-155.890000	55.370000	-157.314896	19.659600	0.600024	181.305886	995.557388
-155.890000	55.370000	-157.314896	19.909600	2.163206	181.311851	988.870750
-155.890000	55.370000	-157.314896	20.159600	-0.197821	181.317803	982.278717
-155.890000	55.370000	-157.314896	20.409600	-2.461930	181.323917	975.144598
-155.890000	55.370000	-157.314896	20.659600	-1.680992	181.330018	968.000591
-155.890000	55.370000	-157.314896	20.909600	-0.225183	181.336287	961.727643
-155.890000	55.370000	-157.314896	21.159600	0.679178	181.342545	954.630722
-155.890000	55.370000	-157.314896	21.409600	-0.312707	181.348977	947.599362
-155.890000	55.370000	-157.314896	21.659600	-0.319128	181.355398	940.568002
-155.890000	55.370000	-157.314896	21.909600	-0.325729	181.361999	933.536642
-155.890000	55.370000	-157.314896	22.159600	-0.332321	181.368591	926.505282
-155.890000	55.370000	-157.314896	22.409600	-0.339099	181.375369	919.473922
-155.890000	55.370000	-157.314896	22.659600	-0.345870	181.382140	912.442562
-155.890000	55.370000	-157.314896	22.909600	-0.352834	181.389104	905.411202
-155.890000	55.370000	-157.314896	23.159600	-0.359792	181.396062	898.379842
-155.890000	55.370000	-157.314896	23.409600	-0.366951	181.403221	891.348482
-155.890000	55.370000	-157.314896	23.659600	-0.374105	181.410375	884.317122
-155.890000	55.370000	-157.314896	23.909600	-0.381467	181.417737	877.285762
-155.890000	55.370000	-157.314896	24.159600	-0.388828	181.425098	870.254402
-155.890000	55.370000	-157.314896	24.409600	-0.384341	181.432674	863.223042
-155.890000	55.370000	-157.314896	24.659600	-0.126921	181.440250	856.191682
-155.890000	55.370000	-157.314896	24.909600	0.142388	181.448051	849.206507
-155.890000	55.370000	-157.314896	25.159600	0.302581	181.455855	842.240990
-155.890000	55.370000	-157.314896	25.409600	0.297039	181.463892	835.275636
-155.890000	55.370000	-157.314896	25.659600	0.288998	181.471933	828.310283
-155.890000	55.370000	-157.064896	15.159600	-0.945860	180.997961	1120.202962
-155.890000	55.370000	-157.064896	15.409600	-1.551428	181.001952	1113.376538
-155.890000	55.370000	-157.064896	15.659600	-2.025169	181.005983	1106.421699
-155.890000	55.370000	-157.064896	15.909600	-2.038622	181.010058	1099.466859
-155.890000	55.370000	-157.064896	16.159600	-1.740826	181.014174	1092.638870
-155.890000	55.370000	-157.064896	16.409600	-1.747664	181.018337	1085.860795
-155.890000	55.370000	-157.064896	16.659600	-1.751870	181.022543	1079.082720
-155.890000	55.370000	-157.064896	16.909600	-1.120734	181.026797	1072.304646
-155.890000	55.370000	-157.064896	17.159600	-0.243264	181.031096	1065.363845
-155.890000	55.370000	-157.064896	17.409600	-0.091940	181.035444	1058.371684
-155.890000	55.370000	-157.064896	17.659600	-0.096336	181.039840	1051.379523
-155.890000	55.370000	-157.064896	17.909600	-0.100783	181.044287	1044.387362
-155.890000	55.370000	-157.064896	18.159600	-0.105280	181.048784	1037.395201
-155.890000	55.370000	-157.064896	18.409600	-0.109830	181.053334	1030.403040
-155.890000	55.370000	-157.064896	18.659600	-0.114431	181.057936	1023.410880
-155.890000	55.370000	-157.064896	18.909600	-0.119089	181.062593	1016.418719
-155.890000	55.370000	-157.064896	19.159600	-0.123800	181.067304	1009.426558
-155.890000	55.370000	-157.064896	19.409600	-0.128569	181.072074	1002.434397
-155.890000	55.370000	-157.064896	19.659600	-0.133394	181.076899	995.442236
-155.890000	55.370000	-157.064896	19.909600	1.174754	181.081785	988.450075
-155.890000	55.370000	-157.064896	20.159600	2.681563	181.086729	981.844079
-155.890000	55.370000	-157.064896	20.409600	0.279642	181.091737	975.252046
-155.890000	55.370000	-157.064896	20.659600	-2.039971	181.096805	968.176773
-155.890000	55.370000	-157.064896	20.909600	-0.015481	181.101940	961.597990
-155.890000	55.370000	-157.064896	21.159600	-0.075495	181.107138	954.503537
-155.890000	55.370000	-157.064896	21.409600	-0.076136	181.112406	947.472177
-155.890000	55.370000	-157.064896	21.659600	-0.081470	181.117740	940.440817
-155.890000	55.370000	-157.064896	21.909600	-0.086876	181.123146	933.409457
-155.890000	55.370000	-157.064896	22.159600	-0.092352	181.128622	926.378097
-155.890000	55.370000	-157.064896	22.409600	-0.097904	181.134174	919.346737
-155.890000	55.370000	-157.064896	22.659600	-0.103529	181.139799	912.315377
-155.890000	55.370000	-157.064896	22.909600	-0.109233	181.145503	905.284017
-155.890000	55.370000	-157.064896	23.159600	-0.115013	181.151283	898.252657
-155.890000	55.370000	-157.064896	23.409600	-0.120876	181.157146	891.221297
-155.890000	55.370000	-157.064896	23.659600	-0.126819	181.163089	884.189937
-155.890000	55.370000	-157.064896	23.909600	-0.132850	181.169120	877.158577
-155.890000	55.370000	-157.064896	24.159600	-0.138964	181.175234	870.127217
-155.890000	55.370000	-157.064896	24.409600	-0.145170	181.181440	863.095857
-155.890000	55.370000	-157.064896	24.659600	-0.151464	181.187734	856.064497
-155.890000	55.370000	-157.064896	24.909600	0.032483	181.194124	849.033137
-155.890000	55.370000	-157.064896	25.159600	0.301602	181.200606	842.027452
-155.890000	55.370000	-157.064896	25.409600	0.549385	181.207189	835.061496
-155.890000	55.370000	-157.064896	25.659600	0.547062	181.213869	828.096142
-155.890000	55.370000	-156.814896	15.159600	-0.720800	180.785675	1120.195251
-155.890000	55.370000	-156.814896	15.409600	-0.791918	180.788851	1113.384980
-155.890000	55.370000	-156.814896	15.659600	-1.395479	180.791991	1106.545425
-155.890000	55.370000	-156.814896	15.909600	-1.821013	180.795234	1099.590586
-155.890000	55.370000	-156.814896	16.159600	-1.523098	180.798441	1092.725154
-155.890000	55.370000	-156.814896	16.409600	-1.531081	180.801754	1085.947079
-155.890000	55.370000	-156.814896	16.659600	-0.951936	180.805030	1079.169004
-155.890000	55.370000	-156.814896	16.909600	-0.071928	180.808416	1072.240854
-155.890000	55.370000	-156.814896	17.159600	0.131739	180.811765	1065.248693
-155.890000	55.370000	-156.814896	17.409600	0.128278	180.815226	1058.256532
-155.890000	55.370000	-156.814896	17.659600	0.124854	180.818651	1051.264371
-155.890000	55.370000	-156.814896	17.909600	0.121314	180.822191	1044.272210
-155.890000	55.370000	-156.814896	18.159600	0.117811	180.825693	1037.280049
-155.890000	55.370000	-156.814896	18.409600	0.114189	180.829315	1030.287888
-155.890000	55.370000	-156.814896	18.659600	0.110605	180.832900	1023.295727
-155.890000	55.370000	-156.814896	18.909600	0.106897	180.836607	1016.303566
-155.890000	55.370000	-156.814896	19.159600	0.103228	180.840277	1009.311405
-155.890000	55.370000	-156.814896	19.409600	0.099431	180.844073	1002.319244
-155.890000	55.370000	-156.814896	19.659600	0.095673	180.847832	995.327083
-155.890000	55.370000	-156.814896	19.909600	0.096303	180.851721	988.334922
-155.890000	55.370000	-156.814896	20.159600	1.755606	180.855572	981.409441
-155.890000	55.370000	-156.814896	20.409600	2.912712	180.859559	974.817408
-155.890000	55.370000	-156.814896	20.659600	0.792944	180.863507	968.225375
-155.890000	55.370000	-156.814896	20.909600	1.008180	180.867594	961.468337
-155.890000	55.370000	-156.814896	21.159600	0.480279	180.871644	954.376352
-155.890000	55.370000	-156.814896	21.409600	0.249154	180.875837	947.344992
-155.890000	55.370000	-156.814896	21.659600	0.156278	180.879992	940.313632
-155.890000	55.370000	-156.814896	21.909600	0.151974	180.884296	933.282272
-155.890000	55.370000	-156.814896	22.159600	0.147709	180.888561	926.250912
-155.890000	55.370000	-156.814896	22.409600	0.143289	180.892981	919.219552
-155.890000	55.370000	-156.814896	22.659600	0.138908	180.897362	912.188192
-155.890000	55.370000	-156.814896	22.909600	0.134367	180.901903	905.156832
-155.890000	55.370000	-156.814896	23.159600	0.129864	180.906406	898.125472
-155.890000	55.370000	-156.814896	23.409600	0.125197	180.911073	891.094112
-155.890000	55.370000	-156.814896	23.659600	0.120567	180.915703	884.062752
-155.890000	55.370000	-156.814896	23.909600	0.115766	180.920504	877.031392
-155.890000	55.370000	-156.814896	24.159600	0.111003	180.925267	870.000031
-155.890000	55.370000	-156.814896	24.409600	0.106063	180.930207	862.968671
-155.890000	55.370000	-156.814896	24.659600	0.101160	180.935110	855.937311
-155.890000	55.370000	-156.814896	24.909600	0.096073	180.940197	848.905951
-155.890000	55.370000	-156.814896	25.159600	0.196012	180.945246	841.874591
-155.890000	55.370000	-156.814896	25.409600	0.463746	180.950487	834.848396
-155.890000	55.370000	-156.814896	25.659600	0.735972	180.955691	827.882001
-155.890000	55.370000	-156.814896	25.909600	0.799837	180.961094	820.916647
-155.890000	55.370000	-156.564896	15.159600	-0.508469	180.573344	1120.187540
-155.890000	55.370000	-156.564896	15.409600	-0.510762	180.575637	1113.377269
-155.890000	55.370000	-156.564896	15.659600	-0.636083	180.577953	1106.566998
-155.890000	55.370000	-156.564896	15.909600	-1.240176	180.580295	1099.714313
-155.890000	55.370000	-156.564896	16.159600	-1.305336	180.582661	1092.811437
-155.890000	55.370000	-156.564896	16.409600	-0.785025	180.585053	1086.033363
-155.890000	55.370000	-156.564896	16.659600	0.097579	180.587471	1079.117863
-155.890000	55.370000	-156.564896	16.909600	0.353589	180.589915	1072.125702
-155.890000	55.370000	-156.564896	17.159600	0.351118	180.592386	1065.133541
-155.890000	55.370000	-156.564896	17.409600	0.348619	180.594885	1058.141380
-155.890000	55.370000	-156.564896	17.659600	0.346093	180.597411	1051.149219
-155.890000	55.370000	-156.564896	17.909600	0.343537	180.599967	1044.157058
-155.890000	55.370000	-156.564896	18.159600	0.340953	180.602552	1037.164897
-155.890000	55.370000	-156.564896	18.409600	0.338338	180.605167	1030.172736
-155.890000	55.370000	-156.564896	18.659600	0.335693	180.607811	1023.180575
-155.890000	55.370000	-156.564896	18.909600	0.333016	180.610488	1016.188414
-155.890000	55.370000	-156.564896	19.159600	0.330309	180.613196	1009.196253
-155.890000	55.370000	-156.564896	19.409600	0.327568	180.615937	1002.204092
-155.890000	55.370000	-156.564896	19.659600	0.324795	180.618710	995.211931
-155.890000	55.370000	-156.564896	19.909600	0.321986	180.621518	988.219770
-155.890000	55.370000	-156.564896	20.159600	0.605191	180.624359	981.227609
-155.890000	55.370000	-156.564896	20.409600	2.342634	180.627238	974.382770
-155.890000	55.370000	-156.564896	20.659600	3.126700	180.630150	967.790737
-155.890000	55.370000	-156.564896	20.909600	2.845340	180.633102	961.144433
-155.890000	55.370000	-156.564896	21.159600	2.278440	180.636089	954.170228
-155.890000	55.370000	-156.564896	21.409600	2.034426	180.639117	947.196023
-155.890000	55.370000	-156.564896	21.659600	1.787724	180.642182	940.186446
-155.890000	55.370000	-156.564896	21.909600	1.548368	180.645290	933.155086
-155.890000	55.370000	-156.564896	22.159600	1.312659	180.648437	926.123726
-155.890000	55.370000	-156.564896	22.409600	1.076842	180.651628	919.092366
-155.890000	55.370000	-156.564896	22.659600	0.840926	180.654861	912.061006
-155.890000	55.370000	-156.564896	22.909600	0.604915	180.658139	905.029646
-155.890000	55.370000	-156.564896	23.159600	0.374808	180.661462	897.998286
-155.890000	55.370000	-156.564896	23.409600	0.371438	180.664832	890.966926
-155.890000	55.370000	-156.564896	23.659600	0.368022	180.668248	883.935566
-155.890000	55.370000	-156.564896	23.909600	0.364556	180.671714	876.904206
-155.890000	55.370000	-156.564896	24.159600	0.361042	180.675228	869.872846
-155.890000	55.370000	-156.564896	24.409600	0.357475	180.678795	862.841486
-155.890000	55.370000	-156.564896	24.659600	0.353858	180.682412	855.810126
-155.890000	55.370000	-156.564896	24.909600	0.350185	180.686085	848.778766
-155.890000	55.370000	-156.564896	25.159600	0.346459	180.689811	841.747406
-155.890000	55.370000	-156.564896	25.409600	0.363712	180.693595	834.716046
-155.890000	55.370000	-156.564896	25.659600	0.629080	180.697435	827.684686
-155.890000	55.370000	-156.564896	25.909600	0.902426	180.701336	820.702506
-155.890000	55.370000	-156.314896	15.159600	-0.296102	180.360977	1120.179828
-155.890000	55.370000	-156.314896	15.409600	-0.297580	180.362455	1113.369558
-155.890000	55.370000	-156.314896	15.659600	-0.299004	180.363879	1106.559287
-155.890000	55.370000	-156.314896	15.909600	-0.478595	180.365389	1099.749017
-155.890000	55.370000	-156.314896	16.159600	-0.883263	180.366843	1092.897721
-155.890000	55.370000	-156.314896	16.409600	0.173388	180.368385	1085.994872
-155.890000	55.370000	-156.314896	16.659600	0.600475	180.369872	1079.002711
-155.890000	55.370000	-156.314896	16.909600	0.596336	180.371447	1072.010550
-155.890000	55.370000	-156.314896	17.159600	0.592254	180.372967	1065.018389
-155.890000	55.370000	-156.314896	17.409600	0.588080	180.374578	1058.026228
-155.890000	55.370000	-156.314896	17.659600	0.583964	180.376131	1051.034067
-155.890000	55.370000	-156.314896	17.909600	0.579753	180.377778	1044.041906
-155.890000	55.370000	-156.314896	18.159600	0.575602	180.379368	1037.049745
-155.890000	55.370000	-156.314896	18.409600	0.571353	180.381053	1030.057584
-155.890000	55.370000	-156.314896	18.659600	0.567164	180.382679	1023.065423
-155.890000	55.370000	-156.314896	18.909600	0.562876	180.384405	1016.073262
-155.890000	55.370000	-156.314896	19.159600	0.558648	180.386070	1009.081101
-155.890000	55.370000	-156.314896	19.409600	0.555668	180.387836	1002.088940
-155.890000	55.370000	-156.314896	19.659600	0.553963	180.389542	995.096779
-155.890000	55.370000	-156.314896	19.909600	0.552153	180.391352	988.104618
-155.890000	55.370000	-156.314896	20.159600	0.550405	180.393099	981.112457
-155.890000	55.370000	-156.314896	20.409600	1.177477	180.394954	974.120296
-155.890000	55.370000	-156.314896	20.659600	2.905410	180.396746	967.356099
-155.890000	55.370000	-156.314896	20.909600	3.812649	180.398648	960.640414
-155.890000	55.370000	-156.314896	21.159600	3.733032	180.400485	953.666210
-155.890000	55.370000	-156.314896	21.409600	3.731081	180.402437	946.692005
-155.890000	55.370000	-156.314896	21.659600	3.584628	180.404322	939.717800
-155.890000	55.370000	-156.314896	21.909600	3.348919	180.406325	932.743595
-155.890000	55.370000	-156.314896	22.159600	3.113153	180.408260	925.769391
-155.890000	55.370000	-156.314896	22.409600	2.877148	180.410317	918.795186
-155.890000	55.370000	-156.314896	22.659600	2.641103	180.412305	911.820981
-155.890000	55.370000	-156.314896	22.909600	2.404533	180.414418	904.846776
-155.890000	55.370000	-156.314896	23.159600	2.157728	180.416461	897.871101
-155.890000	55.370000	-156.314896	23.409600	1.912933	180.418634	890.839741
-155.890000	55.370000	-156.314896	23.659600	1.678313	180.420734	883.808381
-155.890000	55.370000	-156.314896	23.909600	1.443490	180.422969	876.777021
-155.890000	55.370000	-156.314896	24.159600	1.208678	180.425130	869.745661
-155.890000	55.370000	-156.314896	24.409600	0.973675	180.427429	862.714301
-155.890000	55.370000	-156.314896	24.659600	0.738699	180.429654	855.682941
-155.890000	55.370000	-156.314896	24.909600	0.604249	180.432021	848.651581
-155.890000	55.370000	-156.314896	25.159600	0.601958	180.434312	841.620221
-155.890000	55.370000	-156.314896	25.409600	0.599518	180.436752	834.588861
-155.890000	55.370000	-156.314896	25.659600	0.597157	180.439113	827.557501
-155.890000	55.370000	-156.314896	25.909600	0.797425	180.441628	820.526141
-155.890000	55.370000	-156.314896	26.159600	1.071429	180.444062	813.523011
-155.890000	55.370000	-156.064896	15.159600	-0.083714	180.148589	1120.172117
-155.890000	55.370000	-156.064896	15.409600	-0.084309	180.149184	1113.361847
-155.890000	55.370000	-156.064896	15.659600	-0.084909	180.149784	1106.551576
-155.890000	55.370000	-156.064896	15.909600	-0.085495	180.150391	1099.741306
-155.890000	55.370000	-156.064896	16.159600	-0.308820	180.151004	1092.935410
-155.890000	55.370000	-156.064896	16.409600	0.086614	180.151624	1085.901971
-155.890000	55.370000	-156.064896	16.659600	0.344947	180.152251	1078.881006
-155.890000	55.370000	-156.064896	16.909600	0.604130	180.152885	1071.889470
-155.890000	55.370000	-156.064896	17.159600	0.862229	180.153525	1064.897935
-155.890000	55.370000	-156.064896	17.409600	0.864929	180.154173	1057.906400
-155.890000	55.370000	-156.064896	17.659600	0.861711	180.154828	1050.914865
-155.890000	55.370000	-156.064896	17.909600	0.858485	180.155490	1043.923329
-155.890000	55.370000	-156.064896	18.159600	0.855252	180.156160	1036.931794
-155.890000	55.370000	-156.064896	18.409600	0.852011	180.156838	1029.940259
-155.890000	55.370000	-156.064896	18.659600	0.848763	180.157523	1022.948723
-155.890000	55.370000	-156.064896	18.909600	0.845506	180.158217	1015.957188
-155.890000	55.370000	-156.064896	19.159600	0.842218	180.158919	1008.965653
-155.890000	55.370000	-156.064896	19.409600	0.838899	180.159629	1001.973788
-155.890000	55.370000	-156.064896	19.659600	0.835597	180.160348	994.981627
-155.890000	55.370000	-156.064896	19.909600	0.832306	180.161076	987.989466
-155.890000	55.370000	-156.064896	20.159600	0.829007	180.161813	980.997305
-155.890000	55.370000	-156.064896	20.409600	0.825698	180.162559	974.005144
-155.890000	55.370000	-156.064896	20.659600	1.771740	180.163314	967.012983
-155.890000	55.370000	-156.064896	20.909600	2.907734	180.164079	960.136396
-155.890000	55.370000	-156.064896	21.159600	2.944669	180.164853	953.162191
-155.890000	55.370000	-156.064896	21.409600	3.003045	180.165638	946.187987
-155.890000	55.370000	-156.064896	21.659600	3.061404	180.166433	939.213782
-155.890000	55.370000	-156.064896	21.909600	3.119745	180.167238	932.239577
-155.890000	55.370000	-156.064896	22.159600	3.178068	180.168054	925.265372
-155.890000	55.370000	-156.064896	22.409600	3.236374	180.168881	918.291168
-155.890000	55.370000	-156.064896	22.659600	3.294661	180.169719	911.316963
-155.890000	55.370000	-156.064896	22.909600	3.352929	180.170569	904.342758
-155.890000	55.370000	-156.064896	23.159600	3.405161	180.171430	897.368553
-155.890000	55.370000	-156.064896	23.409600	3.229499	180.172304	890.394349
-155.890000	55.370000	-156.064896	23.659600	3.053762	180.173189	883.420144
-155.890000	55.370000	-156.064896	23.909600	2.877952	180.174088	876.445939
-155.890000	55.370000	-156.064896	24.159600	2.702072	180.174998	869.471734
-155.890000	55.370000	-156.064896	24.409600	2.526125	180.175923	862.497530
-155.890000	55.370000	-156.064896	24.659600	2.345649	180.176861	855.523325
-155.890000	55.370000	-156.064896	24.909600	2.160332	180.177813	848.524395
-155.890000	55.370000	-156.064896	25.159600	1.980235	180.178779	841.493035
-155.890000	55.370000	-156.064896	25.409600	1.805470	180.179760	834.461675
-155.890000	55.370000	-156.064896	25.659600	1.591055	180.180755	827.430315
-155.890000	55.370000	-156.064896	25.909600	1.357370	180.181766	820.398955
-155.890000	55.370000	-156.064896	26.159600	1.239320	180.182792	813.367595
-155.890000	55.370000	-155.814896	15.159600	0.128682	179.936193	1120.164406
-155.890000	55.370000	-155.814896	15.409600	0.128903	179.935971	1113.354136
-155.890000	55.370000	-155.814896	15.659600	0.129195	179.935679	1106.543865
-155.890000	55.370000	-155.814896	15.909600	0.129481	179.935454	1099.733594
-155.890000	55.370000	-155.814896	16.159600	0.061268	179.935155	1092.935841
-155.890000	55.370000	-155.814896	16.409600	-0.215895	179.934925	1085.936433
-155.890000	55.370000	-155.814896	16.659600	-0.074977	179.934620	1078.881111
-155.890000	55.370000	-155.814896	16.909600	0.184261	179.934384	1071.825789
-155.890000	55.370000	-155.814896	17.159600	0.445245	179.934073	1064.770468
-155.890000	55.370000	-155.814896	17.409600	0.708534	179.933832	1057.777489
-155.890000	55.370000	-155.814896	17.659600	0.970236	179.933514	1050.785954
-155.890000	55.370000	-155.814896	17.909600	1.123036	179.933267	1043.794419
-155.890000	55.370000	-155.814896	18.159600	1.123362	179.932941	1036.802884
-155.890000	55.370000	-155.814896	18.409600	1.123614	179.932689	1029.811348
-155.890000	55.370000	-155.814896	18.659600	1.123947	179.932356	1022.819813
-155.890000	55.370000	-155.814896	18.909600	1.124205	179.932098	1015.828278
-155.890000	55.370000	-155.814896	19.159600	1.124547	179.931757	1008.836743
-155.890000	55.370000	-155.814896	19.409600	1.123461	179.931492	1001.845207
-155.890000	55.370000	-155.814896	19.659600	1.121248	179.931143	994.853672
-155.890000	55.370000	-155.814896	19.909600	1.118955	179.930872	987.862137
-155.890000	55.370000	-155.814896	20.159600	1.116751	179.930514	980.870601
-155.890000	55.370000	-155.814896	20.409600	1.114465	179.930237	973.879066
-155.890000	55.370000	-155.814896	20.659600	1.112353	179.929869	966.887531
-155.890000	55.370000	-155.814896	20.909600	1.581855	179.929585	959.897116
-155.890000	55.370000	-155.814896	21.159600	1.641595	179.929208	952.908466
-155.890000	55.370000	-155.814896	21.409600	1.701057	179.928917	945.919815
-155.890000	55.370000	-155.814896	21.659600	1.760609	179.928530	938.931165
-155.890000	55.370000	-155.814896	21.909600	1.820071	179.928231	931.942515
-155.890000	55.370000	-155.814896	22.159600	1.879626	179.927834	924.953864
-155.890000	55.370000	-155.814896	22.409600	1.939088	179.927526	917.965214
-155.890000	55.370000	-155.814896	22.659600	1.998646	179.927119	910.976563
-155.890000	55.370000	-155.814896	22.909600	2.058109	179.926803	903.987913
-155.890000	55.370000	-155.814896	23.159600	2.117670	179.926384	896.999263
-155.890000	55.370000	-155.814896	23.409600	2.177133	179.926059	890.010612
-155.890000	55.370000	-155.814896	23.659600	2.236697	179.925629	883.021962
-155.890000	55.370000	-155.814896	23.909600	2.296160	179.925295	876.033312
-155.890000	55.370000	-155.814896	24.159600	2.355727	179.924852	869.044661
-155.890000	55.370000	-155.814896	24.409600	2.415190	179.924508	862.056011
-155.890000	55.370000	-155.814896	24.659600	2.474760	179.924052	855.067360
-155.890000	55.370000	-155.814896	24.909600	2.433051	179.923698	848.078710
-155.890000	55.370000	-155.814896	25.159600	2.258719	179.923228	841.090060
-155.890000	55.370000	-155.814896	25.409600	2.085639	179.922864	834.101409
-155.890000	55.370000	-155.814896	25.659600	1.913020	179.922380	827.122488
-155.890000	55.370000	-155.814896	25.909600	1.738741	179.922004	820.148283
-155.890000	55.370000	-155.814896	26.159600	1.319750	179.921505	813.174078
-155.890000	55.370000	-155.814896	26.409600	0.686266	179.921117	806.199873
-155.890000	55.370000	-155.564896	15.159600	0.341076	179.723799	1120.156695
-155.890000	55.370000	-155.564896	15.409600	0.342180	179.722694	1113.346424
-155.890000	55.370000	-155.564896	15.659600	0.343296	179.721578	1106.536154
-155.890000	55.370000	-155.564896	15.909600	0.328451	179.720450	1099.725883
-155.890000	55.370000	-155.564896	16.159600	0.277103	179.719310	1092.936271
-155.890000	55.370000	-155.564896	16.409600	0.000190	179.718158	1085.970894
-155.890000	55.370000	-155.564896	16.659600	0.003150	179.716993	1078.915573
-155.890000	55.370000	-155.564896	16.909600	0.004328	179.715815	1071.860251
-155.890000	55.370000	-155.564896	17.159600	0.005518	179.714625	1064.804929
-155.890000	55.370000	-155.564896	17.409600	0.259865	179.713421	1057.749607
-155.890000	55.370000	-155.564896	17.659600	0.520521	179.712204	1050.694285
-155.890000	55.370000	-155.564896	17.909600	0.783472	179.710972	1043.665509
-155.890000	55.370000	-155.564896	18.159600	1.047368	179.709727	1036.673973
-155.890000	55.370000	-155.564896	18.409600	1.309930	179.708467	1029.682438
-155.890000	55.370000	-155.564896	18.659600	1.349110	179.707193	1022.690903
-155.890000	55.370000	-155.564896	18.909600	1.350400	179.705903	1015.699367
-155.890000	55.370000	-155.564896	19.159600	1.351704	179.704599	1008.707832
-155.890000	55.370000	-155.564896	19.409600	1.353025	179.703278	1001.716297
-155.890000	55.370000	-155.564896	19.659600	1.354361	179.701942	994.724762
-155.890000	55.370000	-155.564896	19.909600	1.355714	179.700589	987.733226
-155.890000	55.370000	-155.564896	20.159600	1.357083	179.699220	980.741691
-155.890000	55.370000	-155.564896	20.409600	1.358470	179.697833	973.750156
-155.890000	55.370000	-155.564896	20.659600	1.359908	179.696430	966.758621
-155.890000	55.370000	-155.564896	20.909600	1.366139	179.695008	959.767548
-155.890000	55.370000	-155.564896	21.159600	1.368559	179.693569	952.778898
-155.890000	55.370000	-155.564896	21.409600	1.370017	179.692110	945.790248
-155.890000	55.370000	-155.564896	21.659600	1.371494	179.690633	938.801597
-155.890000	55.370000	-155.564896	21.909600	1.372992	179.689136	931.812947
-155.890000	55.370000	-155.564896	22.159600	1.374508	179.687619	924.824296
-155.890000	55.370000	-155.564896	22.409600	1.376045	179.686082	917.835646
-155.890000	55.370000	-155.564896	22.659600	1.377603	179.684524	910.846996
-155.890000	55.370000	-155.564896	22.909600	1.379183	179.682944	903.858345
-155.890000	55.370000	-155.564896	23.159600	1.380783	179.681344	896.869695
-155.890000	55.370000	-155.564896	23.409600	1.382407	179.679720	889.881045
-155.890000	55.370000	-155.564896	23.659600	1.384053	179.678074	882.892394
-155.890000	55.370000	-155.564896	23.909600	1.385723	179.676404	875.903744
-155.890000	55.370000	-155.564896	24.159600	1.387416	179.674711	868.915093
-155.890000	55.370000	-155.564896	24.409600	1.389135	179.672992	861.926443
-155.890000	55.370000	-155.564896	24.659600	1.390878	179.671249	854.937793
-155.890000	55.370000	-155.564896	24.909600	1.392647	179.669480	847.949142
-155.890000	55.370000	-155.564896	25.159600	1.293810	179.667685	840.960492
-155.890000	55.370000	-155.564896	25.409600	0.809936	179.665861	833.971842
-155.890000	55.370000	-155.564896	25.659600	0.365899	179.664011	826.983191
-155.890000	55.370000	-155.564896	25.909600	-0.060471	179.662132	819.994541
-155.890000	55.370000	-155.564896	26.159600	-0.493996	179.660224	813.065370
-155.890000	55.370000	-155.564896	26.409600	-0.929409	179.658285	806.195225
-155.890000	55.370000	-155.314896	15.159600	0.553451	179.511424	1120.148984
-155.890000	55.370000	-155.314896	15.409600	0.555371	179.509503	1113.338713
-155.890000	55.370000	-155.314896	15.659600	0.557398	179.507495	1106.528443
-155.890000	55.370000	-155.314896	15.909600	0.509074	179.505534	1099.721987
-155.890000	55.370000	-155.314896	16.159600	0.492919	179.503484	1092.936702
-155.890000	55.370000	-155.314896	16.409600	0.216182	179.501480	1086.005356
-155.890000	55.370000	-155.314896	16.659600	0.220758	179.499385	1078.950034
-155.890000	55.370000	-155.314896	16.909600	0.222805	179.497338	1071.894712
-155.890000	55.370000	-155.314896	17.159600	0.224947	179.495196	1064.839390
-155.890000	55.370000	-155.314896	17.409600	0.227040	179.493104	1057.784069
-155.890000	55.370000	-155.314896	17.659600	0.229230	179.490914	1050.728747
-155.890000	55.370000	-155.314896	17.909600	0.339153	179.488773	1043.673425
-155.890000	55.370000	-155.314896	18.159600	0.600395	179.486533	1036.618103
-155.890000	55.370000	-155.314896	18.409600	0.862925	179.484343	1029.562782
-155.890000	55.370000	-155.314896	18.659600	1.127975	179.482051	1022.561992
-155.890000	55.370000	-155.314896	18.909600	1.391942	179.479810	1015.570457
-155.890000	55.370000	-155.314896	19.159600	1.578841	179.477462	1008.578922
-155.890000	55.370000	-155.314896	19.409600	1.581136	179.475167	1001.587387
-155.890000	55.370000	-155.314896	19.659600	1.583540	179.472763	994.595851
-155.890000	55.370000	-155.314896	19.909600	1.585891	179.470412	987.604316
-155.890000	55.370000	-155.314896	20.159600	1.588354	179.467949	980.612781
-155.890000	55.370000	-155.314896	20.409600	1.590764	179.465539	973.621245
-155.890000	55.370000	-155.314896	20.659600	1.593290	179.463014	966.629710
-155.890000	55.370000	-155.314896	20.909600	1.597861	179.460543	959.638175
-155.890000	55.370000	-155.314896	21.159600	1.604160	179.457953	952.649330
-155.890000	55.370000	-155.314896	21.409600	1.606709	179.455418	945.660680
-155.890000	55.370000	-155.314896	21.659600	1.609367	179.452760	938.672029
-155.890000	55.370000	-155.314896	21.909600	1.611969	179.450158	931.683379
-155.890000	55.370000	-155.314896	22.159600	1.614697	179.447430	924.694729
-155.890000	55.370000	-155.314896	22.409600	1.617369	179.444758	917.706078
-155.890000	55.370000	-155.314896	22.659600	1.620172	179.441956	910.717428
-155.890000	55.370000	-155.314896	22.909600	1.622917	179.439210	903.728778
-155.890000	55.370000	-155.314896	23.159600	1.625797	179.436331	896.740127
-155.890000	55.370000	-155.314896	23.409600	1.628618	179.433509	889.751477
-155.890000	55.370000	-155.314896	23.659600	1.631580	179.430548	882.762826
-155.890000	55.370000	-155.314896	23.909600	1.634482	179.427645	875.774176
-155.890000	55.370000	-155.314896	24.159600	1.637528	179.424599	868.785526
-155.890000	55.370000	-155.314896	24.409600	1.197326	179.421612	861.796875
-155.890000	55.370000	-155.314896	24.659600	0.714708	179.418476	854.808225
-155.890000	55.370000	-155.314896	24.909600	0.231390	179.415401	847.819575
-155.890000	55.370000	-155.314896	25.159600	-0.259149	179.412171	840.855481
-155.890000	55.370000	-155.314896	25.409600	-0.755742	179.409003	833.985336
-155.890000	55.370000	-155.314896	25.659600	-1.246185	179.405674	827.115191
-155.890000	55.370000	-155.314896	25.909600	-1.736417	179.402408	820.245046
-155.890000	55.370000	-155.314896	26.159600	-1.978665	179.398976	813.374901
-155.890000	55.370000	-155.064896	15.159600	0.765800	179.299075	1120.141273
-155.890000	55.370000	-155.064896	15.409600	0.768603	179.296272	1113.331002
-155.890000	55.370000	-155.064896	15.659600	0.771492	179.293440	1106.520732
-155.890000	55.370000	-155.064896	15.909600	0.705790	179.290578	1099.722418
-155.890000	55.370000	-155.064896	16.159600	0.708708	179.287686	1092.937132
-155.890000	55.370000	-155.064896	16.409600	0.432213	179.284761	1086.039817
-155.890000	55.370000	-155.064896	16.659600	0.438337	179.281806	1078.984495
-155.890000	55.370000	-155.064896	16.909600	0.441325	179.278818	1071.929174
-155.890000	55.370000	-155.064896	17.159600	0.444346	179.275798	1064.873852
-155.890000	55.370000	-155.064896	17.409600	0.447401	179.272743	1057.818530
-155.890000	55.370000	-155.064896	17.659600	0.450489	179.269654	1050.763208
-155.890000	55.370000	-155.064896	17.909600	0.453613	179.266530	1043.707887
-155.890000	55.370000	-155.064896	18.159600	0.456772	179.263371	1036.652565
-155.890000	55.370000	-155.064896	18.409600	0.459969	179.260174	1029.597243
-155.890000	55.370000	-155.064896	18.659600	0.684627	179.256941	1022.541921
-155.890000	55.370000	-155.064896	18.909600	0.947168	179.253669	1015.486600
-155.890000	55.370000	-155.064896	19.159600	1.211908	179.250360	1008.450012
-155.890000	55.370000	-155.064896	19.409600	1.478085	179.247009	1001.458476
-155.890000	55.370000	-155.064896	19.659600	1.742782	179.243619	994.466941
-155.890000	55.370000	-155.064896	19.909600	1.816117	179.240186	987.475406
-155.890000	55.370000	-155.064896	20.159600	1.819590	179.236713	980.483870
-155.890000	55.370000	-155.064896	20.409600	1.823109	179.233195	973.492335
-155.890000	55.370000	-155.064896	20.659600	1.826669	179.229634	966.500800
-155.890000	55.370000	-155.064896	20.909600	1.830431	179.226026	959.509265
-155.890000	55.370000	-155.064896	21.159600	1.839688	179.222374	952.519762
-155.890000	55.370000	-155.064896	21.409600	1.843454	179.218673	945.531112
-155.890000	55.370000	-155.064896	21.659600	1.847201	179.214926	938.542462
-155.890000	55.370000	-155.064896	21.909600	1.851000	179.211127	931.553811
-155.890000	55.370000	-155.064896	22.159600	1.854847	179.207280	924.565161
-155.890000	55.370000	-155.064896	22.409600	1.858748	179.203379	917.576511
-155.890000	55.370000	-155.064896	22.659600	1.862699	179.199428	910.587860
-155.890000	55.370000	-155.064896	22.909600	1.866707	179.195420	903.599210
-155.890000	55.370000	-155.064896	23.159600	1.870768	179.191359	896.610559
-155.890000	55.370000	-155.064896	23.409600	1.574832	179.187239	889.621909
-155.890000	55.370000	-155.064896	23.659600	1.093273	179.183064	882.633259
-155.890000	55.370000	-155.064896	23.909600	0.611736	179.178827	875.644608
-155.890000	55.370000	-155.064896	24.159600	0.124867	179.174531	868.655958
-155.890000	55.370000	-155.064896	24.409600	-0.370454	179.170171	861.775447
-155.890000	55.370000	-155.064896	24.659600	-0.860775	179.165749	854.905302
-155.890000	55.370000	-155.064896	24.909600	-1.349871	179.161259	848.035157
-155.890000	55.370000	-155.064896	25.159600	-1.736394	179.156705	841.165012
-155.890000	55.370000	-155.064896	25.409600	-1.731768	179.152079	834.294867
-155.890000	55.370000	-155.064896	25.659600	-1.727075	179.147386	827.424722
-155.890000	55.370000	-155.064896	25.909600	-1.722306	179.142617	820.554577
-155.890000	55.370000	-155.064896	26.159600	-1.717467	179.137778	813.684432
-155.890000	55.370000	-154.814896	15.159600	0.978103	179.086771	1120.133562
-155.890000	55.370000	-154.814896	15.409600	0.981721	179.083153	1113.323291
-155.890000	55.370000	-154.814896	15.659600	0.971827	179.079431	1106.513020
-155.890000	55.370000	-154.814896	15.909600	0.920629	179.075736	1099.722848
-155.890000	55.370000	-154.814896	16.159600	0.924451	179.071934	1092.937563
-155.890000	55.370000	-154.814896	16.409600	0.648122	179.068160	1086.074279
-155.890000	55.370000	-154.814896	16.659600	0.655868	179.064276	1079.018957
-155.890000	55.370000	-154.814896	16.909600	0.659724	179.060419	1071.963635
-155.890000	55.370000	-154.814896	17.159600	0.663695	179.056448	1064.908313
-155.890000	55.370000	-154.814896	17.409600	0.667638	179.052506	1057.852992
-155.890000	55.370000	-154.814896	17.659600	0.671698	179.048446	1050.797670
-155.890000	55.370000	-154.814896	17.909600	0.675730	179.044414	1043.742348
-155.890000	55.370000	-154.814896	18.159600	0.679883	179.040261	1036.687026
-155.890000	55.370000	-154.814896	18.409600	0.684008	179.036135	1029.631705
-155.890000	55.370000	-154.814896	18.659600	0.688258	179.031885	1022.576383
-155.890000	55.370000	-154.814896	18.909600	0.692481	179.027662	1015.521061
-155.890000	55.370000	-154.814896	19.159600	0.772898	179.023311	1008.465739
-155.890000	55.370000	-154.814896	19.409600	1.036224	179.018987	1001.410418
-155.890000	55.370000	-154.814896	19.659600	1.300724	179.014531	994.355096
-155.890000	55.370000	-154.814896	19.909600	1.567621	179.010101	987.346495
-155.890000	55.370000	-154.814896	20.159600	1.834218	179.005535	980.354960
-155.890000	55.370000	-154.814896	20.409600	2.055309	179.000994	973.363425
-155.890000	55.370000	-154.814896	20.659600	2.059990	178.996313	966.371890
-155.890000	55.370000	-154.814896	20.909600	2.064749	178.991658	959.380354
-155.890000	55.370000	-154.814896	21.159600	2.075156	178.986857	952.390195
-155.890000	55.370000	-154.814896	21.409600	2.080046	178.982081	945.401544
-155.890000	55.370000	-154.814896	21.659600	2.084973	178.977154	938.412894
-155.890000	55.370000	-154.814896	21.909600	2.089875	178.972252	931.424244
-155.890000	55.370000	-154.814896	22.159600	2.094932	178.967195	924.435593
-155.890000	55.370000	-154.814896	22.409600	1.943034	178.962161	917.446943
-155.890000	55.370000	-154.814896	22.659600	1.462519	178.956966	910.458292
-155.890000	55.370000	-154.814896	22.909600	0.981921	178.951795	903.469642
-155.890000	55.370000	-154.814896	23.159600	0.498593	178.946456	896.480992
-155.890000	55.370000	-154.814896	23.409600	0.006706	178.941140	889.565559
-155.890000	55.370000	-154.814896	23.659600	-0.485170	178.935651	882.695414
-155.890000	55.370000	-154.814896	23.909600	-0.973370	178.930183	875.825269
-155.890000	55.370000	-154.814896	24.159600	-1.461088	178.924536	868.955123
-155.890000	55.370000	-154.814896	24.409600	-1.498599	178.918910	862.084978
-155.890000	55.370000	-154.814896	24.659600	-1.492786	178.913097	855.214833
-155.890000	55.370000	-154.814896	24.909600	-1.486992	178.907303	848.344688
-155.890000	55.370000	-154.814896	25.159600	-1.481006	178.901316	841.474543
-155.890000	55.370000	-154.814896	25.409600	-1.475037	178.895348	834.604398
-155.890000	55.370000	-154.814896	25.659600	-1.468867	178.889178	827.734253
-155.890000	55.370000	-154.814896	25.909600	-1.462713	178.883024	820.864108
-155.890000	55.370000	-154.564896	15.159600	1.190356	178.874519	1120.125851
-155.890000	55.370000	-154.564896	15.409600	1.194872	178.870019	1113.315580
-155.890000	55.370000	-154.564896	15.659600	1.151495	178.865474	1106.508564
-155.890000	55.370000	-154.564896	15.909600	1.135486	178.860878	1099.723279
-155.890000	55.370000	-154.564896	16.159600	1.140139	178.856236	1092.937993
-155.890000	55.370000	-154.564896	16.409600	0.864044	178.851543	1086.108740
-155.890000	55.370000	-154.564896	16.659600	0.873344	178.846800	1079.053418
-155.890000	55.370000	-154.564896	16.909600	0.878140	178.842003	1071.998096
-155.890000	55.370000	-154.564896	17.159600	0.882988	178.837155	1064.942775
-155.890000	55.370000	-154.564896	17.409600	0.887892	178.832252	1057.887453
-155.890000	55.370000	-154.564896	17.659600	0.892848	178.827295	1050.832131
-155.890000	55.370000	-154.564896	17.909600	0.897864	178.822280	1043.776809
-155.890000	55.370000	-154.564896	18.159600	0.902934	178.817210	1036.721488
-155.890000	55.370000	-154.564896	18.409600	0.908065	178.812078	1029.666166
-155.890000	55.370000	-154.564896	18.659600	0.913253	178.806890	1022.610844
-155.890000	55.370000	-154.564896	18.909600	0.918506	178.801638	1015.555522
-155.890000	55.370000	-154.564896	19.159600	0.923818	178.796326	1008.500201
-155.890000	55.370000	-154.564896	19.409600	0.929196	178.790948	1001.444879
-155.890000	55.370000	-154.564896	19.659600	0.934636	178.785507	994.389557
-155.890000	55.370000	-154.564896	19.909600	1.129854	178.779997	987.334235
-155.890000	55.370000	-154.564896	20.159600	1.394562	178.774423	980.278914
-155.890000	55.370000	-154.564896	20.409600	1.661351	178.768776	973.234514
-155.890000	55.370000	-154.564896	20.659600	1.930032	178.763061	966.242979
-155.890000	55.370000	-154.564896	20.909600	2.197182	178.757270	959.251444
-155.890000	55.370000	-154.564896	21.159600	2.310553	178.751409	952.260627
-155.890000	55.370000	-154.564896	21.409600	2.302839	178.745469	945.271977
-155.890000	55.370000	-154.564896	21.659600	1.823175	178.739455	938.283326
-155.890000	55.370000	-154.564896	21.909600	1.343512	178.733358	931.294676
-155.890000	55.370000	-154.564896	22.159600	0.862793	178.727184	924.306025
-155.890000	55.370000	-154.564896	22.409600	0.374317	178.720923	917.355670
-155.890000	55.370000	-154.564896	22.659600	-0.118574	178.714581	910.485525
-155.890000	55.370000	-154.564896	22.909600	-0.605885	178.708149	903.615380
-155.890000	55.370000	-154.564896	23.159600	-1.092829	178.701632	896.745235
-155.890000	55.370000	-154.564896	23.409600	-1.274709	178.695020	889.875090
-155.890000	55.370000	-154.564896	23.659600	-1.268008	178.688319	883.004945
-155.890000	55.370000	-154.564896	23.909600	-1.261207	178.681518	876.134800
-155.890000	55.370000	-154.564896	24.159600	-1.254314	178.674625	869.264655
-155.890000	55.370000	-154.564896	24.409600	-1.247316	178.667627	862.394509
-155.890000	55.370000	-154.564896	24.659600	-1.240220	178.660530	855.524364
-155.890000	55.370000	-154.564896	24.909600	-1.233014	178.653325	848.654219
-155.890000	55.370000	-154.564896	25.159600	-1.225705	178.646016	841.784074
-155.890000	55.370000	-154.564896	25.409600	-1.218282	178.638593	834.913929
-155.890000	55.370000	-154.564896	25.659600	-1.210750	178.631061	828.043784
-155.890000	55.370000	-154.564896	25.909600	-1.203097	178.623408	821.173639
-155.890000	55.370000	-154.314896	15.159600	1.402538	178.662337	1120.118139
-155.890000	55.370000	-154.314896	15.409600	1.407905	178.657024	1113.307869
-155.890000	55.370000	-154.314896	15.659600	1.344778	178.651589	1106.508995
-155.890000	55.370000	-154.314896	15.909600	1.350200	178.646164	1099.723710
-155.890000	55.370000	-154.314896	16.159600	1.355753	178.640614	1092.938424
-155.890000	55.370000	-154.314896	16.409600	1.179483	178.635072	1086.143201
-155.890000	55.370000	-154.314896	16.659600	1.090743	178.629401	1079.087880
-155.890000	55.370000	-154.314896	16.909600	1.096406	178.623737	1072.032558
-155.890000	55.370000	-154.314896	17.159600	1.102202	178.617941	1064.977236
-155.890000	55.370000	-154.314896	17.409600	1.107992	178.612152	1057.921914
-155.890000	55.370000	-154.314896	17.659600	1.113918	178.606225	1050.866593
-155.890000	55.370000	-154.314896	17.909600	1.119839	178.600304	1043.811271
-155.890000	55.370000	-154.314896	18.159600	1.125902	178.594242	1036.755949
-155.890000	55.370000	-154.314896	18.409600	1.131960	178.588183	1029.700627
-155.890000	55.370000	-154.314896	18.659600	1.138164	178.581980	1022.645306
-155.890000	55.370000	-154.314896	18.909600	1.144364	178.575779	1015.589984
-155.890000	55.370000	-154.314896	19.159600	1.150716	178.569428	1008.534662
-155.890000	55.370000	-154.314896	19.409600	1.157065	178.563078	1001.479340
-155.890000	55.370000	-154.314896	19.659600	1.163570	178.556573	994.424019
-155.890000	55.370000	-154.314896	19.909600	1.170075	178.550068	987.368697
-155.890000	55.370000	-154.314896	20.159600	1.176741	178.543403	980.313375
-155.890000	55.370000	-154.314896	20.409600	1.227757	178.536736	973.258053
-155.890000	55.370000	-154.314896	20.659600	1.493591	178.529903	966.202732
-155.890000	55.370000	-154.314896	20.909600	1.594015	178.523067	959.147410
-155.890000	55.370000	-154.314896	21.159600	1.141791	178.516059	952.131059
-155.890000	55.370000	-154.314896	21.409600	0.689527	178.509046	945.145781
-155.890000	55.370000	-154.314896	21.659600	0.230623	178.501855	938.275636
-155.890000	55.370000	-154.314896	21.909600	-0.246918	178.494658	931.405491
-155.890000	55.370000	-154.314896	22.159600	-0.733088	178.487276	924.535346
-155.890000	55.370000	-154.314896	22.409600	-1.059574	178.479885	917.665201
-155.890000	55.370000	-154.314896	22.659600	-1.051991	178.472302	910.795056
-155.890000	55.370000	-154.314896	22.909600	-1.044398	178.464709	903.924911
-155.890000	55.370000	-154.314896	23.159600	-1.036606	178.456917	897.054766
-155.890000	55.370000	-154.314896	23.409600	-1.028800	178.449111	890.184621
-155.890000	55.370000	-154.314896	23.659600	-1.020789	178.441100	883.314476
-155.890000	55.370000	-154.314896	23.909600	-1.012761	178.433071	876.444331
-155.890000	55.370000	-154.314896	24.159600	-1.004519	178.424829	869.574186
-155.890000	55.370000	-154.314896	24.409600	-0.996257	178.416568	862.704041
-155.890000	55.370000	-154.314896	24.659600	-0.987773	178.408084	855.833896
-155.890000	55.370000	-154.314896	24.909600	-0.979267	178.399578	848.963750
-155.890000	55.370000	-154.314896	25.159600	-0.970529	178.390840	842.093605
-155.890000	55.370000	-154.314896	25.409600	-0.961766	178.382077	835.223460
-155.890000	55.370000	-154.314896	25.659600	-0.952761	178.373072	828.353315
-155.890000	55.370000	-154.314896	25.909600	-0.943727	178.364038	821.483170
-155.890000	55.370000	-154.064896	15.159600	1.614645	178.450230	1120.110428
-155.890000	55.370000	-154.064896	15.409600	1.609577	178.444037	1113.300158
-155.890000	55.370000	-154.064896	15.659600	1.558584	178.437782	1106.509426
-155.890000	55.370000	-154.064896	15.909600	1.564906	178.431458	1099.724140
-155.890000	55.370000	-154.064896	16.159600	1.571295	178.425069	1092.938855
-155.890000	55.370000	-154.064896	16.409600	1.536610	178.418610	1086.153569
-155.890000	55.370000	-154.064896	16.659600	1.307582	178.412082	1079.122341
-155.890000	55.370000	-154.064896	16.909600	1.314662	178.405481	1072.067019
-155.890000	55.370000	-154.064896	17.159600	1.321333	178.398810	1065.011698
-155.890000	55.370000	-154.064896	17.409600	1.328082	178.392061	1057.956376
-155.890000	55.370000	-154.064896	17.659600	1.334903	178.385240	1050.901054
-155.890000	55.370000	-154.064896	17.909600	1.341805	178.378338	1043.845732
-155.890000	55.370000	-154.064896	18.159600	1.348783	178.371361	1036.790411
-155.890000	55.370000	-154.064896	18.409600	1.355844	178.364299	1029.735089
-155.890000	55.370000	-154.064896	18.659600	1.362984	178.357159	1022.679767
-155.890000	55.370000	-154.064896	18.909600	1.370212	178.349931	1015.624445
-155.890000	55.370000	-154.064896	19.159600	1.377522	178.342621	1008.569124
-155.890000	55.370000	-154.064896	19.409600	1.384923	178.335220	1001.513802
-155.890000	55.370000	-154.064896	19.659600	1.392410	178.327733	994.458480
-155.890000	55.370000	-154.064896	19.909600	1.399992	178.320151	987.403158
-155.890000	55.370000	-154.064896	20.159600	1.407663	178.312480	980.347837
-155.890000	55.370000	-154.064896	20.409600	1.415434	178.304709	973.292515
-155.890000	55.370000	-154.064896	20.659600	0.755808	178.296845	966.237193
-155.890000	55.370000	-154.064896	20.909600	0.022674	178.288877	959.222689
-155.890000	55.370000	-154.064896	21.159600	-0.559597	178.280812	952.344241
-155.890000	55.370000	-154.064896	21.409600	-0.995507	178.272638	945.465792
-155.890000	55.370000	-154.064896	21.659600	-0.953922	178.264362	938.587344
-155.890000	55.370000	-154.064896	21.909600	-0.912613	178.255972	931.715022
-155.890000	55.370000	-154.064896	22.159600	-0.869988	178.247476	924.844877
-155.890000	55.370000	-154.064896	22.409600	-0.826821	178.238861	917.974732
-155.890000	55.370000	-154.064896	22.659600	-0.809824	178.230135	911.104587
-155.890000	55.370000	-154.064896	22.909600	-0.800973	178.221284	904.234442
-155.890000	55.370000	-154.064896	23.159600	-0.792006	178.212317	897.364297
-155.890000	55.370000	-154.064896	23.409600	-0.782908	178.203219	890.494152
-155.890000	55.370000	-154.064896	23.659600	-0.773688	178.193999	883.624007
-155.890000	55.370000	-154.064896	23.909600	-0.764331	178.184642	876.753862
-155.890000	55.370000	-154.064896	24.159600	-0.754845	178.175156	869.883717
-155.890000	55.370000	-154.064896	24.409600	-0.745217	178.165528	863.013572
-155.890000	55.370000	-154.064896	24.659600	-0.735453	178.155764	856.143427
-155.890000	55.370000	-154.064896	24.909600	-0.725539	178.145850	849.273282
-155.890000	55.370000	-154.064896	25.159600	-0.715483	178.135794	842.403136
-155.890000	55.370000	-154.064896	25.409600	-0.705269	178.125580	835.532991
-155.890000	55.370000	-154.064896	25.659600	-0.694906	178.115217	828.662846
-155.890000	55.370000	-153.814896	15.159600	1.826666	178.238221	1120.102717
-155.890000	55.370000	-153.814896	15.409600	1.788111	178.231217	1113.295142
-155.890000	55.370000	-153.814896	15.659600	1.772289	178.224075	1106.509856
-155.890000	55.370000	-153.814896	15.909600	1.779441	178.216923	1099.724571
-155.890000	55.370000	-153.814896	16.159600	1.786736	178.209628	1092.939285
-155.890000	55.370000	-153.814896	16.409600	1.794098	178.202322	1086.154000
-155.890000	55.370000	-153.814896	16.659600	1.524116	178.194870	1079.156802
-155.890000	55.370000	-153.814896	16.909600	1.532739	178.187404	1072.101481
-155.890000	55.370000	-153.814896	17.159600	1.540357	178.179787	1065.046159
-155.890000	55.370000	-153.814896	17.409600	1.547989	178.172155	1057.990837
-155.890000	55.370000	-153.814896	17.659600	1.555777	178.164366	1050.935515
-155.890000	55.370000	-153.814896	17.909600	1.563583	178.156561	1043.880194
-155.890000	55.370000	-153.814896	18.159600	1.571550	178.148594	1036.824872
-155.890000	55.370000	-153.814896	18.409600	1.579535	178.140608	1029.769550
-155.890000	55.370000	-153.814896	18.659600	1.587688	178.132455	1022.714228
-155.890000	55.370000	-153.814896	18.909600	1.595862	178.124282	1015.658907
-155.890000	55.370000	-153.814896	19.159600	1.604208	178.115935	1008.603585
-155.890000	55.370000	-153.814896	19.409600	1.612578	178.107565	1001.548263
-155.890000	55.370000	-153.814896	19.659600	1.621126	178.099017	994.492941
-155.890000	55.370000	-153.814896	19.909600	1.629700	178.090443	987.437620
-155.890000	55.370000	-153.814896	20.159600	1.192755	178.081684	980.382298
-155.890000	55.370000	-153.814896	20.409600	0.466682	178.072896	973.326976
-155.890000	55.370000	-153.814896	20.659600	-0.278269	178.063917	966.435388
-155.890000	55.370000	-153.814896	20.909600	-0.836946	178.054907	959.556940
-155.890000	55.370000	-153.814896	21.159600	-0.827737	178.045698	952.678492
-155.890000	55.370000	-153.814896	21.409600	-0.818494	178.036455	945.800043
-155.890000	55.370000	-153.814896	21.659600	-0.809045	178.027006	938.921595
-155.890000	55.370000	-153.814896	21.909600	-0.774103	178.017519	932.043147
-155.890000	55.370000	-153.814896	22.159600	-0.729900	178.007819	925.164699
-155.890000	55.370000	-153.814896	22.409600	-0.686887	177.998077	918.286251
-155.890000	55.370000	-153.814896	22.659600	-0.644003	177.988114	911.414118
-155.890000	55.370000	-153.814896	22.909600	-0.599828	177.978106	904.543973
-155.890000	55.370000	-153.814896	23.159600	-0.555038	177.967868	897.673828
-155.890000	55.370000	-153.814896	23.409600	-0.537269	177.957580	890.803683
-155.890000	55.370000	-153.814896	23.659600	-0.526742	177.947053	883.933538
-155.890000	55.370000	-153.814896	23.909600	-0.516161	177.936472	877.063393
-155.890000	55.370000	-153.814896	24.159600	-0.505332	177.925643	870.193248
-155.890000	55.370000	-153.814896	24.409600	-0.494444	177.914755	863.323103
-155.890000	55.370000	-153.814896	24.659600	-0.483298	177.903609	856.452958
-155.890000	55.370000	-153.814896	24.909600	-0.472087	177.892398	849.582813
-155.890000	55.370000	-153.814896	25.159600	-0.460607	177.880918	842.712668
-155.890000	55.370000	-153.814896	25.409600	-0.449058	177.869369	835.842522
-155.890000	55.370000	-153.814896	25.659600	-0.437227	177.857538	828.972377
-155.890000	55.370000	-153.564896	15.159600	2.038616	178.026311	1120.095006
-155.890000	55.370000	-153.564896	15.409600	1.977939	178.018429	1113.295572
-155.890000	55.370000	-153.564896	15.659600	1.985895	178.010469	1106.510287
-155.890000	55.370000	-153.564896	15.909600	1.993943	178.002421	1099.725001
-155.890000	55.370000	-153.564896	16.159600	2.002074	177.994290	1092.939716
-155.890000	55.370000	-153.564896	16.409600	2.010342	177.986069	1086.154430
-155.890000	55.370000	-153.564896	16.659600	1.740541	177.977763	1079.191264
-155.890000	55.370000	-153.564896	16.909600	1.750781	177.969362	1072.135942
-155.890000	55.370000	-153.564896	17.159600	1.759271	177.960872	1065.080620
-155.890000	55.370000	-153.564896	17.409600	1.767859	177.952284	1058.025299
-155.890000	55.370000	-153.564896	17.659600	1.776540	177.943604	1050.969977
-155.890000	55.370000	-153.564896	17.909600	1.785323	177.934821	1043.914655
-155.890000	55.370000	-153.564896	18.159600	1.794202	177.925942	1036.859333
-155.890000	55.370000	-153.564896	18.409600	1.803188	177.916956	1029.804012
-155.890000	55.370000	-153.564896	18.659600	1.812274	177.907869	1022.748690
-155.890000	55.370000	-153.564896	18.909600	1.821471	177.898672	1015.693368
-155.890000	55.370000	-153.564896	19.159600	1.830773	177.889370	1008.638046
-155.890000	55.370000	-153.564896	19.409600	1.840191	177.879952	1001.582725
-155.890000	55.370000	-153.564896	19.659600	1.623081	177.870425	994.527403
-155.890000	55.370000	-153.564896	19.909600	0.905116	177.860777	987.472081
-155.890000	55.370000	-153.564896	20.159600	0.166604	177.851016	980.526535
-155.890000	55.370000	-153.564896	20.409600	-0.568566	177.841128	973.648087
-155.890000	55.370000	-153.564896	20.659600	-0.613160	177.831121	966.769639
-155.890000	55.370000	-153.564896	20.909600	-0.603021	177.820982	959.891191
-155.890000	55.370000	-153.564896	21.159600	-0.592759	177.810720	953.012742
-155.890000	55.370000	-153.564896	21.409600	-0.582358	177.800319	946.134294
-155.890000	55.370000	-153.564896	21.659600	-0.571828	177.789789	939.255846
-155.890000	55.370000	-153.564896	21.909600	-0.561153	177.779114	932.377398
-155.890000	55.370000	-153.564896	22.159600	-0.550343	177.768304	925.498950
-155.890000	55.370000	-153.564896	22.409600	-0.539382	177.757343	918.620502
-155.890000	55.370000	-153.564896	22.659600	-0.502037	177.746240	911.742053
-155.890000	55.370000	-153.564896	22.909600	-0.456273	177.734979	904.863605
-155.890000	55.370000	-153.564896	23.159600	-0.411628	177.723569	897.985157
-155.890000	55.370000	-153.564896	23.409600	-0.367131	177.711994	891.113214
-155.890000	55.370000	-153.564896	23.659600	-0.321197	177.700263	884.243069
-155.890000	55.370000	-153.564896	23.909600	-0.274741	177.688359	877.372924
-155.890000	55.370000	-153.564896	24.159600	-0.255980	177.676291	870.502779
-155.890000	55.370000	-153.564896	24.409600	-0.243729	177.664040	863.632634
-155.890000	55.370000	-153.564896	24.659600	-0.231308	177.651619	856.762489
-155.890000	55.370000	-153.564896	24.909600	-0.218695	177.639006	849.892344
-155.890000	55.370000	-153.564896	25.159600	-0.205902	177.626213	843.022199
-155.890000	55.370000	-153.564896	25.409600	-0.192908	177.613219	836.152054
-155.890000	55.370000	-153.314896	15.159600	2.241446	177.814525	1120.087295
-155.890000	55.370000	-153.314896	15.409600	2.190531	177.805835	1113.296003
-155.890000	55.370000	-153.314896	15.659600	2.199374	177.796990	1106.510717
-155.890000	55.370000	-153.314896	15.909600	2.208247	177.788117	1099.725432
-155.890000	55.370000	-153.314896	16.159600	2.217281	177.779084	1092.940146
-155.890000	55.370000	-153.314896	16.409600	2.226383	177.770019	1086.154861
-155.890000	55.370000	-153.314896	16.659600	1.956828	177.760791	1079.225725
-155.890000	55.370000	-153.314896	16.909600	1.968615	177.751528	1072.170404
-155.890000	55.370000	-153.314896	17.159600	1.978048	177.742096	1065.115082
-155.890000	55.370000	-153.314896	17.409600	1.987516	177.732627	1058.059760
-155.890000	55.370000	-153.314896	17.659600	1.997161	177.722983	1051.004438
-155.890000	55.370000	-153.314896	17.909600	2.006844	177.713299	1043.949117
-155.890000	55.370000	-153.314896	18.159600	2.016709	177.703434	1036.893795
-155.890000	55.370000	-153.314896	18.409600	2.026616	177.693527	1029.838473
-155.890000	55.370000	-153.314896	18.659600	2.036711	177.683432	1022.783151
-155.890000	55.370000	-153.314896	18.909600	2.046851	177.673292	1015.727830
-155.890000	55.370000	-153.314896	19.159600	2.049631	177.662958	1008.672508
-155.890000	55.370000	-153.314896	19.409600	1.337934	177.652575	1001.617186
-155.890000	55.370000	-153.314896	19.659600	0.605862	177.641990	994.617682
-155.890000	55.370000	-153.314896	19.909600	-0.134533	177.631354	987.739234
-155.890000	55.370000	-153.314896	20.159600	-0.402548	177.620509	980.860786
-155.890000	55.370000	-153.314896	20.409600	-0.391647	177.609608	973.982338
-155.890000	55.370000	-153.314896	20.659600	-0.380530	177.598490	967.103890
-155.890000	55.370000	-153.314896	20.909600	-0.369352	177.587313	960.225442
-155.890000	55.370000	-153.314896	21.159600	-0.357951	177.575912	953.346993
-155.890000	55.370000	-153.314896	21.409600	-0.346485	177.564446	946.468545
-155.890000	55.370000	-153.314896	21.659600	-0.334786	177.552747	939.590097
-155.890000	55.370000	-153.314896	21.909600	-0.323018	177.540979	932.711649
-155.890000	55.370000	-153.314896	22.159600	-0.311009	177.528970	925.833201
-155.890000	55.370000	-153.314896	22.409600	-0.298926	177.516886	918.954752
-155.890000	55.370000	-153.314896	22.659600	-0.286591	177.504552	912.076304
-155.890000	55.370000	-153.314896	22.909600	-0.274177	177.492138	905.197856
-155.890000	55.370000	-153.314896	23.159600	-0.261502	177.479463	898.319408
-155.890000	55.370000	-153.314896	23.409600	-0.221711	177.466702	891.440960
-155.890000	55.370000	-153.314896	23.659600	-0.174177	177.453671	884.562511
-155.890000	55.370000	-153.314896	23.909600	-0.127855	177.440547	877.684063
-155.890000	55.370000	-153.314896	24.159600	-0.081526	177.427142	870.812310
-155.890000	55.370000	-153.314896	24.409600	-0.033783	177.413637	863.942165
-155.890000	55.370000	-153.314896	24.659600	0.014568	177.399839	857.072020
-155.890000	55.370000	-153.314896	24.909600	0.034376	177.385935	850.201875
-155.890000	55.370000	-153.314896	25.159600	0.048587	177.371724	843.331730
-155.890000	55.370000	-153.314896	25.409600	0.062910	177.357401	836.461585
-155.890000	55.370000	-153.064896	15.159600	2.418826	177.602861	1120.081719
-155.890000	55.370000	-153.064896	15.409600	2.403067	177.593297	1113.296433
-155.890000	55.370000	-153.064896	15.659600	2.412727	177.583637	1106.511148
-155.890000	55.370000	-153.064896	15.909600	2.422493	177.573871	1099.725862
-155.890000	55.370000	-153.064896	16.159600	2.432359	177.564005	1092.940577
-155.890000	55.370000	-153.064896	16.409600	2.442364	177.554029	1086.155292
-155.890000	55.370000	-153.064896	16.659600	2.172979	177.543950	1079.260187
-155.890000	55.370000	-153.064896	16.909600	2.186388	177.533756	1072.204865
-155.890000	55.370000	-153.064896	17.159600	2.196689	177.523454	1065.149543
-155.890000	55.370000	-153.064896	17.409600	2.207110	177.513033	1058.094222
-155.890000	55.370000	-153.064896	17.659600	2.217643	177.502500	1051.038900
-155.890000	55.370000	-153.064896	17.909600	2.228300	177.491843	1043.983578
-155.890000	55.370000	-153.064896	18.159600	2.239074	177.481069	1036.928256
-155.890000	55.370000	-153.064896	18.409600	2.249977	177.470166	1029.872935
-155.890000	55.370000	-153.064896	18.659600	2.261002	177.459141	1022.817613
-155.890000	55.370000	-153.064896	18.909600	1.765455	177.447981	1015.762291
-155.890000	55.370000	-153.064896	19.159600	1.039662	177.436695	1008.708830
-155.890000	55.370000	-153.064896	19.409600	0.295888	177.425268	1001.830382
-155.890000	55.370000	-153.064896	19.659600	-0.195748	177.413709	994.951933
-155.890000	55.370000	-153.064896	19.909600	-0.184043	177.402003	988.073485
-155.890000	55.370000	-153.064896	20.159600	-0.172199	177.390160	981.195037
-155.890000	55.370000	-153.064896	20.409600	-0.160202	177.378163	974.316589
-155.890000	55.370000	-153.064896	20.659600	-0.148062	177.366022	967.438141
-155.890000	55.370000	-153.064896	20.909600	-0.135761	177.353722	960.559692
-155.890000	55.370000	-153.064896	21.159600	-0.123310	177.341271	953.681244
-155.890000	55.370000	-153.064896	21.409600	-0.110692	177.328652	946.802796
-155.890000	55.370000	-153.064896	21.659600	-0.097916	177.315877	939.924348
-155.890000	55.370000	-153.064896	21.909600	-0.084966	177.302927	933.045900
-155.890000	55.370000	-153.064896	22.159600	-0.071852	177.289813	926.167451
-155.890000	55.370000	-153.064896	22.409600	-0.058554	177.276515	919.289003
-155.890000	55.370000	-153.064896	22.659600	-0.045085	177.263046	912.410555
-155.890000	55.370000	-153.064896	22.909600	-0.031424	177.249385	905.532107
-155.890000	55.370000	-153.064896	23.159600	-0.017583	177.235544	898.653659
-155.890000	55.370000	-153.064896	23.409600	-0.003541	177.221502	891.775211
-155.890000	55.370000	-153.064896	23.659600	0.010690	177.207271	884.896762
-155.890000	55.370000	-153.064896	23.909600	0.025131	177.192830	878.018314
-155.890000	55.370000	-153.064896	24.159600	0.067587	177.178191	871.139866
-155.890000	55.370000	-153.064896	24.409600	0.116950	177.163331	864.261418
-155.890000	55.370000	-153.064896	24.659600	0.165180	177.148264	857.382970
-155.890000	55.370000	-153.064896	24.909600	0.213403	177.132964	850.511406
-155.890000	55.370000	-153.064896	25.159600	0.263196	177.117447	843.641261
-155.890000	55.370000	-153.064896	25.409600	0.313510	177.101686	836.771116
-155.890000	55.370000	-152.814896	15.159600	2.605019	177.391349	1120.082149
-155.890000	55.370000	-152.814896	15.409600	2.615385	177.380979	1113.296864
-155.890000	55.370000	-152.814896	15.659600	2.625926	177.370438	1106.511579
-155.890000	55.370000	-152.814896	15.909600	2.636514	177.359850	1099.726293
-155.890000	55.370000	-152.814896	16.159600	2.647279	177.349085	1092.941008
-155.890000	55.370000	-152.814896	16.409600	2.658115	177.338270	1086.155722
-155.890000	55.370000	-152.814896	16.659600	2.388966	177.327272	1079.294648
-155.890000	55.370000	-152.814896	16.909600	2.403924	177.316220	1072.239326
-155.890000	55.370000	-152.814896	17.159600	2.415164	177.304979	1065.184005
-155.890000	55.370000	-152.814896	17.409600	2.426462	177.293682	1058.128683
-155.890000	55.370000	-152.814896	17.659600	2.437954	177.282189	1051.073361
-155.890000	55.370000	-152.814896	17.909600	2.449508	177.270635	1044.018039
-155.890000	55.370000	-152.814896	18.159600	2.461264	177.258880	1036.962718
-155.890000	55.370000	-152.814896	18.409600	2.185544	177.247059	1029.907396
-155.890000	55.370000	-152.814896	18.659600	1.468117	177.235030	1022.852074
-155.890000	55.370000	-152.814896	18.909600	0.730373	177.222932	1015.921529
-155.890000	55.370000	-152.814896	19.159600	0.007343	177.210618	1009.043081
-155.890000	55.370000	-152.814896	19.409600	0.019731	177.198230	1002.164632
-155.890000	55.370000	-152.814896	19.659600	0.032342	177.185618	995.286184
-155.890000	55.370000	-152.814896	19.909600	0.045033	177.172928	988.407736
-155.890000	55.370000	-152.814896	20.159600	0.057954	177.160006	981.529288
-155.890000	55.370000	-152.814896	20.409600	0.070960	177.147001	974.650840
-155.890000	55.370000	-152.814896	20.659600	0.084206	177.133755	967.772391
-155.890000	55.370000	-152.814896	20.909600	0.097540	177.120421	960.893943
-155.890000	55.370000	-152.814896	21.159600	0.111124	177.106836	954.015495
-155.890000	55.370000	-152.814896	21.409600	0.124803	177.093158	947.137047
-155.890000	55.370000	-152.814896	21.659600	0.138741	177.079220	940.258599
-155.890000	55.370000	-152.814896	21.909600	0.152779	177.065182	933.380151
-155.890000	55.370000	-152.814896	22.159600	0.167087	177.050874	926.501702
-155.890000	55.370000	-152.814896	22.409600	0.181501	177.036459	919.623254
-155.890000	55.370000	-152.814896	22.659600	0.196196	177.021765	912.744806
-155.890000	55.370000	-152.814896	22.909600	0.211005	177.006956	905.866358
-155.890000	55.370000	-152.814896	23.159600	0.226104	176.991856	898.987910
-155.890000	55.370000	-152.814896	23.409600	0.241326	176.976635	892.109461
-155.890000	55.370000	-152.814896	23.659600	0.256850	176.961111	885.231013
-155.890000	55.370000	-152.814896	23.909600	0.272504	176.945457	878.352565
-155.890000	55.370000	-152.564896	15.159600	2.816384	177.179981	1120.082580
-155.890000	55.370000	-152.564896	15.409600	2.827623	177.168741	1113.297295
-155.890000	55.370000	-152.564896	15.659600	2.838975	177.157389	1106.512009
-155.890000	55.370000	-152.564896	15.909600	2.850452	177.145912	1099.726724
-155.890000	55.370000	-152.564896	16.159600	2.862046	177.134318	1092.941438
-155.890000	55.370000	-152.564896	16.409600	2.873780	177.122595	1086.156153
-155.890000	55.370000	-152.564896	16.659600	2.604791	177.110750	1079.329110
-155.890000	55.370000	-152.564896	16.909600	2.621372	177.098771	1072.273788
-155.890000	55.370000	-152.564896	17.159600	2.633478	177.086666	1065.218466
-155.890000	55.370000	-152.564896	17.409600	2.645724	177.074420	1058.163144
-155.890000	55.370000	-152.564896	17.659600	2.658101	177.062043	1051.107823
-155.890000	55.370000	-152.564896	17.909600	2.602162	177.049520	1044.052501
-155.890000	55.370000	-152.564896	18.159600	1.891374	177.036860	1036.997179
-155.890000	55.370000	-152.564896	18.409600	1.159972	177.024048	1030.012676
-155.890000	55.370000	-152.564896	18.659600	0.423373	177.011093	1023.134228
-155.890000	55.370000	-152.564896	18.909600	0.219980	176.997980	1016.255780
-155.890000	55.370000	-152.564896	19.159600	0.233242	176.984719	1009.377332
-155.890000	55.370000	-152.564896	19.409600	0.246668	176.971292	1002.498883
-155.890000	55.370000	-152.564896	19.659600	0.260250	176.957711	995.620435
-155.890000	55.370000	-152.564896	19.909600	0.274004	176.943957	988.741987
-155.890000	55.370000	-152.564896	20.159600	0.287919	176.930041	981.863539
-155.890000	55.370000	-152.564896	20.409600	0.302015	176.915946	974.985091
-155.890000	55.370000	-152.564896	20.659600	0.316279	176.901682	968.106642
-155.890000	55.370000	-152.564896	20.909600	0.330731	176.887230	961.228194
-155.890000	55.370000	-152.564896	21.159600	0.345360	176.872601	954.349746
-155.890000	55.370000	-152.564896	21.409600	0.360184	176.857776	947.471298
-155.890000	55.370000	-152.564896	21.659600	0.375193	176.842767	940.592850
-155.890000	55.370000	-152.564896	21.909600	0.390408	176.827553	933.714401
-155.890000	55.370000	-152.314896	15.159600	3.027573	176.968791	1120.083011
-155.890000	55.370000	-152.314896	15.409600	3.039614	176.956750	1113.297725
-155.890000	55.370000	-152.314896	15.659600	3.051843	176.944521	1106.512440
-155.890000	55.370000	-152.314896	15.909600	3.064138	176.932226	1099.727154
-155.890000	55.370000	-152.314896	16.159600	3.076627	176.919737	1092.941869
-155.890000	55.370000	-152.314896	16.409600	3.089188	176.907179	1086.156583
-155.890000	55.370000	-152.314896	16.659600	2.929250	176.894420	1079.363571
-155.890000	55.370000	-152.314896	16.909600	2.838556	176.881587	1072.308249
-155.890000	55.370000	-152.314896	17.159600	2.851596	176.868547	1065.252928
-155.890000	55.370000	-152.314896	17.409600	2.864714	176.855429	1058.197606
-155.890000	55.370000	-152.314896	17.659600	2.309533	176.842097	1051.142284
-155.890000	55.370000	-152.314896	17.909600	1.584322	176.828682	1044.103823
-155.890000	55.370000	-152.314896	18.159600	0.843736	176.815046	1037.225375
-155.890000	55.370000	-152.314896	18.409600	0.416639	176.801322	1030.346927
-155.890000	55.370000	-152.314896	18.659600	0.430593	176.787368	1023.468479
-155.890000	55.370000	-152.314896	18.909600	0.444639	176.773322	1016.590031
-155.890000	55.370000	-152.314896	19.159600	0.458923	176.759038	1009.711582
-155.890000	55.370000	-152.314896	19.409600	0.473306	176.744655	1002.833134
-155.890000	55.370000	-152.314896	19.659600	0.487934	176.730027	995.954686
-155.890000	55.370000	-152.314896	19.909600	0.502667	176.715294	989.076238
-155.890000	55.370000	-152.064896	15.159600	3.238594	176.757771	1120.083441
-155.890000	55.370000	-152.064896	15.409600	3.251501	176.744863	1113.298156
-155.890000	55.370000	-152.064896	15.659600	3.264537	176.731827	1106.512870
-155.890000	55.370000	-152.064896	15.909600	3.277717	176.718647	1099.727585
-155.890000	55.370000	-152.064896	16.159600	3.291030	176.705334	1092.942299
-155.890000	55.370000	-152.064896	16.409600	3.304492	176.691872	1086.157014
-155.890000	55.370000	-152.064896	16.659600	3.286109	176.678272	1079.371728
-155.890000	55.370000	-152.064896	16.909600	3.055104	176.664516	1072.342711
-155.890000	55.370000	-152.064896	17.159600	2.721084	176.650616	1065.287389
-155.890000	55.370000	-152.064896	17.409600	2.003714	176.636555	1058.232067
-155.890000	55.370000	-152.064896	17.659600	1.266513	176.622344	1051.316522
-155.890000	55.370000	-152.064896	17.909600	0.609996	176.607965	1044.438074
-155.890000	55.370000	-151.814896	15.159600	3.449411	176.546953	1120.083872
-155.890000	55.370000	-151.814896	15.409600	3.463116	176.533248	1113.298586
-155.890000	55.370000	-151.814896	15.659600	3.477024	176.519340	1106.513301
-155.890000	55.370000	-151.814896	15.909600	3.491017	176.505347	1099.728015
-155.890000	55.370000	-151.814896	16.159600	3.505220	176.491144	1092.942730
-155.890000	55.370000	-151.814896	16.409600	3.519512	176.476852	1086.157445
-155.890000	55.370000	-151.814896	16.659600	3.534077	176.462342	1079.372159
-155.890000	55.370000	-151.814896	16.909600	3.269476	176.447738	1072.377172
-155.890000	55.370000	-151.814896	17.159600	2.571870	176.432909	1065.407670
-155.890000	55.370000	-151.814896	17.409600	1.108335	176.417981	1058.529222
-155.890000	55.370000	-151.814896	17.659600	0.815141	176.402820	1051.650773
