-78.340000	19.490000	-160.814896	21.481300	0.555624	253.037721	2143.605387
-78.340000	19.490000	-160.814896	21.731300	0.720616	253.072695	2141.808050
-78.340000	19.490000	-160.814896	21.981300	-0.207269	253.107775	2140.010713
-78.340000	19.490000	-160.814896	22.231300	-1.291636	253.143021	2138.003411
-78.340000	19.490000	-160.814896	22.481300	-1.427165	253.178377	2135.972241
-78.340000	19.490000	-160.814896	22.731300	-1.462691	253.213903	2133.941071
-78.340000	19.490000	-160.814896	22.981300	-1.498332	253.249544	2131.909902
-78.340000	19.490000	-160.814896	23.231300	-1.534147	253.285359	2129.878732
-78.340000	19.490000	-160.814896	23.481300	-1.572100	253.321294	2127.847562
-78.340000	19.490000	-160.814896	23.731300	-1.616219	253.357407	2125.815238
-78.340000	19.490000	-160.564896	20.731300	2.188643	253.010709	2142.813618
-78.340000	19.490000	-160.564896	20.981300	0.246007	253.046497	2141.016281
-78.340000	19.490000	-160.564896	21.231300	0.710949	253.082362	2139.218944
-78.340000	19.490000	-160.564896	21.481300	0.674893	253.118418	2137.421607
-78.340000	19.490000	-160.564896	21.731300	0.638755	253.154556	2135.624270
-78.340000	19.490000	-160.564896	21.981300	-0.190344	253.190891	2133.826933
-78.340000	19.490000	-160.564896	22.231300	-1.276660	253.227311	2131.843257
-78.340000	19.490000	-160.564896	22.481300	-1.512720	253.263932	2129.812087
-78.340000	19.490000	-160.564896	22.731300	-1.549431	253.300643	2127.780917
-78.340000	19.490000	-160.564896	22.981300	-1.586244	253.337559	2125.749747
-78.340000	19.490000	-160.564896	23.231300	-1.627863	253.374570	2123.718577
-78.340000	19.490000	-160.564896	23.481300	-1.673089	253.411791	2121.685368
-78.340000	19.490000	-160.564896	23.731300	-1.711461	253.449110	2119.651349
-78.340000	19.490000	-160.314896	19.981300	5.320997	252.977589	2141.165389
-78.340000	19.490000	-160.314896	20.231300	3.020226	253.014156	2140.101073
-78.340000	19.490000	-160.314896	20.481300	0.482193	253.050825	2138.427175
-78.340000	19.490000	-160.314896	20.731300	0.705653	253.087658	2136.629838
-78.340000	19.490000	-160.314896	20.981300	0.668713	253.124598	2134.832501
-78.340000	19.490000	-160.314896	21.231300	0.631605	253.161706	2133.035164
-78.340000	19.490000	-160.314896	21.481300	0.594387	253.198925	2131.237827
-78.340000	19.490000	-160.314896	21.731300	0.556995	253.236316	2129.440490
-78.340000	19.490000	-160.314896	21.981300	-0.173127	253.273822	2127.643153
-78.340000	19.490000	-160.314896	22.231300	-1.261476	253.311505	2125.683102
-78.340000	19.490000	-160.314896	22.481300	-1.598097	253.349309	2123.651932
-78.340000	19.490000	-160.314896	22.731300	-1.635067	253.387293	2121.620762
-78.340000	19.490000	-160.314896	22.981300	-1.681183	253.425403	2119.589517
-78.340000	19.490000	-160.314896	23.231300	-1.727170	253.463698	2117.555498
-78.340000	19.490000	-160.314896	23.481300	-1.764474	253.502123	2115.521479
-78.340000	19.490000	-160.314896	23.731300	-1.803089	253.540739	2113.487460
-78.340000	19.490000	-160.064896	19.231300	5.311797	252.938291	2139.408159
-78.340000	19.490000	-160.064896	19.481300	5.545127	252.975657	2138.343843
-78.340000	19.490000	-160.064896	19.731300	4.051528	253.013099	2137.279527
-78.340000	19.490000	-160.064896	19.981300	1.274671	253.050728	2135.838069
-78.340000	19.490000	-160.064896	20.231300	0.581353	253.088436	2134.040732
-78.340000	19.490000	-160.064896	20.481300	0.689859	253.126337	2132.243395
-78.340000	19.490000	-160.064896	20.731300	0.644156	253.164321	2130.446058
-78.340000	19.490000	-160.064896	20.981300	0.598249	253.202502	2128.648721
-78.340000	19.490000	-160.064896	21.231300	0.552542	253.240770	2126.851384
-78.340000	19.490000	-160.064896	21.481300	0.514071	253.279240	2125.054047
-78.340000	19.490000	-160.064896	21.731300	0.475510	253.317801	2123.256710
-78.340000	19.490000	-160.064896	21.981300	-0.155619	253.356569	2121.459372
-78.340000	19.490000	-160.064896	22.231300	-1.245912	253.395432	2119.522947
-78.340000	19.490000	-160.064896	22.481300	-1.684769	253.434508	2117.491777
-78.340000	19.490000	-160.064896	22.731300	-1.731950	253.473683	2115.459647
-78.340000	19.490000	-160.064896	22.981300	-1.775427	253.513076	2113.425629
-78.340000	19.490000	-160.064896	23.231300	-1.814923	253.552573	2111.391610
-78.340000	19.490000	-160.064896	23.481300	-1.854643	253.592292	2109.357591
-78.340000	19.490000	-160.064896	23.731300	-1.894471	253.632120	2107.323572
-78.340000	19.490000	-160.064896	23.981300	-1.934527	253.672177	2105.289553
-78.340000	19.490000	-159.814896	18.731300	5.407831	252.931105	2136.586613
-78.340000	19.490000	-159.814896	18.981300	4.387142	252.969339	2135.436932
-78.340000	19.490000	-159.814896	19.231300	3.829207	253.007733	2134.124466
-78.340000	19.490000	-159.814896	19.481300	3.411870	253.046230	2132.812000
-78.340000	19.490000	-159.814896	19.731300	2.295802	253.084892	2131.319878
-78.340000	19.490000	-159.814896	19.981300	1.210384	253.123661	2129.623370
-78.340000	19.490000	-159.814896	20.231300	0.760550	253.162599	2127.832264
-78.340000	19.490000	-159.814896	20.481300	0.713854	253.201649	2126.041158
-78.340000	19.490000	-159.814896	20.731300	0.666977	253.240872	2124.250052
-78.340000	19.490000	-159.814896	20.981300	0.618967	253.280211	2122.458946
-78.340000	19.490000	-159.814896	21.231300	0.545219	253.319729	2120.667604
-78.340000	19.490000	-159.814896	21.481300	0.472338	253.359367	2118.870266
-78.340000	19.490000	-159.814896	21.731300	0.424812	253.399188	2117.072929
-78.340000	19.490000	-159.814896	21.981300	-0.114229	253.439135	2115.275592
-78.340000	19.490000	-159.814896	22.231300	-1.201827	253.479268	2113.362792
-78.340000	19.490000	-159.814896	22.481300	-1.780286	253.519533	2111.329778
-78.340000	19.490000	-159.814896	22.731300	-1.822340	253.559989	2109.295759
-78.340000	19.490000	-159.814896	22.981300	-1.862932	253.600581	2107.261740
-78.340000	19.490000	-159.814896	23.231300	-1.903721	253.641370	2105.227721
-78.340000	19.490000	-159.814896	23.481300	-1.944651	253.682300	2103.193702
-78.340000	19.490000	-159.814896	23.731300	-1.985783	253.723432	2101.159683
-78.340000	19.490000	-159.814896	23.981300	-2.027061	253.764711	2099.125664
-78.340000	19.490000	-159.564896	17.981300	4.485541	252.880475	2134.746490
-78.340000	19.490000	-159.564896	18.231300	3.914670	252.919471	2133.434024
-78.340000	19.490000	-159.564896	18.481300	4.150723	252.958650	2132.121558
-78.340000	19.490000	-159.564896	18.731300	4.375611	252.997905	2130.809093
-78.340000	19.490000	-159.564896	18.981300	4.503734	253.037349	2129.496627
-78.340000	19.490000	-159.564896	19.231300	3.849601	253.076872	2128.184161
-78.340000	19.490000	-159.564896	19.481300	2.695925	253.116589	2126.699413
-78.340000	19.490000	-159.564896	19.731300	2.099956	253.156388	2125.055076
-78.340000	19.490000	-159.564896	19.981300	1.372901	253.196386	2123.402128
-78.340000	19.490000	-159.564896	20.231300	0.702331	253.236471	2121.611022
-78.340000	19.490000	-159.564896	20.481300	0.662043	253.276759	2119.819916
-78.340000	19.490000	-159.564896	20.731300	0.621663	253.317139	2118.028810
-78.340000	19.490000	-159.564896	20.981300	0.581075	253.357727	2116.237705
-78.340000	19.490000	-159.564896	21.231300	0.540102	253.398410	2114.446599
-78.340000	19.490000	-159.564896	21.481300	0.491573	253.439307	2112.655493
-78.340000	19.490000	-159.564896	21.731300	0.449561	253.480304	2110.864387
-78.340000	19.490000	-159.564896	21.981300	0.035428	253.521519	2109.073281
-78.340000	19.490000	-159.564896	22.231300	-0.993639	253.562840	2107.175862
-78.340000	19.490000	-159.564896	22.481300	-1.647882	253.604384	2105.165889
-78.340000	19.490000	-159.564896	22.731300	-1.826070	253.646037	2103.131870
-78.340000	19.490000	-159.564896	22.981300	-1.904350	253.687920	2101.097851
-78.340000	19.490000	-159.564896	23.231300	-1.982886	253.729917	2099.063832
-78.340000	19.490000	-159.564896	23.481300	-2.034499	253.772149	2097.029813
-78.340000	19.490000	-159.564896	23.731300	-2.076851	253.814500	2094.995794
-78.340000	19.490000	-159.564896	23.981300	-2.119443	253.857092	2092.961775
-78.340000	19.490000	-159.314896	17.231300	4.007476	252.823863	2132.743583
-78.340000	19.490000	-159.314896	17.481300	4.243044	252.863642	2131.431117
-78.340000	19.490000	-159.314896	17.731300	4.467358	252.903579	2130.118651
-78.340000	19.490000	-159.314896	17.981300	4.597469	252.943614	2128.806185
-78.340000	19.490000	-159.314896	18.231300	4.557273	252.983810	2127.493719
-78.340000	19.490000	-159.314896	18.481300	4.516974	253.024109	2126.181253
-78.340000	19.490000	-159.314896	18.731300	4.476510	253.064573	2124.868787
-78.340000	19.490000	-159.314896	18.981300	3.846902	253.105144	2123.556322
-78.340000	19.490000	-159.314896	19.231300	2.690622	253.145885	2122.078949
-78.340000	19.490000	-159.314896	19.481300	2.106441	253.186738	2120.434612
-78.340000	19.490000	-159.314896	19.731300	2.065414	253.227765	2118.790275
-78.340000	19.490000	-159.314896	19.981300	1.536985	253.268908	2117.145938
-78.340000	19.490000	-159.314896	20.231300	0.777295	253.310230	2115.389780
-78.340000	19.490000	-159.314896	20.481300	0.587129	253.351673	2113.598675
-78.340000	19.490000	-159.314896	20.731300	0.545503	253.393299	2111.807569
-78.340000	19.490000	-159.314896	20.981300	0.503751	253.435051	2110.016463
-78.340000	19.490000	-159.314896	21.231300	0.461811	253.476991	2108.225357
-78.340000	19.490000	-159.314896	21.481300	0.418127	253.519062	2106.434251
-78.340000	19.490000	-159.314896	21.731300	0.168900	253.561326	2104.637742
-78.340000	19.490000	-159.314896	21.981300	-0.055170	253.603726	2102.777739
-78.340000	19.490000	-159.314896	22.231300	-0.737807	253.646324	2100.917735
-78.340000	19.490000	-159.314896	22.481300	-1.469661	253.689063	2098.915726
-78.340000	19.490000	-159.314896	22.731300	-1.570928	253.732005	2096.908203
-78.340000	19.490000	-159.314896	22.981300	-1.649568	253.775094	2094.900680
-78.340000	19.490000	-159.314896	23.231300	-1.810818	253.818391	2092.893156
-78.340000	19.490000	-159.314896	23.481300	-2.000896	253.861840	2090.865924
-78.340000	19.490000	-159.314896	23.731300	-2.109229	253.905503	2088.831905
-78.340000	19.490000	-159.314896	23.981300	-2.189539	253.949324	2086.797886
-78.340000	19.490000	-159.064896	16.731300	4.736401	252.801773	2129.428210
-78.340000	19.490000	-159.064896	16.981300	4.826625	252.842488	2128.115744
-78.340000	19.490000	-159.064896	17.231300	4.748341	252.883274	2126.803278
-78.340000	19.490000	-159.064896	17.481300	4.669647	252.924244	2125.490812
-78.340000	19.490000	-159.064896	17.731300	4.590651	252.965290	2124.178346
-78.340000	19.490000	-159.064896	17.981300	4.534559	253.006524	2122.865880
-78.340000	19.490000	-159.064896	18.231300	4.493245	253.047838	2121.553414
-78.340000	19.490000	-159.064896	18.481300	4.451738	253.089344	2120.240948
-78.340000	19.490000	-159.064896	18.731300	3.846723	253.130934	2118.928482
-78.340000	19.490000	-159.064896	18.981300	2.687811	253.172722	2117.458485
-78.340000	19.490000	-159.064896	19.231300	2.078581	253.214598	2115.814148
-78.340000	19.490000	-159.064896	19.481300	2.036503	253.256677	2114.169811
-78.340000	19.490000	-159.064896	19.731300	1.994332	253.298847	2112.525474
-78.340000	19.490000	-159.064896	19.981300	1.660315	253.341226	2110.881137
-78.340000	19.490000	-159.064896	20.231300	0.889501	253.383701	2109.168539
-78.340000	19.490000	-159.064896	20.481300	0.512414	253.426389	2107.377433
-78.340000	19.490000	-159.064896	20.731300	0.469625	253.469177	2105.586327
-78.340000	19.490000	-159.064896	20.981300	0.426618	253.512185	2103.795221
-78.340000	19.490000	-159.064896	21.231300	0.345513	253.555297	2102.004115
-78.340000	19.490000	-159.064896	21.481300	0.095687	253.598633	2100.195561
-78.340000	19.490000	-159.064896	21.731300	-0.085323	253.642080	2098.335557
-78.340000	19.490000	-159.064896	21.981300	-0.128999	253.685756	2096.475554
-78.340000	19.490000	-159.064896	22.231300	-0.558525	253.729547	2094.615550
-78.340000	19.490000	-159.064896	22.481300	-1.344716	253.773573	2092.663113
-78.340000	19.490000	-159.064896	22.731300	-1.617959	253.817719	2090.655590
-78.340000	19.490000	-159.064896	22.981300	-1.662345	253.862106	2088.648067
-78.340000	19.490000	-159.064896	23.231300	-1.706857	253.906617	2086.640544
-78.340000	19.490000	-159.064896	23.481300	-1.777938	253.951376	2084.633021
-78.340000	19.490000	-159.064896	23.731300	-1.858330	253.996265	2082.625497
-78.340000	19.490000	-159.064896	23.981300	-1.982809	254.041407	2080.617974
-78.340000	19.490000	-159.064896	24.231300	-2.174583	254.086685	2078.599978
-78.340000	19.490000	-158.814896	15.981300	5.881508	252.734002	2127.147768
-78.340000	19.490000	-158.814896	16.231300	5.807066	252.775469	2125.872858
-78.340000	19.490000	-158.814896	16.481300	5.732341	252.817029	2124.597948
-78.340000	19.490000	-158.814896	16.731300	5.657268	252.858747	2123.323038
-78.340000	19.490000	-158.814896	16.981300	5.581906	252.900562	2122.048128
-78.340000	19.490000	-158.814896	17.231300	5.506189	252.942538	2120.773218
-78.340000	19.490000	-158.814896	17.481300	5.430174	252.984616	2119.498308
-78.340000	19.490000	-158.814896	17.731300	5.252258	253.026860	2118.223399
-78.340000	19.490000	-158.814896	17.981300	5.008566	253.069210	2116.925575
-78.340000	19.490000	-158.814896	18.231300	4.869176	253.111730	2115.613109
-78.340000	19.490000	-158.814896	18.481300	4.135632	253.154361	2114.300643
-78.340000	19.490000	-158.814896	18.731300	2.782572	253.197167	2112.838021
-78.340000	19.490000	-158.814896	18.981300	2.095712	253.240088	2111.193684
-78.340000	19.490000	-158.814896	19.231300	2.009991	253.283188	2109.549347
-78.340000	19.490000	-158.814896	19.481300	1.966770	253.326409	2107.905010
-78.340000	19.490000	-158.814896	19.731300	1.923366	253.369813	2106.260673
-78.340000	19.490000	-158.814896	19.981300	1.774208	253.413343	2104.616336
-78.340000	19.490000	-158.814896	20.231300	1.024540	253.457061	2102.947297
-78.340000	19.490000	-158.814896	20.481300	0.437892	253.500910	2101.156191
-78.340000	19.490000	-158.814896	20.731300	0.393850	253.544952	2099.365085
-78.340000	19.490000	-158.814896	20.981300	0.275383	253.589130	2097.573979
-78.340000	19.490000	-158.814896	21.231300	0.024991	253.633506	2095.753379
-78.340000	19.490000	-158.814896	21.481300	-0.121266	253.678024	2093.893376
-78.340000	19.490000	-158.814896	21.731300	-0.165987	253.722744	2092.033372
-78.340000	19.490000	-158.814896	21.981300	-0.210854	253.767611	2090.173369
-78.340000	19.490000	-158.814896	22.231300	-0.434988	253.812687	2088.313366
-78.340000	19.490000	-158.814896	22.481300	-1.213643	253.857915	2086.410501
-78.340000	19.490000	-158.814896	22.731300	-1.703596	253.903357	2084.402977
-78.340000	19.490000	-158.814896	22.981300	-1.749196	253.948957	2082.395454
-78.340000	19.490000	-158.814896	23.231300	-1.795015	253.994775	2080.387931
-78.340000	19.490000	-158.814896	23.481300	-1.840999	254.040759	2078.380408
-78.340000	19.490000	-158.814896	23.731300	-2.023009	254.086967	2076.372885
-78.340000	19.490000	-158.814896	23.981300	-2.359955	254.133345	2074.365362
-78.340000	19.490000	-158.814896	24.231300	-1.930796	254.179953	2072.357838
-78.340000	19.490000	-158.814896	24.481300	-1.503319	254.226739	2070.533259
-78.340000	19.490000	-158.564896	15.981300	5.432829	252.787278	2120.702219
-78.340000	19.490000	-158.564896	16.231300	5.981654	252.829836	2119.427309
-78.340000	19.490000	-158.564896	16.481300	5.938913	252.872577	2118.152399
-78.340000	19.490000	-158.564896	16.731300	5.896097	252.915394	2116.877489
-78.340000	19.490000	-158.564896	16.981300	5.853093	252.958397	2115.602579
-78.340000	19.490000	-158.564896	17.231300	5.810010	253.001480	2114.327669
-78.340000	19.490000	-158.564896	17.481300	5.766736	253.044755	2113.052759
-78.340000	19.490000	-158.564896	17.731300	5.727511	253.088113	2111.777849
-78.340000	19.490000	-158.564896	17.981300	5.659087	253.131669	2110.502939
-78.340000	19.490000	-158.564896	18.231300	5.540778	253.175312	2109.224286
-78.340000	19.490000	-158.564896	18.481300	4.737441	253.219157	2107.936931
-78.340000	19.490000	-158.564896	18.731300	3.321222	253.263095	2106.485896
-78.340000	19.490000	-158.564896	18.981300	2.567613	253.307239	2104.890819
-78.340000	19.490000	-158.564896	19.231300	2.261507	253.351480	2103.284546
-78.340000	19.490000	-158.564896	19.481300	2.001342	253.395933	2101.640209
-78.340000	19.490000	-158.564896	19.731300	1.902038	253.440487	2099.995872
-78.340000	19.490000	-158.564896	19.981300	1.807920	253.485259	2098.351535
-78.340000	19.490000	-158.564896	20.231300	1.188483	253.530136	2096.707198
-78.340000	19.490000	-158.564896	20.481300	0.443784	253.575237	2094.934949
-78.340000	19.490000	-158.564896	20.731300	0.207852	253.620448	2093.143843
-78.340000	19.490000	-158.564896	20.981300	-0.043133	253.665888	2091.311198
-78.340000	19.490000	-158.564896	21.231300	-0.154686	253.711443	2089.451195
-78.340000	19.490000	-158.564896	21.481300	-0.200476	253.757233	2087.591191
-78.340000	19.490000	-158.564896	21.731300	-0.246385	253.803143	2085.731188
-78.340000	19.490000	-158.564896	21.981300	-0.292536	253.849293	2083.871184
-78.340000	19.490000	-158.564896	22.231300	-0.338811	253.895568	2082.011181
-78.340000	19.490000	-158.564896	22.481300	-1.027054	253.942090	2080.151177
-78.340000	19.490000	-158.564896	22.731300	-1.761106	253.988743	2078.150365
-78.340000	19.490000	-158.564896	22.981300	-1.861568	254.035648	2076.142842
-78.340000	19.490000	-158.564896	23.231300	-2.195711	254.082689	2074.135318
-78.340000	19.490000	-158.564896	23.481300	-2.105866	254.129990	2072.127795
-78.340000	19.490000	-158.564896	23.731300	-1.526496	254.177431	2070.221359
-78.340000	19.490000	-158.564896	23.981300	-1.375477	254.225138	2068.425229
-78.340000	19.490000	-158.564896	24.231300	-1.721454	254.272993	2066.629100
-78.340000	19.490000	-158.564896	24.481300	-1.810471	254.321119	2064.832970
-78.340000	19.490000	-158.314896	15.731300	0.623098	252.796733	2115.890387
-78.340000	19.490000	-158.314896	15.981300	4.236912	252.840310	2114.256669
-78.340000	19.490000	-158.314896	16.231300	5.927443	252.884047	2112.981759
-78.340000	19.490000	-158.314896	16.481300	5.883604	252.927886	2111.706849
-78.340000	19.490000	-158.314896	16.731300	5.839601	252.971890	2110.431939
-78.340000	19.490000	-158.314896	16.981300	5.795492	253.015999	2109.157029
-78.340000	19.490000	-158.314896	17.231300	5.756316	253.060277	2107.882119
-78.340000	19.490000	-158.314896	17.481300	5.701559	253.104666	2106.607209
-78.340000	19.490000	-158.314896	17.731300	5.614407	253.149228	2105.327411
-78.340000	19.490000	-158.314896	17.981300	5.548062	253.193906	2104.040055
-78.340000	19.490000	-158.314896	18.231300	5.510583	253.238762	2102.752699
-78.340000	19.490000	-158.314896	18.481300	4.995005	253.283737	2101.465344
-78.340000	19.490000	-158.314896	18.731300	3.546470	253.328896	2100.067288
-78.340000	19.490000	-158.314896	18.981300	2.670048	253.374180	2098.472212
-78.340000	19.490000	-158.314896	19.231300	2.612871	253.419652	2096.877135
-78.340000	19.490000	-158.314896	19.481300	2.515538	253.465253	2095.282058
-78.340000	19.490000	-158.314896	19.731300	2.395740	253.511048	2093.686981
-78.340000	19.490000	-158.314896	19.981300	2.088119	253.556977	2092.086734
-78.340000	19.490000	-158.314896	20.231300	1.443035	253.603105	2090.442397
-78.340000	19.490000	-158.314896	20.481300	0.529591	253.649373	2088.713708
-78.340000	19.490000	-158.314896	20.731300	0.017304	253.695844	2086.869017
-78.340000	19.490000	-158.314896	20.981300	-0.059005	253.742462	2085.009013
-78.340000	19.490000	-158.314896	21.231300	-0.105119	253.789287	2083.149010
-78.340000	19.490000	-158.314896	21.481300	-0.151386	253.836264	2081.289006
-78.340000	19.490000	-158.314896	21.731300	-0.197866	253.883455	2079.429003
-78.340000	19.490000	-158.314896	21.981300	-0.244504	253.930804	2077.568999
-78.340000	19.490000	-158.314896	22.231300	-0.291361	253.978371	2075.708996
-78.340000	19.490000	-158.314896	22.481300	-0.716450	254.026102	2073.848993
-78.340000	19.490000	-158.314896	22.731300	-1.953799	254.074058	2071.897752
-78.340000	19.490000	-158.314896	22.981300	-1.717120	254.122183	2069.909459
-78.340000	19.490000	-158.314896	23.231300	-1.208075	254.170539	2068.113329
-78.340000	19.490000	-158.314896	23.481300	-1.550908	254.219071	2066.317199
-78.340000	19.490000	-158.314896	23.731300	-1.757191	254.267839	2064.521070
-78.340000	19.490000	-158.314896	23.981300	-1.806142	254.316790	2062.724940
-78.340000	19.490000	-158.314896	24.231300	-1.855335	254.365983	2060.928811
-78.340000	19.490000	-158.064896	15.731300	0.027760	252.848337	2109.730694
-78.340000	19.490000	-158.064896	15.981300	2.723106	252.893093	2108.025641
-78.340000	19.490000	-158.064896	16.231300	4.894639	252.937927	2106.536209
-78.340000	19.490000	-158.064896	16.481300	5.828538	252.982952	2105.261299
-78.340000	19.490000	-158.064896	16.731300	5.789501	253.028060	2103.986389
-78.340000	19.490000	-158.064896	16.981300	5.728936	253.073364	2102.711479
-78.340000	19.490000	-158.064896	17.231300	5.640965	253.118754	2101.430535
-78.340000	19.490000	-158.064896	17.481300	5.578593	253.164346	2100.143179
-78.340000	19.490000	-158.064896	17.731300	5.539315	253.210029	2098.855824
-78.340000	19.490000	-158.064896	17.981300	5.493426	253.255918	2097.568468
-78.340000	19.490000	-158.064896	18.231300	5.447441	253.301903	2096.281112
-78.340000	19.490000	-158.064896	18.481300	5.155673	253.348099	2094.993757
-78.340000	19.490000	-158.064896	18.731300	3.705444	253.394396	2093.648681
-78.340000	19.490000	-158.064896	18.981300	2.603319	253.440909	2092.053604
-78.340000	19.490000	-158.064896	19.231300	2.556700	253.487527	2090.458528
-78.340000	19.490000	-158.064896	19.481300	2.509859	253.534368	2088.863451
-78.340000	19.490000	-158.064896	19.731300	2.462909	253.581319	2087.268374
-78.340000	19.490000	-158.064896	19.981300	2.410328	253.628497	2085.673297
-78.340000	19.490000	-158.064896	20.231300	1.693358	253.675790	2084.078220
-78.340000	19.490000	-158.064896	20.481300	0.645006	253.723317	2082.324564
-78.340000	19.490000	-158.064896	20.731300	0.173285	253.770964	2080.463976
-78.340000	19.490000	-158.064896	20.981300	0.126087	253.818850	2078.603388
-78.340000	19.490000	-158.064896	21.231300	0.078765	253.866861	2076.742800
-78.340000	19.490000	-158.064896	21.481300	0.031196	253.915118	2074.882212
-78.340000	19.490000	-158.064896	21.731300	-0.016502	253.963505	2073.021624
-78.340000	19.490000	-158.064896	21.981300	-0.064453	254.012144	2071.161036
-78.340000	19.490000	-158.064896	22.231300	-0.164912	254.060918	2069.300448
-78.340000	19.490000	-158.064896	22.481300	0.867108	254.109951	2067.439860
-78.340000	19.490000	-158.064896	22.731300	0.859835	254.159124	2065.938571
-78.340000	19.490000	-158.064896	22.981300	-1.138023	254.208563	2064.209170
-78.340000	19.490000	-158.064896	23.231300	-1.747500	254.258148	2062.413040
-78.340000	19.490000	-158.064896	23.481300	-1.797357	254.308005	2060.616911
-78.340000	19.490000	-158.064896	23.731300	-1.847366	254.358014	2058.820781
-78.340000	19.490000	-158.064896	23.981300	-1.897654	254.408302	2057.024652
-78.340000	19.490000	-157.814896	15.731300	-0.459483	252.899782	2103.599113
-78.340000	19.490000	-157.814896	15.981300	1.616919	252.945633	2101.800350
-78.340000	19.490000	-157.814896	16.231300	3.682754	252.991653	2100.160895
-78.340000	19.490000	-157.814896	16.481300	5.421945	253.037781	2098.815749
-78.340000	19.490000	-157.814896	16.731300	5.671722	253.084082	2097.533659
-78.340000	19.490000	-157.814896	16.981300	5.613413	253.130497	2096.246304
-78.340000	19.490000	-157.814896	17.231300	5.572255	253.177089	2094.958948
-78.340000	19.490000	-157.814896	17.481300	5.525544	253.223800	2093.671592
-78.340000	19.490000	-157.814896	17.731300	5.478651	253.270694	2092.384237
-78.340000	19.490000	-157.814896	17.981300	5.431634	253.317710	2091.096881
-78.340000	19.490000	-157.814896	18.231300	5.384430	253.364914	2089.809525
-78.340000	19.490000	-157.814896	18.481300	5.316915	253.412247	2088.522170
-78.340000	19.490000	-157.814896	18.731300	3.910874	253.459772	2087.230074
-78.340000	19.490000	-157.814896	18.981300	2.536797	253.507431	2085.634997
-78.340000	19.490000	-157.814896	19.231300	2.488941	253.555287	2084.039920
-78.340000	19.490000	-157.814896	19.481300	2.440946	253.603282	2082.444844
-78.340000	19.490000	-157.814896	19.731300	2.392748	253.651480	2080.849767
-78.340000	19.490000	-157.814896	19.981300	2.155908	253.699822	2079.254690
-78.340000	19.490000	-157.814896	20.231300	1.357925	253.748373	2077.614735
-78.340000	19.490000	-157.814896	20.481300	0.492717	253.797074	2075.796517
-78.340000	19.490000	-157.814896	20.731300	0.251459	253.845987	2073.939230
-78.340000	19.490000	-157.814896	20.981300	0.188981	253.895058	2072.078642
-78.340000	19.490000	-157.814896	21.231300	0.139692	253.944346	2070.218054
-78.340000	19.490000	-157.814896	21.481300	0.090241	253.993798	2068.357466
-78.340000	19.490000	-157.814896	21.731300	0.040566	254.043473	2066.496878
-78.340000	19.490000	-157.814896	21.981300	0.064478	254.093317	2064.636290
-78.340000	19.490000	-157.814896	22.231300	1.114578	254.143391	2062.820051
-78.340000	19.490000	-157.814896	22.481300	2.045868	254.193639	2061.322362
-78.340000	19.490000	-157.814896	22.731300	1.991486	254.244124	2059.824673
-78.340000	19.490000	-157.814896	22.981300	1.162584	254.294790	2058.326984
-78.340000	19.490000	-157.814896	23.231300	-0.599355	254.345697	2056.712751
-78.340000	19.490000	-157.814896	23.481300	-1.886145	254.396793	2054.916622
-78.340000	19.490000	-157.814896	23.731300	-1.937489	254.448137	2053.120492
-78.340000	19.490000	-157.814896	23.981300	-1.989028	254.499676	2051.324363
-78.340000	19.490000	-157.564896	15.731300	-0.907690	252.950891	2097.467531
-78.340000	19.490000	-157.564896	15.981300	1.164721	252.997927	2095.575058
-78.340000	19.490000	-157.564896	16.231300	2.624197	253.045048	2093.935603
-78.340000	19.490000	-157.564896	16.481300	4.086446	253.092369	2092.394326
-78.340000	19.490000	-157.564896	16.731300	5.311391	253.139780	2091.062072
-78.340000	19.490000	-157.564896	16.981300	5.561949	253.187396	2089.774717
-78.340000	19.490000	-157.564896	17.231300	5.514238	253.235106	2088.487361
-78.340000	19.490000	-157.564896	17.481300	5.466318	253.283026	2087.200005
-78.340000	19.490000	-157.564896	17.731300	5.418298	253.331046	2085.912650
-78.340000	19.490000	-157.564896	17.981300	5.370064	253.379281	2084.625294
-78.340000	19.490000	-157.564896	18.231300	5.321725	253.427620	2083.337938
-78.340000	19.490000	-157.564896	18.481300	5.273165	253.476179	2082.050583
-78.340000	19.490000	-157.564896	18.731300	4.119541	253.524848	2080.763227
-78.340000	19.490000	-157.564896	18.981300	2.673447	253.573743	2079.216390
-78.340000	19.490000	-157.564896	19.231300	2.421476	253.622752	2077.621313
-78.340000	19.490000	-157.564896	19.481300	2.372234	253.671993	2076.026236
-78.340000	19.490000	-157.564896	19.731300	2.322874	253.721354	2074.431160
-78.340000	19.490000	-157.564896	19.981300	1.648545	253.770952	2072.836083
-78.340000	19.490000	-157.564896	20.231300	0.875873	253.820674	2071.075698
-78.340000	19.490000	-157.564896	20.481300	0.489744	253.870641	2069.257479
-78.340000	19.490000	-157.564896	20.731300	0.234764	253.920737	2067.414484
-78.340000	19.490000	-157.564896	20.981300	0.112955	253.971083	2065.553896
-78.340000	19.490000	-157.564896	21.231300	0.062474	254.021564	2063.693308
-78.340000	19.490000	-157.564896	21.481300	0.011736	254.072303	2061.832720
-78.340000	19.490000	-157.564896	21.731300	0.175777	254.123181	2059.972132
-78.340000	19.490000	-157.564896	21.981300	1.234654	254.174323	2058.203842
-78.340000	19.490000	-157.564896	22.231300	2.009999	254.225610	2056.706153
-78.340000	19.490000	-157.564896	22.481300	1.958442	254.277168	2055.208464
-78.340000	19.490000	-157.564896	22.731300	1.906732	254.328878	2053.710775
-78.340000	19.490000	-157.564896	22.981300	1.854745	254.380865	2052.213086
-78.340000	19.490000	-157.564896	23.231300	1.669126	254.433009	2050.715397
-78.340000	19.490000	-157.564896	23.481300	-0.071926	254.485438	2049.216333
-78.340000	19.490000	-157.564896	23.731300	-1.864933	254.538030	2047.420203
-78.340000	19.490000	-157.564896	23.981300	-2.080265	254.590914	2045.624074
-78.340000	19.490000	-157.314896	15.731300	-1.353964	253.001842	2091.335950
-78.340000	19.490000	-157.314896	15.981300	0.714341	253.049979	2089.349767
-78.340000	19.490000	-157.314896	16.231300	2.659254	253.098292	2087.710312
-78.340000	19.490000	-157.314896	16.481300	3.278212	253.146721	2086.189467
-78.340000	19.490000	-157.314896	16.731300	3.855730	253.195332	2084.713801
-78.340000	19.490000	-157.314896	16.981300	4.800044	253.244064	2083.303130
-78.340000	19.490000	-157.314896	17.231300	5.444981	253.292983	2082.015774
-78.340000	19.490000	-157.314896	17.481300	5.407316	253.342028	2080.728418
-78.340000	19.490000	-157.314896	17.731300	5.358080	253.391265	2079.441063
-78.340000	19.490000	-157.314896	17.981300	5.308711	253.440633	2078.153707
-78.340000	19.490000	-157.314896	18.231300	5.259146	253.490198	2076.866351
-78.340000	19.490000	-157.314896	18.481300	5.209444	253.539900	2075.578996
-78.340000	19.490000	-157.314896	18.731300	4.282958	253.589804	2074.291640
-78.340000	19.490000	-157.314896	18.981300	2.830649	253.639851	2072.797783
-78.340000	19.490000	-157.314896	19.231300	2.354124	253.690104	2071.202706
-78.340000	19.490000	-157.314896	19.481300	2.303721	253.740506	2069.607629
-78.340000	19.490000	-157.314896	19.731300	1.990273	253.791121	2068.012552
-78.340000	19.490000	-157.314896	19.981300	1.210969	253.841890	2066.354879
-78.340000	19.490000	-157.314896	20.231300	0.568217	253.892876	2064.536660
-78.340000	19.490000	-157.314896	20.481300	0.474438	253.944023	2062.718442
-78.340000	19.490000	-157.314896	20.731300	0.222568	253.995394	2060.889739
-78.340000	19.490000	-157.314896	20.981300	0.037108	254.046931	2059.029150
-78.340000	19.490000	-157.314896	21.231300	-0.014658	254.098697	2057.168562
-78.340000	19.490000	-157.314896	21.481300	0.290735	254.150637	2055.307974
-78.340000	19.490000	-157.314896	21.731300	1.358542	254.202811	2053.587633
-78.340000	19.490000	-157.314896	21.981300	1.980445	254.255165	2052.089944
-78.340000	19.490000	-157.314896	22.231300	1.927850	254.307760	2050.592255
-78.340000	19.490000	-157.314896	22.481300	1.875069	254.360541	2049.094566
-78.340000	19.490000	-157.314896	22.731300	1.822041	254.413569	2047.596877
-78.340000	19.490000	-157.314896	22.981300	1.768819	254.466791	2046.099188
-78.340000	19.490000	-157.314896	23.231300	1.715344	254.520266	2044.601499
-78.340000	19.490000	-157.314896	23.481300	1.660180	254.573941	2043.103810
-78.340000	19.490000	-157.314896	23.731300	0.444159	254.627876	2041.606121
-78.340000	19.490000	-157.314896	23.981300	-1.334260	254.682018	2039.923785
-78.340000	19.490000	-157.064896	15.731300	-1.798101	253.052458	2085.204369
-78.340000	19.490000	-157.064896	15.981300	0.149225	253.101786	2083.124476
-78.340000	19.490000	-157.064896	16.231300	2.694710	253.151206	2081.485021
-78.340000	19.490000	-157.064896	16.481300	3.313271	253.200834	2079.984608
-78.340000	19.490000	-157.064896	16.731300	3.371632	253.250561	2078.508942
-78.340000	19.490000	-157.064896	16.981300	3.388906	253.300500	2077.033275
-78.340000	19.490000	-157.064896	17.231300	4.282705	253.350542	2075.557609
-78.340000	19.490000	-157.064896	17.481300	5.212693	253.400804	2074.256831
-78.340000	19.490000	-157.064896	17.731300	5.298172	253.451172	2072.969476
-78.340000	19.490000	-157.064896	17.981300	5.247579	253.501766	2071.682120
-78.340000	19.490000	-157.064896	18.231300	5.196873	253.552471	2070.394764
-78.340000	19.490000	-157.064896	18.481300	5.145937	253.603408	2069.107409
-78.340000	19.490000	-157.064896	18.731300	4.442664	253.654461	2067.820053
-78.340000	19.490000	-157.064896	18.981300	2.988478	253.705751	2066.379176
-78.340000	19.490000	-157.064896	19.231300	2.287064	253.757164	2064.784099
-78.340000	19.490000	-157.064896	19.481300	2.235408	253.808819	2063.189022
-78.340000	19.490000	-157.064896	19.731300	1.504445	253.860602	2061.593945
-78.340000	19.490000	-157.064896	19.981300	0.711719	253.912634	2059.815841
-78.340000	19.490000	-157.064896	20.231300	0.496294	253.964800	2057.997623
-78.340000	19.490000	-157.064896	20.481300	0.443873	254.017220	2056.179405
-78.340000	19.490000	-157.064896	20.731300	0.222636	254.069779	2054.361187
-78.340000	19.490000	-157.064896	20.981300	-0.023106	254.122600	2052.504405
-78.340000	19.490000	-157.064896	21.231300	0.409485	254.175566	2050.643817
-78.340000	19.490000	-157.064896	21.481300	1.486315	254.228800	2048.971423
-78.340000	19.490000	-157.064896	21.731300	1.953426	254.282184	2047.473734
-78.340000	19.490000	-157.064896	21.981300	1.899766	254.335843	2045.976045
-78.340000	19.490000	-157.064896	22.231300	1.845951	254.389659	2044.478357
-78.340000	19.490000	-157.064896	22.481300	1.791852	254.443757	2042.980668
-78.340000	19.490000	-157.064896	22.731300	1.758213	254.498018	2041.482979
-78.340000	19.490000	-157.064896	22.981300	1.760846	254.552568	2039.985290
-78.340000	19.490000	-157.064896	23.231300	1.762846	254.607287	2038.487601
-78.340000	19.490000	-157.064896	23.481300	1.764089	254.662303	2036.989912
-78.340000	19.490000	-157.064896	23.731300	1.764704	254.717494	2035.492223
-78.340000	19.490000	-157.064896	23.981300	1.186505	254.772990	2033.994534
-78.340000	19.490000	-156.814896	15.481300	-1.806446	253.052604	2081.154637
-78.340000	19.490000	-156.814896	15.731300	-1.856760	253.102919	2079.072787
-78.340000	19.490000	-156.814896	15.981300	-0.423106	253.153352	2076.990937
-78.340000	19.490000	-156.814896	16.231300	2.315825	253.203971	2075.259729
-78.340000	19.490000	-156.814896	16.481300	3.348631	253.254713	2073.779749
-78.340000	19.490000	-156.814896	16.731300	3.316547	253.305646	2072.304083
-78.340000	19.490000	-156.814896	16.981300	3.265485	253.356708	2070.828416
-78.340000	19.490000	-156.814896	17.231300	3.214228	253.407965	2069.352750
-78.340000	19.490000	-156.814896	17.481300	3.759222	253.459357	2067.877084
-78.340000	19.490000	-156.814896	17.731300	4.697006	253.510949	2066.497889
-78.340000	19.490000	-156.814896	17.981300	5.186662	253.562683	2065.210533
-78.340000	19.490000	-156.814896	18.231300	5.134723	253.614621	2063.923177
-78.340000	19.490000	-156.814896	18.481300	5.082638	253.666706	2062.635822
-78.340000	19.490000	-156.814896	18.731300	4.602858	253.719001	2061.348466
-78.340000	19.490000	-156.814896	18.981300	3.146924	253.771449	2059.960569
-78.340000	19.490000	-156.814896	19.231300	2.220114	253.824114	2058.365492
-78.340000	19.490000	-156.814896	19.481300	1.830169	253.876936	2056.770415
-78.340000	19.490000	-156.814896	19.731300	1.069609	253.929981	2055.095023
-78.340000	19.490000	-156.814896	19.981300	0.477903	253.983190	2053.276804
-78.340000	19.490000	-156.814896	20.231300	0.424466	254.036627	2051.458586
-78.340000	19.490000	-156.814896	20.481300	0.370859	254.090235	2049.640368
-78.340000	19.490000	-156.814896	20.731300	0.234691	254.144076	2047.822149
-78.340000	19.490000	-156.814896	20.981300	0.875544	254.198094	2045.979659
-78.340000	19.490000	-156.814896	21.231300	1.931808	254.252353	2044.355214
-78.340000	19.490000	-156.814896	21.481300	2.294330	254.306795	2042.857525
-78.340000	19.490000	-156.814896	21.731300	2.294049	254.361483	2041.359836
-78.340000	19.490000	-156.814896	21.981300	2.293144	254.416362	2039.862147
-78.340000	19.490000	-156.814896	22.231300	2.291561	254.471492	2038.364458
-78.340000	19.490000	-156.814896	22.481300	2.208376	254.526821	2036.866770
-78.340000	19.490000	-156.814896	22.731300	1.981098	254.582409	2035.350009
-78.340000	19.490000	-156.814896	22.981300	1.790623	254.638201	2033.799140
-78.340000	19.490000	-156.814896	23.231300	1.703572	254.694259	2032.248270
-78.340000	19.490000	-156.814896	23.481300	1.616169	254.750528	2030.697400
-78.340000	19.490000	-156.814896	23.731300	1.836486	254.807071	2029.146530
-78.340000	19.490000	-156.564896	15.481300	-1.855467	253.101626	2075.023056
-78.340000	19.490000	-156.564896	15.731300	-1.906886	253.153045	2072.941206
-78.340000	19.490000	-156.564896	15.981300	-0.806988	253.204676	2070.859356
-78.340000	19.490000	-156.564896	16.231300	1.924021	253.256407	2069.050557
-78.340000	19.490000	-156.564896	16.481300	3.313838	253.308355	2067.574890
-78.340000	19.490000	-156.564896	16.731300	3.261784	253.360409	2066.099224
-78.340000	19.490000	-156.564896	16.981300	3.209508	253.412685	2064.623557
-78.340000	19.490000	-156.564896	17.231300	3.157121	253.465072	2063.147891
-78.340000	19.490000	-156.564896	17.481300	3.104507	253.517686	2061.672225
-78.340000	19.490000	-156.564896	17.731300	3.229677	253.570417	2060.196558
-78.340000	19.490000	-156.564896	17.981300	4.175239	253.623382	2058.738946
-78.340000	19.490000	-156.564896	18.231300	5.021515	253.676467	2057.451590
-78.340000	19.490000	-156.564896	18.481300	5.019551	253.729793	2056.164235
-78.340000	19.490000	-156.564896	18.731300	4.763714	253.783245	2054.876879
-78.340000	19.490000	-156.564896	18.981300	3.311226	253.836943	2053.541962
-78.340000	19.490000	-156.564896	19.231300	2.153454	253.890773	2051.946885
-78.340000	19.490000	-156.564896	19.481300	1.365917	253.944856	2050.351808
-78.340000	19.490000	-156.564896	19.731300	0.553132	253.999076	2048.555985
-78.340000	19.490000	-156.564896	19.981300	0.407538	254.053556	2046.737767
-78.340000	19.490000	-156.564896	20.231300	0.375373	254.108178	2044.919549
-78.340000	19.490000	-156.564896	20.481300	0.392498	254.163066	2043.101331
-78.340000	19.490000	-156.564896	20.731300	0.658915	254.218103	2041.268735
-78.340000	19.490000	-156.564896	20.981300	1.593186	254.273413	2039.498788
-78.340000	19.490000	-156.564896	21.231300	2.364593	254.328877	2037.947918
-78.340000	19.490000	-156.564896	21.481300	2.360689	254.384622	2036.397048
-78.340000	19.490000	-156.564896	21.731300	2.356229	254.440527	2034.846179
-78.340000	19.490000	-156.564896	21.981300	2.336082	254.496719	2033.295309
-78.340000	19.490000	-156.564896	22.231300	2.250516	254.553079	2031.744439
-78.340000	19.490000	-156.564896	22.481300	2.164529	254.609732	2030.193569
-78.340000	19.490000	-156.564896	22.731300	2.241977	254.666560	2028.642699
-78.340000	19.490000	-156.564896	22.981300	2.452024	254.723689	2027.135954
-78.340000	19.490000	-156.564896	23.231300	2.480485	254.780998	2025.668669
-78.340000	19.490000	-156.564896	23.481300	2.343030	254.838617	2024.201384
-78.340000	19.490000	-156.314896	15.481300	-1.904243	253.150402	2068.891474
-78.340000	19.490000	-156.314896	15.731300	-1.956859	253.203018	2066.809624
-78.340000	19.490000	-156.314896	15.981300	-1.168591	253.255761	2064.727774
-78.340000	19.490000	-156.314896	16.231300	1.289382	253.308696	2062.845698
-78.340000	19.490000	-156.314896	16.481300	3.093610	253.361765	2061.370031
-78.340000	19.490000	-156.314896	16.731300	3.106608	253.415031	2059.894365
-78.340000	19.490000	-156.314896	16.981300	3.118835	253.468436	2058.418698
-78.340000	19.490000	-156.314896	17.231300	3.100149	253.522044	2056.943032
-78.340000	19.490000	-156.314896	17.481300	3.046397	253.575796	2055.467366
-78.340000	19.490000	-156.314896	17.731300	2.992436	253.629757	2053.991699
-78.340000	19.490000	-156.314896	17.981300	2.957063	253.683867	2052.516033
-78.340000	19.490000	-156.314896	18.231300	3.647290	253.738192	2051.040367
-78.340000	19.490000	-156.314896	18.481300	4.578518	253.792673	2049.692648
-78.340000	19.490000	-156.314896	18.731300	4.901970	253.847374	2048.405292
-78.340000	19.490000	-156.314896	18.981300	3.521024	253.902237	2047.117936
-78.340000	19.490000	-156.314896	19.231300	1.698237	253.957326	2045.528278
-78.340000	19.490000	-156.314896	19.481300	0.933910	254.012583	2043.835166
-78.340000	19.490000	-156.314896	19.731300	0.421692	254.068071	2042.016948
-78.340000	19.490000	-156.314896	19.981300	0.415768	254.123735	2040.198730
-78.340000	19.490000	-156.314896	20.231300	0.024933	254.179636	2038.360622
-78.340000	19.490000	-156.314896	20.481300	-0.281010	254.235719	2036.426209
-78.340000	19.490000	-156.314896	20.731300	0.696201	254.292045	2034.491795
-78.340000	19.490000	-156.314896	20.981300	2.027841	254.348560	2032.791478
-78.340000	19.490000	-156.314896	21.231300	2.508775	254.405325	2031.240608
-78.340000	19.490000	-156.314896	21.481300	2.372194	254.462285	2029.689738
-78.340000	19.490000	-156.314896	21.731300	2.299005	254.519501	2028.138868
-78.340000	19.490000	-156.314896	21.981300	2.507412	254.576920	2026.603675
-78.340000	19.490000	-156.314896	22.231300	2.653830	254.634603	2025.136390
-78.340000	19.490000	-156.314896	22.481300	2.516435	254.692494	2023.669105
-78.340000	19.490000	-156.314896	22.731300	2.377786	254.750657	2022.201820
-78.340000	19.490000	-156.314896	22.981300	2.281063	254.809036	2020.734535
-78.340000	19.490000	-156.314896	23.231300	2.222407	254.867692	2019.267250
-78.340000	19.490000	-156.314896	23.481300	3.578012	254.926573	2017.799965
-78.340000	19.490000	-156.064896	15.481300	-1.952772	253.198930	2062.759893
-78.340000	19.490000	-156.064896	15.731300	-2.006498	253.252657	2060.678043
-78.340000	19.490000	-156.064896	15.981300	-0.794767	253.306603	2058.596193
-78.340000	19.490000	-156.064896	16.231300	1.099112	253.360658	2056.861944
-78.340000	19.490000	-156.064896	16.481300	2.008740	253.414938	2055.323749
-78.340000	19.490000	-156.064896	16.731300	2.027744	253.469332	2053.785553
-78.340000	19.490000	-156.064896	16.981300	2.176275	253.523957	2052.247357
-78.340000	19.490000	-156.064896	17.231300	2.473346	253.578701	2050.738173
-78.340000	19.490000	-156.064896	17.481300	2.637679	253.633682	2049.262507
-78.340000	19.490000	-156.064896	17.731300	2.650612	253.688788	2047.786840
-78.340000	19.490000	-156.064896	17.981300	2.662643	253.744137	2046.311174
-78.340000	19.490000	-156.064896	18.231300	2.673895	253.799616	2044.835508
-78.340000	19.490000	-156.064896	18.481300	3.033407	253.855345	2043.359841
-78.340000	19.490000	-156.064896	18.731300	4.037036	253.911208	2041.933705
-78.340000	19.490000	-156.064896	18.981300	3.697672	253.967329	2040.646349
-78.340000	19.490000	-156.064896	19.231300	1.508013	254.023590	2039.109671
-78.340000	19.490000	-156.064896	19.481300	0.438471	254.080115	2037.296129
-78.340000	19.490000	-156.064896	19.731300	-0.042141	254.136786	2035.452510
-78.340000	19.490000	-156.064896	19.981300	-0.398511	254.193727	2033.518096
-78.340000	19.490000	-156.064896	20.231300	-0.416060	254.250820	2031.583683
-78.340000	19.490000	-156.064896	20.481300	-0.544836	254.308191	2029.649269
-78.340000	19.490000	-156.064896	20.731300	0.545262	254.365721	2027.714856
-78.340000	19.490000	-156.064896	20.981300	2.239446	254.423534	2026.084167
-78.340000	19.490000	-156.064896	21.231300	2.780352	254.481513	2024.604111
-78.340000	19.490000	-156.064896	21.481300	2.696315	254.539783	2023.136826
-78.340000	19.490000	-156.064896	21.731300	2.557724	254.598224	2021.669541
-78.340000	19.490000	-156.064896	21.981300	2.433134	254.656964	2020.202256
-78.340000	19.490000	-156.064896	22.231300	2.374216	254.715883	2018.734971
-78.340000	19.490000	-156.064896	22.481300	2.314991	254.775108	2017.267686
-78.340000	19.490000	-156.064896	22.731300	2.255581	254.834517	2015.800401
-78.340000	19.490000	-156.064896	22.981300	2.192364	254.894241	2014.333116
-78.340000	19.490000	-156.064896	23.231300	3.917902	254.954157	2012.865831
-78.340000	19.490000	-155.814896	15.481300	-2.001057	253.247215	2056.628311
-78.340000	19.490000	-155.814896	15.731300	-1.419700	253.302145	2054.546461
-78.340000	19.490000	-155.814896	15.981300	0.214768	253.357209	2052.615932
-78.340000	19.490000	-155.814896	16.231300	1.695508	253.412475	2051.077737
-78.340000	19.490000	-155.814896	16.481300	1.640101	253.467881	2049.539541
-78.340000	19.490000	-155.814896	16.731300	1.584488	253.523494	2048.001345
-78.340000	19.490000	-155.814896	16.981300	1.528728	253.579254	2046.463149
-78.340000	19.490000	-155.814896	17.231300	1.508360	253.635226	2044.924954
-78.340000	19.490000	-155.814896	17.481300	1.528410	253.691351	2043.386758
-78.340000	19.490000	-155.814896	17.731300	1.547482	253.747694	2041.848562
-78.340000	19.490000	-155.814896	17.981300	1.565646	253.804196	2040.310366
-78.340000	19.490000	-155.814896	18.231300	1.582848	253.860921	2038.772171
-78.340000	19.490000	-155.814896	18.481300	1.599158	253.917811	2037.233975
-78.340000	19.490000	-155.814896	18.731300	2.037108	253.974931	2035.695779
-78.340000	19.490000	-155.814896	18.981300	1.977121	254.032223	2034.203650
-78.340000	19.490000	-155.814896	19.231300	0.465061	254.089750	2032.544397
-78.340000	19.490000	-155.814896	19.481300	-0.413999	254.147456	2030.631240
-78.340000	19.490000	-155.814896	19.731300	-0.272358	254.205403	2028.758765
-78.340000	19.490000	-155.814896	19.981300	-0.403395	254.263535	2026.886289
-78.340000	19.490000	-155.814896	20.231300	-0.535327	254.321916	2025.013814
-78.340000	19.490000	-155.814896	20.481300	-0.668106	254.380488	2023.141339
-78.340000	19.490000	-155.814896	20.731300	0.336075	254.439314	2021.268863
-78.340000	19.490000	-155.814896	20.981300	2.046411	254.498340	2019.669977
-78.340000	19.490000	-155.814896	21.231300	2.532472	254.557627	2018.202692
-78.340000	19.490000	-155.814896	21.481300	2.472979	254.617120	2016.735407
-78.340000	19.490000	-155.814896	21.731300	2.413218	254.676880	2015.268122
-78.340000	19.490000	-155.814896	21.981300	2.353243	254.736855	2013.800837
-78.340000	19.490000	-155.814896	22.231300	2.292994	254.797104	2012.333552
-78.340000	19.490000	-155.814896	22.481300	2.232523	254.857575	2010.866267
-78.340000	19.490000	-155.814896	22.731300	2.083608	254.918328	2009.398982
-78.340000	19.490000	-155.814896	22.981300	4.267382	254.979309	2007.935280
-78.340000	19.490000	-155.564896	15.481300	-2.049094	253.295253	2050.496730
-78.340000	19.490000	-155.564896	15.731300	-0.387378	253.351300	2048.414880
-78.340000	19.490000	-155.564896	15.981300	1.492644	253.407574	2046.831725
-78.340000	19.490000	-155.564896	16.231300	1.644018	253.463965	2045.293529
-78.340000	19.490000	-155.564896	16.481300	1.587393	253.520590	2043.755333
-78.340000	19.490000	-155.564896	16.731300	1.530646	253.577336	2042.217138
-78.340000	19.490000	-155.564896	16.981300	1.473659	253.634324	2040.678942
-78.340000	19.490000	-155.564896	17.231300	1.416545	253.691438	2039.140746
-78.340000	19.490000	-155.564896	17.481300	1.359183	253.748799	2037.602550
-78.340000	19.490000	-155.564896	17.731300	1.301689	253.806293	2036.064354
-78.340000	19.490000	-155.564896	17.981300	1.250141	253.864040	2034.526159
-78.340000	19.490000	-155.564896	18.231300	1.472862	253.921926	2032.987963
-78.340000	19.490000	-155.564896	18.481300	1.049351	253.980071	2031.449767
-78.340000	19.490000	-155.564896	18.731300	0.251163	254.038361	2029.768846
-78.340000	19.490000	-155.564896	18.981300	-0.055845	254.096918	2027.998061
-78.340000	19.490000	-155.564896	19.231300	-0.284710	254.155624	2026.179960
-78.340000	19.490000	-155.564896	19.481300	-0.653012	254.214605	2024.322157
-78.340000	19.490000	-155.564896	19.731300	-0.804124	254.273741	2022.449681
-78.340000	19.490000	-155.564896	19.981300	-0.863542	254.333159	2020.577206
-78.340000	19.490000	-155.564896	20.231300	-0.923122	254.392739	2018.704730
-78.340000	19.490000	-155.564896	20.481300	-0.982990	254.452607	2016.832255
-78.340000	19.490000	-155.564896	20.731300	-0.283698	254.512644	2014.959780
-78.340000	19.490000	-155.564896	20.981300	1.568676	254.572976	2013.268558
-78.340000	19.490000	-155.564896	21.231300	2.456615	254.633484	2011.801273
-78.340000	19.490000	-155.564896	21.481300	2.395804	254.694295	2010.333988
-78.340000	19.490000	-155.564896	21.731300	2.334811	254.755288	2008.866703
-78.340000	19.490000	-155.564896	21.981300	2.273506	254.816592	2007.399418
-78.340000	19.490000	-155.564896	22.231300	2.212014	254.878085	2005.932132
-78.340000	19.490000	-155.564896	22.481300	2.400657	254.939897	2004.464847
-78.340000	19.490000	-155.564896	22.731300	4.626757	255.001905	2003.102945
-78.340000	19.490000	-155.314896	15.231300	-2.039839	253.285998	2046.446998
-78.340000	19.490000	-155.314896	15.481300	-0.963808	253.343049	2044.365148
-78.340000	19.490000	-155.314896	15.731300	0.656471	253.400304	2042.585713
-78.340000	19.490000	-155.314896	15.981300	1.650279	253.457703	2041.047517
-78.340000	19.490000	-155.314896	16.231300	1.592671	253.515311	2039.509321
-78.340000	19.490000	-155.314896	16.481300	1.534914	253.573069	2037.971126
-78.340000	19.490000	-155.314896	16.731300	1.476941	253.631042	2036.432930
-78.340000	19.490000	-155.314896	16.981300	1.418812	253.689170	2034.894734
-78.340000	19.490000	-155.314896	17.231300	1.360463	253.747520	2033.356538
-78.340000	19.490000	-155.314896	17.481300	1.423911	253.806031	2031.818343
-78.340000	19.490000	-155.314896	17.731300	1.618815	253.864769	2030.280147
-78.340000	19.490000	-155.314896	17.981300	0.799781	253.923676	2028.736909
-78.340000	19.490000	-155.314896	18.231300	0.035856	253.982815	2026.966125
-78.340000	19.490000	-155.314896	18.481300	0.256903	254.042129	2025.195340
-78.340000	19.490000	-155.314896	18.731300	0.303118	254.101682	2023.424555
-78.340000	19.490000	-155.314896	18.981300	0.034831	254.161417	2021.653770
-78.340000	19.490000	-155.314896	19.231300	-0.328932	254.221397	2019.833151
-78.340000	19.490000	-155.314896	19.481300	-0.516695	254.281566	2017.988138
-78.340000	19.490000	-155.314896	19.731300	-0.725013	254.341986	2016.140598
-78.340000	19.490000	-155.314896	19.981300	-0.923408	254.402602	2014.268122
-78.340000	19.490000	-155.314896	20.231300	-0.993859	254.463476	2012.395647
-78.340000	19.490000	-155.314896	20.481300	-1.054936	254.524553	2010.523171
-78.340000	19.490000	-155.314896	20.731300	-0.744501	254.585895	2008.650696
-78.340000	19.490000	-155.314896	20.981300	1.101696	254.647447	2006.867139
-78.340000	19.490000	-155.314896	21.231300	2.380828	254.709271	2005.399853
-78.340000	19.490000	-155.314896	21.481300	2.318786	254.771312	2003.932568
-78.340000	19.490000	-155.314896	21.731300	2.256465	254.833633	2002.465283
-78.340000	19.490000	-155.314896	21.981300	2.193920	254.896179	2000.997998
-78.340000	19.490000	-155.314896	22.231300	2.726603	254.959011	1999.530713
-78.340000	19.490000	-155.314896	22.481300	4.996074	255.022077	1998.270611
-78.340000	19.490000	-155.064896	15.231300	-1.640392	253.332340	2040.315417
-78.340000	19.490000	-155.064896	15.481300	0.039257	253.390599	2038.339701
-78.340000	19.490000	-155.064896	15.731300	1.659005	253.448978	2036.801505
-78.340000	19.490000	-155.064896	15.981300	1.600390	253.507593	2035.263310
-78.340000	19.490000	-155.064896	16.231300	1.541650	253.566333	2033.725114
-78.340000	19.490000	-155.064896	16.481300	1.482667	253.625315	2032.186918
-78.340000	19.490000	-155.064896	16.731300	1.423554	253.684428	2030.648722
-78.340000	19.490000	-155.064896	16.981300	1.600165	253.743791	2029.110526
-78.340000	19.490000	-155.064896	17.231300	1.365926	253.803289	2027.572331
-78.340000	19.490000	-155.064896	17.481300	0.560066	253.863044	2025.934189
-78.340000	19.490000	-155.064896	17.731300	0.211298	253.922940	2024.163404
-78.340000	19.490000	-155.064896	17.981300	0.421701	253.983099	2022.392619
-78.340000	19.490000	-155.064896	18.231300	0.361395	254.043406	2020.621834
-78.340000	19.490000	-155.064896	18.481300	0.300818	254.103982	2018.851050
-78.340000	19.490000	-155.064896	18.731300	0.240088	254.164712	2017.080265
-78.340000	19.490000	-155.064896	18.981300	-0.039998	254.225719	2015.309480
-78.340000	19.490000	-155.064896	19.231300	-0.404911	254.286886	2013.486343
-78.340000	19.490000	-155.064896	19.481300	-0.557455	254.348337	2011.641329
-78.340000	19.490000	-155.064896	19.731300	-0.622129	254.409954	2009.796316
-78.340000	19.490000	-155.064896	19.981300	-0.799568	254.471863	2007.951302
-78.340000	19.490000	-155.064896	20.231300	-1.009809	254.533944	2006.086563
-78.340000	19.490000	-155.064896	20.481300	-1.126707	254.596324	2004.214088
-78.340000	19.490000	-155.064896	20.731300	-1.189267	254.658884	2002.341613
-78.340000	19.490000	-155.064896	20.981300	0.538023	254.721751	2000.469137
-78.340000	19.490000	-155.064896	21.231300	2.290763	254.784803	1998.998434
-78.340000	19.490000	-155.064896	21.481300	2.241927	254.848171	1997.531149
-78.340000	19.490000	-155.064896	21.731300	2.178367	254.911732	1996.063864
-78.340000	19.490000	-155.064896	21.981300	3.061660	254.975616	1994.596579
-78.340000	19.490000	-155.064896	22.231300	5.375648	255.039699	1993.438276
-78.340000	19.490000	-154.814896	15.231300	-0.551233	253.378526	2034.183835
-78.340000	19.490000	-154.814896	15.481300	1.253903	253.437908	2032.555493
-78.340000	19.490000	-154.814896	15.731300	1.610480	253.497502	2031.017298
-78.340000	19.490000	-154.814896	15.981300	1.550734	253.557248	2029.479102
-78.340000	19.490000	-154.814896	16.231300	1.560768	253.617212	2027.940906
-78.340000	19.490000	-154.814896	16.481300	1.778926	253.677334	2026.402710
-78.340000	19.490000	-154.814896	16.731300	1.122991	253.737680	2024.864515
-78.340000	19.490000	-154.814896	16.981300	0.330053	253.798191	2023.131468
-78.340000	19.490000	-154.814896	17.231300	0.389256	253.858931	2021.360683
-78.340000	19.490000	-154.814896	17.481300	0.484957	253.919843	2019.589898
-78.340000	19.490000	-154.814896	17.731300	0.423810	253.980990	2017.819113
-78.340000	19.490000	-154.814896	17.981300	0.362485	254.042316	2016.048329
-78.340000	19.490000	-154.814896	18.231300	0.300917	254.103883	2014.277544
-78.340000	19.490000	-154.814896	18.481300	0.239165	254.165635	2012.506759
-78.340000	19.490000	-154.814896	18.731300	0.177164	254.227636	2010.735974
-78.340000	19.490000	-154.814896	18.981300	-0.114633	254.289829	2008.965190
-78.340000	19.490000	-154.814896	19.231300	-0.480791	254.352276	2007.139534
-78.340000	19.490000	-154.814896	19.481300	-0.624040	254.414923	2005.294521
-78.340000	19.490000	-154.814896	19.731300	-0.686949	254.477831	2003.449507
-78.340000	19.490000	-154.814896	19.981300	-0.750063	254.540946	2001.604494
-78.340000	19.490000	-154.814896	20.231300	-0.876771	254.604329	1999.759480
-78.340000	19.490000	-154.814896	20.481300	-1.088371	254.667926	1997.905004
-78.340000	19.490000	-154.814896	20.731300	-1.261189	254.731798	1996.032529
-78.340000	19.490000	-154.814896	20.981300	-0.026478	254.795892	1994.160054
-78.340000	19.490000	-154.814896	21.231300	1.823367	254.860269	1992.597015
-78.340000	19.490000	-154.814896	21.481300	2.165223	254.924875	1991.129730
-78.340000	19.490000	-154.814896	21.731300	3.405930	254.989772	1989.662445
-78.340000	19.490000	-154.814896	21.981300	5.765537	255.054906	1988.605941
-78.340000	19.490000	-154.564896	15.231300	0.485846	253.424375	2028.309482
-78.340000	19.490000	-154.564896	15.481300	1.623011	253.484972	2026.771286
-78.340000	19.490000	-154.564896	15.731300	1.747081	253.545696	2025.233090
-78.340000	19.490000	-154.564896	15.981300	1.703526	253.606665	2023.694894
-78.340000	19.490000	-154.564896	16.231300	0.890041	253.667767	2022.099532
-78.340000	19.490000	-154.564896	16.481300	0.353226	253.729122	2020.328747
-78.340000	19.490000	-154.564896	16.731300	0.569938	253.790614	2018.557962
-78.340000	19.490000	-154.564896	16.981300	0.552434	253.852366	2016.787177
-78.340000	19.490000	-154.564896	17.231300	0.490538	253.914262	2015.016393
-78.340000	19.490000	-154.564896	17.481300	0.428376	253.976424	2013.245608
-78.340000	19.490000	-154.564896	17.731300	0.366064	254.038736	2011.474823
-78.340000	19.490000	-154.564896	17.981300	0.303478	254.101322	2009.704038
-78.340000	19.490000	-154.564896	18.231300	0.240737	254.164064	2007.933254
-78.340000	19.490000	-154.564896	18.481300	0.177714	254.227086	2006.162469
-78.340000	19.490000	-154.564896	18.731300	0.114530	254.290270	2004.391684
-78.340000	19.490000	-154.564896	18.981300	-0.189071	254.353743	2002.620899
-78.340000	19.490000	-154.564896	19.231300	-0.556387	254.417384	2000.792726
-78.340000	19.490000	-154.564896	19.481300	-0.690439	254.481321	1998.947712
-78.340000	19.490000	-154.564896	19.731300	-0.754551	254.545433	1997.102699
-78.340000	19.490000	-154.564896	19.981300	-0.818966	254.609849	1995.257685
-78.340000	19.490000	-154.564896	20.231300	-0.883564	254.674446	1993.412672
-78.340000	19.490000	-154.564896	20.481300	-0.959929	254.739355	1991.567658
-78.340000	19.490000	-154.564896	20.731300	-1.169537	254.804453	1989.722644
-78.340000	19.490000	-154.564896	20.981300	-0.473676	254.869870	1987.850970
-78.340000	19.490000	-154.564896	21.231300	1.357487	254.935484	1986.195595
-78.340000	19.490000	-154.564896	21.481300	3.759638	255.001424	1984.728310
-78.340000	19.490000	-154.564896	21.731300	6.166064	255.067569	1983.773607
-78.340000	19.490000	-154.314896	15.231300	1.935776	253.470071	2022.525274
-78.340000	19.490000	-154.314896	15.481300	1.467243	253.531796	2020.987078
-78.340000	19.490000	-154.314896	15.731300	0.666745	253.593743	2019.296811
-78.340000	19.490000	-154.314896	15.981300	0.541173	253.655849	2017.526026
-78.340000	19.490000	-154.314896	16.231300	0.686618	253.718183	2015.755241
-78.340000	19.490000	-154.314896	16.481300	0.624118	253.780683	2013.984456
-78.340000	19.490000	-154.314896	16.731300	0.561385	253.843416	2012.213672
-78.340000	19.490000	-154.314896	16.981300	0.498478	253.906322	2010.442887
-78.340000	19.490000	-154.314896	17.231300	0.435333	253.969468	2008.672102
-78.340000	19.490000	-154.314896	17.481300	0.372007	254.032793	2006.901317
-78.340000	19.490000	-154.314896	17.731300	0.308436	254.096365	2005.130533
-78.340000	19.490000	-154.314896	17.981300	0.244677	254.160123	2003.359748
-78.340000	19.490000	-154.314896	18.231300	0.180667	254.224134	2001.588963
-78.340000	19.490000	-154.314896	18.481300	0.116462	254.288338	1999.818178
-78.340000	19.490000	-154.314896	18.731300	0.051999	254.352802	1998.047394
-78.340000	19.490000	-154.314896	18.981300	-0.263318	254.417467	1996.276609
-78.340000	19.490000	-154.314896	19.231300	-0.631888	254.482397	1994.445917
-78.340000	19.490000	-154.314896	19.481300	-0.756654	254.547536	1992.600904
-78.340000	19.490000	-154.314896	19.731300	-0.822066	254.612948	1990.755890
-78.340000	19.490000	-154.314896	19.981300	-0.887694	254.678577	1988.910877
-78.340000	19.490000	-154.314896	20.231300	-0.953603	254.744485	1987.065863
-78.340000	19.490000	-154.314896	20.481300	-1.019735	254.810617	1985.220849
-78.340000	19.490000	-154.314896	20.731300	-1.086154	254.877037	1983.375836
-78.340000	19.490000	-154.314896	20.981300	-0.732265	254.943689	1981.530822
-78.340000	19.490000	-154.314896	21.231300	2.896638	255.010635	1979.794176
-78.340000	19.490000	-154.314896	21.481300	6.577297	255.077822	1978.941272
-78.340000	19.490000	-154.064896	15.231300	0.514696	253.515429	2016.494090
-78.340000	19.490000	-154.064896	15.481300	0.731721	253.578376	2014.723305
-78.340000	19.490000	-154.064896	15.731300	0.763341	253.641459	2012.952520
-78.340000	19.490000	-154.064896	15.981300	0.700004	253.704796	2011.181736
-78.340000	19.490000	-154.064896	16.231300	0.636526	253.768274	2009.410951
-78.340000	19.490000	-154.064896	16.481300	0.572787	253.832013	2007.640166
-78.340000	19.490000	-154.064896	16.731300	0.508900	253.895900	2005.869381
-78.340000	19.490000	-154.064896	16.981300	0.444745	253.960055	2004.098597
-78.340000	19.490000	-154.064896	17.231300	0.380437	254.024363	2002.327812
-78.340000	19.490000	-154.064896	17.481300	0.315853	254.088947	2000.557027
-78.340000	19.490000	-154.064896	17.731300	0.251110	254.153690	1998.786242
-78.340000	19.490000	-154.064896	17.981300	0.186084	254.218716	1997.015458
-78.340000	19.490000	-154.064896	18.231300	0.120893	254.283908	1995.244673
-78.340000	19.490000	-154.064896	18.481300	0.055410	254.349390	1993.473888
-78.340000	19.490000	-154.064896	18.731300	-0.010244	254.415044	1991.703103
-78.340000	19.490000	-154.064896	18.981300	-0.337372	254.480997	1989.932319
-78.340000	19.490000	-154.064896	19.231300	-0.707106	254.547129	1988.099109
-78.340000	19.490000	-154.064896	19.481300	-0.822684	254.613567	1986.254095
-78.340000	19.490000	-154.064896	19.731300	-0.889308	254.680190	1984.409082
-78.340000	19.490000	-154.064896	19.981300	-0.956245	254.747128	1982.564068
-78.340000	19.490000	-154.064896	20.231300	-1.023375	254.814258	1980.719055
-78.340000	19.490000	-154.064896	20.481300	-1.090828	254.881711	1978.874041
-78.340000	19.490000	-154.064896	20.731300	-1.158481	254.949363	1977.029027
-78.340000	19.490000	-154.064896	20.981300	1.579454	255.017347	1975.184014
-78.340000	19.490000	-154.064896	21.231300	5.400868	255.085537	1974.108938
-78.340000	19.490000	-153.814896	15.481300	0.780082	253.624718	2008.379015
-78.340000	19.490000	-153.814896	15.731300	0.715770	253.689030	2006.608230
-78.340000	19.490000	-153.814896	15.981300	0.651289	253.753511	2004.837445
-78.340000	19.490000	-153.814896	16.231300	0.586573	253.818227	2003.066660
-78.340000	19.490000	-153.814896	16.481300	0.521681	253.883119	2001.295876
-78.340000	19.490000	-153.814896	16.731300	0.456547	253.948254	1999.525091
-78.340000	19.490000	-153.814896	16.981300	0.391230	254.013570	1997.754306
-78.340000	19.490000	-153.814896	17.231300	0.325665	254.079135	1995.983521
-78.340000	19.490000	-153.814896	17.481300	0.259911	254.144890	1994.212737
-78.340000	19.490000	-153.814896	17.731300	0.193901	254.210899	1992.441952
-78.340000	19.490000	-153.814896	17.981300	0.127695	254.277106	1990.671167
-78.340000	19.490000	-153.814896	18.231300	0.061226	254.343574	1988.900382
-78.340000	19.490000	-153.814896	18.481300	-0.005446	254.410246	1987.129598
-78.340000	19.490000	-153.814896	18.731300	-0.072387	254.477187	1985.358813
-78.340000	19.490000	-153.814896	18.981300	-0.411235	254.544340	1983.588028
-78.340000	19.490000	-153.814896	19.231300	-0.782230	254.611769	1981.752300
-78.340000	19.490000	-153.814896	19.481300	-0.888534	254.679417	1979.907287
-78.340000	19.490000	-153.814896	19.731300	-0.956465	254.747348	1978.062273
-78.340000	19.490000	-153.814896	19.981300	-1.024624	254.815506	1976.217260
-78.340000	19.490000	-153.814896	20.231300	-1.093073	254.883955	1974.372246
-78.340000	19.490000	-153.814896	20.481300	-1.161757	254.952639	1972.527233
-78.340000	19.490000	-153.814896	20.731300	0.495493	255.021622	1970.682219
-78.340000	19.490000	-153.814896	20.981300	3.988328	255.090848	1969.276603
-78.340000	19.490000	-153.814896	21.231300	6.534753	255.160380	1968.450658
-78.340000	19.490000	-153.564896	15.731300	0.668529	253.736271	2000.263940
-78.340000	19.490000	-153.564896	15.981300	0.602811	253.801990	1998.493155
-78.340000	19.490000	-153.564896	16.231300	0.536943	253.867858	1996.722370
-78.340000	19.490000	-153.564896	16.481300	0.470804	253.933997	1994.951585
-78.340000	19.490000	-153.564896	16.731300	0.404509	254.000291	1993.180801
-78.340000	19.490000	-153.564896	16.981300	0.337936	254.066864	1991.410016
-78.340000	19.490000	-153.564896	17.231300	0.271202	254.133598	1989.639231
-78.340000	19.490000	-153.564896	17.481300	0.204182	254.200618	1987.868446
-78.340000	19.490000	-153.564896	17.731300	0.136993	254.267807	1986.097662
-78.340000	19.490000	-153.564896	17.981300	0.069511	254.335289	1984.326877
-78.340000	19.490000	-153.564896	18.231300	0.001855	254.402946	1982.556092
-78.340000	19.490000	-153.564896	18.481300	-0.066103	254.470904	1980.785307
-78.340000	19.490000	-153.564896	18.731300	-0.134243	254.539043	1979.014523
-78.340000	19.490000	-153.564896	18.981300	-0.484907	254.607492	1977.243738
-78.340000	19.490000	-153.564896	19.231300	-0.857075	254.676129	1975.405492
-78.340000	19.490000	-153.564896	19.481300	-0.954201	254.745084	1973.560478
-78.340000	19.490000	-153.564896	19.731300	-1.023352	254.814234	1971.715465
-78.340000	19.490000	-153.564896	19.981300	-1.092828	254.883710	1969.870451
-78.340000	19.490000	-153.564896	20.231300	-1.162506	254.953389	1968.025438
-78.340000	19.490000	-153.564896	20.481300	-0.778416	255.023402	1966.180424
-78.340000	19.490000	-153.564896	20.731300	2.752191	255.093625	1964.444268
-78.340000	19.490000	-153.564896	20.981300	6.530941	255.164192	1963.618324
-78.340000	19.490000	-153.314896	15.981300	0.554563	253.850238	1992.148864
-78.340000	19.490000	-153.314896	16.231300	0.487448	253.917352	1990.378080
-78.340000	19.490000	-153.314896	16.481300	0.420150	253.984650	1988.607295
-78.340000	19.490000	-153.314896	16.731300	0.352600	254.052200	1986.836510
-78.340000	19.490000	-153.314896	16.981300	0.284859	254.119941	1985.065725
-78.340000	19.490000	-153.314896	17.231300	0.216860	254.187940	1983.294941
-78.340000	19.490000	-153.314896	17.481300	0.148662	254.256138	1981.524156
-78.340000	19.490000	-153.314896	17.731300	0.080199	254.324601	1979.753371
-78.340000	19.490000	-153.314896	17.981300	0.011529	254.393271	1977.982586
-78.340000	19.490000	-153.314896	18.231300	-0.057412	254.462212	1976.211802
-78.340000	19.490000	-153.314896	18.481300	-0.126567	254.531367	1974.441017
-78.340000	19.490000	-153.314896	18.731300	-0.196002	254.600802	1972.670232
-78.340000	19.490000	-153.314896	18.981300	-0.558392	254.670458	1970.899447
-78.340000	19.490000	-153.314896	19.231300	-0.931829	254.740401	1969.058684
-78.340000	19.490000	-153.314896	19.481300	-1.019691	254.810573	1967.213670
-78.340000	19.490000	-153.314896	19.731300	-1.090157	254.881040	1965.368656
-78.340000	19.490000	-153.314896	19.981300	-1.160862	254.951744	1963.523643
-78.340000	19.490000	-153.314896	20.231300	-1.231868	255.022750	1961.678629
-78.340000	19.490000	-153.314896	20.481300	1.595550	255.094003	1959.833616
-78.340000	19.490000	-153.314896	20.731300	5.433810	255.165565	1958.785989
-78.340000	19.490000	-153.064896	16.481300	0.369724	254.035076	1982.263005
-78.340000	19.490000	-153.064896	16.731300	0.301007	254.103793	1980.492220
-78.340000	19.490000	-153.064896	16.981300	0.232002	254.172798	1978.721435
-78.340000	19.490000	-153.064896	17.231300	0.162826	254.241974	1976.950650
-78.340000	19.490000	-153.064896	17.481300	0.093354	254.311446	1975.179866
-78.340000	19.490000	-153.064896	17.731300	0.023705	254.381095	1973.409081
-78.340000	19.490000	-153.064896	17.981300	-0.046248	254.451048	1971.638296
-78.340000	19.490000	-153.064896	18.231300	-0.116385	254.521185	1969.867511
-78.340000	19.490000	-153.064896	18.481300	-0.186834	254.591634	1968.096727
-78.340000	19.490000	-153.064896	18.731300	-0.257474	254.662275	1966.325942
-78.340000	19.490000	-153.064896	18.981300	-0.630752	254.733235	1964.555157
-78.340000	19.490000	-153.064896	19.231300	-1.006304	254.804394	1962.711875
-78.340000	19.490000	-153.064896	19.481300	-1.085000	254.875882	1960.866861
-78.340000	19.490000	-153.064896	19.731300	-1.156693	254.947575	1959.021848
-78.340000	19.490000	-153.064896	19.981300	-1.228724	255.019606	1957.176834
-78.340000	19.490000	-153.064896	20.231300	0.512385	255.091850	1955.331821
-78.340000	19.490000	-153.064896	20.481300	4.020833	255.164440	1953.953655
-78.340000	19.490000	-152.814896	16.731300	0.249541	254.155259	1974.147929
-78.340000	19.490000	-152.814896	16.981300	0.179360	254.225440	1972.377145
-78.340000	19.490000	-152.814896	17.231300	0.108911	254.295889	1970.606360
-78.340000	19.490000	-152.814896	17.481300	0.038254	254.366546	1968.835575
-78.340000	19.490000	-152.814896	17.731300	-0.032678	254.437478	1967.064790
-78.340000	19.490000	-152.814896	17.981300	-0.103825	254.508626	1965.294006
-78.340000	19.490000	-152.814896	18.231300	-0.175255	254.580056	1963.523221
-78.340000	19.490000	-152.814896	18.481300	-0.246910	254.651710	1961.752436
-78.340000	19.490000	-152.814896	18.731300	-0.322148	254.723653	1959.981651
-78.340000	19.490000	-152.814896	18.981300	-0.700865	254.795829	1958.210080
-78.340000	19.490000	-152.814896	19.231300	-1.077419	254.868302	1956.365067
-78.340000	19.490000	-152.814896	19.481300	-1.150133	254.941015	1954.520053
-78.340000	19.490000	-152.814896	19.731300	-1.223151	255.014034	1952.675039
-78.340000	19.490000	-152.814896	19.981300	-0.727483	255.087301	1950.830026
-78.340000	19.490000	-152.814896	20.231300	2.784336	255.160881	1949.121320
-78.340000	19.490000	-152.564896	17.231300	0.055304	254.349496	1964.262070
-78.340000	19.490000	-152.564896	17.481300	-0.016635	254.421435	1962.491285
-78.340000	19.490000	-152.564896	17.731300	-0.088760	254.493560	1960.720500
-78.340000	19.490000	-152.564896	17.981300	-0.161200	254.566000	1958.949715
-78.340000	19.490000	-152.564896	18.231300	-0.233834	254.638634	1957.178931
-78.340000	19.490000	-152.564896	18.481300	-0.306790	254.711590	1955.408146
-78.340000	19.490000	-152.564896	18.731300	-0.393790	254.784748	1953.637361
-78.340000	19.490000	-152.564896	18.981300	-0.771725	254.858236	1951.863272
-78.340000	19.490000	-152.564896	19.231300	-1.141051	254.931933	1950.018258
-78.340000	19.490000	-152.564896	19.481300	-1.215088	255.005971	1948.173245
-78.340000	19.490000	-152.564896	19.731300	-1.289341	255.080224	1946.328231
-78.340000	19.490000	-152.564896	19.981300	1.627967	255.154826	1944.483217
-78.340000	19.490000	-152.314896	17.481300	-0.071318	254.476119	1956.146994
-78.340000	19.490000	-152.314896	17.731300	-0.144735	254.549535	1954.376210
-78.340000	19.490000	-152.314896	17.981300	-0.218377	254.623177	1952.605425
-78.340000	19.490000	-152.314896	18.231300	-0.292312	254.697112	1950.834640
-78.340000	19.490000	-152.314896	18.481300	-0.366481	254.771281	1949.063855
-78.340000	19.490000	-152.314896	18.731300	-0.465339	254.845750	1947.293071
-78.340000	19.490000	-152.314896	18.981300	-0.844461	254.920462	1945.516463
-78.340000	19.490000	-152.314896	19.231300	-1.204599	254.995482	1943.671450
-78.340000	19.490000	-152.314896	19.481300	-1.279870	255.070753	1941.826436
-78.340000	19.490000	-152.314896	19.731300	0.545465	255.146339	1939.981422
-78.340000	19.490000	-152.064896	17.731300	-0.200410	254.605210	1948.031919
-78.340000	19.490000	-152.064896	17.981300	-0.275353	254.680153	1946.261135
-78.340000	19.490000	-152.064896	18.231300	-0.350499	254.755299	1944.490350
-78.340000	19.490000	-152.064896	18.481300	-0.425979	254.830779	1942.719565
-78.340000	19.490000	-152.064896	18.731300	-0.536604	254.906470	1940.948780
-78.340000	19.490000	-152.064896	18.981300	-0.917013	254.982503	1939.169655
-78.340000	19.490000	-152.064896	19.231300	-1.267873	255.058755	1937.324641
-78.340000	19.490000	-152.064896	19.481300	-0.660580	255.135359	1935.479628
-78.340000	19.490000	-151.814896	18.231300	-0.408588	254.813388	1938.146059
-78.340000	19.490000	-151.814896	18.481300	-0.485289	254.890089	1936.375275
-78.340000	19.490000	-151.814896	18.731300	-0.607780	254.967100	1934.604490
-78.340000	19.490000	-151.814896	18.981300	-0.989383	255.044365	1932.822846
-78.340000	19.490000	-151.814896	19.231300	-1.331066	255.121948	1930.977833
-78.340000	19.490000	-151.564896	18.481300	-0.544408	254.949208	1930.030984
-78.340000	19.490000	-151.564896	18.731300	-0.678672	255.027449	1928.260200
-78.340000	19.490000	-151.564896	18.981300	-1.061570	255.106044	1926.476038
-78.340000	19.490000	-151.564896	19.231300	0.594959	255.184868	1924.631024
-78.340000	19.490000	-151.314896	18.731300	-0.749477	255.087712	1921.915909
-78.340000	19.490000	-151.314896	18.981300	-0.332680	255.167547	1920.129229
