-110.690000	26.250000	-160.814896	21.439100	-1.443209	252.539842	1278.224741
-110.690000	26.250000	-160.814896	21.689100	-1.541966	252.759873	1276.182535
-110.690000	26.250000	-160.814896	21.939100	-1.787265	252.981120	1274.140329
-110.690000	26.250000	-160.814896	22.189100	-2.045142	253.203750	1272.092498
-110.690000	26.250000	-160.814896	22.439100	-2.277948	253.427625	1270.042577
-110.690000	26.250000	-160.814896	22.689100	-2.503229	253.652906	1267.992656
-110.690000	26.250000	-160.814896	22.939100	-2.729785	253.879462	1265.942735
-110.690000	26.250000	-160.814896	23.189100	-2.957773	254.107450	1263.892814
-110.690000	26.250000	-160.814896	23.439100	-3.192387	254.336741	1261.842893
-110.690000	26.250000	-160.814896	23.689100	-3.493892	254.567490	1259.787014
-110.690000	26.250000	-160.564896	20.689100	-0.274197	251.910801	1278.341950
-110.690000	26.250000	-160.564896	20.939100	-1.114522	252.129016	1276.304061
-110.690000	26.250000	-160.564896	21.189100	-1.130516	252.348422	1274.261855
-110.690000	26.250000	-160.564896	21.439100	-1.351284	252.569191	1272.219649
-110.690000	26.250000	-160.564896	21.689100	-1.573267	252.791174	1270.177443
-110.690000	26.250000	-160.564896	21.939100	-1.817360	253.014548	1268.135238
-110.690000	26.250000	-160.564896	22.189100	-2.077222	253.239161	1266.088186
-110.690000	26.250000	-160.564896	22.439100	-2.315518	253.465195	1264.038265
-110.690000	26.250000	-160.564896	22.689100	-2.542814	253.692491	1261.988344
-110.690000	26.250000	-160.564896	22.939100	-2.771562	253.921238	1259.938423
-110.690000	26.250000	-160.564896	23.189100	-3.028935	254.151272	1257.888502
-110.690000	26.250000	-160.564896	23.439100	-3.331097	254.382789	1255.824783
-110.690000	26.250000	-160.564896	23.689100	-3.584390	254.615615	1253.749621
-110.690000	26.250000	-160.314896	19.939100	0.886866	251.280788	1278.180605
-110.690000	26.250000	-160.314896	20.189100	0.342445	251.497226	1276.353167
-110.690000	26.250000	-160.314896	20.439100	-0.506011	251.714829	1274.383381
-110.690000	26.250000	-160.314896	20.689100	-0.722145	251.933772	1272.341175
-110.690000	26.250000	-160.314896	20.939100	-0.936001	252.153907	1270.298970
-110.690000	26.250000	-160.314896	21.189100	-1.157501	252.375407	1268.256764
-110.690000	26.250000	-160.314896	21.439100	-1.380220	252.598127	1266.214558
-110.690000	26.250000	-160.314896	21.689100	-1.604329	252.822236	1264.172352
-110.690000	26.250000	-160.314896	21.939100	-1.847072	253.047593	1262.130146
-110.690000	26.250000	-160.314896	22.189100	-2.109094	253.274364	1260.083874
-110.690000	26.250000	-160.314896	22.439100	-2.352735	253.502412	1258.033953
-110.690000	26.250000	-160.314896	22.689100	-2.576042	253.731900	1255.984032
-110.690000	26.250000	-160.314896	22.939100	-2.862338	253.962693	1253.934111
-110.690000	26.250000	-160.314896	23.189100	-3.165133	254.194952	1251.862552
-110.690000	26.250000	-160.314896	23.439100	-3.397321	254.428546	1249.787390
-110.690000	26.250000	-160.314896	23.689100	-3.632406	254.663631	1247.712229
-110.690000	26.250000	-160.314896	23.939100	-3.868857	254.900081	1245.637068
-110.690000	26.250000	-160.064896	19.439100	1.424796	250.864281	1276.191822
-110.690000	26.250000	-160.064896	19.689100	1.117831	251.080122	1274.364385
-110.690000	26.250000	-160.064896	19.939100	0.389147	251.297270	1272.462701
-110.690000	26.250000	-160.064896	20.189100	-0.178076	251.515596	1270.420496
-110.690000	26.250000	-160.064896	20.439100	-0.347805	251.735257	1268.378290
-110.690000	26.250000	-160.064896	20.689100	-0.622499	251.956119	1266.336084
-110.690000	26.250000	-160.064896	20.939100	-0.898859	252.178345	1264.293878
-110.690000	26.250000	-160.064896	21.189100	-1.176745	252.401794	1262.251672
-110.690000	26.250000	-160.064896	21.439100	-1.408731	252.626638	1260.209466
-110.690000	26.250000	-160.064896	21.689100	-1.634821	252.852728	1258.167261
-110.690000	26.250000	-160.064896	21.939100	-1.876389	253.080242	1256.125055
-110.690000	26.250000	-160.064896	22.189100	-2.140424	253.309026	1254.079562
-110.690000	26.250000	-160.064896	22.439100	-2.390077	253.539265	1252.029641
-110.690000	26.250000	-160.064896	22.689100	-2.692390	253.770797	1249.975482
-110.690000	26.250000	-160.064896	22.939100	-2.977845	254.003815	1247.900321
-110.690000	26.250000	-160.064896	23.189100	-3.206925	254.238150	1245.825159
-110.690000	26.250000	-160.064896	23.439100	-3.442778	254.474003	1243.749998
-110.690000	26.250000	-160.064896	23.689100	-3.679972	254.711197	1241.674837
-110.690000	26.250000	-160.064896	23.939100	-3.918715	254.949940	1239.599676
-110.690000	26.250000	-159.814896	18.689100	2.104828	250.230307	1276.030477
-110.690000	26.250000	-159.814896	18.939100	1.669647	250.444405	1274.190362
-110.690000	26.250000	-159.814896	19.189100	1.292738	250.659805	1272.290570
-110.690000	26.250000	-159.814896	19.439100	0.886874	250.876345	1270.390777
-110.690000	26.250000	-159.814896	19.689100	0.156503	251.094211	1268.394616
-110.690000	26.250000	-159.814896	19.939100	0.263798	251.313245	1266.264861
-110.690000	26.250000	-159.814896	20.189100	0.536964	251.533628	1264.260223
-110.690000	26.250000	-159.814896	20.439100	0.264368	251.755206	1262.255584
-110.690000	26.250000	-159.814896	20.689100	-0.009883	251.978158	1260.250945
-110.690000	26.250000	-159.814896	20.939100	-0.285640	252.202332	1258.246306
-110.690000	26.250000	-159.814896	21.189100	-0.701006	252.427905	1256.241667
-110.690000	26.250000	-159.814896	21.439100	-1.139126	252.654729	1254.204375
-110.690000	26.250000	-159.814896	21.689100	-1.441354	252.882976	1252.162169
-110.690000	26.250000	-159.814896	21.939100	-1.735048	253.112501	1250.119963
-110.690000	26.250000	-159.814896	22.189100	-2.007624	253.343476	1248.075250
-110.690000	26.250000	-159.814896	22.439100	-2.505894	253.575759	1246.013251
-110.690000	26.250000	-159.814896	22.689100	-2.778291	253.809516	1243.938090
-110.690000	26.250000	-159.814896	22.939100	-3.013384	254.044609	1241.862928
-110.690000	26.250000	-159.814896	23.189100	-3.249979	254.281204	1239.787767
-110.690000	26.250000	-159.814896	23.439100	-3.487940	254.519165	1237.712606
-110.690000	26.250000	-159.814896	23.689100	-3.727427	254.758652	1235.637445
-110.690000	26.250000	-159.814896	23.939100	-3.968311	254.999536	1233.562284
-110.690000	26.250000	-159.564896	17.939100	2.521152	249.595086	1275.857175
-110.690000	26.250000	-159.564896	18.189100	2.144006	249.807493	1273.957383
-110.690000	26.250000	-159.564896	18.439100	2.034492	250.021155	1272.057590
-110.690000	26.250000	-159.564896	18.689100	1.922680	250.235960	1270.157798
-110.690000	26.250000	-159.564896	18.939100	1.790682	250.452047	1268.258005
-110.690000	26.250000	-159.564896	19.189100	1.297967	250.669298	1266.358213
-110.690000	26.250000	-159.564896	19.439100	0.342215	250.887861	1264.367800
-110.690000	26.250000	-159.564896	19.689100	-0.344984	251.107610	1262.209331
-110.690000	26.250000	-159.564896	19.939100	0.041303	251.328698	1260.050862
-110.690000	26.250000	-159.564896	20.189100	0.544256	251.550996	1258.029282
-110.690000	26.250000	-159.564896	20.439100	0.391144	251.774662	1256.024643
-110.690000	26.250000	-159.564896	20.689100	0.166247	251.999560	1254.020004
-110.690000	26.250000	-159.564896	20.939100	-0.060050	252.225856	1252.015366
-110.690000	26.250000	-159.564896	21.189100	-0.287600	252.453407	1250.010727
-110.690000	26.250000	-159.564896	21.439100	-0.560453	252.682386	1248.006088
-110.690000	26.250000	-159.564896	21.689100	-0.841445	252.912642	1246.001449
-110.690000	26.250000	-159.564896	21.939100	-1.260883	253.144358	1243.996810
-110.690000	26.250000	-159.564896	22.189100	-1.171704	253.377375	1241.921757
-110.690000	26.250000	-159.564896	22.439100	-1.462663	253.611881	1239.966691
-110.690000	26.250000	-159.564896	22.689100	-2.362490	253.847713	1237.900697
-110.690000	26.250000	-159.564896	22.939100	-2.807352	254.085065	1235.825536
-110.690000	26.250000	-159.564896	23.189100	-3.218384	254.323767	1233.750375
-110.690000	26.250000	-159.564896	23.439100	-3.532796	254.564021	1231.675214
-110.690000	26.250000	-159.564896	23.689100	-3.774424	254.805649	1229.600052
-110.690000	26.250000	-159.564896	23.939100	-4.017637	255.048862	1227.524891
-110.690000	26.250000	-159.314896	17.189100	2.991686	248.958770	1275.624195
-110.690000	26.250000	-159.314896	17.439100	2.885129	249.169486	1273.724403
-110.690000	26.250000	-159.314896	17.689100	2.776151	249.381468	1271.824610
-110.690000	26.250000	-159.314896	17.939100	2.648187	249.594542	1269.924818
-110.690000	26.250000	-159.314896	18.189100	2.433825	249.808904	1268.025026
-110.690000	26.250000	-159.314896	18.439100	2.218344	250.024385	1266.125233
-110.690000	26.250000	-159.314896	18.689100	2.001552	250.241177	1264.225441
-110.690000	26.250000	-159.314896	18.939100	1.524969	250.459114	1262.325648
-110.690000	26.250000	-159.314896	19.189100	0.567664	250.678387	1260.340984
-110.690000	26.250000	-159.314896	19.439100	-0.136204	250.898830	1258.182515
-110.690000	26.250000	-159.314896	19.689100	-0.358007	251.120633	1256.024046
-110.690000	26.250000	-159.314896	19.939100	-0.203457	251.343634	1253.865576
-110.690000	26.250000	-159.314896	20.189100	0.337369	251.568019	1251.798342
-110.690000	26.250000	-159.314896	20.439100	0.372177	251.793629	1249.793703
-110.690000	26.250000	-159.314896	20.689100	0.145159	252.020648	1247.789064
-110.690000	26.250000	-159.314896	20.939100	-0.083114	252.248920	1245.784425
-110.690000	26.250000	-159.314896	21.189100	-0.312819	252.478626	1243.779786
-110.690000	26.250000	-159.314896	21.439100	-0.529436	252.709614	1241.775148
-110.690000	26.250000	-159.314896	21.689100	-1.069323	252.942060	1239.770509
-110.690000	26.250000	-159.314896	21.939100	-1.649852	253.175817	1237.650309
-110.690000	26.250000	-159.314896	22.189100	-1.287760	253.411057	1235.518628
-110.690000	26.250000	-159.314896	22.439100	-0.684306	253.647638	1233.527148
-110.690000	26.250000	-159.314896	22.689100	-0.912459	253.885728	1231.572082
-110.690000	26.250000	-159.314896	22.939100	-1.304114	254.125188	1229.617016
-110.690000	26.250000	-159.314896	23.189100	-1.987328	254.366184	1227.661950
-110.690000	26.250000	-159.314896	23.439100	-2.891004	254.608579	1225.637821
-110.690000	26.250000	-159.314896	23.689100	-3.515458	254.852535	1223.562660
-110.690000	26.250000	-159.314896	23.939100	-3.932119	255.097922	1221.487499
-110.690000	26.250000	-159.314896	24.189100	-4.313671	255.344896	1219.412338
-110.690000	26.250000	-159.064896	16.689100	3.792919	248.530235	1273.491423
-110.690000	26.250000	-159.064896	16.939100	3.631269	248.740528	1271.591631
-110.690000	26.250000	-159.064896	17.189100	3.383781	248.951932	1269.691838
-110.690000	26.250000	-159.064896	17.439100	3.134918	249.164567	1267.792046
-110.690000	26.250000	-159.064896	17.689100	2.884779	249.378333	1265.892253
-110.690000	26.250000	-159.064896	17.939100	2.649371	249.593358	1263.992461
-110.690000	26.250000	-159.064896	18.189100	2.433192	249.809537	1262.092669
-110.690000	26.250000	-159.064896	18.439100	2.215728	250.027001	1260.192876
-110.690000	26.250000	-159.064896	18.689100	1.755280	250.245640	1258.293084
-110.690000	26.250000	-159.064896	18.939100	0.796450	250.465594	1256.314168
-110.690000	26.250000	-159.064896	19.189100	0.075881	250.686745	1254.155699
-110.690000	26.250000	-159.064896	19.439100	-0.146613	250.909239	1251.997229
-110.690000	26.250000	-159.064896	19.689100	-0.370326	251.132951	1249.838760
-110.690000	26.250000	-159.064896	19.939100	-0.407007	251.358037	1247.680291
-110.690000	26.250000	-159.064896	20.189100	0.131467	251.584364	1245.567401
-110.690000	26.250000	-159.064896	20.439100	0.353714	251.812093	1243.562762
-110.690000	26.250000	-159.064896	20.689100	0.124721	252.041086	1241.558123
-110.690000	26.250000	-159.064896	20.939100	-0.105705	252.271511	1239.553485
-110.690000	26.250000	-159.064896	21.189100	-0.337964	252.503224	1237.548846
-110.690000	26.250000	-159.064896	21.439100	-0.924893	252.736399	1235.533478
-110.690000	26.250000	-159.064896	21.689100	-1.461337	252.970885	1233.401797
-110.690000	26.250000	-159.064896	21.939100	-1.681809	253.206865	1231.270116
-110.690000	26.250000	-159.064896	22.189100	-1.591925	253.444178	1229.138435
-110.690000	26.250000	-159.064896	22.439100	-0.960738	253.683017	1227.087605
-110.690000	26.250000	-159.064896	22.689100	-0.811673	253.923213	1225.132539
-110.690000	26.250000	-159.064896	22.939100	-1.053426	254.164967	1223.177473
-110.690000	26.250000	-159.064896	23.189100	-1.296561	254.408102	1221.222407
-110.690000	26.250000	-159.064896	23.439100	-1.627114	254.652826	1219.267341
-110.690000	26.250000	-159.064896	23.689100	-2.024527	254.898956	1217.312275
-110.690000	26.250000	-159.064896	23.939100	-2.539164	255.146707	1215.357209
-110.690000	26.250000	-159.064896	24.189100	-3.446907	255.395889	1213.374946
-110.690000	26.250000	-159.064896	24.439100	-4.340708	255.646725	1211.299784
-110.690000	26.250000	-158.814896	15.939100	5.309584	247.889832	1273.061611
-110.690000	26.250000	-158.814896	16.189100	5.067585	248.098505	1271.187859
-110.690000	26.250000	-158.814896	16.439100	4.824409	248.308226	1269.314107
-110.690000	26.250000	-158.814896	16.689100	4.579852	248.519199	1267.440355
-110.690000	26.250000	-158.814896	16.939100	4.334093	248.731244	1265.566603
-110.690000	26.250000	-158.814896	17.189100	4.086928	248.944563	1263.692852
-110.690000	26.250000	-158.814896	17.439100	3.838534	249.158981	1261.819100
-110.690000	26.250000	-158.814896	17.689100	3.539504	249.374696	1259.945348
-110.690000	26.250000	-158.814896	17.939100	3.176738	249.591534	1258.060104
-110.690000	26.250000	-158.814896	18.189100	2.857572	249.809694	1256.160311
-110.690000	26.250000	-158.814896	18.439100	2.258105	250.029003	1254.260519
-110.690000	26.250000	-158.814896	18.689100	1.155735	250.249657	1252.287352
-110.690000	26.250000	-158.814896	18.939100	0.353628	250.471487	1250.128882
-110.690000	26.250000	-158.814896	19.189100	0.067939	250.694687	1247.970413
-110.690000	26.250000	-158.814896	19.439100	-0.156463	250.919089	1245.811944
-110.690000	26.250000	-158.814896	19.689100	-0.382259	251.144885	1243.653475
-110.690000	26.250000	-158.814896	19.939100	-0.609284	251.371910	1241.495005
-110.690000	26.250000	-158.814896	20.189100	-0.136858	251.600354	1239.336536
-110.690000	26.250000	-158.814896	20.439100	0.335435	251.830056	1237.331822
-110.690000	26.250000	-158.814896	20.689100	0.104605	252.061201	1235.327183
-110.690000	26.250000	-158.814896	20.939100	-0.190841	252.293632	1233.322544
-110.690000	26.250000	-158.814896	21.189100	-0.776999	252.527532	1231.284965
-110.690000	26.250000	-158.814896	21.439100	-1.237691	252.762746	1229.153284
-110.690000	26.250000	-158.814896	21.689100	-1.474399	252.999455	1227.021603
-110.690000	26.250000	-158.814896	21.939100	-1.712451	253.237507	1224.889922
-110.690000	26.250000	-158.814896	22.189100	-1.865125	253.477078	1222.758241
-110.690000	26.250000	-158.814896	22.439100	-1.284627	253.718023	1220.648062
-110.690000	26.250000	-158.814896	22.689100	-0.848973	253.960513	1218.692996
-110.690000	26.250000	-158.814896	22.939100	-1.092866	254.204406	1216.737930
-110.690000	26.250000	-158.814896	23.189100	-1.338330	254.449870	1214.782864
-110.690000	26.250000	-158.814896	23.439100	-1.585228	254.696768	1212.827798
-110.690000	26.250000	-158.814896	23.689100	-1.868837	254.945263	1210.872732
-110.690000	26.250000	-158.814896	23.939100	-2.233265	255.195223	1208.917666
-110.690000	26.250000	-158.814896	24.189100	-2.371247	255.446806	1206.962600
-110.690000	26.250000	-158.564896	15.939100	4.857849	247.872590	1266.778926
-110.690000	26.250000	-158.564896	16.189100	5.310301	248.082981	1264.905174
-110.690000	26.250000	-158.564896	16.439100	5.098702	248.294579	1263.031422
-110.690000	26.250000	-158.564896	16.689100	4.885981	248.507300	1261.157671
-110.690000	26.250000	-158.564896	16.939100	4.672026	248.721256	1259.283919
-110.690000	26.250000	-158.564896	17.189100	4.456927	248.936354	1257.410167
-110.690000	26.250000	-158.564896	17.439100	4.240566	249.152715	1255.536415
-110.690000	26.250000	-158.564896	17.689100	4.016787	249.370240	1253.662663
-110.690000	26.250000	-158.564896	17.939100	3.767946	249.589055	1251.788911
-110.690000	26.250000	-158.564896	18.189100	3.581197	249.809056	1249.918108
-110.690000	26.250000	-158.564896	18.439100	2.592460	250.030377	1248.066710
-110.690000	26.250000	-158.564896	18.689100	1.455053	250.252904	1246.012351
-110.690000	26.250000	-158.564896	18.939100	0.919659	250.476779	1243.900090
-110.690000	26.250000	-158.564896	19.189100	0.440892	250.701883	1241.785128
-110.690000	26.250000	-158.564896	19.439100	-0.029269	250.928365	1239.626659
-110.690000	26.250000	-158.564896	19.689100	-0.322893	251.156098	1237.468189
-110.690000	26.250000	-158.564896	19.939100	-0.618363	251.385239	1235.309720
-110.690000	26.250000	-158.564896	20.189100	-0.405496	251.615653	1233.151251
-110.690000	26.250000	-158.564896	20.439100	0.127972	251.847505	1231.100881
-110.690000	26.250000	-158.564896	20.689100	-0.040066	252.080654	1229.096242
-110.690000	26.250000	-158.564896	20.939100	-0.625454	252.315270	1227.036452
-110.690000	26.250000	-158.564896	21.189100	-1.026151	252.551207	1224.904771
-110.690000	26.250000	-158.564896	21.439100	-1.263587	252.788642	1222.773090
-110.690000	26.250000	-158.564896	21.689100	-1.502366	253.027421	1220.641409
-110.690000	26.250000	-158.564896	21.939100	-1.742674	253.267730	1218.509728
-110.690000	26.250000	-158.564896	22.189100	-1.984350	253.509406	1216.378047
-110.690000	26.250000	-158.564896	22.439100	-1.637038	253.752643	1214.246366
-110.690000	26.250000	-158.564896	22.689100	-1.039766	253.997272	1212.253454
-110.690000	26.250000	-158.564896	22.939100	-1.131954	254.243494	1210.298387
-110.690000	26.250000	-158.564896	23.189100	-1.484671	254.491132	1208.343321
-110.690000	26.250000	-158.564896	23.439100	-1.732505	254.740395	1206.388255
-110.690000	26.250000	-158.564896	23.689100	-1.718564	254.991098	1204.461526
-110.690000	26.250000	-158.564896	23.939100	-1.820855	255.243459	1202.598049
-110.690000	26.250000	-158.314896	15.939100	3.839601	247.854592	1260.537007
-110.690000	26.250000	-158.314896	16.189100	5.155877	248.066857	1258.622490
-110.690000	26.250000	-158.314896	16.439100	5.113081	248.280200	1256.748738
-110.690000	26.250000	-158.314896	16.689100	4.898452	248.494829	1254.874986
-110.690000	26.250000	-158.314896	16.939100	4.682721	248.710560	1253.001234
-110.690000	26.250000	-158.314896	17.189100	4.456855	248.927600	1251.127482
-110.690000	26.250000	-158.314896	17.439100	4.231703	249.145767	1249.253730
-110.690000	26.250000	-158.314896	17.689100	4.078146	249.365267	1247.384985
-110.690000	26.250000	-158.314896	17.939100	3.902607	249.585921	1245.533587
-110.690000	26.250000	-158.314896	18.189100	3.441280	249.807931	1243.682190
-110.690000	26.250000	-158.314896	18.439100	2.384582	250.031121	1241.779803
-110.690000	26.250000	-158.314896	18.689100	1.351866	250.255692	1239.682786
-110.690000	26.250000	-158.314896	18.939100	1.063985	250.481470	1237.570526
-110.690000	26.250000	-158.314896	19.189100	0.833129	250.708653	1235.458266
-110.690000	26.250000	-158.314896	19.439100	0.541681	250.937070	1233.346005
-110.690000	26.250000	-158.314896	19.689100	0.248386	251.166917	1231.233745
-110.690000	26.250000	-158.314896	19.939100	-0.224161	251.398026	1229.121484
-110.690000	26.250000	-158.314896	20.189100	-0.454742	251.630589	1226.965965
-110.690000	26.250000	-158.314896	20.439100	-0.286429	251.864443	1224.869941
-110.690000	26.250000	-158.314896	20.689100	-0.494792	252.099776	1222.787940
-110.690000	26.250000	-158.314896	20.939100	-0.835863	252.336428	1220.656259
-110.690000	26.250000	-158.314896	21.189100	-1.074158	252.574585	1218.524578
-110.690000	26.250000	-158.314896	21.439100	-1.313802	252.814090	1216.392897
-110.690000	26.250000	-158.314896	21.689100	-1.554976	253.055126	1214.261216
-110.690000	26.250000	-158.314896	21.939100	-1.797528	253.297538	1212.129535
-110.690000	26.250000	-158.314896	22.189100	-2.041636	253.541508	1209.997854
-110.690000	26.250000	-158.314896	22.439100	-1.965381	253.786884	1207.866173
-110.690000	26.250000	-158.314896	22.689100	-1.496579	254.033842	1205.813911
-110.690000	26.250000	-158.314896	22.939100	-1.112723	254.282237	1203.858845
-110.690000	26.250000	-158.314896	23.189100	-1.095262	254.532241	1201.988239
-110.690000	26.250000	-158.314896	23.439100	-1.431632	254.783712	1200.124761
-110.690000	26.250000	-158.314896	23.689100	-1.764922	255.036818	1198.261284
-110.690000	26.250000	-158.064896	15.689100	1.039141	247.622954	1256.662838
-110.690000	26.250000	-158.064896	15.939100	2.716714	247.835826	1254.415238
-110.690000	26.250000	-158.064896	16.189100	4.376251	248.049832	1252.339805
-110.690000	26.250000	-158.064896	16.439100	5.128204	248.265077	1250.466053
-110.690000	26.250000	-158.064896	16.689100	4.900405	248.481476	1248.592301
-110.690000	26.250000	-158.064896	16.939100	4.684385	248.699143	1246.718550
-110.690000	26.250000	-158.064896	17.189100	4.531513	248.917985	1244.851862
-110.690000	26.250000	-158.064896	17.439100	4.347832	249.138123	1243.000464
-110.690000	26.250000	-158.064896	17.689100	4.104781	249.359457	1241.149067
-110.690000	26.250000	-158.064896	17.939100	3.882122	249.582116	1239.297669
-110.690000	26.250000	-158.064896	18.189100	3.039515	249.805993	1237.446271
-110.690000	26.250000	-158.064896	18.439100	2.059903	250.031222	1235.446995
-110.690000	26.250000	-158.064896	18.689100	1.367000	250.257693	1233.353222
-110.690000	26.250000	-158.064896	18.939100	1.059910	250.485545	1231.240962
-110.690000	26.250000	-158.064896	19.189100	0.830795	250.714660	1229.128701
-110.690000	26.250000	-158.064896	19.439100	0.600267	250.945188	1227.016441
-110.690000	26.250000	-158.064896	19.689100	0.368455	251.177000	1224.904180
-110.690000	26.250000	-158.064896	19.939100	0.135200	251.410255	1222.791920
-110.690000	26.250000	-158.064896	20.189100	-0.198466	251.644818	1220.679659
-110.690000	26.250000	-158.064896	20.439100	-0.462726	251.880854	1218.557345
-110.690000	26.250000	-158.064896	20.689100	-0.669640	252.118221	1216.425767
-110.690000	26.250000	-158.064896	20.939100	-0.908650	252.357091	1214.294188
-110.690000	26.250000	-158.064896	21.189100	-1.149015	252.597317	1212.162610
-110.690000	26.250000	-158.064896	21.439100	-1.390914	252.839077	1210.031031
-110.690000	26.250000	-158.064896	21.689100	-1.634192	253.082215	1207.899453
-110.690000	26.250000	-158.064896	21.939100	-1.879036	253.326919	1205.767874
-110.690000	26.250000	-158.064896	22.189100	-2.125282	253.573026	1203.636296
-110.690000	26.250000	-158.064896	22.439100	-1.931784	253.820731	1201.504718
-110.690000	26.250000	-158.064896	22.689100	-1.203303	254.069861	1199.514951
-110.690000	26.250000	-158.064896	22.939100	-1.039652	254.320623	1197.651474
-110.690000	26.250000	-158.064896	23.189100	-1.300938	254.572834	1195.787997
-110.690000	26.250000	-158.064896	23.439100	-1.554813	254.826709	1193.924519
-110.690000	26.250000	-158.064896	23.689100	-1.810162	255.082057	1192.061042
-110.690000	26.250000	-157.814896	15.689100	0.765923	247.601678	1250.612897
-110.690000	26.250000	-157.814896	15.939100	2.170391	247.816286	1248.293470
-110.690000	26.250000	-157.814896	16.189100	3.501976	248.032191	1246.153389
-110.690000	26.250000	-157.814896	16.439100	4.708531	248.249203	1244.183369
-110.690000	26.250000	-157.814896	16.689100	4.988049	248.467536	1242.318739
-110.690000	26.250000	-157.814896	16.939100	4.796380	248.687002	1240.467341
-110.690000	26.250000	-157.814896	17.189100	4.556427	248.907812	1238.615944
-110.690000	26.250000	-157.814896	17.439100	4.334458	249.129780	1236.764546
-110.690000	26.250000	-157.814896	17.689100	4.111121	249.353117	1234.913148
-110.690000	26.250000	-157.814896	17.939100	3.875000	249.577639	1233.061751
-110.690000	26.250000	-157.814896	18.189100	2.763655	249.803553	1231.207605
-110.690000	26.250000	-157.814896	18.439100	1.677126	250.030680	1229.114186
-110.690000	26.250000	-157.814896	18.689100	1.383079	250.259223	1227.020767
-110.690000	26.250000	-157.814896	18.939100	1.068221	250.489005	1224.911397
-110.690000	26.250000	-157.814896	19.189100	0.825226	250.720229	1222.799137
-110.690000	26.250000	-157.814896	19.439100	0.592735	250.952720	1220.686876
-110.690000	26.250000	-157.814896	19.689100	0.358777	251.186678	1218.574616
-110.690000	26.250000	-157.814896	19.939100	0.120806	251.421930	1216.462355
-110.690000	26.250000	-157.814896	20.189100	-0.183900	251.658675	1214.349427
-110.690000	26.250000	-157.814896	20.439100	-0.484613	251.896742	1212.216513
-110.690000	26.250000	-157.814896	20.689100	-0.717710	252.136327	1210.084605
-110.690000	26.250000	-157.814896	20.939100	-0.957309	252.377264	1207.953026
-110.690000	26.250000	-157.814896	21.189100	-1.199789	252.619744	1205.821448
-110.690000	26.250000	-157.814896	21.439100	-1.443651	252.863606	1203.689869
-110.690000	26.250000	-157.814896	21.689100	-1.689081	253.109036	1201.558291
-110.690000	26.250000	-157.814896	21.939100	-1.948365	253.355877	1199.426712
-110.690000	26.250000	-157.814896	22.189100	-1.927118	253.604313	1197.295134
-110.690000	26.250000	-157.814896	22.439100	-1.570431	253.854190	1195.265135
-110.690000	26.250000	-157.814896	22.689100	-1.201533	254.105687	1193.314709
-110.690000	26.250000	-157.814896	22.939100	-1.086760	254.358656	1191.451232
-110.690000	26.250000	-157.814896	23.189100	-1.341376	254.613272	1189.587754
-110.690000	26.250000	-157.814896	23.439100	-1.597494	254.869390	1187.724277
-110.690000	26.250000	-157.564896	15.689100	0.494844	247.579459	1244.562956
-110.690000	26.250000	-157.564896	15.939100	1.894519	247.795960	1242.171701
-110.690000	26.250000	-157.564896	16.189100	2.988779	248.013627	1240.031621
-110.690000	26.250000	-157.564896	16.439100	4.009048	248.232567	1237.956488
-110.690000	26.250000	-157.564896	16.689100	4.895651	248.452694	1236.082821
-110.690000	26.250000	-157.564896	16.939100	4.790116	248.674122	1234.231423
-110.690000	26.250000	-157.564896	17.189100	4.567480	248.896758	1232.380025
-110.690000	26.250000	-157.564896	17.439100	4.343514	249.120724	1230.528628
-110.690000	26.250000	-157.564896	17.689100	4.118318	249.345921	1228.677230
-110.690000	26.250000	-157.564896	17.939100	3.472028	249.572476	1226.825832
-110.690000	26.250000	-157.564896	18.189100	2.490110	249.800283	1224.874797
-110.690000	26.250000	-157.564896	18.439100	1.678328	250.029478	1222.781378
-110.690000	26.250000	-157.564896	18.689100	1.396052	250.259948	1220.687959
-110.690000	26.250000	-157.564896	18.939100	1.078605	250.491835	1218.581833
-110.690000	26.250000	-157.564896	19.189100	0.820436	250.725020	1216.469572
-110.690000	26.250000	-157.564896	19.439100	0.585803	250.959652	1214.357312
-110.690000	26.250000	-157.564896	19.689100	0.349851	251.195604	1212.245051
-110.690000	26.250000	-157.564896	19.939100	0.067461	251.433035	1210.132791
-110.690000	26.250000	-157.564896	20.189100	-0.228044	251.671809	1208.008716
-110.690000	26.250000	-157.564896	20.439100	-0.501957	251.912092	1205.875801
-110.690000	26.250000	-157.564896	20.689100	-0.736953	252.153741	1203.743443
-110.690000	26.250000	-157.564896	20.939100	-0.976977	252.396931	1201.611864
-110.690000	26.250000	-157.564896	21.189100	-1.221556	252.641511	1199.480286
-110.690000	26.250000	-157.564896	21.439100	-1.467708	252.887663	1197.348707
-110.690000	26.250000	-157.564896	21.689100	-1.709915	253.135228	1195.217129
-110.690000	26.250000	-157.564896	21.939100	-1.668466	253.384398	1193.094663
-110.690000	26.250000	-157.564896	22.189100	-1.660418	253.635005	1191.069628
-110.690000	26.250000	-157.564896	22.439100	-1.523299	253.887248	1189.044593
-110.690000	26.250000	-157.564896	22.689100	-1.151072	254.140952	1187.114467
-110.690000	26.250000	-157.564896	22.939100	-1.124429	254.396325	1185.250990
-110.690000	26.250000	-157.564896	23.189100	-1.381288	254.653184	1183.387512
-110.690000	26.250000	-157.314896	15.689100	0.225628	247.556580	1238.513015
-110.690000	26.250000	-157.314896	15.939100	1.534304	247.774839	1236.049933
-110.690000	26.250000	-157.314896	16.189100	3.086730	247.994431	1233.909852
-110.690000	26.250000	-157.314896	16.439100	3.447376	248.215161	1231.853535
-110.690000	26.250000	-157.314896	16.689100	4.176694	248.437247	1229.864279
-110.690000	26.250000	-157.314896	16.939100	4.714683	248.660498	1227.995505
-110.690000	26.250000	-157.314896	17.189100	4.579109	248.885130	1226.144107
-110.690000	26.250000	-157.314896	17.439100	4.353286	249.110952	1224.292709
-110.690000	26.250000	-157.314896	17.689100	4.126059	249.338179	1222.441311
-110.690000	26.250000	-157.314896	17.939100	3.138506	249.566623	1220.589914
-110.690000	26.250000	-157.314896	18.189100	2.097035	249.796497	1218.541989
-110.690000	26.250000	-157.314896	18.439100	1.680190	250.027616	1216.448570
-110.690000	26.250000	-157.314896	18.689100	1.409033	250.260189	1214.355151
-110.690000	26.250000	-157.314896	18.939100	1.089621	250.494034	1212.252268
-110.690000	26.250000	-157.314896	19.189100	0.816096	250.729359	1210.140008
-110.690000	26.250000	-157.314896	19.439100	0.579471	250.965984	1208.027747
-110.690000	26.250000	-157.314896	19.689100	0.331944	251.204114	1205.915487
-110.690000	26.250000	-157.314896	19.939100	0.026770	251.443572	1203.800919
-110.690000	26.250000	-157.314896	20.189100	-0.276681	251.684560	1201.668004
-110.690000	26.250000	-157.314896	20.439100	-0.518600	251.926907	1199.535090
-110.690000	26.250000	-157.314896	20.689100	-0.756321	252.170808	1197.402281
-110.690000	26.250000	-157.314896	20.939100	-0.996142	252.416097	1195.270702
-110.690000	26.250000	-157.314896	21.189100	-1.243012	252.662967	1193.139124
-110.690000	26.250000	-157.314896	21.439100	-1.447878	252.911253	1191.007545
-110.690000	26.250000	-157.314896	21.689100	-1.406372	253.161146	1188.899157
-110.690000	26.250000	-157.314896	21.939100	-1.444627	253.412487	1186.874122
-110.690000	26.250000	-157.314896	22.189100	-1.697600	253.665460	1184.849087
-110.690000	26.250000	-157.314896	22.439100	-1.471016	253.919910	1182.824052
-110.690000	26.250000	-157.314896	22.689100	-1.100335	254.176019	1180.914225
-110.690000	26.250000	-157.314896	22.939100	-1.161739	254.433635	1179.050748
-110.690000	26.250000	-157.314896	23.189100	-1.421041	254.692937	1177.187270
-110.690000	26.250000	-157.064896	15.689100	0.184211	247.532736	1232.463074
-110.690000	26.250000	-157.064896	15.939100	1.147802	247.752913	1229.983903
-110.690000	26.250000	-157.064896	16.189100	2.952388	247.974290	1227.788084
-110.690000	26.250000	-157.064896	16.439100	3.545178	248.196973	1225.750581
-110.690000	26.250000	-157.064896	16.689100	3.525758	248.420878	1223.761325
-110.690000	26.250000	-157.064896	16.939100	3.995028	248.646118	1221.772069
-110.690000	26.250000	-157.064896	17.189100	4.529403	248.872601	1219.908189
-110.690000	26.250000	-157.064896	17.439100	4.363790	249.100449	1218.056791
-110.690000	26.250000	-157.064896	17.689100	3.917933	249.329561	1216.205393
-110.690000	26.250000	-157.064896	17.939100	2.869331	249.560068	1214.302599
-110.690000	26.250000	-157.064896	18.189100	1.915945	249.791861	1212.209180
-110.690000	26.250000	-157.064896	18.439100	1.682727	250.025079	1210.115761
-110.690000	26.250000	-157.064896	18.689100	1.422840	250.259606	1208.022342
-110.690000	26.250000	-157.064896	18.939100	1.101286	250.495588	1205.922704
-110.690000	26.250000	-157.064896	19.189100	0.812553	250.732902	1203.810443
-110.690000	26.250000	-157.064896	19.439100	0.573755	250.971701	1201.698183
-110.690000	26.250000	-157.064896	19.689100	0.284201	251.211855	1199.585922
-110.690000	26.250000	-157.064896	19.939100	-0.016419	251.453525	1197.460207
-110.690000	26.250000	-157.064896	20.189100	-0.288694	251.696574	1195.327293
-110.690000	26.250000	-157.064896	20.439100	-0.533290	251.941170	1193.194378
-110.690000	26.250000	-157.064896	20.689100	-0.775124	252.187168	1191.061464
-110.690000	26.250000	-157.064896	20.939100	-1.016192	252.434744	1188.929540
-110.690000	26.250000	-157.064896	21.189100	-1.182208	252.683747	1186.797962
-110.690000	26.250000	-157.064896	21.439100	-1.140639	252.934360	1184.703651
-110.690000	26.250000	-157.064896	21.689100	-1.218563	253.186423	1182.678616
-110.690000	26.250000	-157.064896	21.939100	-1.472269	253.440128	1180.653581
-110.690000	26.250000	-157.064896	22.189100	-1.727448	253.695307	1178.628546
-110.690000	26.250000	-157.064896	22.439100	-1.418244	253.952162	1176.603511
-110.690000	26.250000	-157.064896	22.689100	-1.048947	254.210513	1174.713983
-110.690000	26.250000	-157.064896	22.939100	-1.198677	254.470573	1172.850506
-110.690000	26.250000	-156.814896	15.689100	0.208732	247.508215	1226.413133
-110.690000	26.250000	-156.814896	15.939100	0.849609	247.730172	1223.933962
-110.690000	26.250000	-156.814896	16.189100	2.751886	247.953499	1221.666315
-110.690000	26.250000	-156.814896	16.439100	3.643842	248.177997	1219.647628
-110.690000	26.250000	-156.814896	16.689100	3.542749	248.403887	1217.658372
-110.690000	26.250000	-156.814896	16.939100	3.315661	248.630975	1215.669116
-110.690000	26.250000	-156.814896	17.189100	3.808856	248.859481	1213.679860
-110.690000	26.250000	-156.814896	17.439100	4.339603	249.089211	1211.820872
-110.690000	26.250000	-156.814896	17.689100	3.523944	249.320382	1209.969475
-110.690000	26.250000	-156.814896	17.939100	2.538100	249.552806	1207.969791
-110.690000	26.250000	-156.814896	18.189100	1.921110	249.786696	1205.876372
-110.690000	26.250000	-156.814896	18.439100	1.685941	250.021865	1203.782953
-110.690000	26.250000	-156.814896	18.689100	1.437145	250.258527	1201.689534
-110.690000	26.250000	-156.814896	18.939100	1.113961	250.496495	1199.593139
-110.690000	26.250000	-156.814896	19.189100	0.809474	250.735981	1197.480879
-110.690000	26.250000	-156.814896	19.439100	0.552577	250.976803	1195.368618
-110.690000	26.250000	-156.814896	19.689100	0.246744	251.219167	1193.252410
-110.690000	26.250000	-156.814896	19.939100	-0.055016	251.462896	1191.119496
-110.690000	26.250000	-156.814896	20.189100	-0.300314	251.708194	1188.986581
-110.690000	26.250000	-156.814896	20.439100	-0.547005	251.954885	1186.853667
-110.690000	26.250000	-156.814896	20.689100	-0.793099	252.203170	1184.720752
-110.690000	26.250000	-156.814896	20.939100	-0.860042	252.452878	1182.588378
-110.690000	26.250000	-156.814896	21.189100	-0.871434	252.704207	1180.508144
-110.690000	26.250000	-156.814896	21.439100	-0.989130	252.956989	1178.483109
-110.690000	26.250000	-156.814896	21.689100	-1.243558	253.211417	1176.458074
-110.690000	26.250000	-156.814896	21.939100	-1.499469	253.467328	1174.433039
-110.690000	26.250000	-156.814896	22.189100	-1.757052	253.724912	1172.408004
-110.690000	26.250000	-156.814896	22.439100	-1.384108	253.984009	1170.382969
-110.690000	26.250000	-156.814896	22.689100	-0.997278	254.244805	1168.513741
-110.690000	26.250000	-156.564896	15.439100	0.456831	247.260116	1222.842364
-110.690000	26.250000	-156.564896	15.689100	0.234243	247.482704	1220.363192
-110.690000	26.250000	-156.564896	15.939100	0.579016	247.706605	1217.884021
-110.690000	26.250000	-156.564896	16.189100	2.540859	247.931741	1215.544547
-110.690000	26.250000	-156.564896	16.439100	3.743381	248.158218	1213.544674
-110.690000	26.250000	-156.564896	16.689100	3.560684	248.385952	1211.555418
-110.690000	26.250000	-156.564896	16.939100	3.331580	248.615057	1209.566162
-110.690000	26.250000	-156.564896	17.189100	3.094620	248.845440	1207.576907
-110.690000	26.250000	-156.564896	17.439100	3.588738	249.077223	1205.587651
-110.690000	26.250000	-156.564896	17.689100	3.190089	249.310307	1203.730402
-110.690000	26.250000	-156.564896	17.939100	2.162984	249.544822	1201.636982
-110.690000	26.250000	-156.564896	18.189100	1.927146	249.780660	1199.543563
-110.690000	26.250000	-156.564896	18.439100	1.689847	250.017959	1197.450144
-110.690000	26.250000	-156.564896	18.689100	1.451202	250.256604	1195.356725
-110.690000	26.250000	-156.564896	18.939100	1.131329	250.496740	1193.263306
-110.690000	26.250000	-156.564896	19.189100	0.808302	250.738246	1191.151314
-110.690000	26.250000	-156.564896	19.439100	0.510343	250.981274	1189.039054
-110.690000	26.250000	-156.564896	19.689100	0.204753	251.225694	1186.911699
-110.690000	26.250000	-156.564896	19.939100	-0.063789	251.471669	1184.778784
-110.690000	26.250000	-156.564896	20.189100	-0.311005	251.719059	1182.645870
-110.690000	26.250000	-156.564896	20.439100	-0.486734	251.968035	1180.512955
-110.690000	26.250000	-156.564896	20.689100	-0.567122	252.218449	1178.380041
-110.690000	26.250000	-156.564896	20.939100	-0.311278	252.470482	1176.271257
-110.690000	26.250000	-156.564896	21.189100	-0.463171	252.723978	1174.287603
-110.690000	26.250000	-156.564896	21.439100	-1.011264	252.979124	1172.262568
-110.690000	26.250000	-156.564896	21.689100	-1.267896	253.235756	1170.237533
-110.690000	26.250000	-156.564896	21.939100	-1.526212	253.494071	1168.212498
-110.690000	26.250000	-156.564896	22.189100	-1.725437	253.753896	1166.187463
-110.690000	26.250000	-156.564896	22.439100	-1.356905	254.015437	1164.176976
-110.690000	26.250000	-156.564896	22.689100	-1.006617	254.278513	1162.313499
-110.690000	26.250000	-156.314896	15.439100	0.484977	247.231970	1216.792423
-110.690000	26.250000	-156.314896	15.689100	0.260450	247.456497	1214.313251
-110.690000	26.250000	-156.314896	15.939100	0.343835	247.682203	1211.834080
-110.690000	26.250000	-156.314896	16.189100	2.262684	247.909314	1209.430977
-110.690000	26.250000	-156.314896	16.439100	3.750083	248.137630	1207.441721
-110.690000	26.250000	-156.314896	16.689100	3.509880	248.367378	1205.452465
-110.690000	26.250000	-156.314896	16.939100	3.288683	248.598356	1203.463209
-110.690000	26.250000	-156.314896	17.189100	3.077790	248.830790	1201.478706
-110.690000	26.250000	-156.314896	17.439100	2.521892	249.064482	1199.496959
-110.690000	26.250000	-156.314896	17.689100	1.981814	249.299655	1197.439254
-110.690000	26.250000	-156.314896	17.939100	1.744792	249.536114	1195.304174
-110.690000	26.250000	-156.314896	18.189100	1.822875	249.774080	1193.210755
-110.690000	26.250000	-156.314896	18.439100	1.694447	250.013359	1191.117336
-110.690000	26.250000	-156.314896	18.689100	1.453636	250.254170	1189.023917
-110.690000	26.250000	-156.314896	18.939100	1.148991	250.496323	1186.930498
-110.690000	26.250000	-156.314896	19.189100	0.796969	250.740034	1184.821750
-110.690000	26.250000	-156.314896	19.439100	0.476366	250.985115	1182.703902
-110.690000	26.250000	-156.314896	19.689100	0.179761	251.231780	1180.570987
-110.690000	26.250000	-156.314896	19.939100	0.004400	251.479845	1178.438073
-110.690000	26.250000	-156.314896	20.189100	-0.389405	251.729519	1176.305031
-110.690000	26.250000	-156.314896	20.439100	-0.782680	251.980623	1174.118263
-110.690000	26.250000	-156.314896	20.689100	-0.449707	252.233362	1171.931495
-110.690000	26.250000	-156.314896	20.939100	0.339117	252.487560	1169.873038
-110.690000	26.250000	-156.314896	21.189100	0.481576	252.743420	1167.976864
-110.690000	26.250000	-156.314896	21.439100	-0.473352	253.000769	1166.042027
-110.690000	26.250000	-156.314896	21.689100	-1.278191	253.259805	1164.016992
-110.690000	26.250000	-156.314896	21.939100	-1.552502	253.520362	1161.991957
-110.690000	26.250000	-156.314896	22.189100	-1.669546	253.782632	1159.966922
-110.690000	26.250000	-156.314896	22.439100	-1.309989	254.046453	1157.976734
-110.690000	26.250000	-156.064896	15.439100	0.513996	247.202951	1210.742482
-110.690000	26.250000	-156.064896	15.689100	0.287670	247.429277	1208.263310
-110.690000	26.250000	-156.064896	15.939100	0.279102	247.656952	1205.784139
-110.690000	26.250000	-156.064896	16.189100	2.080052	247.885897	1203.362983
-110.690000	26.250000	-156.064896	16.439100	3.751452	248.116220	1201.381235
-110.690000	26.250000	-156.064896	16.689100	3.509319	248.347835	1199.399488
-110.690000	26.250000	-156.064896	16.939100	3.265766	248.580858	1197.417740
-110.690000	26.250000	-156.064896	17.189100	3.027561	248.815196	1195.435992
-110.690000	26.250000	-156.064896	17.439100	2.296816	249.050972	1193.454245
-110.690000	26.250000	-156.064896	17.689100	1.261645	249.288085	1191.356532
-110.690000	26.250000	-156.064896	17.939100	0.697382	249.526666	1189.158115
-110.690000	26.250000	-156.064896	18.189100	0.708766	249.766608	1186.959697
-110.690000	26.250000	-156.064896	18.439100	1.051380	250.008048	1184.784528
-110.690000	26.250000	-156.064896	18.689100	1.291247	250.250872	1182.691109
-110.690000	26.250000	-156.064896	18.939100	1.140525	250.495226	1180.597690
-110.690000	26.250000	-156.064896	19.189100	0.780797	250.740987	1178.492185
-110.690000	26.250000	-156.064896	19.439100	0.493968	250.988309	1176.363190
-110.690000	26.250000	-156.064896	19.689100	0.022062	251.237062	1174.227593
-110.690000	26.250000	-156.064896	19.939100	-0.424044	251.487408	1172.040825
-110.690000	26.250000	-156.064896	20.189100	-0.665665	251.739207	1169.854057
-110.690000	26.250000	-156.064896	20.439100	-0.983173	251.992632	1167.667289
-110.690000	26.250000	-156.064896	20.689100	-0.567382	252.247534	1165.480521
-110.690000	26.250000	-156.064896	20.939100	0.354792	252.504095	1163.474820
-110.690000	26.250000	-156.064896	21.189100	0.625534	252.762156	1161.578645
-110.690000	26.250000	-156.064896	21.439100	0.392419	253.021908	1159.682471
-110.690000	26.250000	-156.064896	21.689100	-0.490444	253.283184	1157.786296
-110.690000	26.250000	-156.064896	21.939100	-1.456597	253.546185	1155.771415
-110.690000	26.250000	-156.064896	22.189100	-1.612941	253.810733	1153.746380
-110.690000	26.250000	-155.814896	15.439100	0.543898	247.173049	1204.692541
-110.690000	26.250000	-155.814896	15.689100	0.356208	247.401341	1202.213369
-110.690000	26.250000	-155.814896	15.939100	0.385912	247.630844	1199.744209
-110.690000	26.250000	-155.814896	16.189100	1.975029	247.861792	1197.356431
-110.690000	26.250000	-155.814896	16.439100	3.594126	248.093978	1195.338521
-110.690000	26.250000	-155.814896	16.689100	3.515122	248.327636	1193.356774
-110.690000	26.250000	-155.814896	16.939100	3.280199	248.562558	1191.375026
-110.690000	26.250000	-155.814896	17.189100	3.043781	248.798976	1189.393279
-110.690000	26.250000	-155.814896	17.439100	2.140999	249.036688	1187.411531
-110.690000	26.250000	-155.814896	17.689100	1.106450	249.275921	1185.273811
-110.690000	26.250000	-155.814896	17.939100	0.612654	249.516474	1183.075393
-110.690000	26.250000	-155.814896	18.189100	0.370554	249.758575	1180.876976
-110.690000	26.250000	-155.814896	18.439100	0.162045	250.002026	1178.678558
-110.690000	26.250000	-155.814896	18.689100	0.073374	250.247049	1176.480140
-110.690000	26.250000	-155.814896	18.939100	0.255857	250.493450	1174.281723
-110.690000	26.250000	-155.814896	19.189100	0.238932	250.741450	1172.150156
-110.690000	26.250000	-155.814896	19.439100	-0.062802	250.990857	1169.971470
-110.690000	26.250000	-155.814896	19.689100	-0.150149	251.241890	1167.831047
-110.690000	26.250000	-155.814896	19.939100	-0.467972	251.494359	1165.690623
-110.690000	26.250000	-155.814896	20.189100	-0.787883	251.748479	1163.550200
-110.690000	26.250000	-155.814896	20.439100	-1.109700	252.004066	1161.409776
-110.690000	26.250000	-155.814896	20.689100	-1.045918	252.261329	1159.269353
-110.690000	26.250000	-155.814896	20.939100	-0.420261	252.520090	1157.222100
-110.690000	26.250000	-155.814896	21.189100	-0.220197	252.780554	1155.265658
-110.690000	26.250000	-155.814896	21.439100	-0.255935	253.042546	1153.309217
-110.690000	26.250000	-155.814896	21.689100	-0.190940	253.306266	1151.388078
-110.690000	26.250000	-155.814896	21.939100	-0.718474	253.571545	1149.491903
-110.690000	26.250000	-155.564896	15.439100	0.574694	247.142253	1198.642600
-110.690000	26.250000	-155.564896	15.689100	0.564084	247.372367	1196.163429
-110.690000	26.250000	-155.564896	15.939100	0.572855	247.603865	1193.752665
-110.690000	26.250000	-155.564896	16.189100	1.761706	247.836672	1191.364886
-110.690000	26.250000	-155.564896	16.439100	3.398847	248.070893	1189.295808
-110.690000	26.250000	-155.564896	16.689100	3.536313	248.306444	1187.314060
-110.690000	26.250000	-155.564896	16.939100	3.299317	248.543440	1185.332312
-110.690000	26.250000	-155.564896	17.189100	3.060967	248.781790	1183.350565
-110.690000	26.250000	-155.564896	17.439100	2.014457	249.021615	1181.368817
-110.690000	26.250000	-155.564896	17.689100	0.952543	249.262816	1179.191089
-110.690000	26.250000	-155.564896	17.939100	0.623606	249.505523	1176.992671
-110.690000	26.250000	-155.564896	18.189100	0.379499	249.749629	1174.794254
-110.690000	26.250000	-155.564896	18.439100	0.133855	249.995274	1172.595836
-110.690000	26.250000	-155.564896	18.689100	-0.113211	250.242340	1170.397419
-110.690000	26.250000	-155.564896	18.939100	-0.324686	250.490976	1168.199001
-110.690000	26.250000	-155.564896	19.189100	-0.117582	250.741058	1165.988212
-110.690000	26.250000	-155.564896	19.439100	-0.179388	250.992742	1163.870566
-110.690000	26.250000	-155.564896	19.689100	-0.575007	251.245894	1161.730142
-110.690000	26.250000	-155.564896	19.939100	-0.833442	251.500680	1159.589719
-110.690000	26.250000	-155.564896	20.189100	-1.089721	251.756960	1157.449295
-110.690000	26.250000	-155.564896	20.439100	-1.347667	252.014905	1155.308872
-110.690000	26.250000	-155.564896	20.689100	-1.392593	252.274367	1153.168448
-110.690000	26.250000	-155.564896	20.939100	-0.762043	252.535529	1151.079269
-110.690000	26.250000	-155.564896	21.189100	-0.464484	252.798231	1149.122828
-110.690000	26.250000	-155.564896	21.439100	-0.728919	253.062665	1147.166386
-110.690000	26.250000	-155.564896	21.689100	-0.947434	253.328663	1145.209944
-110.690000	26.250000	-155.564896	21.939100	-1.134705	253.596426	1143.253503
-110.690000	26.250000	-155.314896	15.439100	0.746125	247.110549	1192.592659
-110.690000	26.250000	-155.314896	15.689100	0.736282	247.342654	1190.148899
-110.690000	26.250000	-155.314896	15.939100	0.695490	247.576006	1187.761120
-110.690000	26.250000	-155.314896	16.189100	1.572906	247.810843	1185.373342
-110.690000	26.250000	-155.314896	16.439100	3.204978	248.046954	1183.253094
-110.690000	26.250000	-155.314896	16.689100	3.558182	248.284576	1181.271346
-110.690000	26.250000	-155.314896	16.939100	3.319259	248.523498	1179.289598
-110.690000	26.250000	-155.314896	17.189100	2.996145	248.763958	1177.307851
-110.690000	26.250000	-155.314896	17.439100	1.919593	249.005747	1175.306785
-110.690000	26.250000	-155.314896	17.689100	0.880030	249.249099	1173.108367
-110.690000	26.250000	-155.314896	17.939100	0.635321	249.493808	1170.909950
-110.690000	26.250000	-155.314896	18.189100	0.389023	249.740106	1168.711532
-110.690000	26.250000	-155.314896	18.439100	0.141338	249.987791	1166.513114
-110.690000	26.250000	-155.314896	18.689100	-0.345215	250.237090	1164.314697
-110.690000	26.250000	-155.314896	18.939100	-0.475836	250.487805	1162.057251
-110.690000	26.250000	-155.314896	19.189100	-0.116082	250.740161	1159.842804
-110.690000	26.250000	-155.314896	19.439100	0.059025	250.993963	1157.734777
-110.690000	26.250000	-155.314896	19.689100	-0.367954	251.249431	1155.626750
-110.690000	26.250000	-155.314896	19.939100	-0.807356	251.506375	1153.488814
-110.690000	26.250000	-155.314896	20.189100	-1.097774	251.765012	1151.348391
-110.690000	26.250000	-155.314896	20.439100	-1.357916	252.025155	1149.207967
-110.690000	26.250000	-155.314896	20.689100	-1.580810	252.287017	1147.067544
-110.690000	26.250000	-155.314896	20.939100	-0.998812	252.550415	1144.936439
-110.690000	26.250000	-155.314896	21.189100	-0.481813	252.815559	1142.979997
-110.690000	26.250000	-155.314896	21.439100	-0.748524	253.082270	1141.023555
-110.690000	26.250000	-155.314896	21.689100	-1.017007	253.350753	1139.067114
-110.690000	26.250000	-155.064896	15.189100	0.881441	246.845298	1189.021889
-110.690000	26.250000	-155.064896	15.439100	0.920294	247.077926	1186.545133
-110.690000	26.250000	-155.064896	15.689100	0.959617	247.311879	1184.157354
-110.690000	26.250000	-155.064896	15.939100	0.724242	247.547253	1181.769576
-110.690000	26.250000	-155.064896	16.189100	1.385749	247.783974	1179.381797
-110.690000	26.250000	-155.064896	16.439100	3.012537	248.022148	1177.210380
-110.690000	26.250000	-155.064896	16.689100	3.581067	248.261691	1175.228632
-110.690000	26.250000	-155.064896	16.939100	3.340040	248.502717	1173.246885
-110.690000	26.250000	-155.064896	17.189100	2.844044	248.745136	1171.265137
-110.690000	26.250000	-155.064896	17.439100	1.798180	248.989069	1169.224063
-110.690000	26.250000	-155.064896	17.689100	0.894711	249.234418	1167.025645
-110.690000	26.250000	-155.064896	17.939100	0.647816	249.481313	1164.827228
-110.690000	26.250000	-155.064896	18.189100	0.399482	249.729647	1162.628810
-110.690000	26.250000	-155.064896	18.439100	0.126967	249.979559	1160.430393
-110.690000	26.250000	-155.064896	18.689100	-0.521843	250.230934	1158.226548
-110.690000	26.250000	-155.064896	18.939100	-0.690774	250.483918	1155.904586
-110.690000	26.250000	-155.064896	19.189100	-0.084196	250.738389	1153.697397
-110.690000	26.250000	-155.064896	19.439100	0.072258	250.994502	1151.589369
-110.690000	26.250000	-155.064896	19.689100	-0.185365	251.252125	1149.481342
-110.690000	26.250000	-155.064896	19.939100	-0.561902	251.511423	1147.373314
-110.690000	26.250000	-155.064896	20.189100	-1.004981	251.772254	1145.247486
-110.690000	26.250000	-155.064896	20.439100	-1.367556	252.034794	1143.107063
-110.690000	26.250000	-155.064896	20.689100	-1.631653	252.298891	1140.966639
-110.690000	26.250000	-155.064896	20.939100	-1.248877	252.564730	1138.826216
-110.690000	26.250000	-155.064896	21.189100	-0.636364	252.832149	1136.837166
-110.690000	26.250000	-155.064896	21.439100	-0.767598	253.101344	1134.880725
-110.690000	26.250000	-154.814896	15.189100	1.108135	246.809902	1182.971949
-110.690000	26.250000	-154.814896	15.439100	1.101053	247.044372	1180.553588
-110.690000	26.250000	-154.814896	15.689100	0.991153	247.280343	1178.165810
-110.690000	26.250000	-154.814896	15.939100	0.753900	247.517595	1175.778031
-110.690000	26.250000	-154.814896	16.189100	1.199929	247.756375	1173.390252
-110.690000	26.250000	-154.814896	16.439100	2.821536	247.996465	1171.167666
-110.690000	26.250000	-154.814896	16.689100	3.604649	248.238108	1169.185918
-110.690000	26.250000	-154.814896	16.939100	3.361668	248.481089	1167.204171
-110.690000	26.250000	-154.814896	17.189100	2.692947	248.725649	1165.222423
-110.690000	26.250000	-154.814896	17.439100	1.647825	248.971575	1163.141341
-110.690000	26.250000	-154.814896	17.689100	0.910022	249.219107	1160.942923
-110.690000	26.250000	-154.814896	17.939100	0.661094	249.468034	1158.744506
-110.690000	26.250000	-154.814896	18.189100	0.410535	249.718593	1156.546088
-110.690000	26.250000	-154.814896	18.439100	-0.121635	249.970577	1154.347671
-110.690000	26.250000	-154.814896	18.689100	-0.703690	250.224219	1152.073883
-110.690000	26.250000	-154.814896	18.939100	-0.656405	250.479315	1149.751921
-110.690000	26.250000	-154.814896	19.189100	-0.051778	250.736096	1147.551989
-110.690000	26.250000	-154.814896	19.439100	0.072399	250.994360	1145.443961
-110.690000	26.250000	-154.814896	19.689100	-0.187577	251.254336	1143.335934
-110.690000	26.250000	-154.814896	19.939100	-0.449068	251.515827	1141.227907
-110.690000	26.250000	-154.814896	20.189100	-0.761568	251.779055	1139.119879
-110.690000	26.250000	-154.814896	20.439100	-1.208379	252.043828	1137.006158
-110.690000	26.250000	-154.814896	20.689100	-1.633723	252.310365	1134.865735
-110.690000	26.250000	-154.814896	20.939100	-1.452358	252.578478	1132.725311
-110.690000	26.250000	-154.814896	21.189100	-0.829667	252.848381	1130.694336
-110.690000	26.250000	-154.814896	21.439100	-0.116208	253.119891	1128.737894
-110.690000	26.250000	-154.564896	15.189100	1.286912	246.773394	1176.949823
-110.690000	26.250000	-154.564896	15.439100	1.261622	247.009874	1174.562044
-110.690000	26.250000	-154.564896	15.689100	1.023779	247.247716	1172.174265
-110.690000	26.250000	-154.564896	15.939100	0.784475	247.487020	1169.786487
-110.690000	26.250000	-154.564896	16.189100	1.015786	247.727710	1167.398708
-110.690000	26.250000	-154.564896	16.439100	2.631995	247.969892	1165.124952
-110.690000	26.250000	-154.564896	16.689100	3.629274	248.213483	1163.143204
-110.690000	26.250000	-154.564896	16.939100	3.384159	248.458598	1161.161457
-110.690000	26.250000	-154.564896	17.189100	2.543206	248.705146	1159.179709
-110.690000	26.250000	-154.564896	17.439100	1.498648	248.953248	1157.058619
-110.690000	26.250000	-154.564896	17.689100	0.926321	249.202808	1154.860202
-110.690000	26.250000	-154.564896	17.939100	0.675175	249.453954	1152.661784
-110.690000	26.250000	-154.564896	18.189100	0.331922	249.706580	1150.463367
-110.690000	26.250000	-154.564896	18.439100	-0.294079	249.960825	1148.243181
-110.690000	26.250000	-154.564896	18.689100	-0.892645	250.216575	1145.921218
-110.690000	26.250000	-154.564896	18.939100	-0.621289	250.473976	1143.599256
-110.690000	26.250000	-154.564896	19.189100	-0.018452	250.732905	1141.406581
-110.690000	26.250000	-154.564896	19.439100	0.073241	250.993519	1139.298554
-110.690000	26.250000	-154.564896	19.689100	-0.188924	251.255684	1137.190526
-110.690000	26.250000	-154.564896	19.939100	-0.452808	251.519567	1135.082499
-110.690000	26.250000	-154.564896	20.189100	-0.718266	251.785026	1132.974472
-110.690000	26.250000	-154.564896	20.439100	-0.993626	252.052236	1130.866444
-110.690000	26.250000	-154.564896	20.689100	-1.417498	252.321045	1128.758417
-110.690000	26.250000	-154.564896	20.939100	-1.587930	252.591639	1126.624407
-110.690000	26.250000	-154.564896	21.189100	-0.848498	252.863856	1124.551505
-110.690000	26.250000	-154.314896	15.189100	1.514047	246.736073	1170.958278
-110.690000	26.250000	-154.314896	15.439100	1.297077	246.974418	1168.570499
-110.690000	26.250000	-154.314896	15.689100	1.057188	247.214307	1166.182721
-110.690000	26.250000	-154.314896	15.939100	0.815981	247.455515	1163.794942
-110.690000	26.250000	-154.314896	16.189100	0.833008	247.698293	1161.407163
-110.690000	26.250000	-154.314896	16.439100	2.443928	247.942418	1159.082238
-110.690000	26.250000	-154.314896	16.689100	3.654618	248.188140	1157.100491
-110.690000	26.250000	-154.314896	16.939100	3.407520	248.435237	1155.118743
-110.690000	26.250000	-154.314896	17.189100	2.398403	248.683958	1153.136995
-110.690000	26.250000	-154.314896	17.439100	1.350657	248.934083	1150.975897
-110.690000	26.250000	-154.314896	17.689100	0.943271	249.185858	1148.777480
-110.690000	26.250000	-154.314896	17.939100	0.690062	249.439067	1146.579062
-110.690000	26.250000	-154.314896	18.189100	0.112195	249.693953	1144.380645
-110.690000	26.250000	-154.314896	18.439100	-0.496521	249.950302	1142.090515
-110.690000	26.250000	-154.314896	18.689100	-0.884425	250.208355	1139.768553
-110.690000	26.250000	-154.314896	18.939100	-0.585426	250.467901	1137.446591
-110.690000	26.250000	-154.314896	19.189100	0.015422	250.729177	1135.261173
-110.690000	26.250000	-154.314896	19.439100	0.074782	250.991978	1133.153146
-110.690000	26.250000	-154.314896	19.689100	-0.189775	251.256534	1131.045119
-110.690000	26.250000	-154.314896	19.939100	-0.455887	251.522646	1128.937091
-110.690000	26.250000	-154.314896	20.189100	-0.723782	251.790541	1126.829064
-110.690000	26.250000	-154.314896	20.439100	-0.993262	252.060022	1124.721037
-110.690000	26.250000	-154.314896	20.689100	-1.264552	252.331312	1122.613009
-110.690000	26.250000	-154.314896	20.939100	-1.525726	252.604219	1120.504982
-110.690000	26.250000	-154.064896	15.189100	1.573885	246.697611	1164.966734
-110.690000	26.250000	-154.064896	15.439100	1.333503	246.937993	1162.578955
-110.690000	26.250000	-154.064896	15.689100	1.091716	247.179779	1160.191176
-110.690000	26.250000	-154.064896	15.939100	0.848429	247.423066	1157.803397
-110.690000	26.250000	-154.064896	16.189100	0.651940	247.667781	1155.415619
-110.690000	26.250000	-154.064896	16.439100	2.197445	247.914028	1153.039524
-110.690000	26.250000	-154.064896	16.689100	3.681030	248.161727	1151.057777
-110.690000	26.250000	-154.064896	16.939100	3.420261	248.410990	1149.076029
-110.690000	26.250000	-154.064896	17.189100	2.309535	248.661727	1147.091593
-110.690000	26.250000	-154.064896	17.439100	1.215067	248.914062	1144.893176
-110.690000	26.250000	-154.064896	17.689100	0.961234	249.167895	1142.694758
-110.690000	26.250000	-154.064896	17.939100	0.547179	249.423357	1140.496341
-110.690000	26.250000	-154.064896	18.189100	-0.055803	249.680341	1138.259813
-110.690000	26.250000	-154.064896	18.439100	-0.615059	249.938988	1135.937850
-110.690000	26.250000	-154.064896	18.689100	-0.875252	250.199182	1133.615888
-110.690000	26.250000	-154.064896	18.939100	-0.548795	250.461070	1131.293926
-110.690000	26.250000	-154.064896	19.189100	0.050228	250.724529	1129.115766
-110.690000	26.250000	-154.064896	19.439100	0.077042	250.989717	1127.007738
-110.690000	26.250000	-154.064896	19.689100	-0.189739	251.256499	1124.899711
-110.690000	26.250000	-154.064896	19.939100	-0.458284	251.525043	1122.791684
-110.690000	26.250000	-154.064896	20.189100	-0.728446	251.795206	1120.683656
-110.690000	26.250000	-154.064896	20.439100	-1.000405	252.067165	1118.575629
-110.690000	26.250000	-154.064896	20.689100	-1.274006	252.340765	1116.467602
-110.690000	26.250000	-153.814896	15.189100	1.613186	246.658310	1158.975189
-110.690000	26.250000	-153.814896	15.439100	1.370913	246.900583	1156.587410
-110.690000	26.250000	-153.814896	15.689100	1.127052	247.144444	1154.199632
-110.690000	26.250000	-153.814896	15.939100	0.881834	247.389662	1151.811853
-110.690000	26.250000	-153.814896	16.189100	0.635001	247.636494	1149.424074
-110.690000	26.250000	-153.814896	16.439100	1.932984	247.884713	1147.036296
-110.690000	26.250000	-153.814896	16.689100	3.539332	248.134572	1145.015063
-110.690000	26.250000	-153.814896	16.939100	3.274341	248.385847	1143.033315
-110.690000	26.250000	-153.814896	17.189100	2.218331	248.638790	1141.008871
-110.690000	26.250000	-153.814896	17.439100	1.235951	248.893178	1138.810454
-110.690000	26.250000	-153.814896	17.689100	0.979868	249.149261	1136.612036
-110.690000	26.250000	-153.814896	17.939100	0.356674	249.406818	1134.413619
-110.690000	26.250000	-153.814896	18.189100	-0.279005	249.666097	1132.107148
-110.690000	26.250000	-153.814896	18.439100	-0.602952	249.926881	1129.785185
-110.690000	26.250000	-153.814896	18.689100	-0.865485	250.189415	1127.463223
-110.690000	26.250000	-153.814896	18.939100	-0.511396	250.453483	1125.141261
-110.690000	26.250000	-153.814896	19.189100	0.085599	250.719327	1122.970358
-110.690000	26.250000	-153.814896	19.439100	0.080022	250.986737	1120.862331
-110.690000	26.250000	-153.814896	19.689100	-0.189191	251.255951	1118.754303
-110.690000	26.250000	-153.814896	19.939100	-0.460001	251.526761	1116.646276
-110.690000	26.250000	-153.814896	20.189100	-0.732641	251.799401	1114.538249
-110.690000	26.250000	-153.814896	20.439100	-1.006909	252.073668	1112.430221
-110.690000	26.250000	-153.814896	20.689100	-0.339559	252.349793	1110.322194
-110.690000	26.250000	-153.564896	15.189100	1.560708	246.617838	1152.983644
-110.690000	26.250000	-153.564896	15.439100	1.409319	246.862176	1150.595866
-110.690000	26.250000	-153.564896	15.689100	1.163535	247.107961	1148.208087
-110.690000	26.250000	-153.564896	15.939100	0.916208	247.355287	1145.820308
-110.690000	26.250000	-153.564896	16.189100	0.667411	247.604084	1143.432530
-110.690000	26.250000	-153.564896	16.439100	1.729963	247.854456	1141.044751
-110.690000	26.250000	-153.564896	16.689100	3.349255	248.106321	1138.972349
-110.690000	26.250000	-153.564896	16.939100	3.129669	248.359793	1136.990601
-110.690000	26.250000	-153.564896	17.189100	2.074346	248.614784	1134.926150
-110.690000	26.250000	-153.564896	17.439100	1.257715	248.871414	1132.727732
-110.690000	26.250000	-153.564896	17.689100	0.774335	249.129586	1130.529315
-110.690000	26.250000	-153.564896	17.939100	0.193033	249.389432	1128.276445
-110.690000	26.250000	-153.564896	18.189100	-0.326914	249.650843	1125.954482
-110.690000	26.250000	-153.564896	18.439100	-0.590032	249.913961	1123.632520
-110.690000	26.250000	-153.564896	18.689100	-0.854740	250.178669	1121.310558
-110.690000	26.250000	-153.564896	18.939100	-0.473209	250.445118	1118.988595
-110.690000	26.250000	-153.564896	19.189100	0.121926	250.713181	1116.824950
-110.690000	26.250000	-153.564896	19.439100	0.083741	250.983018	1114.716923
-110.690000	26.250000	-153.564896	19.689100	-0.187734	251.254493	1112.608896
-110.690000	26.250000	-153.564896	19.939100	-0.461018	251.527777	1110.500868
-110.690000	26.250000	-153.564896	20.189100	-0.735963	251.802723	1108.392841
-110.690000	26.250000	-153.564896	20.439100	-1.012752	252.079511	1106.284814
-110.690000	26.250000	-153.314896	15.189100	1.446664	246.576502	1147.005105
-110.690000	26.250000	-153.314896	15.439100	1.380799	246.822757	1144.604321
-110.690000	26.250000	-153.314896	15.689100	1.200851	247.070645	1142.216543
-110.690000	26.250000	-153.314896	15.939100	0.951566	247.319930	1139.828764
-110.690000	26.250000	-153.314896	16.189100	0.700621	247.570875	1137.440985
-110.690000	26.250000	-153.314896	16.439100	1.546583	247.823246	1135.053206
-110.690000	26.250000	-153.314896	16.689100	3.160499	248.077304	1132.929635
-110.690000	26.250000	-153.314896	16.939100	2.986258	248.332819	1130.947887
-110.690000	26.250000	-153.314896	17.189100	1.931434	248.590048	1128.843428
-110.690000	26.250000	-153.314896	17.439100	1.276822	248.848763	1126.645010
-110.690000	26.250000	-153.314896	17.689100	0.611753	249.109220	1124.445742
-110.690000	26.250000	-153.314896	17.939100	-0.047264	249.371193	1122.123780
-110.690000	26.250000	-153.314896	18.189100	-0.311006	249.634936	1119.801817
-110.690000	26.250000	-153.314896	18.439100	-0.576296	249.900225	1117.479855
-110.690000	26.250000	-153.314896	18.689100	-0.843382	250.167311	1115.157893
-110.690000	26.250000	-153.314896	18.939100	-0.434232	250.435975	1112.835930
-110.690000	26.250000	-153.314896	19.189100	0.158835	250.706463	1110.679543
-110.690000	26.250000	-153.314896	19.439100	0.088200	250.978559	1108.571515
-110.690000	26.250000	-153.314896	19.689100	-0.185747	251.252507	1106.463488
-110.690000	26.250000	-153.314896	19.939100	-0.461335	251.528094	1104.355461
-110.690000	26.250000	-153.314896	20.189100	-0.738801	251.805560	1102.247433
-110.690000	26.250000	-153.064896	15.189100	1.391035	246.533964	1141.040426
-110.690000	26.250000	-153.064896	15.439100	1.265920	246.782312	1138.621451
-110.690000	26.250000	-153.064896	15.689100	1.196404	247.032151	1136.224998
-110.690000	26.250000	-153.064896	15.939100	0.987921	247.283575	1133.837219
-110.690000	26.250000	-153.064896	16.189100	0.734983	247.536512	1131.449441
-110.690000	26.250000	-153.064896	16.439100	1.364775	247.791068	1129.061662
-110.690000	26.250000	-153.064896	16.689100	2.973431	248.047162	1126.886921
-110.690000	26.250000	-153.064896	16.939100	2.844127	248.304906	1124.905173
-110.690000	26.250000	-153.064896	17.189100	1.789967	248.564214	1122.760706
-110.690000	26.250000	-153.064896	17.439100	1.035744	248.825206	1120.562289
-110.690000	26.250000	-153.064896	17.689100	0.451444	249.087785	1118.293077
-110.690000	26.250000	-153.064896	17.939100	-0.028153	249.352083	1115.971115
-110.690000	26.250000	-153.064896	18.189100	-0.294062	249.617991	1113.649152
-110.690000	26.250000	-153.064896	18.439100	-0.561723	249.885652	1111.327190
-110.690000	26.250000	-153.064896	18.689100	-0.831020	250.154949	1109.005228
-110.690000	26.250000	-153.064896	18.939100	-0.394444	250.426032	1106.683265
-110.690000	26.250000	-153.064896	19.189100	0.196724	250.698775	1104.534135
-110.690000	26.250000	-153.064896	19.439100	0.093420	250.973339	1102.426108
-110.690000	26.250000	-153.064896	19.689100	-0.182827	251.249587	1100.318080
-110.690000	26.250000	-153.064896	19.939100	-0.460931	251.527691	1098.210053
-110.690000	26.250000	-153.064896	20.189100	0.300175	251.807502	1096.102025
-110.690000	26.250000	-152.814896	15.189100	1.434464	246.490534	1135.075746
-110.690000	26.250000	-152.814896	15.439100	1.184173	246.740826	1132.656772
-110.690000	26.250000	-152.814896	15.689100	1.080493	246.992798	1130.237798
-110.690000	26.250000	-152.814896	15.939100	1.007339	247.246207	1127.845675
-110.690000	26.250000	-152.814896	16.189100	0.770171	247.501325	1125.457896
-110.690000	26.250000	-152.814896	16.439100	1.184554	247.757909	1123.070117
-110.690000	26.250000	-152.814896	16.689100	2.787718	248.016229	1120.844207
-110.690000	26.250000	-152.814896	16.939100	2.741290	248.276047	1118.862460
-110.690000	26.250000	-152.814896	17.189100	1.577963	248.537627	1116.677984
-110.690000	26.250000	-152.814896	17.439100	0.877854	248.800736	1114.462374
-110.690000	26.250000	-152.814896	17.689100	0.258293	249.065636	1112.140412
-110.690000	26.250000	-152.814896	17.939100	-0.008166	249.332095	1109.818449
-110.690000	26.250000	-152.814896	18.189100	-0.276443	249.600372	1107.496487
-110.690000	26.250000	-152.814896	18.439100	-0.546310	249.870240	1105.174525
-110.690000	26.250000	-152.814896	18.689100	-0.818024	250.141953	1102.852562
-110.690000	26.250000	-152.814896	18.939100	-0.353844	250.415288	1100.530600
-110.690000	26.250000	-152.814896	19.189100	0.235216	250.690497	1098.388727
-110.690000	26.250000	-152.814896	19.439100	0.099401	250.967358	1096.280700
-110.690000	26.250000	-152.814896	19.689100	-0.179361	251.246121	1094.172673
-110.690000	26.250000	-152.814896	19.939100	-0.459808	251.526568	1092.064645
-110.690000	26.250000	-152.564896	15.189100	1.479128	246.445871	1129.111067
-110.690000	26.250000	-152.564896	15.439100	1.226713	246.698285	1126.692093
-110.690000	26.250000	-152.564896	15.689100	0.972763	246.952235	1124.273119
-110.690000	26.250000	-152.564896	15.939100	0.890526	247.207814	1121.854145
-110.690000	26.250000	-152.564896	16.189100	0.806481	247.464953	1119.466352
-110.690000	26.250000	-152.564896	16.439100	1.005940	247.723754	1117.078573
-110.690000	26.250000	-152.564896	16.689100	2.493880	247.984140	1114.801493
-110.690000	26.250000	-152.564896	16.939100	2.660531	248.246222	1112.793680
-110.690000	26.250000	-152.564896	17.189100	1.308204	248.509913	1110.595262
-110.690000	26.250000	-152.564896	17.439100	0.697131	248.775334	1108.309709
-110.690000	26.250000	-152.564896	17.689100	0.281540	249.042390	1105.987747
-110.690000	26.250000	-152.564896	17.939100	0.012719	249.311210	1103.665784
-110.690000	26.250000	-152.564896	18.189100	-0.257759	249.581688	1101.343822
-110.690000	26.250000	-152.564896	18.439100	-0.530037	249.853966	1099.021860
-110.690000	26.250000	-152.564896	18.689100	-0.803997	250.127926	1096.699897
-110.690000	26.250000	-152.564896	18.939100	-0.312409	250.403721	1094.377935
-110.690000	26.250000	-152.564896	19.189100	0.274714	250.681223	1092.243320
-110.690000	26.250000	-152.564896	19.439100	0.106165	250.960594	1090.135292
-110.690000	26.250000	-152.564896	19.689100	-0.174937	251.241696	1088.027265
-110.690000	26.250000	-152.314896	15.189100	1.524712	246.400286	1123.146388
-110.690000	26.250000	-152.314896	15.439100	1.270327	246.654672	1120.727414
-110.690000	26.250000	-152.314896	15.689100	1.014213	246.910785	1118.308440
-110.690000	26.250000	-152.314896	15.939100	0.774420	247.168379	1115.889466
-110.690000	26.250000	-152.314896	16.189100	0.695650	247.427729	1113.474807
-110.690000	26.250000	-152.314896	16.439100	0.828949	247.688589	1111.087028
-110.690000	26.250000	-152.314896	16.689100	2.143709	247.951235	1108.758779
-110.690000	26.250000	-152.314896	16.939100	2.402832	248.215421	1106.710958
-110.690000	26.250000	-152.314896	17.189100	1.154923	248.481421	1104.479006
-110.690000	26.250000	-152.314896	17.439100	0.574937	248.748992	1102.157044
-110.690000	26.250000	-152.314896	17.689100	0.305524	249.018405	1099.835082
-110.690000	26.250000	-152.314896	17.939100	0.034508	249.289421	1097.513119
-110.690000	26.250000	-152.314896	18.189100	-0.238378	249.562307	1095.191157
-110.690000	26.250000	-152.314896	18.439100	-0.512898	249.836827	1092.869195
-110.690000	26.250000	-152.314896	18.689100	-0.789316	250.113245	1090.547232
-110.690000	26.250000	-152.314896	18.939100	-0.270138	250.391329	1088.225270
-110.690000	26.250000	-152.314896	19.189100	0.314833	250.671339	1086.097912
-110.690000	26.250000	-152.314896	19.439100	0.113713	250.953046	1083.989884
-110.690000	26.250000	-152.064896	15.189100	1.571563	246.353435	1117.181709
-110.690000	26.250000	-152.064896	15.439100	1.315026	246.609973	1114.762735
-110.690000	26.250000	-152.064896	15.689100	1.056906	246.868093	1112.343761
-110.690000	26.250000	-152.064896	15.939100	0.797111	247.127887	1109.924787
-110.690000	26.250000	-152.064896	16.189100	0.578583	247.389289	1107.505813
-110.690000	26.250000	-152.064896	16.439100	0.530508	247.652399	1105.095484
-110.690000	26.250000	-152.064896	16.689100	1.730365	247.917141	1102.716066
-110.690000	26.250000	-152.064896	16.939100	2.049853	248.183627	1100.628236
-110.690000	26.250000	-152.064896	17.189100	0.953991	248.451770	1098.326341
-110.690000	26.250000	-152.064896	17.439100	0.602239	248.721690	1096.004379
-110.690000	26.250000	-152.064896	17.689100	0.330636	248.993293	1093.682417
-110.690000	26.250000	-152.064896	17.939100	0.057220	249.266709	1091.360454
-110.690000	26.250000	-152.064896	18.189100	-0.217902	249.541831	1089.038492
-110.690000	26.250000	-152.064896	18.439100	-0.494873	249.818802	1086.716529
-110.690000	26.250000	-152.064896	18.689100	-0.773575	250.097504	1084.394567
-110.690000	26.250000	-152.064896	18.939100	-0.227008	250.378090	1082.072605
-110.690000	26.250000	-152.064896	19.189100	0.355987	250.660431	1079.952504
-110.690000	26.250000	-152.064896	19.439100	0.122067	250.944692	1077.844477
-110.690000	26.250000	-151.814896	15.439100	1.282607	246.564169	1108.798056
-110.690000	26.250000	-151.814896	15.689100	1.026813	246.824484	1106.379082
-110.690000	26.250000	-151.814896	15.939100	0.769495	247.086322	1103.960108
-110.690000	26.250000	-151.814896	16.189100	0.510367	247.349968	1101.541134
-110.690000	26.250000	-151.814896	16.439100	0.317834	247.615168	1099.122159
-110.690000	26.250000	-151.814896	16.689100	0.944478	247.882205	1096.716161
-110.690000	26.250000	-151.814896	16.939100	1.546559	248.150827	1094.495638
-110.690000	26.250000	-151.814896	17.189100	0.902614	248.421315	1092.173676
-110.690000	26.250000	-151.814896	17.439100	0.630510	248.693420	1089.851714
-110.690000	26.250000	-151.814896	17.689100	0.356511	248.967418	1087.529751
-110.690000	26.250000	-151.814896	17.939100	0.080864	249.243066	1085.207789
-110.690000	26.250000	-151.814896	18.189100	-0.196706	249.520635	1082.885827
-110.690000	26.250000	-151.814896	18.439100	-0.475956	249.799886	1080.563864
-110.690000	26.250000	-151.814896	18.689100	-0.757157	250.081087	1078.241902
-110.690000	26.250000	-151.814896	18.939100	-0.186644	250.364001	1075.919940
-110.690000	26.250000	-151.814896	19.189100	0.397782	250.648893	1073.807096
-110.690000	26.250000	-151.564896	16.939100	0.281635	248.117004	1088.350027
-110.690000	26.250000	-151.564896	17.189100	0.581006	248.389669	1086.021011
-110.690000	26.250000	-151.564896	17.439100	0.492471	248.664160	1083.699049
-110.690000	26.250000	-151.564896	17.689100	0.370871	248.940384	1081.377086
-110.690000	26.250000	-151.564896	17.939100	0.105459	249.218470	1079.055124
-110.690000	26.250000	-151.564896	18.189100	-0.174384	249.498313	1076.733162
-110.690000	26.250000	-151.564896	18.439100	-0.456126	249.780056	1074.411199
-110.690000	26.250000	-151.564896	18.689100	-0.729699	250.063579	1072.089237
-110.690000	26.250000	-151.564896	18.939100	-0.152538	250.349038	1069.769716
-110.690000	26.250000	-151.314896	18.189100	-0.320462	249.475247	1070.580497
-110.690000	26.250000	-151.314896	18.439100	-0.449872	249.759307	1068.258534
-110.690000	26.250000	-151.314896	18.689100	-0.681903	250.045372	1065.936572
-110.690000	26.250000	-151.314896	18.939100	-0.047238	250.333199	1063.624308
-110.690000	26.250000	-151.064896	18.439100	-0.886610	249.737616	1062.115286
-110.690000	26.250000	-151.064896	18.689100	-0.671381	250.026044	1059.783907
