170.500000	-22.010000	-158.651001	21.430099	2.420204	34.676127	1428.905391
170.500000	-22.010000	-158.401001	21.180099	2.153219	35.060214	1427.680541
170.500000	-22.010000	-158.401001	21.430099	1.747434	34.903258	1432.694864
170.500000	-22.010000	-158.151001	20.680099	2.431166	35.602927	1420.847697
170.500000	-22.010000	-158.151001	20.930099	1.839264	35.444371	1426.455691
170.500000	-22.010000	-158.151001	21.180099	1.792908	35.286521	1431.470014
170.500000	-22.010000	-158.151001	21.430099	1.474820	35.129356	1436.484338
170.500000	-22.010000	-157.901001	20.430099	2.102289	35.988109	1419.537473
170.500000	-22.010000	-157.901001	20.680099	1.523908	35.828682	1425.230841
170.500000	-22.010000	-157.901001	20.930099	1.409501	35.669927	1430.245165
170.500000	-22.010000	-157.901001	21.180099	1.317953	35.511890	1435.259488
170.500000	-22.010000	-157.901001	21.430099	1.376735	35.354511	1440.365159
170.500000	-22.010000	-157.651001	19.930099	2.153139	36.534261	1412.193417
170.500000	-22.010000	-157.651001	20.180099	3.172047	36.373253	1418.227249
170.500000	-22.010000	-157.651001	20.430099	1.490257	36.212942	1424.005992
170.500000	-22.010000	-157.651001	20.680099	1.052052	36.053341	1429.020315
170.500000	-22.010000	-157.651001	20.930099	1.185006	35.894422	1434.034638
170.500000	-22.010000	-157.651001	21.180099	0.806627	35.736195	1439.048961
170.500000	-22.010000	-157.651001	21.430099	0.958686	35.578637	1444.294899
170.500000	-22.010000	-157.401001	19.680099	2.311572	36.920242	1410.947031
170.500000	-22.010000	-157.401001	19.930099	2.839049	36.758373	1417.133475
170.500000	-22.010000	-157.401001	20.180099	3.527514	36.597239	1423.256872
170.500000	-22.010000	-157.401001	20.430099	3.139935	36.436777	1427.880265
170.500000	-22.010000	-157.401001	20.680099	1.155462	36.277035	1432.816931
170.500000	-22.010000	-157.401001	20.930099	0.987249	36.117949	1437.824112
170.500000	-22.010000	-157.401001	21.180099	0.712165	35.959565	1442.863555
170.500000	-22.010000	-157.401001	21.430099	0.440052	35.801822	1448.224640
170.500000	-22.010000	-157.151001	19.430099	2.732923	37.306002	1410.003183
170.500000	-22.010000	-157.151001	19.680099	3.135700	37.143337	1416.189627
170.500000	-22.010000	-157.151001	19.930099	3.755817	36.981364	1422.376070
170.500000	-22.010000	-157.151001	20.180099	3.382056	36.820106	1427.284825
170.500000	-22.010000	-157.151001	20.430099	4.097335	36.659525	1431.908218
170.500000	-22.010000	-157.151001	20.680099	2.022645	36.499640	1436.631900
170.500000	-22.010000	-157.151001	20.930099	0.544214	36.340418	1441.634273
170.500000	-22.010000	-157.151001	21.180099	0.581216	36.181875	1446.793296
170.500000	-22.010000	-157.151001	21.430099	0.217892	36.023982	1452.154380
170.500000	-22.010000	-156.901001	18.930099	6.372160	37.855801	1402.045577
170.500000	-22.010000	-156.901001	19.180099	-0.850615	37.691635	1408.973475
170.500000	-22.010000	-156.901001	19.430099	2.555567	37.528154	1415.245779
170.500000	-22.010000	-156.901001	19.680099	3.510426	37.365409	1421.432222
170.500000	-22.010000	-156.901001	19.930099	2.968069	37.203335	1426.689385
170.500000	-22.010000	-156.901001	20.180099	4.020773	37.041979	1431.312778
170.500000	-22.010000	-156.901001	20.430099	4.181474	36.881279	1435.936170
170.500000	-22.010000	-156.901001	20.680099	3.183869	36.721281	1440.559563
170.500000	-22.010000	-156.901001	20.930099	0.534382	36.561923	1445.449242
170.500000	-22.010000	-156.901001	21.180099	0.074896	36.403251	1450.723036
170.500000	-22.010000	-156.901001	21.430099	-0.003331	36.245205	1456.084121
170.500000	-22.010000	-156.651001	18.680099	6.805412	38.241884	1403.198229
170.500000	-22.010000	-156.651001	18.930099	2.817160	38.076924	1406.778601
170.500000	-22.010000	-156.651001	19.180099	-4.566018	37.912699	1413.706499
170.500000	-22.010000	-156.651001	19.430099	0.020587	37.749161	1420.488374
170.500000	-22.010000	-156.651001	19.680099	2.747560	37.586340	1426.093945
170.500000	-22.010000	-156.651001	19.930099	4.122075	37.424191	1430.717338
170.500000	-22.010000	-156.651001	20.180099	4.363686	37.262741	1435.340730
170.500000	-22.010000	-156.651001	20.430099	4.604441	37.101950	1439.964123
170.500000	-22.010000	-156.651001	20.680099	4.511208	36.941840	1444.587516
170.500000	-22.010000	-156.651001	20.930099	1.628025	36.782375	1449.319817
170.500000	-22.010000	-156.651001	21.180099	-0.282370	36.623574	1454.656417
170.500000	-22.010000	-156.651001	21.430099	-0.214256	36.465406	1460.013861
170.500000	-22.010000	-156.401001	18.430099	-1.852167	38.627645	1403.107466
170.500000	-22.010000	-156.401001	18.680099	-1.707665	38.461968	1405.542346
170.500000	-22.010000	-156.401001	18.930099	-5.700739	38.296974	1411.146227
170.500000	-22.010000	-156.401001	19.180099	-8.512696	38.132715	1417.995111
170.500000	-22.010000	-156.401001	19.430099	-5.027561	37.969124	1424.843995
170.500000	-22.010000	-156.401001	19.680099	-1.488538	37.806251	1430.117424
170.500000	-22.010000	-156.401001	19.930099	1.527768	37.644031	1434.883570
170.500000	-22.010000	-156.401001	20.180099	3.608260	37.482513	1439.530088
170.500000	-22.010000	-156.401001	20.430099	4.996565	37.321633	1444.176606
170.500000	-22.010000	-156.401001	20.680099	5.348179	37.161438	1448.823124
170.500000	-22.010000	-156.401001	20.930099	3.498910	37.001867	1453.432731
170.500000	-22.010000	-156.401001	21.180099	-0.025810	36.842966	1458.590439
170.500000	-22.010000	-156.401001	21.430099	-1.297530	36.684674	1463.943601
170.500000	-22.010000	-156.151001	18.430099	-0.898947	38.846546	1404.927364
170.500000	-22.010000	-156.151001	18.680099	-0.485849	38.680861	1409.201997
170.500000	-22.010000	-156.151001	18.930099	-6.237827	38.515855	1414.741323
170.500000	-22.010000	-156.151001	19.180099	-11.125280	38.351569	1421.494246
170.500000	-22.010000	-156.151001	19.430099	-7.894564	38.187948	1428.343130
170.500000	-22.010000	-156.151001	19.680099	-2.937457	38.025029	1433.473526
170.500000	-22.010000	-156.151001	19.930099	-3.912133	37.862763	1438.386408
170.500000	-22.010000	-156.151001	20.180099	-2.335823	37.701181	1443.444927
170.500000	-22.010000	-156.151001	20.430099	0.518003	37.540237	1448.425532
170.500000	-22.010000	-156.151001	20.680099	3.980053	37.379961	1453.072050
170.500000	-22.010000	-156.151001	20.930099	4.604438	37.220311	1457.662121
170.500000	-22.010000	-156.151001	21.180099	0.553998	37.061311	1462.524462
170.500000	-22.010000	-156.151001	21.430099	-2.388484	36.902923	1467.873342
170.500000	-22.010000	-155.901001	18.180099	-1.584710	39.230762	1404.312382
170.500000	-22.010000	-155.901001	18.430099	0.658073	39.064354	1408.339637
170.500000	-22.010000	-155.901001	18.680099	-0.992717	38.898680	1413.263787
170.500000	-22.010000	-155.901001	18.930099	-3.325560	38.733670	1418.910467
170.500000	-22.010000	-155.901001	19.180099	-9.353487	38.569378	1424.993381
170.500000	-22.010000	-155.901001	19.430099	-8.523948	38.405735	1431.842265
170.500000	-22.010000	-155.901001	19.680099	-1.064388	38.242792	1437.172704
170.500000	-22.010000	-155.901001	19.930099	-2.210311	38.080485	1441.596872
170.500000	-22.010000	-155.901001	20.180099	-4.155694	37.918862	1446.655391
170.500000	-22.010000	-155.901001	20.430099	-3.025078	37.757860	1451.713911
170.500000	-22.010000	-155.901001	20.680099	0.050854	37.597526	1456.954824
170.500000	-22.010000	-155.901001	20.930099	3.933506	37.437799	1461.891512
170.500000	-22.010000	-155.901001	21.180099	2.100197	37.278726	1466.458485
170.500000	-22.010000	-155.651001	18.180099	0.230180	39.447344	1407.477277
170.500000	-22.010000	-155.651001	18.430099	-0.320739	39.280970	1412.364884
170.500000	-22.010000	-155.651001	18.680099	-1.224973	39.115318	1417.432931
170.500000	-22.010000	-155.651001	18.930099	-2.510560	38.950324	1423.079611
170.500000	-22.010000	-155.651001	19.180099	-5.986463	38.786034	1428.726291
170.500000	-22.010000	-155.651001	19.430099	-8.671910	38.622389	1435.341400
170.500000	-22.010000	-155.651001	19.680099	-1.693366	38.459431	1440.871882
170.500000	-22.010000	-155.651001	19.930099	0.663338	38.297104	1445.243208
170.500000	-22.010000	-155.651001	20.180099	-1.756596	38.135447	1450.208280
170.500000	-22.010000	-155.651001	20.430099	-1.849885	37.974409	1455.565919
170.500000	-22.010000	-155.651001	20.680099	-0.638084	37.814023	1460.923558
170.500000	-22.010000	-155.651001	20.930099	2.445909	37.654244	1466.032271
170.500000	-22.010000	-155.651001	21.180099	3.409269	37.495101	1470.659814
170.500000	-22.010000	-155.401001	17.930099	-0.322670	39.829818	1406.614917
170.500000	-22.010000	-155.401001	18.180099	-0.189259	39.662829	1411.502524
170.500000	-22.010000	-155.401001	18.430099	-0.937658	39.496501	1416.390131
170.500000	-22.010000	-155.401001	18.680099	-1.810393	39.330887	1421.602075
170.500000	-22.010000	-155.401001	18.930099	-2.726155	39.165920	1427.248755
170.500000	-22.010000	-155.401001	19.180099	-3.273144	39.001651	1432.895435
170.500000	-22.010000	-155.401001	19.430099	-6.577175	38.838013	1438.840535
170.500000	-22.010000	-155.401001	19.680099	-3.002029	38.675058	1444.571060
170.500000	-22.010000	-155.401001	19.930099	1.127314	38.512720	1449.146672
170.500000	-22.010000	-155.401001	20.180099	-0.162021	38.351049	1454.260070
170.500000	-22.010000	-155.401001	20.430099	-1.308349	38.189981	1459.534653
170.500000	-22.010000	-155.401001	20.680099	-1.087570	38.029566	1464.892292
170.500000	-22.010000	-155.401001	20.930099	1.276085	37.869739	1470.090245
170.500000	-22.010000	-155.401001	21.180099	3.081667	37.710550	1474.862662
170.500000	-22.010000	-155.151001	17.930099	-0.570464	40.044034	1410.640164
170.500000	-22.010000	-155.151001	18.180099	-0.403546	39.877116	1415.527771
170.500000	-22.010000	-155.151001	18.430099	-1.546460	39.710849	1420.415378
170.500000	-22.010000	-155.151001	18.680099	-2.388526	39.545286	1425.771219
170.500000	-22.010000	-155.151001	18.930099	-2.940597	39.380362	1431.417899
170.500000	-22.010000	-155.151001	19.180099	-2.776360	39.216124	1437.064579
170.500000	-22.010000	-155.151001	19.430099	-3.427341	39.052512	1442.711259
170.500000	-22.010000	-155.151001	19.680099	-2.698317	38.889570	1448.270238
170.500000	-22.010000	-155.151001	19.930099	0.478872	38.727240	1453.270065
170.500000	-22.010000	-155.151001	20.180099	0.163250	38.565563	1458.379595
170.500000	-22.010000	-155.151001	20.430099	-0.610871	38.404487	1463.543489
170.500000	-22.010000	-155.151001	20.680099	-1.429795	38.244048	1468.861026
170.500000	-22.010000	-155.151001	20.930099	0.746986	38.084196	1474.148220
170.500000	-22.010000	-155.151001	21.180099	2.555005	37.924965	1478.920637
170.500000	-22.010000	-154.901001	17.680099	-0.951122	40.424692	1409.777805
170.500000	-22.010000	-154.901001	17.930099	-0.783576	40.257146	1414.665411
170.500000	-22.010000	-154.901001	18.180099	-0.616742	40.090312	1419.553018
170.500000	-22.010000	-154.901001	18.430099	-2.147393	39.924119	1424.440625
170.500000	-22.010000	-154.901001	18.680099	-2.959604	39.758623	1429.940362
170.500000	-22.010000	-154.901001	18.930099	-3.308825	39.593753	1435.587042
170.500000	-22.010000	-154.901001	19.180099	-3.386222	39.429563	1441.233723
170.500000	-22.010000	-154.901001	19.430099	-3.271844	39.265987	1446.870447
170.500000	-22.010000	-154.901001	19.680099	-2.548261	39.103075	1452.296462
170.500000	-22.010000	-154.901001	19.930099	-0.398874	38.940762	1457.393458
170.500000	-22.010000	-154.901001	20.180099	-0.039753	38.779099	1462.499120
170.500000	-22.010000	-154.901001	20.430099	-0.044423	38.618021	1467.663014
170.500000	-22.010000	-154.901001	20.680099	-0.924143	38.457578	1472.829760
170.500000	-22.010000	-154.901001	20.930099	-0.022640	38.297708	1478.187398
170.500000	-22.010000	-154.901001	21.180099	2.176876	38.138457	1482.978612
170.500000	-22.010000	-154.651001	17.680099	0.601781	40.636495	1413.803051
170.500000	-22.010000	-154.651001	17.930099	0.438961	40.469055	1418.690658
170.500000	-22.010000	-154.651001	18.180099	0.274357	40.302321	1423.578265
170.500000	-22.010000	-154.651001	18.430099	-2.037182	40.136216	1428.465872
170.500000	-22.010000	-154.651001	18.680099	-3.953745	39.970799	1434.109506
170.500000	-22.010000	-154.651001	18.930099	-3.870059	39.805999	1439.709124
170.500000	-22.010000	-154.651001	19.180099	-3.831106	39.641869	1445.275500
170.500000	-22.010000	-154.651001	19.430099	-4.150237	39.478344	1450.747082
170.500000	-22.010000	-154.651001	19.680099	-3.707173	39.315474	1456.072446
170.500000	-22.010000	-154.651001	19.930099	-1.329684	39.153195	1461.397811
170.500000	-22.010000	-154.651001	20.180099	-0.859878	38.991555	1466.618645
170.500000	-22.010000	-154.651001	20.430099	-0.542361	38.830495	1471.782539
170.500000	-22.010000	-154.651001	20.680099	-0.449613	38.670057	1476.946432
170.500000	-22.010000	-154.651001	20.930099	-0.158988	38.510187	1482.156132
170.500000	-22.010000	-154.651001	21.180099	1.857182	38.350923	1487.050777
170.500000	-22.010000	-154.401001	17.680099	3.467769	40.847186	1418.346233
170.500000	-22.010000	-154.401001	17.930099	2.808091	40.679870	1423.135362
170.500000	-22.010000	-154.401001	18.180099	2.672394	40.513245	1427.924490
170.500000	-22.010000	-154.401001	18.430099	0.601965	40.347243	1432.697886
170.500000	-22.010000	-154.401001	18.680099	-4.193101	40.181918	1438.114176
170.500000	-22.010000	-154.401001	18.930099	-4.402941	40.017201	1443.680553
170.500000	-22.010000	-154.401001	19.180099	-4.104476	39.853146	1449.197702
170.500000	-22.010000	-154.401001	19.430099	-2.474580	39.689685	1454.523066
170.500000	-22.010000	-154.401001	19.680099	-1.988537	39.526871	1459.923969
170.500000	-22.010000	-154.401001	19.930099	-1.829849	39.364638	1465.580862
170.500000	-22.010000	-154.401001	20.180099	-0.876388	39.203036	1470.651062
170.500000	-22.010000	-154.401001	20.430099	-1.252985	39.042003	1475.815936
170.500000	-22.010000	-154.401001	20.680099	-1.075109	38.881587	1480.998968
170.500000	-22.010000	-154.401001	20.930099	-1.093628	38.721727	1486.182000
170.500000	-22.010000	-154.401001	21.180099	0.948698	38.562469	1491.397343
170.500000	-22.010000	-154.151001	17.680099	4.739173	41.056676	1423.089610
170.500000	-22.010000	-154.151001	17.930099	4.040886	40.889492	1427.776261
170.500000	-22.010000	-154.151001	18.180099	3.647230	40.722995	1432.553564
170.500000	-22.010000	-154.151001	18.430099	3.726865	40.557106	1437.307785
170.500000	-22.010000	-154.151001	18.680099	-0.556302	40.391888	1442.085606
170.500000	-22.010000	-154.151001	18.930099	-2.949171	40.227267	1447.648321
170.500000	-22.010000	-154.151001	19.180099	-2.447210	40.063299	1453.080611
170.500000	-22.010000	-154.151001	19.430099	-1.719063	39.899916	1458.893220
170.500000	-22.010000	-154.151001	19.680099	-0.731934	39.737171	1464.569152
170.500000	-22.010000	-154.151001	19.930099	-0.899141	39.574998	1469.639352
170.500000	-22.010000	-154.151001	20.180099	-0.809890	39.413447	1474.709552
170.500000	-22.010000	-154.151001	20.430099	-1.283350	39.252458	1479.806021
170.500000	-22.010000	-154.151001	20.680099	-1.501698	39.092074	1484.989053
170.500000	-22.010000	-154.151001	20.930099	-1.799929	38.932240	1490.172086
170.500000	-22.010000	-154.151001	21.180099	-1.346084	38.772996	1495.528372
170.500000	-22.010000	-153.901001	17.680099	5.057631	41.265061	1427.925272
170.500000	-22.010000	-153.901001	17.930099	4.999775	41.098028	1432.576344
170.500000	-22.010000	-153.901001	18.180099	4.511855	40.931666	1437.248749
170.500000	-22.010000	-153.901001	18.430099	4.179767	40.765908	1441.994611
170.500000	-22.010000	-153.901001	18.680099	2.596995	40.600808	1446.740473
170.500000	-22.010000	-153.901001	18.930099	-0.889911	40.436297	1452.049861
170.500000	-22.010000	-153.901001	19.180099	-0.834728	40.272429	1457.862471
170.500000	-22.010000	-153.901001	19.430099	-1.092273	40.109138	1463.557442
170.500000	-22.010000	-153.901001	19.680099	-1.270617	39.946474	1468.627642
170.500000	-22.010000	-153.901001	19.930099	-1.108517	39.784374	1473.697841
170.500000	-22.010000	-153.901001	20.180099	-0.947030	39.622888	1478.768041
170.500000	-22.010000	-153.901001	20.430099	-1.070594	39.461953	1483.838241
170.500000	-22.010000	-153.901001	20.680099	-1.598383	39.301616	1488.979139
170.500000	-22.010000	-153.901001	20.930099	-2.046247	39.141819	1494.162171
170.500000	-22.010000	-153.901001	21.180099	-2.304560	38.982607	1499.537512
170.500000	-22.010000	-153.651001	17.680099	2.390133	41.472258	1432.809304
170.500000	-22.010000	-153.651001	17.930099	3.566073	41.305381	1437.464044
170.500000	-22.010000	-153.651001	18.180099	4.459326	41.139175	1442.118784
170.500000	-22.010000	-153.651001	18.430099	4.801368	40.973556	1446.781527
170.500000	-22.010000	-153.651001	18.680099	2.805814	40.808590	1451.527389
170.500000	-22.010000	-153.651001	18.930099	0.076387	40.644200	1456.831722
170.500000	-22.010000	-153.651001	19.180099	-1.451998	40.480447	1462.545732
170.500000	-22.010000	-153.651001	19.430099	-1.641400	40.317258	1467.615931
170.500000	-22.010000	-153.651001	19.680099	-1.478833	40.154691	1472.686131
170.500000	-22.010000	-153.651001	19.930099	-1.316819	39.992676	1477.756331
170.500000	-22.010000	-153.651001	20.180099	-1.155410	39.831267	1482.826531
170.500000	-22.010000	-153.651001	20.430099	-1.000865	39.670400	1487.896730
170.500000	-22.010000	-153.651001	20.680099	-1.403359	39.510124	1492.969224
170.500000	-22.010000	-153.651001	20.930099	-2.238797	39.350378	1498.156038
170.500000	-22.010000	-153.401001	17.930099	-1.400418	41.511658	1441.844145
170.500000	-22.010000	-153.401001	18.180099	-0.287329	41.345612	1446.762951
170.500000	-22.010000	-153.401001	18.430099	1.494579	41.180151	1451.661224
170.500000	-22.010000	-153.401001	18.680099	1.274695	41.015327	1456.315963
170.500000	-22.010000	-153.401001	18.930099	-0.640994	40.851075	1461.534021
170.500000	-22.010000	-153.401001	19.180099	-2.230017	40.687446	1466.604221
170.500000	-22.010000	-153.401001	19.430099	-2.066257	40.524376	1471.674421
170.500000	-22.010000	-153.401001	19.680099	-1.903106	40.361915	1476.744621
170.500000	-22.010000	-153.401001	19.930099	-1.740502	40.200001	1481.814820
170.500000	-22.010000	-153.401001	20.180099	-1.578492	40.038681	1486.885020
170.500000	-22.010000	-153.401001	20.430099	-1.417017	39.877895	1491.955220
170.500000	-22.010000	-153.151001	18.180099	-3.089145	41.550899	1450.670188
170.500000	-22.010000	-153.151001	18.430099	-2.850596	41.385600	1455.588995
170.500000	-22.010000	-153.151001	18.680099	-2.048151	41.220938	1460.507801
170.500000	-22.010000	-153.151001	18.930099	-2.847872	41.056831	1465.529077
170.500000	-22.010000	-153.151001	19.180099	-2.818831	40.893344	1470.599475
170.500000	-22.010000	-153.151001	19.430099	-2.655191	40.730401	1475.669874
170.500000	-22.010000	-153.151001	19.680099	-2.492156	40.568063	1480.740273
170.500000	-22.010000	-153.151001	19.930099	-2.329654	40.406258	1485.810672
170.500000	-22.010000	-152.901001	18.180099	-3.293368	41.755121	1454.577425
170.500000	-22.010000	-152.901001	18.430099	-3.128254	41.590007	1459.496232
170.500000	-22.010000	-152.901001	18.680099	-3.247583	41.425511	1464.415038
170.500000	-22.010000	-152.901001	18.930099	-3.329301	41.261568	1469.477941
170.500000	-22.010000	-152.901001	19.180099	-3.186502	41.098229	1474.548340
170.500000	-22.010000	-152.901001	19.430099	-3.023704	40.935432	1479.618739
170.500000	-22.010000	-152.651001	18.430099	-3.428138	41.793278	1463.403469
170.500000	-22.010000	-152.651001	18.680099	-3.419631	41.628969	1468.356407
170.500000	-22.010000	-152.651001	18.930099	-3.553468	41.465195	1473.426806
