179.520000	51.150000	-158.651001	21.430099	-4.389176	157.027830	919.995461
179.520000	51.150000	-158.401001	21.180099	-4.327678	156.928772	929.801830
179.520000	51.150000	-158.401001	21.430099	-4.019495	156.819222	923.324431
179.520000	51.150000	-158.151001	20.680099	-4.824620	156.938232	946.036404
179.520000	51.150000	-158.151001	20.930099	-4.267352	156.830872	939.608198
179.520000	51.150000	-158.151001	21.180099	-3.922478	156.722205	933.130799
179.520000	51.150000	-158.151001	21.430099	-3.812465	156.612192	926.653401
179.520000	51.150000	-157.901001	20.430099	-4.764716	156.840553	955.835698
179.520000	51.150000	-157.901001	20.680099	-3.688153	156.734038	949.414567
179.520000	51.150000	-157.901001	20.930099	-2.744454	156.626204	942.937168
179.520000	51.150000	-157.901001	21.180099	-2.068101	156.517091	936.459769
179.520000	51.150000	-157.901001	21.430099	-0.675701	156.406604	929.982370
179.520000	51.150000	-157.651001	19.930099	-3.989031	156.848509	972.027912
179.520000	51.150000	-157.651001	20.180099	-3.195596	156.744031	965.634992
179.520000	51.150000	-157.651001	20.430099	-1.889961	156.638313	959.220935
179.520000	51.150000	-157.651001	20.680099	-0.268970	156.531342	952.595527
179.520000	51.150000	-157.651001	20.930099	0.431109	156.423078	945.959806
179.520000	51.150000	-157.651001	21.180099	1.121068	156.313509	939.324084
179.520000	51.150000	-157.651001	21.430099	2.081758	156.202593	932.688363
179.520000	51.150000	-157.401001	19.680099	-1.874951	156.752215	981.750970
179.520000	51.150000	-157.401001	19.930099	-0.936826	156.648502	975.175797
179.520000	51.150000	-157.401001	20.180099	0.000523	156.543611	968.600429
179.520000	51.150000	-157.401001	20.430099	1.095106	156.437453	961.985968
179.520000	51.150000	-157.401001	20.680099	1.550310	156.330068	955.246186
179.520000	51.150000	-157.401001	20.930099	2.004248	156.221366	948.610464
179.520000	51.150000	-157.401001	21.180099	2.081825	156.111383	941.974743
179.520000	51.150000	-157.401001	21.430099	1.736367	156.000029	935.360779
179.520000	51.150000	-157.151001	19.430099	-1.087511	156.657002	991.112728
179.520000	51.150000	-157.151001	19.680099	-0.065967	156.554082	984.537556
179.520000	51.150000	-157.151001	19.930099	0.682119	156.449971	977.962383
179.520000	51.150000	-157.151001	20.180099	1.008411	156.344656	971.358017
179.520000	51.150000	-157.151001	20.430099	1.278795	156.238101	964.743555
179.520000	51.150000	-157.151001	20.680099	1.167275	156.130294	958.032092
179.520000	51.150000	-157.151001	20.930099	2.024578	156.021194	951.261123
179.520000	51.150000	-157.151001	21.180099	2.030672	155.910790	944.625402
179.520000	51.150000	-157.151001	21.430099	1.263358	155.799039	938.178401
179.520000	51.150000	-156.901001	18.930099	-1.670185	156.663787	1007.087614
179.520000	51.150000	-156.901001	19.180099	-1.684472	156.562785	1000.869652
179.520000	51.150000	-156.901001	19.430099	-1.694280	156.460614	994.200448
179.520000	51.150000	-156.901001	19.680099	-0.802742	156.357311	987.472146
179.520000	51.150000	-156.901001	19.930099	0.092800	156.252793	980.734356
179.520000	51.150000	-156.901001	20.180099	0.707812	156.147096	974.115604
179.520000	51.150000	-156.901001	20.430099	0.983914	156.040134	967.501143
179.520000	51.150000	-156.901001	20.680099	1.309094	155.931945	960.886682
179.520000	51.150000	-156.901001	20.930099	1.420227	155.822440	954.014664
179.520000	51.150000	-156.901001	21.180099	1.612781	155.711655	947.276061
179.520000	51.150000	-156.901001	21.430099	1.257588	155.599501	940.996022
179.520000	51.150000	-156.651001	18.680099	-1.455893	156.569890	1016.127079
179.520000	51.150000	-156.651001	18.930099	-0.840600	156.469607	1009.963165
179.520000	51.150000	-156.651001	19.180099	-0.356117	156.368212	1003.745202
179.520000	51.150000	-156.651001	19.430099	-0.851296	156.265672	997.426734
179.520000	51.150000	-156.651001	19.680099	-0.695909	156.161977	990.658925
179.520000	51.150000	-156.651001	19.930099	-0.514081	156.057090	983.812823
179.520000	51.150000	-156.651001	20.180099	0.101265	155.951002	977.014774
179.520000	51.150000	-156.651001	20.430099	0.655463	155.843673	970.352348
179.520000	51.150000	-156.651001	20.680099	1.026390	155.735094	963.689922
179.520000	51.150000	-156.651001	20.930099	1.192583	155.625224	956.970579
179.520000	51.150000	-156.651001	21.180099	1.381531	155.514052	950.064695
179.520000	51.150000	-156.651001	21.430099	1.440693	155.401534	943.829704
179.520000	51.150000	-156.401001	18.430099	-0.548436	156.476923	1024.723406
179.520000	51.150000	-156.401001	18.680099	0.518052	156.377384	1018.857584
179.520000	51.150000	-156.401001	18.930099	1.264883	156.276722	1012.696726
179.520000	51.150000	-156.401001	19.180099	1.647984	156.174972	1006.448060
179.520000	51.150000	-156.401001	19.430099	2.454262	156.072055	1000.187842
179.520000	51.150000	-156.401001	19.680099	2.278225	155.968006	993.686102
179.520000	51.150000	-156.401001	19.930099	1.634917	155.862744	986.939989
179.520000	51.150000	-156.401001	20.180099	0.764490	155.756303	980.093887
179.520000	51.150000	-156.401001	20.430099	0.247313	155.648601	973.295192
179.520000	51.150000	-156.401001	20.680099	0.819621	155.539671	966.632766
179.520000	51.150000	-156.401001	20.930099	1.876475	155.429429	959.849432
179.520000	51.150000	-156.401001	21.180099	1.531450	155.317908	952.882316
179.520000	51.150000	-156.401001	21.430099	1.725874	155.205022	946.670083
179.520000	51.150000	-156.151001	18.430099	0.806238	156.286158	1027.343816
179.520000	51.150000	-156.151001	18.680099	2.592141	156.186256	1021.258025
179.520000	51.150000	-156.151001	18.930099	2.940091	156.085252	1015.092804
179.520000	51.150000	-156.151001	19.180099	3.390387	155.983140	1008.844138
179.520000	51.150000	-156.151001	19.430099	4.815094	155.879882	1002.447032
179.520000	51.150000	-156.151001	19.680099	5.063479	155.775472	995.945293
179.520000	51.150000	-156.151001	19.930099	4.213977	155.669871	989.443553
179.520000	51.150000	-156.151001	20.180099	2.979367	155.563071	982.941813
179.520000	51.150000	-156.151001	20.430099	2.219896	155.455032	976.374950
179.520000	51.150000	-156.151001	20.680099	1.953423	155.345745	969.575610
179.520000	51.150000	-156.151001	20.930099	2.292081	155.235169	962.720852
179.520000	51.150000	-156.151001	21.180099	1.646911	155.123294	955.699938
179.520000	51.150000	-156.151001	21.430099	2.032900	155.010075	949.510462
179.520000	51.150000	-155.901001	18.180099	0.725186	156.195852	1035.830049
179.520000	51.150000	-155.901001	18.430099	2.504857	156.096667	1029.773835
179.520000	51.150000	-155.901001	18.680099	3.064571	155.996435	1023.614753
179.520000	51.150000	-155.901001	18.930099	3.285406	155.895083	1017.455672
179.520000	51.150000	-155.901001	19.180099	3.386775	155.792643	1011.207963
179.520000	51.150000	-155.901001	19.430099	4.055110	155.689039	1004.706223
179.520000	51.150000	-155.901001	19.680099	3.946547	155.584304	998.204483
179.520000	51.150000	-155.901001	19.930099	3.796658	155.478358	991.702744
179.520000	51.150000	-155.901001	20.180099	3.609825	155.371235	985.230568
179.520000	51.150000	-155.901001	20.430099	3.121866	155.262854	978.783905
179.520000	51.150000	-155.901001	20.680099	2.028218	155.153247	972.344632
179.520000	51.150000	-155.901001	20.930099	2.306189	155.042332	965.589194
179.520000	51.150000	-155.901001	21.180099	1.684543	154.930139	958.552430
179.520000	51.150000	-155.651001	18.180099	2.425856	156.008060	1038.289645
179.520000	51.150000	-155.651001	18.430099	3.152926	155.908559	1032.130564
179.520000	51.150000	-155.651001	18.680099	3.285366	155.807993	1025.971482
179.520000	51.150000	-155.651001	18.930099	3.352370	155.706326	1019.810536
179.520000	51.150000	-155.651001	19.180099	3.060066	155.603553	1013.692440
179.520000	51.150000	-155.651001	19.430099	2.479213	155.499637	1007.245778
179.520000	51.150000	-155.651001	19.680099	2.374247	155.394571	1000.799116
179.520000	51.150000	-155.651001	19.930099	2.271097	155.288315	994.352453
179.520000	51.150000	-155.651001	20.180099	2.111029	155.180864	987.905791
179.520000	51.150000	-155.651001	20.430099	1.718164	155.072176	981.480829
179.520000	51.150000	-155.651001	20.680099	1.869598	154.962245	975.127179
179.520000	51.150000	-155.651001	20.930099	2.290893	154.851025	968.476536
179.520000	51.150000	-155.651001	21.180099	1.708552	154.738513	961.424657
179.520000	51.150000	-155.401001	17.930099	2.345586	155.920297	1046.805455
179.520000	51.150000	-155.401001	18.180099	3.262012	155.821550	1040.646374
179.520000	51.150000	-155.401001	18.430099	3.401886	155.721728	1034.487174
179.520000	51.150000	-155.401001	18.680099	3.542598	155.620859	1028.320951
179.520000	51.150000	-155.401001	18.930099	3.399339	155.518874	1022.154727
179.520000	51.150000	-155.401001	19.180099	3.115080	155.415801	1016.115950
179.520000	51.150000	-155.401001	19.430099	2.150013	155.311568	1009.921001
179.520000	51.150000	-155.401001	19.680099	2.256419	155.206204	1003.474339
179.520000	51.150000	-155.401001	19.930099	2.115323	155.099635	997.027677
179.520000	51.150000	-155.401001	20.180099	1.720969	154.991890	990.617025
179.520000	51.150000	-155.401001	20.430099	1.466348	154.882892	984.263376
179.520000	51.150000	-155.401001	20.680099	1.888313	154.772669	977.909726
179.520000	51.150000	-155.401001	20.930099	2.268810	154.661145	971.365556
179.520000	51.150000	-155.401001	21.180099	1.705372	154.548344	964.343650
179.520000	51.150000	-155.151001	17.930099	3.378377	155.735446	1049.162184
179.520000	51.150000	-155.151001	18.180099	3.517464	155.636391	1042.997589
179.520000	51.150000	-155.151001	18.430099	3.648600	155.536278	1036.831365
179.520000	51.150000	-155.151001	18.680099	3.724006	155.435103	1030.665142
179.520000	51.150000	-155.151001	18.930099	3.337585	155.332830	1024.515597
179.520000	51.150000	-155.151001	19.180099	3.107661	155.229454	1018.503818
179.520000	51.150000	-155.151001	19.430099	3.206123	155.124936	1012.492039
179.520000	51.150000	-155.151001	19.680099	2.480741	155.019272	1006.149562
179.520000	51.150000	-155.151001	19.930099	1.722873	154.912421	999.753221
179.520000	51.150000	-155.151001	20.180099	1.544861	154.804379	993.399572
179.520000	51.150000	-155.151001	20.430099	1.654138	154.695102	987.045923
179.520000	51.150000	-155.151001	20.680099	1.903138	154.584587	980.692273
179.520000	51.150000	-155.151001	20.930099	2.284983	154.472788	974.254577
179.520000	51.150000	-155.151001	21.180099	1.870112	154.359700	967.290706
179.520000	51.150000	-154.901001	17.680099	3.703347	155.650176	1057.674227
179.520000	51.150000	-154.901001	17.930099	3.882902	155.551848	1051.508003
179.520000	51.150000	-154.901001	18.180099	4.035890	155.452514	1045.341780
179.520000	51.150000	-154.901001	18.430099	4.183347	155.352108	1039.175556
179.520000	51.150000	-154.901001	18.680099	4.279245	155.250657	1033.009333
179.520000	51.150000	-154.901001	18.930099	4.204231	155.148093	1026.903465
179.520000	51.150000	-154.901001	19.180099	4.527399	155.044444	1020.891686
179.520000	51.150000	-154.901001	19.430099	4.976317	154.939639	1014.829601
179.520000	51.150000	-154.901001	19.680099	4.125214	154.833705	1008.750927
179.520000	51.150000	-154.901001	19.930099	3.531004	154.726572	1002.535768
179.520000	51.150000	-154.901001	20.180099	2.962823	154.618263	996.182119
179.520000	51.150000	-154.901001	20.430099	2.192013	154.508708	989.828470
179.520000	51.150000	-154.901001	20.680099	1.951309	154.397931	983.474820
179.520000	51.150000	-154.901001	20.930099	2.602946	154.285858	977.121171
179.520000	51.150000	-154.901001	21.180099	2.098634	154.172511	970.237763
179.520000	51.150000	-154.651001	17.680099	4.682462	155.468198	1059.966876
179.520000	51.150000	-154.651001	17.930099	4.828421	155.369602	1053.789112
179.520000	51.150000	-154.651001	18.180099	4.975428	155.269987	1047.611347
179.520000	51.150000	-154.651001	18.430099	5.196200	155.169316	1041.433582
179.520000	51.150000	-154.651001	18.680099	5.630998	155.067587	1035.246190
179.520000	51.150000	-154.651001	18.930099	5.817523	154.964762	1029.081833
179.520000	51.150000	-154.651001	19.180099	6.049280	154.860838	1023.000803
179.520000	51.150000	-154.651001	19.430099	6.070849	154.755775	1016.931092
179.520000	51.150000	-154.651001	19.680099	6.129443	154.649571	1010.878839
179.520000	51.150000	-154.651001	19.930099	5.811488	154.542183	1004.765741
179.520000	51.150000	-154.651001	20.180099	4.987103	154.433608	998.642051
179.520000	51.150000	-154.651001	20.430099	4.376966	154.323803	992.518360
179.520000	51.150000	-154.651001	20.680099	3.936911	154.212764	986.257367
179.520000	51.150000	-154.651001	20.930099	3.796311	154.100445	979.903718
179.520000	51.150000	-154.651001	21.180099	2.192936	153.986844	973.184819
179.520000	51.150000	-154.401001	17.680099	5.496330	155.287476	1062.134514
179.520000	51.150000	-154.401001	17.930099	5.476574	155.188611	1055.956749
179.520000	51.150000	-154.401001	18.180099	5.674875	155.088742	1049.778985
179.520000	51.150000	-154.401001	18.430099	6.186652	154.987806	1043.586978
179.520000	51.150000	-154.401001	18.680099	6.514535	154.885827	1037.335196
179.520000	51.150000	-154.401001	18.930099	6.356400	154.782740	1031.172006
179.520000	51.150000	-154.401001	19.180099	6.178966	154.678569	1025.096854
179.520000	51.150000	-154.401001	19.430099	6.177030	154.573248	1019.044601
179.520000	51.150000	-154.401001	19.680099	6.336155	154.466801	1012.992347
179.520000	51.150000	-154.401001	19.930099	6.338754	154.359160	1006.904245
179.520000	51.150000	-154.401001	20.180099	6.499522	154.250347	1000.780555
179.520000	51.150000	-154.401001	20.430099	6.594126	154.140293	994.656864
179.520000	51.150000	-154.401001	20.680099	5.807189	154.029021	988.533174
179.520000	51.150000	-154.401001	20.930099	4.958699	153.916460	982.430245
179.520000	51.150000	-154.401001	21.180099	3.435425	153.802629	976.131876
179.520000	51.150000	-154.151001	17.930099	5.836855	155.008969	1058.124387
179.520000	51.150000	-154.151001	18.180099	6.304283	154.908846	1051.927766
179.520000	51.150000	-154.151001	18.430099	6.727355	154.807671	1045.675984
179.520000	51.150000	-154.151001	18.680099	6.703314	154.705441	1039.424203
179.520000	51.150000	-154.151001	18.930099	5.907603	154.602118	1033.262616
179.520000	51.150000	-154.151001	19.180099	5.869984	154.497701	1027.210362
179.520000	51.150000	-154.151001	19.430099	6.092353	154.392149	1021.158109
179.520000	51.150000	-154.151001	19.680099	6.332108	154.285460	1015.105856
179.520000	51.150000	-154.151001	19.930099	6.511474	154.177591	1009.042749
179.520000	51.150000	-154.151001	20.180099	6.383662	154.068542	1002.919059
179.520000	51.150000	-154.151001	20.430099	6.034744	153.958266	996.799074
179.520000	51.150000	-154.151001	20.680099	5.690067	153.846763	990.747117
179.520000	51.150000	-154.151001	20.930099	5.537650	153.733985	984.695159
179.520000	51.150000	-154.151001	21.180099	4.943790	153.619931	978.643202
179.520000	51.150000	-153.901001	17.930099	6.324388	154.830584	1060.241961
179.520000	51.150000	-153.901001	18.180099	6.800713	154.730233	1054.013583
179.520000	51.150000	-153.901001	18.430099	6.569554	154.628818	1047.762114
179.520000	51.150000	-153.901001	18.680099	4.955736	154.526364	1041.510645
179.520000	51.150000	-153.901001	18.930099	4.297262	154.422807	1035.494821
179.520000	51.150000	-153.901001	19.180099	4.618292	154.318169	1029.414769
179.520000	51.150000	-153.901001	19.430099	4.838225	154.212387	1023.334716
179.520000	51.150000	-153.901001	19.680099	5.059456	154.105482	1017.254664
179.520000	51.150000	-153.901001	19.930099	5.074416	153.997390	1011.174612
179.520000	51.150000	-153.901001	20.180099	4.769602	153.888129	1005.127765
179.520000	51.150000	-153.901001	20.430099	4.534971	153.777635	999.088771
179.520000	51.150000	-153.901001	20.680099	4.593604	153.665926	993.049776
179.520000	51.150000	-153.901001	20.930099	4.653556	153.552936	987.010782
179.520000	51.150000	-153.651001	18.180099	6.152517	154.552965	1056.095971
179.520000	51.150000	-153.651001	18.430099	4.384622	154.451336	1049.932728
179.520000	51.150000	-153.651001	18.680099	2.916956	154.348658	1044.015124
179.520000	51.150000	-153.651001	18.930099	3.510050	154.244891	1037.973720
179.520000	51.150000	-153.651001	19.180099	3.678742	154.140035	1031.893668
179.520000	51.150000	-153.651001	19.430099	3.784730	154.034047	1025.813616
179.520000	51.150000	-153.651001	19.680099	3.764272	153.926929	1019.733563
179.520000	51.150000	-153.651001	19.930099	3.638129	153.818636	1013.680400
179.520000	51.150000	-153.651001	20.180099	3.692045	153.709168	1007.641406
179.520000	51.150000	-153.651001	20.430099	3.802734	153.598479	1001.602411
179.520000	51.150000	-153.401001	18.180099	3.940500	154.376978	1058.356849
179.520000	51.150000	-153.401001	18.430099	2.768823	154.275138	1052.439245
179.520000	51.150000	-153.401001	18.680099	3.199650	154.172260	1046.521642
179.520000	51.150000	-153.401001	18.930099	3.732308	154.068286	1040.452620
179.520000	51.150000	-153.401001	19.180099	3.855543	153.963234	1034.372567
179.520000	51.150000	-153.401001	19.430099	3.870151	153.857045	1028.292515
179.520000	51.150000	-153.401001	19.680099	3.743147	153.749737	1022.233035
179.520000	51.150000	-153.401001	19.930099	3.759965	153.641248	1016.194041
179.520000	51.150000	-153.151001	18.430099	2.972461	154.100304	1054.945763
179.520000	51.150000	-153.151001	18.680099	3.533850	153.997230	1049.011571
179.520000	51.150000	-153.151001	18.930099	3.925707	153.893070	1042.931519
179.520000	51.150000	-153.151001	19.180099	3.975346	153.787827	1036.851467
179.520000	51.150000	-153.151001	19.430099	3.847525	153.681459	1030.785670
179.520000	51.150000	-153.151001	19.680099	3.827248	153.573965	1024.746676
179.520000	51.150000	-152.901001	18.430099	3.193819	153.926755	1057.452280
179.520000	51.150000	-152.901001	18.680099	3.798862	153.823504	1051.490471
179.520000	51.150000	-152.901001	18.930099	4.079967	153.719165	1045.410418
179.520000	51.150000	-152.901001	19.180099	3.951312	153.613752	1039.338306
179.520000	51.150000	-152.651001	18.680099	4.014684	153.651144	1053.969370
