-155.772995	19.079000	902.273000
-155.996994	20.771000	873.247000
-156.658005	20.891001	884.273000
-156.755997	21.136000	881.265000
-154.617798	20.088900	860.053000
-155.679398	21.205500	859.661000
-154.691299	17.180099	923.253000
-154.797394	18.803101	888.346000
-155.714996	18.000299	923.967000
-156.808197	18.404200	935.340000
-156.167007	18.301001	928.239000
-156.465103	18.775000	921.318000
-157.227295	18.984800	931.250000
-156.510101	19.477699	908.646000
-156.932007	19.832701	908.618000
-157.627594	20.346100	912.242000
-156.167007	18.301001	927.914000
-157.627594	20.346100	912.742000
