-155.772995	19.079000	2936.800000
-157.931000	21.646000	2867.800000
-155.996994	20.771000	2921.771000
-154.983002	19.601000	2954.790000
-159.401001	21.971001	2821.801000
-156.658005	20.891001	2903.797000
-157.270004	21.108999	2887.793000
-154.617798	20.088900	2960.767000
-155.679398	21.205500	2927.776000
-154.482803	21.001900	2960.759000
-153.982697	21.519699	2966.759000
-153.902405	19.979099	2978.758000
-153.503204	19.495199	2991.757000
-153.992294	18.797600	2982.752000
-153.295898	18.800900	3000.768000
-152.132401	18.481400	3029.768000
-153.290604	17.906200	3000.757000
-153.700806	17.297501	2994.777000
-154.691299	17.180099	2968.757000
-154.030502	17.988400	2983.757000
-154.495895	18.401699	2971.754000
-154.797394	18.803101	2961.772000
-155.714996	18.000299	2940.771000
-156.808197	18.404200	2910.760000
-156.167007	18.301001	2927.755000
-157.227295	18.984800	2897.768000
-156.510101	19.477699	2914.767000
-156.932007	19.832701	2902.760000
-157.627594	20.346100	2882.763000
