-155.772995	19.079000	2970.613000
-157.931000	21.646000	2884.641000
-155.996994	20.771000	2929.622000
-155.710999	20.046000	2951.618000
-159.401001	21.971001	2847.610000
-156.658005	20.891001	2916.616000
-159.664993	22.122999	2840.633000
-156.755997	21.136000	2909.599000
-154.617798	20.088900	2965.242000
-155.679398	21.205500	2924.564000
-154.482803	21.001900	2947.601000
-153.982697	21.519699	2940.026000
-153.292099	20.892599	2962.602000
-153.902405	19.979099	2976.715000
-153.503204	19.495199	2993.606000
-153.992294	18.797600	3003.048000
-153.295898	18.800900	3013.252000
-152.132401	18.481400	3035.939000
-153.290604	17.906200	3032.855000
-153.700806	17.297501	3039.433000
-154.691299	17.180099	3025.623000
-154.030502	17.988400	3020.609000
-154.495895	18.401699	3004.605000
-154.797394	18.803101	2991.462000
-155.714996	18.000299	2992.605000
-156.808197	18.404200	2964.964000
-156.167007	18.301001	2978.764000
-157.227295	18.984800	2945.602000
-156.510101	19.477699	2950.292000
-156.932007	19.832701	2934.452000
-157.627594	20.346100	2911.463000
