73.470000	34.380000	-159.164993	21.930099	-12.047221	139.438126	2853.515959
73.470000	34.380000	-158.914993	21.680099	-12.449764	139.481105	2862.707023
73.470000	34.380000	-158.914993	21.930099	-9.319603	139.575263	2859.041222
73.470000	34.380000	-158.664993	21.180099	-2.904420	139.429441	2876.421857
73.470000	34.380000	-158.664993	21.430099	-11.188166	139.523988	2872.034168
73.470000	34.380000	-158.664993	21.680099	-7.424572	139.618485	2868.144944
73.470000	34.380000	-158.664993	21.930099	12.594776	139.712952	2862.174663
73.470000	34.380000	-158.414993	20.930099	-3.754658	139.471819	2885.838554
73.470000	34.380000	-158.414993	21.180099	-10.690199	139.566715	2881.361312
73.470000	34.380000	-158.414993	21.430099	-14.089077	139.661590	2877.472088
73.470000	34.380000	-158.414993	21.680099	-1.556350	139.756395	2873.582864
73.470000	34.380000	-158.414993	21.930099	19.408421	139.851183	2865.308103
73.470000	34.380000	-158.164993	20.680099	-3.575653	139.514072	2895.255252
73.470000	34.380000	-158.164993	20.930099	-10.191048	139.609356	2890.688456
73.470000	34.380000	-158.164993	21.180099	-14.132066	139.704580	2886.799232
73.470000	34.380000	-158.164993	21.430099	-14.227245	139.799759	2882.910008
73.470000	34.380000	-158.164993	21.680099	6.358087	139.894882	2879.020784
73.470000	34.380000	-158.164993	21.930099	23.511392	139.989969	2868.441544
73.470000	34.380000	-157.914993	20.180099	-0.009445	139.460478	2909.630587
73.470000	34.380000	-157.914993	20.430099	-3.070552	139.556211	2904.671949
73.470000	34.380000	-157.914993	20.680099	-8.766779	139.651854	2900.015601
73.470000	34.380000	-157.914993	20.930099	-12.081345	139.747462	2896.126377
73.470000	34.380000	-157.914993	21.180099	-10.840837	139.842986	2892.237153
73.470000	34.380000	-157.914993	21.430099	-5.398181	139.938482	2888.347929
73.470000	34.380000	-157.914993	21.680099	16.268543	140.033902	2883.249298
73.470000	34.380000	-157.664993	19.930099	-1.671469	139.502133	2919.047284
73.470000	34.380000	-157.664993	20.180099	-2.558465	139.598236	2914.088647
73.470000	34.380000	-157.664993	20.430099	-3.768567	139.694274	2909.342745
73.470000	34.380000	-157.664993	20.680099	-4.621765	139.790239	2905.125725
73.470000	34.380000	-157.664993	20.930099	-2.613963	139.886146	2900.764902
73.470000	34.380000	-157.664993	21.180099	-0.992224	139.981986	2896.404079
73.470000	34.380000	-157.664993	21.430099	4.473238	140.077775	2892.043256
73.470000	34.380000	-157.414993	19.680099	-2.316350	139.543648	2928.476355
73.470000	34.380000	-157.414993	19.930099	-2.704318	139.640156	2923.571992
73.470000	34.380000	-157.414993	20.180099	-0.846710	139.736562	2918.667630
73.470000	34.380000	-157.414993	20.430099	0.710637	139.832919	2913.349830
73.470000	34.380000	-157.414993	20.680099	1.951090	139.929181	2908.543147
73.470000	34.380000	-157.414993	20.930099	1.890069	140.025400	2904.182324
73.470000	34.380000	-157.414993	21.180099	1.723819	140.121530	2899.821500
73.470000	34.380000	-157.414993	21.430099	5.021187	140.217624	2895.482628
73.470000	34.380000	-157.164993	19.430099	-3.799307	139.585086	2938.023351
73.470000	34.380000	-157.164993	19.680099	-3.521147	139.681973	2933.118988
73.470000	34.380000	-157.164993	19.930099	-1.758973	139.778782	2928.214626
73.470000	34.380000	-157.164993	20.180099	0.689259	139.875505	2923.009196
73.470000	34.380000	-157.164993	20.430099	1.043198	139.972157	2917.675807
73.470000	34.380000	-157.164993	20.680099	1.048874	140.068729	2912.319068
73.470000	34.380000	-157.164993	20.930099	1.832406	140.165236	2907.599745
73.470000	34.380000	-157.164993	21.180099	0.618915	140.261669	2903.238922
73.470000	34.380000	-157.164993	21.430099	4.603409	140.358045	2899.195293
73.470000	34.380000	-156.914993	18.930099	-5.348076	139.529025	2952.798004
73.470000	34.380000	-156.914993	19.180099	-5.137437	139.626394	2948.014215
73.470000	34.380000	-156.914993	19.430099	-4.562988	139.723695	2942.965925
73.470000	34.380000	-156.914993	19.680099	-3.086359	139.820881	2937.895466
73.470000	34.380000	-156.914993	19.930099	0.232176	139.918004	2932.668563
73.470000	34.380000	-156.914993	20.180099	1.771085	140.015019	2927.335173
73.470000	34.380000	-156.914993	20.430099	1.367741	140.111978	2922.001783
73.470000	34.380000	-156.914993	20.680099	1.042512	140.208836	2916.668394
73.470000	34.380000	-156.914993	20.930099	0.958433	140.305644	2911.277113
73.470000	34.380000	-156.914993	21.180099	-0.561677	140.402357	2906.656343
73.470000	34.380000	-156.914993	21.430099	6.084705	140.499026	2902.907959
73.470000	34.380000	-156.664993	18.680099	-4.757735	139.569841	2962.424827
73.470000	34.380000	-156.664993	18.930099	-4.853893	139.667636	2957.720556
73.470000	34.380000	-156.664993	19.180099	-4.726400	139.765325	2952.936767
73.470000	34.380000	-156.664993	19.430099	-4.125901	139.862922	2948.085494
73.470000	34.380000	-156.664993	19.680099	-0.449241	139.960420	2942.811024
73.470000	34.380000	-156.664993	19.930099	2.009966	140.057833	2937.028698
73.470000	34.380000	-156.664993	20.180099	2.054535	140.155154	2931.407314
73.470000	34.380000	-156.664993	20.430099	1.939182	140.252396	2926.166712
73.470000	34.380000	-156.664993	20.680099	1.670436	140.349552	2920.926111
73.470000	34.380000	-156.664993	20.930099	1.702677	140.446637	2915.631222
73.470000	34.380000	-156.664993	21.180099	0.993094	140.543641	2910.301226
73.470000	34.380000	-156.664993	21.430099	8.557092	140.640581	2906.369333
73.470000	34.380000	-156.414993	18.430099	-4.819495	139.610563	2971.749733
73.470000	34.380000	-156.414993	18.680099	-3.778330	139.708757	2967.048843
73.470000	34.380000	-156.414993	18.930099	-3.553589	139.806868	2962.347953
73.470000	34.380000	-156.414993	19.180099	-3.308061	139.904851	2957.636194
73.470000	34.380000	-156.414993	19.430099	-0.647073	140.002758	2952.834459
73.470000	34.380000	-156.414993	19.680099	1.483149	140.100544	2947.335132
73.470000	34.380000	-156.414993	19.930099	1.779986	140.198260	2941.556407
73.470000	34.380000	-156.414993	20.180099	1.847319	140.295862	2935.757651
73.470000	34.380000	-156.414993	20.430099	2.160773	140.393400	2930.134305
73.470000	34.380000	-156.414993	20.680099	2.692167	140.490830	2924.893704
73.470000	34.380000	-156.414993	20.930099	3.888884	140.588203	2919.533683
73.470000	34.380000	-156.414993	21.180099	2.271703	140.685476	2914.013892
73.470000	34.380000	-156.414993	21.430099	10.143736	140.782697	2909.695244
73.470000	34.380000	-156.164993	18.430099	-3.216006	139.749820	2976.322043
73.470000	34.380000	-156.164993	18.680099	-2.399969	139.848330	2971.526109
73.470000	34.380000	-156.164993	18.930099	-2.090606	139.946733	2966.730175
73.470000	34.380000	-156.164993	19.180099	-1.174205	140.045024	2961.934241
73.470000	34.380000	-156.164993	19.430099	1.044248	140.143217	2956.928402
73.470000	34.380000	-156.164993	19.680099	1.630694	140.241303	2951.755126
73.470000	34.380000	-156.164993	19.930099	1.389865	140.339298	2946.081098
73.470000	34.380000	-156.164993	20.180099	1.572608	140.437193	2940.285360
73.470000	34.380000	-156.164993	20.430099	1.606812	140.535004	2934.486604
73.470000	34.380000	-156.164993	20.680099	2.707728	140.632720	2928.861297
73.470000	34.380000	-156.164993	20.930099	4.573554	140.730359	2923.398283
73.470000	34.380000	-156.164993	21.180099	3.284062	140.827910	2917.726557
73.470000	34.380000	-156.164993	21.430099	11.136975	140.925391	2913.021155
73.470000	34.380000	-155.914993	18.180099	-3.969758	139.790774	2985.572234
73.470000	34.380000	-155.914993	18.430099	-1.656647	139.889715	2980.713161
73.470000	34.380000	-155.914993	18.680099	-1.563052	139.988514	2975.854088
73.470000	34.380000	-155.914993	18.930099	-1.447056	140.087223	2971.028221
73.470000	34.380000	-155.914993	19.180099	1.032436	140.185797	2966.195621
73.470000	34.380000	-155.914993	19.430099	2.275375	140.284288	2961.022345
73.470000	34.380000	-155.914993	19.680099	2.191627	140.382651	2955.849069
73.470000	34.380000	-155.914993	19.930099	1.842117	140.480936	2950.605206
73.470000	34.380000	-155.914993	20.180099	2.305676	140.579101	2944.813069
73.470000	34.380000	-155.914993	20.430099	2.782975	140.677194	2939.014313
73.470000	34.380000	-155.914993	20.680099	3.887658	140.775175	2933.146513
73.470000	34.380000	-155.914993	20.930099	4.976892	140.873089	2927.242618
73.470000	34.380000	-155.914993	21.180099	4.017979	140.970898	2921.522375
73.470000	34.380000	-155.914993	21.430099	12.196319	141.068647	2916.347066
73.470000	34.380000	-155.664993	18.180099	-0.607461	139.931028	2989.884855
73.470000	34.380000	-155.664993	18.430099	-0.212739	140.030256	2985.000981
73.470000	34.380000	-155.664993	18.680099	-0.226822	140.129359	2980.117107
73.470000	34.380000	-155.664993	18.930099	0.933459	140.228349	2975.233233
73.470000	34.380000	-155.664993	19.180099	3.766295	140.327219	2969.973931
73.470000	34.380000	-155.664993	19.430099	4.687215	140.425984	2964.850487
73.470000	34.380000	-155.664993	19.680099	4.401507	140.524636	2959.727042
73.470000	34.380000	-155.664993	19.930099	4.945102	140.623189	2954.603598
73.470000	34.380000	-155.664993	20.180099	5.783740	140.721635	2949.056326
73.470000	34.380000	-155.664993	20.430099	6.965444	140.819989	2943.131958
73.470000	34.380000	-155.664993	20.680099	7.063413	140.918243	2937.207591
73.470000	34.380000	-155.664993	20.930099	7.016965	141.016412	2931.283224
73.470000	34.380000	-155.664993	21.180099	5.770118	141.114487	2925.358857
73.470000	34.380000	-155.664993	21.430099	13.227936	141.212484	2919.672977
73.470000	34.380000	-155.414993	17.930099	-0.633533	139.972273	2998.907840
73.470000	34.380000	-155.414993	18.180099	0.561168	140.071908	2993.911418
73.470000	34.380000	-155.414993	18.430099	0.825456	140.171437	2988.962430
73.470000	34.380000	-155.414993	18.680099	0.682688	140.270819	2984.078556
73.470000	34.380000	-155.414993	18.930099	2.474914	140.370102	2979.194682
73.470000	34.380000	-155.414993	19.180099	5.338907	140.469245	2973.713267
73.470000	34.380000	-155.414993	19.430099	6.189119	140.568295	2968.167165
73.470000	34.380000	-155.414993	19.680099	6.415659	140.667212	2963.043720
73.470000	34.380000	-155.414993	19.930099	7.291344	140.766043	2957.920276
73.470000	34.380000	-155.414993	20.180099	8.793835	140.864748	2952.404434
73.470000	34.380000	-155.414993	20.430099	9.564014	140.963373	2946.480067
73.470000	34.380000	-155.414993	20.680099	9.335080	141.061879	2940.555700
73.470000	34.380000	-155.414993	20.930099	6.532479	141.160312	2934.636935
73.470000	34.380000	-155.414993	21.180099	6.516779	141.258632	2929.095447
73.470000	34.380000	-155.164993	17.930099	0.336669	140.113531	3003.000469
73.470000	34.380000	-155.164993	18.180099	0.448113	140.213464	2998.044496
73.470000	34.380000	-155.164993	18.430099	0.568720	140.313270	2992.964359
73.470000	34.380000	-155.164993	18.680099	0.794046	140.412943	2988.040006
73.470000	34.380000	-155.164993	18.930099	3.616971	140.512496	2983.088087
73.470000	34.380000	-155.164993	19.180099	5.665854	140.611922	2977.465931
73.470000	34.380000	-155.164993	19.430099	5.507411	140.711235	2971.843774
73.470000	34.380000	-155.164993	19.680099	6.028726	140.810428	2966.360398
73.470000	34.380000	-155.164993	19.930099	7.071718	140.909516	2961.236954
73.470000	34.380000	-155.164993	20.180099	8.581328	141.008489	2955.752542
73.470000	34.380000	-155.164993	20.430099	9.135499	141.107364	2949.828175
73.470000	34.380000	-155.164993	20.680099	6.020268	141.206131	2943.936258
73.470000	34.380000	-155.164993	20.930099	3.987141	141.304807	2938.530114
73.470000	34.380000	-155.164993	21.180099	8.065144	141.403381	2932.694704
73.470000	34.380000	-154.914993	17.680099	0.295127	140.155073	3012.049069
73.470000	34.380000	-154.914993	17.930099	0.194758	140.255442	3007.093097
73.470000	34.380000	-154.914993	18.180099	0.329140	140.355650	3002.137125
73.470000	34.380000	-154.914993	18.430099	0.296963	140.455745	2997.098082
73.470000	34.380000	-154.914993	18.680099	1.425963	140.555685	2992.017299
73.470000	34.380000	-154.914993	18.930099	4.862608	140.655519	2986.840751
73.470000	34.380000	-154.914993	19.180099	5.740358	140.755206	2981.218595
73.470000	34.380000	-154.914993	19.430099	5.545268	140.854792	2975.596438
73.470000	34.380000	-154.914993	19.680099	5.366393	140.954239	2969.974281
73.470000	34.380000	-154.914993	19.930099	6.669715	141.053592	2964.553632
73.470000	34.380000	-154.914993	20.180099	7.914955	141.152813	2959.100650
73.470000	34.380000	-154.914993	20.430099	5.816129	141.251946	2953.235582
73.470000	34.380000	-154.914993	20.680099	2.889886	141.350954	2947.829438
73.470000	34.380000	-154.914993	20.930099	4.531069	141.449880	2942.423293
73.470000	34.380000	-154.914993	21.180099	9.046092	141.548688	2936.293961
73.470000	34.380000	-154.664993	17.680099	-0.090171	140.297379	3016.141698
73.470000	34.380000	-154.664993	17.930099	-0.141457	140.398020	3011.185725
73.470000	34.380000	-154.664993	18.180099	-0.073581	140.498515	3006.229753
73.470000	34.380000	-154.664993	18.430099	1.057462	140.598875	3001.231806
73.470000	34.380000	-154.664993	18.680099	3.976747	140.699095	2996.059203
73.470000	34.380000	-154.664993	18.930099	6.262686	140.799187	2990.504802
73.470000	34.380000	-154.664993	19.180099	6.160663	140.899145	2984.909632
73.470000	34.380000	-154.664993	19.430099	5.963615	140.998983	2979.314461
73.470000	34.380000	-154.664993	19.680099	5.842486	141.098693	2973.719290
73.470000	34.380000	-154.664993	19.930099	7.102057	141.198291	2968.104789
73.470000	34.380000	-154.664993	20.180099	6.926347	141.297768	2962.534906
73.470000	34.380000	-154.664993	20.430099	4.355395	141.397139	2957.128761
73.470000	34.380000	-154.664993	20.680099	3.884229	141.496395	2951.722617
73.470000	34.380000	-154.664993	20.930099	6.006269	141.595552	2946.316473
73.470000	34.380000	-154.664993	21.180099	9.953001	141.694602	2939.893219
73.470000	34.380000	-154.414993	17.680099	-0.364850	140.440330	3020.305278
73.470000	34.380000	-154.414993	17.930099	-0.509933	140.541256	3015.334854
73.470000	34.380000	-154.414993	18.180099	0.756265	140.642014	3010.364429
73.470000	34.380000	-154.414993	18.430099	4.207109	140.742650	3005.142891
73.470000	34.380000	-154.414993	18.680099	6.428659	140.843125	2999.619233
73.470000	34.380000	-154.414993	18.930099	6.499912	140.943486	2994.064262
73.470000	34.380000	-154.414993	19.180099	6.574270	141.043693	2988.469091
73.470000	34.380000	-154.414993	19.430099	7.281569	141.143792	2982.873921
73.470000	34.380000	-154.414993	19.680099	8.457548	141.243744	2977.270300
73.470000	34.380000	-154.414993	19.930099	9.000501	141.343595	2971.461155
73.470000	34.380000	-154.414993	20.180099	7.432191	141.443307	2965.899682
73.470000	34.380000	-154.414993	20.430099	6.317304	141.542924	2960.596708
73.470000	34.380000	-154.414993	20.680099	7.147200	141.642408	2955.293734
73.470000	34.380000	-154.414993	20.930099	10.363637	141.741804	2949.929931
73.470000	34.380000	-154.414993	21.180099	12.199150	141.841075	2943.492476
73.470000	34.380000	-154.164993	17.680099	-0.507983	140.583977	3024.431921
73.470000	34.380000	-154.164993	17.930099	0.438909	140.685163	3019.517831
73.470000	34.380000	-154.164993	18.180099	3.752665	140.786195	3014.366392
73.470000	34.380000	-154.164993	18.430099	6.068073	140.887085	3008.769723
73.470000	34.380000	-154.164993	18.680099	6.145488	140.987827	3003.179263
73.470000	34.380000	-154.164993	18.930099	6.947182	141.088434	2997.623721
73.470000	34.380000	-154.164993	19.180099	8.318199	141.188900	2992.006318
73.470000	34.380000	-154.164993	19.430099	9.539069	141.289238	2986.197172
73.470000	34.380000	-154.164993	19.680099	10.328819	141.389442	2980.388027
73.470000	34.380000	-154.164993	19.930099	9.604946	141.489525	2974.578882
73.470000	34.380000	-154.164993	20.180099	8.669973	141.589480	2969.095098
73.470000	34.380000	-154.164993	20.430099	10.134514	141.689323	2963.792124
73.470000	34.380000	-154.164993	20.680099	12.011232	141.789043	2958.185291
73.470000	34.380000	-154.164993	20.930099	13.847188	141.888658	2952.563482
73.470000	34.380000	-154.164993	21.180099	14.086009	141.988158	2946.500464
73.470000	34.380000	-153.914993	17.680099	1.461927	140.728272	3028.495089
73.470000	34.380000	-153.914993	17.930099	3.560317	140.829730	3023.449733
73.470000	34.380000	-153.914993	18.180099	5.853481	140.931013	3018.019987
73.470000	34.380000	-153.914993	18.430099	5.725906	141.032166	3012.420351
73.470000	34.380000	-153.914993	18.680099	6.086148	141.133153	3006.820715
73.470000	34.380000	-153.914993	18.930099	7.374938	141.234015	3001.036240
73.470000	34.380000	-153.914993	19.180099	8.679434	141.334718	2995.197936
73.470000	34.380000	-153.914993	19.430099	8.852767	141.435305	2989.359633
73.470000	34.380000	-153.914993	19.680099	8.831725	141.535739	2983.521330
73.470000	34.380000	-153.914993	19.930099	9.128166	141.636062	2977.696609
73.470000	34.380000	-153.914993	20.180099	10.767960	141.736241	2972.062461
73.470000	34.380000	-153.914993	20.430099	13.000262	141.836316	2966.440652
73.470000	34.380000	-153.914993	20.680099	12.962877	141.936253	2960.818843
73.470000	34.380000	-153.914993	20.930099	13.817420	142.036093	2955.197034
73.470000	34.380000	-153.914993	21.180099	15.010686	142.135802	2949.085189
73.470000	34.380000	-153.664993	17.680099	4.171441	140.873265	3032.127700
73.470000	34.380000	-153.664993	17.930099	4.959905	140.974972	3027.020020
73.470000	34.380000	-153.664993	18.180099	5.869645	141.076517	3021.588081
73.470000	34.380000	-153.664993	18.430099	5.645353	141.177912	3016.110032
73.470000	34.380000	-153.664993	18.680099	5.792129	141.279152	3010.510396
73.470000	34.380000	-153.664993	18.930099	6.554919	141.380250	3004.715803
73.470000	34.380000	-153.664993	19.180099	7.115161	141.481198	2998.743965
73.470000	34.380000	-153.664993	19.430099	7.691426	141.582012	2992.860614
73.470000	34.380000	-153.664993	19.680099	8.626229	141.682684	2987.022310
73.470000	34.380000	-153.664993	19.930099	9.714766	141.783229	2980.992419
73.470000	34.380000	-153.664993	20.180099	10.826031	141.883638	2974.953529
73.470000	34.380000	-153.664993	20.430099	11.525779	141.983927	2969.074204
73.470000	34.380000	-153.664993	20.680099	12.629995	142.084087	2963.452395
73.470000	34.380000	-153.664993	20.930099	13.956349	142.184134	2957.823628
73.470000	34.380000	-153.414993	17.930099	5.616137	141.120877	3030.576238
73.470000	34.380000	-153.414993	18.180099	6.160197	141.222662	3025.119600
73.470000	34.380000	-153.414993	18.430099	5.997197	141.324307	3019.662962
73.470000	34.380000	-153.414993	18.680099	6.161856	141.425779	3014.200076
73.470000	34.380000	-153.414993	18.930099	7.556021	141.527119	3008.407248
73.470000	34.380000	-153.414993	19.180099	8.647963	141.628294	3002.435409
73.470000	34.380000	-153.414993	19.430099	9.315258	141.729342	2996.326794
73.470000	34.380000	-153.414993	19.680099	9.803448	141.830233	2990.288382
73.470000	34.380000	-153.414993	19.930099	9.734370	141.931004	2984.249969
73.470000	34.380000	-153.414993	20.180099	9.632940	142.031625	2978.211364
73.470000	34.380000	-153.414993	20.430099	10.120897	142.132133	2972.172473
73.470000	34.380000	-153.164993	18.180099	6.335956	141.369495	3028.572013
73.470000	34.380000	-153.164993	18.430099	6.502011	141.471371	3023.114455
73.470000	34.380000	-153.164993	18.680099	7.384787	141.573083	3017.656897
73.470000	34.380000	-153.164993	18.930099	9.735803	141.674646	3011.761514
73.470000	34.380000	-153.164993	19.180099	10.360198	141.776053	3005.641170
73.470000	34.380000	-153.164993	19.430099	9.840389	141.877317	2999.581466
73.470000	34.380000	-153.164993	19.680099	9.697141	141.978432	2993.543053
73.470000	34.380000	-153.164993	19.930099	9.596160	142.079413	2987.504641
73.470000	34.380000	-152.914993	18.180099	6.015871	141.516972	3031.948094
73.470000	34.380000	-152.914993	18.430099	6.639708	141.619085	3026.490536
73.470000	34.380000	-152.914993	18.680099	8.452838	141.721018	3021.032979
73.470000	34.380000	-152.914993	18.930099	10.393022	141.822810	3014.955592
73.470000	34.380000	-152.914993	19.180099	9.913566	141.924430	3008.874549
73.470000	34.380000	-152.914993	19.430099	9.649657	142.025916	3002.836137
73.470000	34.380000	-152.664993	18.430099	6.567911	141.767472	3029.866618
73.470000	34.380000	-152.664993	18.680099	9.332089	141.869632	3024.270014
73.470000	34.380000	-152.664993	18.930099	9.986663	141.971635	3018.167633
