148.610000	-3.170000	-159.164993	21.930099	1.785864	69.089138	1537.269474
148.610000	-3.170000	-158.914993	21.680099	1.145628	69.436163	1541.241386
148.610000	-3.170000	-158.664993	21.180099	1.293626	69.972807	1542.997513
148.610000	-3.170000	-158.664993	21.430099	0.217599	69.779509	1545.123017
148.610000	-3.170000	-158.414993	20.930099	1.066333	70.310823	1546.917721
148.610000	-3.170000	-158.414993	21.180099	-0.020435	70.119106	1549.004648
148.610000	-3.170000	-158.414993	21.430099	-0.242710	69.927242	1551.344876
148.610000	-3.170000	-158.164993	20.680099	0.840822	70.645173	1550.837929
148.610000	-3.170000	-158.164993	20.930099	-0.254014	70.455022	1552.886279
148.610000	-3.170000	-158.164993	21.180099	-0.877529	70.264743	1555.226507
148.610000	-3.170000	-158.164993	21.430099	0.772963	70.074215	1557.566735
148.610000	-3.170000	-157.914993	20.180099	0.096152	71.164074	1552.878581
148.610000	-3.170000	-157.914993	20.430099	0.623398	70.975740	1554.758137
148.610000	-3.170000	-157.914993	20.680099	-0.483053	70.787181	1556.767911
148.610000	-3.170000	-157.914993	20.930099	-1.211259	70.598472	1559.108139
148.610000	-3.170000	-157.914993	21.180099	-1.022320	70.409533	1561.448367
148.610000	-3.170000	-157.914993	21.430099	1.521104	70.220437	1563.788595
148.610000	-3.170000	-157.664993	19.930099	0.949639	71.489378	1556.798789
148.610000	-3.170000	-157.664993	20.180099	1.051229	71.302641	1558.678346
148.610000	-3.170000	-157.664993	20.430099	-0.385519	71.115661	1560.649542
148.610000	-3.170000	-157.664993	20.680099	-1.541334	70.928547	1562.989770
148.610000	-3.170000	-157.664993	20.930099	-1.353970	70.741183	1565.329998
148.610000	-3.170000	-157.664993	21.180099	-1.062412	70.553679	1567.670226
148.610000	-3.170000	-157.664993	21.430099	-3.314010	70.365916	1569.984676
148.610000	-3.170000	-157.414993	19.680099	0.183637	71.810911	1560.770748
148.610000	-3.170000	-157.414993	19.930099	-0.045903	71.625762	1562.877307
148.610000	-3.170000	-157.414993	20.180099	0.442806	71.440382	1564.983867
148.610000	-3.170000	-157.414993	20.430099	0.746322	71.254853	1567.090427
148.610000	-3.170000	-157.414993	20.680099	-0.481484	71.069086	1569.211629
148.610000	-3.170000	-157.414993	20.930099	-1.495949	70.883162	1571.551857
148.610000	-3.170000	-157.414993	21.180099	-0.045930	70.696995	1573.892085
148.610000	-3.170000	-157.164993	19.430099	-0.503975	72.128768	1565.235925
148.610000	-3.170000	-157.164993	19.680099	0.082028	71.945222	1567.342485
148.610000	-3.170000	-157.164993	19.930099	0.408649	71.761433	1569.449044
148.610000	-3.170000	-157.164993	20.180099	0.649326	71.577505	1571.555604
148.610000	-3.170000	-157.164993	20.430099	1.304272	71.393326	1573.662163
148.610000	-3.170000	-157.164993	20.680099	1.402018	71.209002	1575.649944
148.610000	-3.170000	-157.164993	20.930099	-0.531970	71.024419	1577.773717
148.610000	-3.170000	-157.164993	21.180099	0.987903	70.839684	1580.113945
148.610000	-3.170000	-156.914993	18.930099	3.203561	72.624667	1567.711128
148.610000	-3.170000	-156.914993	19.180099	0.948050	72.442859	1569.374555
148.610000	-3.170000	-156.914993	19.430099	-1.580985	72.260911	1571.540686
148.610000	-3.170000	-156.914993	19.680099	-1.449829	72.078726	1573.758410
148.610000	-3.170000	-156.914993	19.930099	-0.843284	71.896393	1575.976134
148.610000	-3.170000	-156.914993	20.180099	-0.062402	71.713818	1578.127340
148.610000	-3.170000	-156.914993	20.430099	0.445882	71.531086	1580.233900
148.610000	-3.170000	-156.914993	20.680099	2.092495	71.348106	1582.340460
148.610000	-3.170000	-156.914993	20.930099	1.912231	71.164960	1584.152527
148.610000	-3.170000	-156.914993	21.180099	2.368971	70.981561	1586.335804
148.610000	-3.170000	-156.664993	18.680099	0.503191	72.933495	1572.635148
148.610000	-3.170000	-156.664993	18.930099	2.938036	72.753289	1574.298575
148.610000	-3.170000	-156.664993	19.180099	2.787053	72.572947	1575.962003
148.610000	-3.170000	-156.664993	19.430099	0.106009	72.392362	1577.740202
148.610000	-3.170000	-156.664993	19.680099	-1.895052	72.211635	1579.957926
148.610000	-3.170000	-156.664993	19.930099	-1.714074	72.030657	1582.175650
148.610000	-3.170000	-156.664993	20.180099	-1.435927	71.849531	1584.393374
148.610000	-3.170000	-156.664993	20.430099	-1.094436	71.668145	1586.611098
148.610000	-3.170000	-156.664993	20.680099	-0.207439	71.486605	1588.828822
148.610000	-3.170000	-156.664993	20.930099	2.911994	71.304797	1590.905147
148.610000	-3.170000	-156.664993	21.180099	5.104613	71.122828	1592.294657
148.610000	-3.170000	-156.414993	18.430099	-2.799138	73.238562	1576.376381
148.610000	-3.170000	-156.414993	18.680099	-3.526376	73.059963	1578.565515
148.610000	-3.170000	-156.414993	18.930099	-0.887291	72.881226	1580.754650
148.610000	-3.170000	-156.414993	19.180099	2.159224	72.702249	1582.549451
148.610000	-3.170000	-156.414993	19.430099	2.033523	72.523125	1584.212878
148.610000	-3.170000	-156.414993	19.680099	-0.752632	72.343754	1586.157442
148.610000	-3.170000	-156.414993	19.930099	-1.847645	72.164229	1588.375166
148.610000	-3.170000	-156.414993	20.180099	-1.667867	71.984451	1590.592890
148.610000	-3.170000	-156.414993	20.430099	-1.418953	71.804509	1592.810614
148.610000	-3.170000	-156.414993	20.680099	1.324809	71.624309	1595.011509
148.610000	-3.170000	-156.414993	20.930099	2.614736	71.443935	1596.414246
148.610000	-3.170000	-156.164993	18.430099	-4.038735	73.362995	1582.177184
148.610000	-3.170000	-156.164993	18.680099	-3.861605	73.185866	1584.366318
148.610000	-3.170000	-156.164993	18.930099	-3.684234	73.008494	1586.555453
148.610000	-3.170000	-156.164993	19.180099	-2.317772	72.830978	1588.744587
148.610000	-3.170000	-156.164993	19.430099	0.804367	72.653212	1590.800326
148.610000	-3.170000	-156.164993	19.680099	1.054292	72.475295	1592.463754
148.610000	-3.170000	-156.164993	19.930099	-1.541832	72.297120	1594.574682
148.610000	-3.170000	-156.164993	20.180099	-1.802203	72.118786	1596.792406
148.610000	-3.170000	-156.164993	20.430099	0.307570	71.940187	1599.010130
148.610000	-3.170000	-156.164993	20.680099	2.517880	71.761423	1600.578444
148.610000	-3.170000	-156.164993	20.930099	1.310759	71.582385	1602.178153
148.610000	-3.170000	-155.914993	18.180099	-2.128572	73.662285	1585.788853
148.610000	-3.170000	-155.914993	18.430099	-3.990527	73.486765	1587.977987
148.610000	-3.170000	-155.914993	18.680099	-3.816459	73.311002	1590.167121
148.610000	-3.170000	-155.914993	18.930099	-3.642247	73.135094	1592.356256
148.610000	-3.170000	-155.914993	19.180099	-3.467786	72.958937	1594.545390
148.610000	-3.170000	-155.914993	19.430099	-3.080986	72.782627	1596.734524
148.610000	-3.170000	-155.914993	19.680099	-0.702924	72.606062	1598.923658
148.610000	-3.170000	-155.914993	19.930099	-0.540252	72.429334	1600.774198
148.610000	-3.170000	-155.914993	20.180099	0.100750	72.252346	1602.991922
148.610000	-3.170000	-155.914993	20.430099	2.282128	72.075186	1604.636598
148.610000	-3.170000	-155.914993	20.680099	1.967207	71.897759	1606.266501
148.610000	-3.170000	-155.914993	20.930099	0.734861	71.720152	1608.078442
148.610000	-3.170000	-155.664993	18.180099	-3.094806	73.784043	1591.696973
148.610000	-3.170000	-155.664993	18.430099	-3.271151	73.609889	1593.885052
148.610000	-3.170000	-155.664993	18.680099	-3.098416	73.435589	1596.073130
148.610000	-3.170000	-155.664993	18.930099	-2.925434	73.261041	1598.261209
148.610000	-3.170000	-155.664993	19.180099	-2.752298	73.086340	1600.449287
148.610000	-3.170000	-155.664993	19.430099	-2.578907	72.911383	1602.637366
148.610000	-3.170000	-155.664993	19.680099	-2.445387	72.736266	1604.825444
148.610000	-3.170000	-155.664993	19.930099	-0.932384	72.560885	1607.013523
148.610000	-3.170000	-155.664993	20.180099	0.574575	72.385337	1608.933740
148.610000	-3.170000	-155.664993	20.430099	1.562789	72.209517	1610.704711
148.610000	-3.170000	-155.664993	20.680099	1.915110	72.033522	1612.475682
148.610000	-3.170000	-155.664993	20.930099	2.054061	71.857247	1614.246653
148.610000	-3.170000	-155.414993	17.930099	-3.383358	74.077601	1595.804900
148.610000	-3.170000	-155.414993	18.180099	-2.779884	73.905054	1598.107327
148.610000	-3.170000	-155.414993	18.430099	-2.431042	73.732365	1600.226206
148.610000	-3.170000	-155.414993	18.680099	-2.596929	73.559425	1602.414285
148.610000	-3.170000	-155.414993	18.930099	-2.423840	73.386336	1604.602363
148.610000	-3.170000	-155.414993	19.180099	-2.250493	73.212989	1606.790442
148.610000	-3.170000	-155.414993	19.430099	-2.097806	73.039483	1608.978520
148.610000	-3.170000	-155.414993	19.680099	-1.428359	72.865713	1611.139663
148.610000	-3.170000	-155.414993	19.930099	-0.368226	72.691775	1613.144734
148.610000	-3.170000	-155.414993	20.180099	0.780924	72.517568	1615.035112
148.610000	-3.170000	-155.414993	20.430099	1.471033	72.343183	1616.806083
148.610000	-3.170000	-155.414993	20.680099	1.677574	72.168523	1618.577053
148.610000	-3.170000	-155.414993	20.930099	-5.533297	71.993675	1620.358882
148.610000	-3.170000	-155.164993	17.930099	-5.303867	74.196622	1602.171496
148.610000	-3.170000	-155.164993	18.180099	-3.029777	74.025539	1604.629086
148.610000	-3.170000	-155.164993	18.430099	-1.581417	73.854211	1606.610379
148.610000	-3.170000	-155.164993	18.680099	-2.523137	73.682729	1608.755439
148.610000	-3.170000	-155.164993	18.930099	-2.548498	73.510994	1610.943518
148.610000	-3.170000	-155.164993	19.180099	-2.220767	73.339098	1613.131596
148.610000	-3.170000	-155.164993	19.430099	-1.546592	73.166940	1615.226777
148.610000	-3.170000	-155.164993	19.680099	-1.212116	72.994614	1617.231848
148.610000	-3.170000	-155.164993	19.930099	-0.590731	72.822018	1619.236919
148.610000	-3.170000	-155.164993	20.180099	0.609681	72.649247	1621.136483
148.610000	-3.170000	-155.164993	20.430099	1.211387	72.476198	1622.907454
148.610000	-3.170000	-155.164993	20.680099	-1.387978	72.302966	1624.741323
148.610000	-3.170000	-154.914993	17.680099	-5.591732	74.484488	1606.080502
148.610000	-3.170000	-154.914993	17.930099	-5.422262	74.315017	1608.538092
148.610000	-3.170000	-154.914993	18.180099	-3.994245	74.145294	1610.995682
148.610000	-3.170000	-154.914993	18.430099	-1.489732	73.975426	1613.134616
148.610000	-3.170000	-154.914993	18.680099	-1.661213	73.805298	1615.113432
148.610000	-3.170000	-154.914993	18.930099	-1.969149	73.635015	1617.284673
148.610000	-3.170000	-154.914993	19.180099	-1.443012	73.464468	1619.313891
148.610000	-3.170000	-154.914993	19.430099	-1.388340	73.293756	1621.318962
148.610000	-3.170000	-154.914993	19.680099	-1.312974	73.122772	1623.324033
148.610000	-3.170000	-154.914993	19.930099	-0.759496	72.951615	1625.329104
148.610000	-3.170000	-154.914993	20.180099	0.165375	72.780181	1627.237855
148.610000	-3.170000	-154.914993	20.430099	-1.823692	72.608563	1629.123763
148.610000	-3.170000	-154.914993	20.680099	-3.630249	72.436662	1631.899199
148.610000	-3.170000	-154.664993	17.680099	-5.823716	74.600915	1612.447098
148.610000	-3.170000	-154.664993	17.930099	-5.631970	74.432804	1614.904688
148.610000	-3.170000	-154.664993	18.180099	-4.805210	74.264540	1617.362278
148.610000	-3.170000	-154.664993	18.430099	-2.466150	74.096025	1619.658852
148.610000	-3.170000	-154.664993	18.680099	-0.806719	73.927349	1621.638145
148.610000	-3.170000	-154.664993	18.930099	-0.731232	73.758416	1623.619198
148.610000	-3.170000	-154.664993	19.180099	-0.438085	73.589313	1625.563702
148.610000	-3.170000	-154.664993	19.430099	-0.291761	73.419945	1627.499749
148.610000	-3.170000	-154.664993	19.680099	-0.412576	73.250400	1629.435796
148.610000	-3.170000	-154.664993	19.930099	-0.944923	73.080581	1631.421288
148.610000	-3.170000	-154.664993	20.180099	-3.268648	72.910578	1633.506204
148.610000	-3.170000	-154.664993	20.430099	-4.295546	72.740293	1636.281639
148.610000	-3.170000	-154.664993	20.680099	-4.036246	72.569816	1639.057075
148.610000	-3.170000	-154.414993	17.680099	-6.210783	74.716632	1618.737650
148.610000	-3.170000	-154.414993	17.930099	-6.020069	74.549980	1621.210729
148.610000	-3.170000	-154.414993	18.180099	-5.631497	74.383070	1623.683808
148.610000	-3.170000	-154.414993	18.430099	-4.293676	74.216008	1626.010759
148.610000	-3.170000	-154.414993	18.680099	-2.361799	74.048681	1628.165360
148.610000	-3.170000	-154.414993	18.930099	-1.172135	73.881194	1630.146413
148.610000	-3.170000	-154.414993	19.180099	-0.576719	73.713436	1632.127466
148.610000	-3.170000	-154.414993	19.430099	-0.060046	73.545508	1634.086101
148.610000	-3.170000	-154.414993	19.680099	0.242086	73.377301	1636.022148
148.610000	-3.170000	-154.414993	19.930099	-1.406632	73.208916	1637.958195
148.610000	-3.170000	-154.414993	20.180099	-4.092586	73.040246	1640.336276
148.610000	-3.170000	-154.414993	20.430099	-5.506520	72.871388	1643.175715
148.610000	-3.170000	-154.164993	17.680099	-6.497095	74.831862	1625.007412
148.610000	-3.170000	-154.164993	17.930099	-5.745224	74.666564	1627.480491
148.610000	-3.170000	-154.164993	18.180099	-4.909942	74.501105	1629.706539
148.610000	-3.170000	-154.164993	18.430099	-4.870542	74.335392	1631.920074
148.610000	-3.170000	-154.164993	18.680099	-4.611216	74.169511	1634.133610
148.610000	-3.170000	-154.164993	18.930099	-4.084267	74.003368	1636.347145
148.610000	-3.170000	-154.164993	19.180099	-2.997567	73.837049	1638.560680
148.610000	-3.170000	-154.164993	19.430099	-1.483765	73.670459	1640.635734
148.610000	-3.170000	-154.164993	19.680099	-0.391927	73.503687	1642.608500
148.610000	-3.170000	-154.164993	19.930099	-2.040310	73.336635	1644.544547
148.610000	-3.170000	-153.914993	17.680099	-5.348680	74.946397	1631.188783
148.610000	-3.170000	-153.914993	17.930099	-5.277923	74.782551	1633.402318
148.610000	-3.170000	-153.914993	18.180099	-5.153590	74.618440	1635.615854
148.610000	-3.170000	-153.914993	18.430099	-4.989324	74.454174	1637.829389
148.610000	-3.170000	-153.914993	18.680099	-4.824786	74.289636	1640.042924
148.610000	-3.170000	-153.914993	18.930099	-4.660084	74.124934	1642.256460
148.610000	-3.170000	-153.914993	19.180099	-4.495104	73.959954	1644.469995
148.610000	-3.170000	-153.914993	19.430099	-3.897775	73.794799	1646.683531
148.610000	-3.170000	-153.914993	19.680099	-3.021106	73.629361	1648.897066
