-155.772995	19.079000	1471.468000
-155.996994	20.771000	1442.474000
-155.710999	20.046000	1459.469000
-159.401001	21.971001	1349.473000
-156.658005	20.891001	1426.477000
-159.664993	22.122999	1340.485000
-156.755997	21.136000	1419.487000
-154.617798	20.088900	1482.463000
-155.679398	21.205500	1442.466000
-154.482803	21.001900	1472.453000
-153.982697	21.519699	1471.456000
-153.292099	20.892599	1496.458000
-153.902405	19.979099	1498.452000
-153.503204	19.495199	1514.450000
-153.992294	18.797600	1513.463000
-152.132401	18.481400	1555.458000
-153.290604	17.906200	1539.460000
-153.700806	17.297501	1539.467000
-154.691299	17.180099	1518.457000
-154.030502	17.988400	1523.456000
-154.495895	18.401699	1508.453000
-154.797394	18.803101	1496.453000
-155.714996	18.000299	1485.455000
-156.808197	18.404200	1454.472000
-156.167007	18.301001	1470.451000
-157.227295	18.984800	1438.455000
-156.510101	19.477699	1449.462000
-156.932007	19.832701	1434.456000
-157.627594	20.346100	1411.456000
