-155.772995	19.079000	1524.660000
-155.996994	20.771000	1500.674000
-155.710999	20.046000	1513.671000
-159.401001	21.971001	1405.676000
-156.658005	20.891001	1480.679000
-155.679398	21.205500	1499.670000
-154.482803	21.001900	1528.654000
-153.982697	21.519699	1527.656000
-153.292099	20.892599	1548.666000
-153.503204	19.495199	1574.649000
-152.132401	18.481400	1612.650000
-154.691299	17.180099	1572.666000
-155.714996	18.000299	1540.662000
-156.808197	18.404200	1509.659000
-157.227295	18.984800	1492.656000
-157.627594	20.346100	1466.661000
-153.992294	18.797600	1567.648000
