96.980000	0.010000	-160.595001	23.159600	-6.793169	95.394136	2757.193168
96.980000	0.010000	-160.595001	23.409600	1.547285	95.458838	2757.268928
96.980000	0.010000	-160.595001	23.659600	8.894894	95.523762	2755.530167
96.980000	0.010000	-160.345001	22.159600	-7.387216	95.243542	2764.113039
96.980000	0.010000	-160.345001	22.409600	-7.452378	95.308703	2764.417673
96.980000	0.010000	-160.345001	22.659600	-7.517663	95.373989	2764.722307
96.980000	0.010000	-160.345001	22.909600	-5.090409	95.439596	2765.026941
96.980000	0.010000	-160.345001	23.159600	3.781161	95.505333	2764.630261
96.980000	0.010000	-160.345001	23.409600	11.337006	95.571400	2762.891500
96.980000	0.010000	-160.345001	23.659600	6.720892	95.637604	2761.211923
96.980000	0.010000	-160.345001	23.909600	2.657046	95.704143	2760.326209
96.980000	0.010000	-160.095001	21.159600	-7.229933	95.086259	2771.032910
96.980000	0.010000	-160.095001	21.409600	-7.295490	95.151816	2771.337544
96.980000	0.010000	-160.095001	21.659600	-7.361251	95.217577	2771.642178
96.980000	0.010000	-160.095001	21.909600	-7.427234	95.283560	2771.946812
96.980000	0.010000	-160.095001	22.159600	-7.493428	95.349754	2772.251446
96.980000	0.010000	-160.095001	22.409600	-7.559850	95.416176	2772.556080
96.980000	0.010000	-160.095001	22.659600	-3.273297	95.482815	2772.860714
96.980000	0.010000	-160.095001	22.909600	6.155513	95.549690	2771.991594
96.980000	0.010000	-160.095001	23.159600	11.567257	95.616790	2770.252833
96.980000	0.010000	-160.095001	23.409600	9.305719	95.684132	2768.514071
96.980000	0.010000	-160.095001	23.659600	4.415952	95.751706	2767.238208
96.980000	0.010000	-160.095001	23.909600	2.541659	95.819531	2766.352494
96.980000	0.010000	-159.845001	20.159600	-11.477972	94.922072	2777.952781
96.980000	0.010000	-159.845001	20.409600	-7.131815	94.988141	2778.257415
96.980000	0.010000	-159.845001	20.659600	-7.197988	95.054314	2778.562049
96.980000	0.010000	-159.845001	20.909600	-7.264463	95.120789	2778.866683
96.980000	0.010000	-159.845001	21.159600	-7.331049	95.187375	2779.171317
96.980000	0.010000	-159.845001	21.409600	-7.397943	95.254269	2779.475951
96.980000	0.010000	-159.845001	21.659600	-7.464955	95.321281	2779.780585
96.980000	0.010000	-159.845001	21.909600	-7.532282	95.388608	2780.085219
96.980000	0.010000	-159.845001	22.159600	-7.609679	95.456059	2780.389853
96.980000	0.010000	-159.845001	22.409600	-1.335047	95.523833	2780.694486
96.980000	0.010000	-159.845001	22.659600	8.674067	95.591738	2779.352927
96.980000	0.010000	-159.845001	22.909600	11.524075	95.659972	2777.614166
96.980000	0.010000	-159.845001	23.159600	11.392602	95.728345	2775.875404
96.980000	0.010000	-159.845001	23.409600	6.821899	95.797055	2774.150207
96.980000	0.010000	-159.845001	23.659600	2.495280	95.865910	2773.264493
96.980000	0.010000	-159.845001	23.909600	2.426080	95.935110	2772.378780
96.980000	0.010000	-159.595001	19.159600	-0.064025	94.751091	2783.877302
96.980000	0.010000	-159.595001	19.409600	-2.605350	94.817608	2783.620754
96.980000	0.010000	-159.595001	19.659600	-2.712613	94.884309	2783.364206
96.980000	0.010000	-159.595001	19.909600	-10.075889	94.951213	2783.107658
96.980000	0.010000	-159.595001	20.159600	-19.486982	95.018307	2784.557859
96.980000	0.010000	-159.595001	20.409600	-13.609737	95.085611	2786.395822
96.980000	0.010000	-159.595001	20.659600	-7.354814	95.153112	2786.700456
96.980000	0.010000	-159.595001	20.909600	-7.364502	95.220828	2787.005090
96.980000	0.010000	-159.595001	21.159600	-7.432422	95.288748	2787.309724
96.980000	0.010000	-159.595001	21.409600	-7.500565	95.356890	2787.614358
96.980000	0.010000	-159.595001	21.659600	-7.568918	95.425244	2787.918991
96.980000	0.010000	-159.595001	21.909600	-7.438364	95.493826	2788.223625
96.980000	0.010000	-159.595001	22.159600	0.730945	95.562626	2788.453021
96.980000	0.010000	-159.595001	22.409600	10.999015	95.631663	2786.714260
96.980000	0.010000	-159.595001	22.659600	11.483122	95.700925	2784.975499
96.980000	0.010000	-159.595001	22.909600	11.413617	95.770430	2783.236737
96.980000	0.010000	-159.595001	23.159600	9.383590	95.840167	2781.497976
96.980000	0.010000	-159.595001	23.409600	4.467479	95.910155	2780.176492
96.980000	0.010000	-159.595001	23.659600	2.380807	95.980382	2779.290778
96.980000	0.010000	-159.595001	23.909600	2.310321	96.050869	2778.405065
96.980000	0.010000	-159.345001	18.159600	3.087250	94.573083	2793.027712
96.980000	0.010000	-159.345001	18.409600	3.020168	94.640166	2792.226301
96.980000	0.010000	-159.345001	18.659600	1.375372	94.707333	2791.424891
96.980000	0.010000	-159.345001	18.909600	-1.330729	94.774783	2790.899107
96.980000	0.010000	-159.345001	19.159600	-2.670628	94.842324	2790.642559
96.980000	0.010000	-159.345001	19.409600	-2.738458	94.910154	2790.386011
96.980000	0.010000	-159.345001	19.659600	-2.806385	94.978082	2790.129463
96.980000	0.010000	-159.345001	19.909600	-7.443539	95.046305	2789.872915
96.980000	0.010000	-159.345001	20.159600	-17.428656	95.114632	2790.695906
96.980000	0.010000	-159.345001	20.409600	-21.989688	95.183261	2792.552684
96.980000	0.010000	-159.345001	20.659600	-15.849631	95.252001	2794.409462
96.980000	0.010000	-159.345001	20.909600	-9.179777	95.321050	2795.143496
96.980000	0.010000	-159.345001	21.159600	-7.533891	95.390217	2795.448130
96.980000	0.010000	-159.345001	21.409600	-7.603373	95.459699	2795.752764
96.980000	0.010000	-159.345001	21.659600	-5.760602	95.529305	2796.057398
96.980000	0.010000	-159.345001	21.909600	2.930726	95.599235	2795.814354
96.980000	0.010000	-159.345001	22.159600	11.514751	95.669295	2794.075593
96.980000	0.010000	-159.345001	22.409600	11.444360	95.739686	2792.336832
96.980000	0.010000	-159.345001	22.659600	11.373831	95.810216	2790.598070
96.980000	0.010000	-159.345001	22.909600	11.302964	95.881082	2788.859309
96.980000	0.010000	-159.345001	23.159600	6.928827	95.952095	2787.120548
96.980000	0.010000	-159.345001	23.409600	2.486849	96.023453	2786.202777
96.980000	0.010000	-159.345001	23.659600	2.266226	96.094964	2785.317064
96.980000	0.010000	-159.345001	23.909600	2.194362	96.166827	2784.431350
96.980000	0.010000	-159.345001	24.159600	2.122337	96.238852	2783.545636
96.980000	0.010000	-159.095001	17.159600	3.272190	94.388143	2802.191774
96.980000	0.010000	-159.095001	17.409600	3.204605	94.455729	2801.390364
96.980000	0.010000	-159.095001	17.659600	3.136853	94.523480	2800.588954
96.980000	0.010000	-159.095001	17.909600	3.068919	94.591414	2799.787544
96.980000	0.010000	-159.095001	18.159600	2.842353	94.659520	2798.986134
96.980000	0.010000	-159.095001	18.409600	0.060523	94.727815	2798.184723
96.980000	0.010000	-159.095001	18.659600	-2.549214	94.796288	2797.920913
96.980000	0.010000	-159.095001	18.909600	-2.693261	94.864957	2797.664365
96.980000	0.010000	-159.095001	19.159600	-2.762113	94.933810	2797.407817
96.980000	0.010000	-159.095001	19.409600	-2.831168	95.002864	2797.151269
96.980000	0.010000	-159.095001	19.659600	-2.900414	95.072110	2796.894720
96.980000	0.010000	-159.095001	19.909600	-4.884238	95.141564	2796.638172
96.980000	0.010000	-159.095001	20.159600	-14.572299	95.211215	2796.833952
96.980000	0.010000	-159.095001	20.409600	-22.111813	95.281082	2798.690730
96.980000	0.010000	-159.095001	20.659600	-22.181884	95.351153	2800.547509
96.980000	0.010000	-159.095001	20.909600	-18.200656	95.421446	2802.404287
96.980000	0.010000	-159.095001	21.159600	-11.171375	95.491950	2803.586537
96.980000	0.010000	-159.095001	21.409600	-3.970861	95.562683	2803.891171
96.980000	0.010000	-159.095001	21.659600	5.269584	95.633634	2803.175687
96.980000	0.010000	-159.095001	21.909600	11.479225	95.704822	2801.436926
96.980000	0.010000	-159.095001	22.159600	11.407813	95.776234	2799.698165
96.980000	0.010000	-159.095001	22.409600	11.336156	95.847890	2797.959403
96.980000	0.010000	-159.095001	22.659600	11.264268	95.919779	2796.220642
96.980000	0.010000	-159.095001	22.909600	9.448032	95.991919	2794.481881
96.980000	0.010000	-159.095001	23.159600	4.550624	96.064298	2793.114776
96.980000	0.010000	-159.095001	23.409600	2.224253	96.136936	2792.229062
96.980000	0.010000	-159.095001	23.659600	2.151368	96.209821	2791.343349
96.980000	0.010000	-159.095001	23.909600	2.078215	96.282974	2790.457635
96.980000	0.010000	-159.095001	24.159600	2.004808	96.356381	2789.571921
96.980000	0.010000	-159.095001	24.409600	1.916323	96.430063	2788.686207
96.980000	0.010000	-158.845001	16.159600	3.464310	94.196023	2811.355837
96.980000	0.010000	-158.845001	16.409600	3.396102	94.264231	2810.554427
96.980000	0.010000	-158.845001	16.659600	3.327828	94.332505	2809.753017
96.980000	0.010000	-158.845001	16.909600	3.259291	94.401043	2808.951607
96.980000	0.010000	-158.845001	17.159600	3.190681	94.469652	2808.150197
96.980000	0.010000	-158.845001	17.409600	3.121802	94.538532	2807.348786
96.980000	0.010000	-158.845001	17.659600	3.052845	94.607489	2806.547376
96.980000	0.010000	-158.845001	17.909600	1.511421	94.676722	2805.745966
96.980000	0.010000	-158.845001	18.159600	-1.204453	94.746040	2805.199266
96.980000	0.010000	-158.845001	18.409600	-2.642778	94.815640	2804.942718
96.980000	0.010000	-158.845001	18.659600	-2.713634	94.885330	2804.686170
96.980000	0.010000	-158.845001	18.909600	-2.783613	94.955309	2804.429622
96.980000	0.010000	-158.845001	19.159600	-2.853689	95.025385	2804.173074
96.980000	0.010000	-158.845001	19.409600	-2.924060	95.095756	2803.916526
96.980000	0.010000	-158.845001	19.659600	-2.994535	95.166231	2803.659978
96.980000	0.010000	-158.845001	19.909600	-3.065312	95.237008	2803.403430
96.980000	0.010000	-158.845001	20.159600	-11.527817	95.307895	2803.146882
96.980000	0.010000	-158.845001	20.409600	-21.459104	95.379092	2804.828777
96.980000	0.010000	-158.845001	20.659600	-22.281135	95.450404	2806.685555
96.980000	0.010000	-158.845001	20.909600	-22.356763	95.522034	2808.542333
96.980000	0.010000	-158.845001	21.159600	-14.520614	95.593786	2810.399111
96.980000	0.010000	-158.845001	21.409600	1.799354	95.665862	2810.537020
96.980000	0.010000	-158.845001	21.659600	11.479465	95.738069	2808.798259
96.980000	0.010000	-158.845001	21.909600	11.373440	95.810606	2807.059498
96.980000	0.010000	-158.845001	22.159600	11.300765	95.883282	2805.320736
96.980000	0.010000	-158.845001	22.409600	11.227752	95.956295	2803.581975
96.980000	0.010000	-158.845001	22.659600	11.154593	96.029454	2801.843214
96.980000	0.010000	-158.845001	22.909600	7.041445	96.102958	2800.104452
96.980000	0.010000	-158.845001	23.159600	2.545692	96.176615	2799.141061
96.980000	0.010000	-158.845001	23.409600	2.110564	96.250625	2798.255347
96.980000	0.010000	-158.845001	23.659600	2.036393	96.324796	2797.369634
96.980000	0.010000	-158.845001	23.909600	1.912898	96.399329	2796.483920
96.980000	0.010000	-158.845001	24.159600	1.683345	96.474029	2795.598206
96.980000	0.010000	-158.845001	24.409600	1.455375	96.549099	2794.734175
96.980000	0.010000	-158.595001	15.659600	4.838608	94.134490	2819.035017
96.980000	0.010000	-158.595001	15.909600	3.986294	94.203570	2818.115670
96.980000	0.010000	-158.595001	16.159600	3.387530	94.272803	2817.314260
96.980000	0.010000	-158.595001	16.409600	3.318128	94.342206	2816.512849
96.980000	0.010000	-158.595001	16.659600	3.248566	94.411768	2815.711439
96.980000	0.010000	-158.595001	16.909600	3.178829	94.481505	2814.910029
96.980000	0.010000	-158.595001	17.159600	3.108926	94.551408	2814.108619
96.980000	0.010000	-158.595001	17.409600	2.893148	94.621492	2813.307209
96.980000	0.010000	-158.595001	17.659600	0.198166	94.691747	2812.505798
96.980000	0.010000	-158.595001	17.909600	-2.421204	94.762191	2812.221072
96.980000	0.010000	-158.595001	18.159600	-2.661116	94.832812	2811.964524
96.980000	0.010000	-158.595001	18.409600	-2.731932	94.903628	2811.707975
96.980000	0.010000	-158.595001	18.659600	-2.802932	94.974628	2811.451427
96.980000	0.010000	-158.595001	18.909600	-2.874133	95.045829	2811.194879
96.980000	0.010000	-158.595001	19.159600	-2.945524	95.117220	2810.938331
96.980000	0.010000	-158.595001	19.409600	-3.017123	95.188819	2810.681783
96.980000	0.010000	-158.595001	19.659600	-3.088919	95.260616	2810.425235
96.980000	0.010000	-158.595001	19.909600	-3.160931	95.332627	2810.168687
96.980000	0.010000	-158.595001	20.159600	-8.780684	95.404841	2809.912139
96.980000	0.010000	-158.595001	20.409600	-18.819339	95.477278	2810.966823
96.980000	0.010000	-158.595001	20.659600	-22.459476	95.549925	2812.823601
96.980000	0.010000	-158.595001	20.909600	-21.770253	95.622801	2814.677289
96.980000	0.010000	-158.595001	21.159600	-12.663643	95.695894	2816.285437
96.980000	0.010000	-158.595001	21.409600	3.847544	95.769224	2816.108162
96.980000	0.010000	-158.595001	21.659600	11.209217	95.842779	2814.397589
96.980000	0.010000	-158.595001	21.909600	11.226766	95.916577	2812.682069
96.980000	0.010000	-158.595001	22.159600	11.220498	95.990606	2810.943308
96.980000	0.010000	-158.595001	22.409600	11.119159	96.064888	2809.204547
96.980000	0.010000	-158.595001	22.659600	9.516286	96.139408	2807.465785
96.980000	0.010000	-158.595001	22.909600	4.650921	96.214188	2806.053060
96.980000	0.010000	-158.595001	23.159600	2.044567	96.289214	2805.167346
96.980000	0.010000	-158.595001	23.409600	1.913834	96.364508	2804.281633
96.980000	0.010000	-158.595001	23.659600	1.453576	96.440055	2803.395919
96.980000	0.010000	-158.595001	23.909600	0.951258	96.515879	2802.582216
96.980000	0.010000	-158.595001	24.159600	0.780434	96.591964	2801.778635
96.980000	0.010000	-158.595001	24.409600	0.668749	96.668333	2800.975054
96.980000	0.010000	-158.345001	15.409600	5.203022	94.138760	2826.113302
96.980000	0.010000	-158.345001	15.659600	5.132916	94.208866	2825.113380
96.980000	0.010000	-158.345001	15.909600	4.387331	94.279229	2824.113458
96.980000	0.010000	-158.345001	16.159600	3.496504	94.349656	2823.272682
96.980000	0.010000	-158.345001	16.409600	3.239987	94.420346	2822.471272
96.980000	0.010000	-158.345001	16.659600	3.169227	94.491107	2821.669861
96.980000	0.010000	-158.345001	16.909600	3.098196	94.562137	2820.868451
96.980000	0.010000	-158.345001	17.159600	1.660651	94.633244	2820.067041
96.980000	0.010000	-158.345001	17.409600	-1.065213	94.704626	2819.499425
96.980000	0.010000	-158.345001	17.659600	-2.599867	94.776091	2819.242877
96.980000	0.010000	-158.345001	17.909600	-2.676142	94.847838	2818.986329
96.980000	0.010000	-158.345001	18.159600	-2.747978	94.919674	2818.729781
96.980000	0.010000	-158.345001	18.409600	-2.820102	94.991799	2818.473233
96.980000	0.010000	-158.345001	18.659600	-2.892323	95.064019	2818.216685
96.980000	0.010000	-158.345001	18.909600	-2.964838	95.136534	2817.960137
96.980000	0.010000	-158.345001	19.159600	-3.037456	95.209152	2817.703588
96.980000	0.010000	-158.345001	19.409600	-3.110376	95.282072	2817.447040
96.980000	0.010000	-158.345001	19.659600	-3.183404	95.355100	2817.190492
96.980000	0.010000	-158.345001	19.909600	-3.251741	95.428438	2816.933944
96.980000	0.010000	-158.345001	20.159600	-6.229037	95.501891	2816.677396
96.980000	0.010000	-158.345001	20.409600	-15.826694	95.575661	2817.104869
96.980000	0.010000	-158.345001	20.659600	-21.582790	95.649553	2818.890822
96.980000	0.010000	-158.345001	20.909600	-21.165746	95.723768	2820.498969
96.980000	0.010000	-158.345001	21.159600	-11.584246	95.798113	2822.107117
96.980000	0.010000	-158.345001	21.409600	4.994489	95.872789	2821.678812
96.980000	0.010000	-158.345001	21.659600	11.122487	95.947602	2819.968239
96.980000	0.010000	-158.345001	21.909600	11.040199	96.022753	2818.257666
96.980000	0.010000	-158.345001	22.159600	10.968421	96.098048	2816.547094
96.980000	0.010000	-158.345001	22.409600	10.984040	96.173689	2814.827118
96.980000	0.010000	-158.345001	22.659600	7.026693	96.249483	2813.088357
96.980000	0.010000	-158.345001	22.909600	2.300143	96.325629	2812.079345
96.980000	0.010000	-158.345001	23.159600	1.229776	96.401936	2811.233838
96.980000	0.010000	-158.345001	23.409600	0.912510	96.478604	2810.430257
96.980000	0.010000	-158.345001	23.659600	0.787532	96.555440	2809.626677
96.980000	0.010000	-158.345001	23.909600	0.704437	96.632645	2808.823096
96.980000	0.010000	-158.345001	24.159600	0.627056	96.710026	2808.019515
96.980000	0.010000	-158.345001	24.409600	0.549297	96.787785	2807.215934
96.980000	0.010000	-158.095001	15.159600	5.200924	94.140858	2833.191588
96.980000	0.010000	-158.095001	15.409600	5.129688	94.212094	2832.191666
96.980000	0.010000	-158.095001	15.659600	5.058299	94.283483	2831.191744
96.980000	0.010000	-158.095001	15.909600	4.806744	94.355039	2830.191822
96.980000	0.010000	-158.095001	16.159600	3.928743	94.426754	2829.231104
96.980000	0.010000	-158.095001	16.409600	3.161691	94.498643	2828.429694
96.980000	0.010000	-158.095001	16.659600	2.956754	94.570695	2827.628284
96.980000	0.010000	-158.095001	16.909600	0.348865	94.642929	2826.826873
96.980000	0.010000	-158.095001	17.159600	-2.280149	94.715333	2826.521230
96.980000	0.010000	-158.095001	17.409600	-2.616227	94.787923	2826.264682
96.980000	0.010000	-158.095001	17.659600	-2.686993	94.860691	2826.008134
96.980000	0.010000	-158.095001	17.909600	-2.754801	94.933652	2825.751586
96.980000	0.010000	-158.095001	18.159600	-2.822768	95.006795	2825.495038
96.980000	0.010000	-158.095001	18.409600	-2.890911	95.080140	2825.238490
96.980000	0.010000	-158.095001	18.659600	-2.959218	95.153673	2824.981942
96.980000	0.010000	-158.095001	18.909600	-3.027707	95.227414	2824.725394
96.980000	0.010000	-158.095001	19.159600	-3.096367	95.301351	2824.468846
96.980000	0.010000	-158.095001	19.409600	-3.165216	95.375502	2824.212298
96.980000	0.010000	-158.095001	19.659600	-3.100034	95.449855	2823.955749
96.980000	0.010000	-158.095001	19.909600	-3.030606	95.524430	2823.668087
96.980000	0.010000	-158.095001	20.159600	-3.593862	95.599215	2823.379541
96.980000	0.010000	-158.095001	20.409600	-11.552355	95.674228	2823.205966
96.980000	0.010000	-158.095001	20.659600	-20.725830	95.749457	2824.712502
96.980000	0.010000	-158.095001	20.909600	-21.266900	95.824923	2826.320649
96.980000	0.010000	-158.095001	21.159600	-10.461541	95.900612	2827.928797
96.980000	0.010000	-158.095001	21.409600	6.130442	95.976544	2827.249461
96.980000	0.010000	-158.095001	21.659600	11.017381	96.052708	2825.538888
96.980000	0.010000	-158.095001	21.909600	10.940966	96.129122	2823.828316
96.980000	0.010000	-158.095001	22.159600	10.864314	96.205775	2822.117743
96.980000	0.010000	-158.095001	22.409600	8.271253	96.282687	2820.407170
96.980000	0.010000	-158.095001	22.659600	3.395347	96.359845	2819.111311
96.980000	0.010000	-158.095001	22.909600	1.020519	96.437269	2818.278299
96.980000	0.010000	-158.095001	23.159600	0.822135	96.514947	2817.474718
96.980000	0.010000	-158.095001	23.409600	0.744181	96.592901	2816.671137
96.980000	0.010000	-158.095001	23.659600	0.665966	96.671116	2815.867556
96.980000	0.010000	-158.095001	23.909600	0.587468	96.749614	2815.063975
96.980000	0.010000	-158.095001	24.159600	0.508700	96.828382	2814.260395
96.980000	0.010000	-158.095001	24.409600	0.429640	96.907442	2813.456814
96.980000	0.010000	-157.845001	15.159600	4.932696	94.213073	2839.269951
96.980000	0.010000	-157.845001	15.409600	4.880927	94.285592	2838.270029
96.980000	0.010000	-157.845001	15.659600	4.829190	94.358174	2837.270107
96.980000	0.010000	-157.845001	15.909600	4.777284	94.431018	2836.270185
96.980000	0.010000	-157.845001	16.159600	4.217784	94.503930	2835.270263
96.980000	0.010000	-157.845001	16.409600	2.260360	94.577111	2834.388116
96.980000	0.010000	-157.845001	16.659600	-0.867986	94.650367	2833.799584
96.980000	0.010000	-157.845001	16.909600	-2.513868	94.723897	2833.543036
96.980000	0.010000	-157.845001	17.159600	-2.590315	94.797509	2833.286488
96.980000	0.010000	-157.845001	17.409600	-2.605168	94.871402	2833.029940
96.980000	0.010000	-157.845001	17.659600	-2.535532	94.945382	2832.760919
96.980000	0.010000	-157.845001	17.909600	-2.519487	95.019651	2832.472373
96.980000	0.010000	-157.845001	18.159600	-2.587789	95.094013	2832.183827
96.980000	0.010000	-157.845001	18.409600	-2.656357	95.168670	2831.895281
96.980000	0.010000	-157.845001	18.659600	-2.724995	95.243428	2831.606735
96.980000	0.010000	-157.845001	18.909600	-2.793906	95.318487	2831.318189
96.980000	0.010000	-157.845001	19.159600	-2.862893	95.393653	2831.029643
96.980000	0.010000	-157.845001	19.409600	-2.932160	95.469129	2830.741098
96.980000	0.010000	-157.845001	19.659600	-3.001509	95.544718	2830.452552
96.980000	0.010000	-157.845001	19.909600	-3.077242	95.620623	2830.164006
96.980000	0.010000	-157.845001	20.159600	-5.215272	95.696650	2829.875460
96.980000	0.010000	-157.845001	20.409600	-8.527362	95.772999	2830.051998
96.980000	0.010000	-157.845001	20.659600	-15.836587	95.849477	2830.534182
96.980000	0.010000	-157.845001	20.909600	-21.368262	95.926285	2832.142330
96.980000	0.010000	-157.845001	21.159600	-9.334760	96.003229	2833.750477
96.980000	0.010000	-157.845001	21.409600	7.254784	96.080510	2832.820111
96.980000	0.010000	-157.845001	21.659600	10.912153	96.157935	2831.109538
96.980000	0.010000	-157.845001	21.909600	10.834383	96.235705	2829.398965
96.980000	0.010000	-157.845001	22.159600	8.149354	96.313627	2827.688393
96.980000	0.010000	-157.845001	22.409600	3.786499	96.391901	2826.407143
96.980000	0.010000	-157.845001	22.659600	1.696991	96.470334	2825.470937
96.980000	0.010000	-157.845001	22.909600	1.342893	96.549129	2824.581675
96.980000	0.010000	-157.845001	23.159600	0.933796	96.628090	2823.715598
96.980000	0.010000	-157.845001	23.409600	0.623922	96.707420	2822.912017
96.980000	0.010000	-157.845001	23.659600	0.550157	96.786926	2822.108436
96.980000	0.010000	-157.845001	23.909600	0.470274	96.866808	2821.304855
96.980000	0.010000	-157.845001	24.159600	0.390208	96.946875	2820.501274
96.980000	0.010000	-157.595001	15.159600	4.895680	94.285531	2845.613484
96.980000	0.010000	-157.595001	15.409600	4.842296	94.359244	2844.584958
96.980000	0.010000	-157.595001	15.659600	4.788844	94.433113	2843.556432
96.980000	0.010000	-157.595001	15.909600	4.735310	94.507154	2842.527906
96.980000	0.010000	-157.595001	16.159600	3.687385	94.581358	2841.499380
96.980000	0.010000	-157.595001	16.409600	0.210261	94.655742	2840.694946
96.980000	0.010000	-157.595001	16.659600	-2.227540	94.730294	2840.411021
96.980000	0.010000	-157.595001	16.909600	-2.277875	94.805032	2840.122475
96.980000	0.010000	-157.595001	17.159600	-2.346597	94.879945	2839.833929
96.980000	0.010000	-157.595001	17.409600	-2.415480	94.955050	2839.545383
96.980000	0.010000	-157.595001	17.659600	-2.486955	95.030337	2839.256837
96.980000	0.010000	-157.595001	17.909600	-2.562442	95.105823	2838.968291
96.980000	0.010000	-157.595001	18.159600	-2.638116	95.181497	2838.679746
96.980000	0.010000	-157.595001	18.409600	-2.713996	95.257378	2838.391200
96.980000	0.010000	-157.595001	18.659600	-2.790071	95.333453	2838.102654
96.980000	0.010000	-157.595001	18.909600	-2.866359	95.409741	2837.814108
96.980000	0.010000	-157.595001	19.159600	-2.942849	95.486230	2837.525562
96.980000	0.010000	-157.595001	19.409600	-3.019559	95.562940	2837.237016
96.980000	0.010000	-157.595001	19.659600	-3.096477	95.639858	2836.948470
96.980000	0.010000	-157.595001	19.909600	-4.669263	95.717004	2836.659924
96.980000	0.010000	-157.595001	20.159600	-6.782687	95.794365	2836.710868
96.980000	0.010000	-157.595001	20.409600	-5.336798	95.871962	2836.898030
96.980000	0.010000	-157.595001	20.659600	-10.675517	95.949780	2836.582975
96.980000	0.010000	-157.595001	20.909600	-20.426342	96.027841	2837.964010
96.980000	0.010000	-157.595001	21.159600	-8.205188	96.106132	2839.572157
96.980000	0.010000	-157.595001	21.409600	8.366572	96.184674	2838.390760
96.980000	0.010000	-157.595001	21.659600	10.806636	96.263452	2836.680188
96.980000	0.010000	-157.595001	21.909600	7.952949	96.342489	2834.969615
96.980000	0.010000	-157.595001	22.159600	3.707321	96.421771	2833.717173
96.980000	0.010000	-157.595001	22.409600	1.947187	96.501319	2832.757983
96.980000	0.010000	-157.595001	22.659600	1.547422	96.581119	2831.830563
96.980000	0.010000	-157.595001	22.909600	1.298827	96.661194	2830.941301
96.980000	0.010000	-157.595001	23.159600	1.232841	96.741530	2830.052038
96.980000	0.010000	-157.595001	23.409600	0.867730	96.822148	2829.162776
96.980000	0.010000	-157.595001	23.659600	0.453620	96.903035	2828.349316
96.980000	0.010000	-157.595001	23.909600	0.352869	96.984214	2827.545735
96.980000	0.010000	-157.345001	15.159600	4.780868	94.358065	2851.997014
96.980000	0.010000	-157.345001	15.409600	4.719871	94.433065	2850.968489
96.980000	0.010000	-157.345001	15.659600	4.644804	94.508132	2849.939963
96.980000	0.010000	-157.345001	15.909600	4.569471	94.583465	2848.911437
96.980000	0.010000	-157.345001	16.159600	3.097751	94.658872	2847.882911
96.980000	0.010000	-157.345001	16.409600	-0.382089	94.734552	2847.172413
96.980000	0.010000	-157.345001	16.659600	-2.363127	94.810311	2846.896894
96.980000	0.010000	-157.345001	16.909600	-2.384207	94.886350	2846.618394
96.980000	0.010000	-157.345001	17.159600	-2.418616	94.962475	2846.329848
96.980000	0.010000	-157.345001	17.409600	-2.495505	95.038887	2846.041302
96.980000	0.010000	-157.345001	17.659600	-2.572009	95.115391	2845.752756
96.980000	0.010000	-157.345001	17.909600	-2.648807	95.192188	2845.464210
96.980000	0.010000	-157.345001	18.159600	-2.725703	95.269085	2845.175664
96.980000	0.010000	-157.345001	18.409600	-2.802901	95.346282	2844.887118
96.980000	0.010000	-157.345001	18.659600	-2.880203	95.423585	2844.598572
96.980000	0.010000	-157.345001	18.909600	-2.957814	95.501195	2844.310027
96.980000	0.010000	-157.345001	19.159600	-3.035537	95.578918	2844.021481
96.980000	0.010000	-157.345001	19.409600	-3.113575	95.656956	2843.732935
96.980000	0.010000	-157.345001	19.659600	-3.191732	95.735114	2843.444389
96.980000	0.010000	-157.345001	19.909600	-6.811294	95.813594	2843.155843
96.980000	0.010000	-157.345001	20.159600	-8.309526	95.892200	2843.677759
96.980000	0.010000	-157.345001	20.409600	-4.930324	95.971136	2843.744063
96.980000	0.010000	-157.345001	20.659600	-6.224399	96.050206	2843.429008
96.980000	0.010000	-157.345001	20.909600	-15.431538	96.129614	2843.785690
96.980000	0.010000	-157.345001	21.159600	-7.073796	96.209162	2845.393838
96.980000	0.010000	-157.345001	21.409600	9.464893	96.289056	2843.961410
96.980000	0.010000	-157.345001	21.659600	7.759377	96.369099	2842.250837
96.980000	0.010000	-157.345001	21.909600	3.527592	96.449495	2841.027203
96.980000	0.010000	-157.345001	22.159600	2.058625	96.530048	2840.068013
96.980000	0.010000	-157.345001	22.409600	1.798763	96.610962	2839.108823
96.980000	0.010000	-157.345001	22.659600	1.397709	96.692040	2838.190189
96.980000	0.010000	-157.345001	22.909600	1.186533	96.773488	2837.300927
96.980000	0.010000	-157.345001	23.159600	1.104912	96.855109	2836.411664
96.980000	0.010000	-157.345001	23.409600	1.022914	96.937107	2835.522402
96.980000	0.010000	-157.345001	23.659600	0.797838	97.019287	2834.633139
96.980000	0.010000	-157.345001	23.909600	0.383994	97.101852	2833.786614
96.980000	0.010000	-157.095001	15.159600	4.693723	94.430849	2858.377196
96.980000	0.010000	-157.095001	15.409600	4.633321	94.507047	2857.352019
96.980000	0.010000	-157.095001	15.659600	4.569531	94.583405	2856.323493
96.980000	0.010000	-157.095001	15.909600	4.492996	94.659940	2855.294967
96.980000	0.010000	-157.095001	16.159600	2.605692	94.736643	2854.266441
96.980000	0.010000	-157.095001	16.409600	-0.874345	94.813530	2853.649880
96.980000	0.010000	-157.095001	16.659600	-2.454985	94.890590	2853.374361
96.980000	0.010000	-157.095001	16.909600	-2.532795	94.967841	2853.098842
96.980000	0.010000	-157.095001	17.159600	-2.566001	95.045271	2852.823324
96.980000	0.010000	-157.095001	17.409600	-2.588737	95.122900	2852.537220
96.980000	0.010000	-157.095001	17.659600	-2.657333	95.200714	2852.248675
96.980000	0.010000	-157.095001	17.909600	-2.735352	95.278734	2851.960129
96.980000	0.010000	-157.095001	18.159600	-2.813565	95.356946	2851.671583
96.980000	0.010000	-157.095001	18.409600	-2.891989	95.435371	2851.383037
96.980000	0.010000	-157.095001	18.659600	-2.970613	95.513995	2851.094491
96.980000	0.010000	-157.095001	18.909600	-3.049456	95.592838	2850.805945
96.980000	0.010000	-157.095001	19.159600	-3.128506	95.671888	2850.517399
96.980000	0.010000	-157.095001	19.409600	-3.207782	95.751164	2850.228853
96.980000	0.010000	-157.095001	19.659600	-5.088838	95.830654	2849.940308
96.980000	0.010000	-157.095001	19.909600	-8.817130	95.910378	2850.060545
96.980000	0.010000	-157.095001	20.159600	-8.166787	95.990323	2850.644651
96.980000	0.010000	-157.095001	20.409600	-4.524211	96.070509	2850.590095
96.980000	0.010000	-157.095001	20.659600	-3.516025	96.150924	2850.275040
96.980000	0.010000	-157.095001	20.909600	-10.362973	96.231588	2849.959985
96.980000	0.010000	-157.095001	21.159600	-4.166424	96.312487	2851.215518
96.980000	0.010000	-157.095001	21.409600	7.443180	96.393644	2849.532059
96.980000	0.010000	-157.095001	21.659600	3.350602	96.475044	2848.337232
96.980000	0.010000	-157.095001	21.909600	2.031964	96.556709	2847.378042
96.980000	0.010000	-157.095001	22.159600	1.950047	96.638626	2846.418852
96.980000	0.010000	-157.095001	22.409600	1.650119	96.720816	2845.459662
96.980000	0.010000	-157.095001	22.659600	1.247687	96.803265	2844.549815
96.980000	0.010000	-157.095001	22.909600	1.074026	96.885996	2843.660552
96.980000	0.010000	-157.095001	23.159600	0.991028	96.968994	2842.771290
96.980000	0.010000	-157.095001	23.409600	0.907739	97.052282	2841.882028
96.980000	0.010000	-157.095001	23.659600	0.824175	97.135846	2840.992765
96.980000	0.010000	-157.095001	23.909600	0.723922	97.219709	2840.103503
96.980000	0.010000	-156.845001	15.159600	4.617087	94.503714	2864.756816
96.980000	0.010000	-156.845001	15.409600	4.544803	94.581204	2863.732591
96.980000	0.010000	-156.845001	15.659600	4.483038	94.658764	2862.707023
96.980000	0.010000	-156.845001	15.909600	4.416339	94.736597	2861.678497
96.980000	0.010000	-156.845001	16.159600	2.112769	94.814506	2860.649971
96.980000	0.010000	-156.845001	16.409600	-1.367199	94.892694	2860.127346
96.980000	0.010000	-156.845001	16.659600	-2.535360	94.970965	2859.851828
96.980000	0.010000	-156.845001	16.909600	-2.613917	95.049522	2859.576309
96.980000	0.010000	-156.845001	17.159600	-2.692563	95.128168	2859.300790
96.980000	0.010000	-156.845001	17.409600	-2.750730	95.207108	2859.025271
96.980000	0.010000	-156.845001	17.659600	-2.774825	95.286144	2858.744593
96.980000	0.010000	-156.845001	17.909600	-2.822046	95.365479	2858.456047
96.980000	0.010000	-156.845001	18.159600	-2.901536	95.444918	2858.167501
96.980000	0.010000	-156.845001	18.409600	-2.981282	95.524663	2857.878955
96.980000	0.010000	-156.845001	18.659600	-3.061137	95.604519	2857.590410
96.980000	0.010000	-156.845001	18.909600	-3.141307	95.684689	2857.301864
96.980000	0.010000	-156.845001	19.159600	-3.221594	95.764976	2857.013318
96.980000	0.010000	-156.845001	19.409600	-3.333472	95.845584	2856.724772
96.980000	0.010000	-156.845001	19.659600	-7.213517	95.926317	2856.443330
96.980000	0.010000	-156.845001	19.909600	-10.799865	96.007379	2857.027436
96.980000	0.010000	-156.845001	20.159600	-7.768629	96.088572	2857.611542
96.980000	0.010000	-156.845001	20.409600	-4.118558	96.170102	2857.436127
96.980000	0.010000	-156.845001	20.659600	-3.616873	96.251772	2857.121072
96.980000	0.010000	-156.845001	20.909600	-5.046023	96.333785	2856.806017
96.980000	0.010000	-156.845001	21.159600	-0.798369	96.415946	2856.813282
96.980000	0.010000	-156.845001	21.409600	3.176308	96.498459	2855.647262
96.980000	0.010000	-156.845001	21.659600	2.007547	96.581126	2854.688072
96.980000	0.010000	-156.845001	21.909600	1.924519	96.664154	2853.728882
96.980000	0.010000	-156.845001	22.159600	1.841328	96.747345	2852.769692
96.980000	0.010000	-156.845001	22.409600	1.501234	96.830903	2851.810502
96.980000	0.010000	-156.845001	22.659600	1.097512	96.914633	2850.909441
96.980000	0.010000	-156.845001	22.909600	0.961282	96.998740	2850.020178
96.980000	0.010000	-156.845001	23.159600	0.876996	97.083026	2849.130916
96.980000	0.010000	-156.845001	23.409600	0.792325	97.167697	2848.241653
96.980000	0.010000	-156.845001	23.659600	0.707465	97.252556	2847.352391
96.980000	0.010000	-156.845001	23.909600	0.505125	97.337809	2846.463129
96.980000	0.010000	-156.595001	15.159600	4.543966	94.576836	2871.136436
96.980000	0.010000	-156.595001	15.409600	4.465274	94.655527	2870.112211
96.980000	0.010000	-156.595001	15.659600	4.393058	94.734384	2869.087986
96.980000	0.010000	-156.595001	15.909600	4.329813	94.813423	2868.062028
96.980000	0.010000	-156.595001	16.159600	1.618850	94.892633	2867.033502
96.980000	0.010000	-156.595001	16.409600	-1.860596	94.972032	2866.604813
96.980000	0.010000	-156.595001	16.659600	-2.616004	95.051609	2866.329294
96.980000	0.010000	-156.595001	16.909600	-2.695777	95.131382	2866.053776
96.980000	0.010000	-156.595001	17.159600	-2.775734	95.211339	2865.778257
96.980000	0.010000	-156.595001	17.409600	-2.855894	95.291499	2865.502738
96.980000	0.010000	-156.595001	17.659600	-2.937214	95.371850	2865.227219
96.980000	0.010000	-156.595001	17.909600	-2.963958	95.452411	2864.951701
96.980000	0.010000	-156.595001	18.159600	-2.989844	95.533171	2864.663420
96.980000	0.010000	-156.595001	18.409600	-3.070765	95.614147	2864.374874
96.980000	0.010000	-156.595001	18.659600	-3.151947	95.695328	2864.086328
96.980000	0.010000	-156.595001	18.909600	-3.233353	95.776735	2863.797782
96.980000	0.010000	-156.595001	19.159600	-3.314971	95.858353	2863.509236
96.980000	0.010000	-156.595001	19.409600	-5.506095	95.940203	2863.220691
96.980000	0.010000	-156.595001	19.659600	-9.200209	96.022272	2863.410222
96.980000	0.010000	-156.595001	19.909600	-10.897068	96.104582	2863.994328
96.980000	0.010000	-156.595001	20.159600	-7.379245	96.187118	2864.578434
96.980000	0.010000	-156.595001	20.409600	-3.713430	96.269901	2864.282159
96.980000	0.010000	-156.595001	20.659600	-3.718021	96.352919	2863.967104
96.980000	0.010000	-156.595001	20.909600	-2.344756	96.436192	2863.652049
96.980000	0.010000	-156.595001	21.159600	0.956101	96.519707	2862.996201
96.980000	0.010000	-156.595001	21.409600	2.128571	96.603486	2861.998102
96.980000	0.010000	-156.595001	21.659600	1.901159	96.687514	2861.038912
96.980000	0.010000	-156.595001	21.909600	1.816859	96.771814	2860.079722
96.980000	0.010000	-156.595001	22.159600	1.732301	96.856372	2859.120532
96.980000	0.010000	-156.595001	22.409600	1.348407	96.941210	2858.161342
96.980000	0.010000	-156.595001	22.659600	0.947019	97.026313	2857.269067
96.980000	0.010000	-156.595001	22.909600	0.848316	97.111705	2856.379804
96.980000	0.010000	-156.595001	23.159600	0.762650	97.197372	2855.490542
96.980000	0.010000	-156.595001	23.409600	0.659152	97.283336	2854.601279
96.980000	0.010000	-156.595001	23.659600	0.477360	97.369582	2853.712017
96.980000	0.010000	-156.345001	15.159600	4.470757	94.650045	2877.516057
96.980000	0.010000	-156.345001	15.409600	4.390767	94.730034	2876.491831
96.980000	0.010000	-156.345001	15.659600	4.310704	94.810097	2875.467606
96.980000	0.010000	-156.345001	15.909600	4.238439	94.890438	2874.443381
96.980000	0.010000	-156.345001	16.159600	1.025743	94.970858	2873.417032
96.980000	0.010000	-156.345001	16.409600	-2.375955	95.051564	2873.082280
96.980000	0.010000	-156.345001	16.659600	-2.706536	95.132356	2872.806761
96.980000	0.010000	-156.345001	16.909600	-2.777958	95.213440	2872.531242
96.980000	0.010000	-156.345001	17.159600	-2.859012	95.294617	2872.255723
96.980000	0.010000	-156.345001	17.409600	-2.940488	95.376093	2871.980205
96.980000	0.010000	-156.345001	17.659600	-3.022064	95.457669	2871.704686
96.980000	0.010000	-156.345001	17.909600	-3.103946	95.539551	2871.429167
96.980000	0.010000	-156.345001	18.159600	-3.155971	95.621540	2871.153649
96.980000	0.010000	-156.345001	18.409600	-3.183352	95.703843	2870.870793
96.980000	0.010000	-156.345001	18.659600	-3.242878	95.786260	2870.582247
96.980000	0.010000	-156.345001	18.909600	-3.325615	95.868996	2870.293701
96.980000	0.010000	-156.345001	19.159600	-3.744819	95.951856	2870.005155
96.980000	0.010000	-156.345001	19.409600	-7.608714	96.035042	2869.793007
96.980000	0.010000	-156.345001	19.659600	-10.910844	96.118358	2870.377113
96.980000	0.010000	-156.345001	19.909600	-10.577430	96.202009	2870.961219
96.980000	0.010000	-156.345001	20.159600	-6.983518	96.285798	2871.443247
96.980000	0.010000	-156.345001	20.409600	-3.735030	96.369929	2871.128191
96.980000	0.010000	-156.345001	20.659600	-3.294539	96.454205	2870.813136
96.980000	0.010000	-156.345001	20.909600	-0.508921	96.538831	2870.379263
96.980000	0.010000	-156.345001	21.159600	2.179199	96.623611	2869.417380
96.980000	0.010000	-156.345001	21.409600	2.283204	96.708749	2868.390516
96.980000	0.010000	-156.345001	21.659600	1.947916	96.794048	2867.389751
96.980000	0.010000	-156.345001	21.909600	1.708959	96.879713	2866.430561
96.980000	0.010000	-156.345001	22.159600	1.597660	96.965548	2865.471371
96.980000	0.010000	-156.345001	22.409600	1.193440	97.051758	2864.517955
96.980000	0.010000	-156.345001	22.659600	0.821876	97.138145	2863.628692
96.980000	0.010000	-156.345001	22.909600	0.735105	97.224916	2862.739430
96.980000	0.010000	-156.345001	23.159600	0.444145	97.311873	2861.850168
96.980000	0.010000	-156.345001	23.409600	0.682179	97.399222	2860.989349
96.980000	0.010000	-156.095001	15.159600	4.397285	94.723516	2883.895677
96.980000	0.010000	-156.095001	15.409600	4.316089	94.804712	2882.871452
96.980000	0.010000	-156.095001	15.659600	4.234725	94.886077	2881.847226
96.980000	0.010000	-156.095001	15.909600	3.310157	94.967628	2880.823001
96.980000	0.010000	-156.095001	16.159600	-0.104424	95.049355	2879.990906
96.980000	0.010000	-156.095001	16.409600	-2.336925	95.131276	2879.663726
96.980000	0.010000	-156.095001	16.659600	-2.408236	95.213379	2879.336546
96.980000	0.010000	-156.095001	16.909600	-2.698843	95.295683	2879.009367
96.980000	0.010000	-156.095001	17.159600	-2.994171	95.378176	2878.733190
96.980000	0.010000	-156.095001	17.409600	-3.070402	95.460876	2878.457671
96.980000	0.010000	-156.095001	17.659600	-3.143917	95.543773	2878.182153
96.980000	0.010000	-156.095001	17.909600	-3.217573	95.626884	2877.906634
96.980000	0.010000	-156.095001	18.159600	-3.291357	95.710199	2877.631115
96.980000	0.010000	-156.095001	18.409600	-3.358245	95.793736	2877.355596
96.980000	0.010000	-156.095001	18.659600	-3.379849	95.877483	2877.078165
96.980000	0.010000	-156.095001	18.909600	-3.417392	95.961460	2876.789620
96.980000	0.010000	-156.095001	19.159600	-5.916034	96.045655	2876.501074
96.980000	0.010000	-156.095001	19.409600	-9.592004	96.130087	2876.759898
96.980000	0.010000	-156.095001	19.659600	-11.007230	96.214744	2877.344005
96.980000	0.010000	-156.095001	19.909600	-10.180672	96.299647	2877.928111
96.980000	0.010000	-156.095001	20.159600	-6.577745	96.384781	2878.289279
96.980000	0.010000	-156.095001	20.409600	-3.278909	96.470170	2877.974224
96.980000	0.010000	-156.095001	20.659600	-1.769938	96.555797	2877.534027
96.980000	0.010000	-156.095001	20.909600	0.850001	96.641687	2876.865424
96.980000	0.010000	-156.095001	21.159600	2.363005	96.727825	2875.838560
96.980000	0.010000	-156.095001	21.409600	2.271593	96.814232	2874.811695
96.980000	0.010000	-156.095001	21.659600	2.100842	96.900895	2873.784831
96.980000	0.010000	-156.095001	21.909600	1.764030	96.987836	2872.781401
96.980000	0.010000	-156.095001	22.159600	1.449408	97.075041	2871.822211
96.980000	0.010000	-156.095001	22.409600	1.041970	97.162533	2870.877581
96.980000	0.010000	-156.095001	22.659600	0.688611	97.250297	2869.988318
96.980000	0.010000	-156.095001	22.909600	-0.084137	97.338357	2869.099056
96.980000	0.010000	-156.095001	23.159600	0.890615	97.426697	2868.339797
96.980000	0.010000	-155.845001	15.159600	4.323720	94.797081	2890.275297
96.980000	0.010000	-155.845001	15.409600	4.241221	94.879580	2889.251072
96.980000	0.010000	-155.845001	15.659600	4.158645	94.962156	2888.226847
96.980000	0.010000	-155.845001	15.909600	1.081400	95.045014	2887.202621
96.980000	0.010000	-155.845001	16.159600	-2.134140	95.127957	2886.815912
96.980000	0.010000	-155.845001	16.409600	-2.466621	95.211189	2886.488732
96.980000	0.010000	-155.845001	16.659600	-2.549944	95.294512	2886.161552
96.980000	0.010000	-155.845001	16.909600	-2.633563	95.378132	2885.834372
96.980000	0.010000	-155.845001	17.159600	-2.707003	95.461849	2885.507192
96.980000	0.010000	-155.845001	17.409600	-2.780535	95.545870	2885.180012
96.980000	0.010000	-155.845001	17.659600	-2.854092	95.629996	2884.852832
96.980000	0.010000	-155.845001	17.909600	-2.927878	95.714433	2884.525652
96.980000	0.010000	-155.845001	18.159600	-3.001695	95.798982	2884.198472
96.980000	0.010000	-155.845001	18.409600	-3.133302	95.883849	2883.871292
96.980000	0.010000	-155.845001	18.659600	-3.429361	95.968836	2883.557544
96.980000	0.010000	-155.845001	18.909600	-4.243439	96.054148	2883.282026
96.980000	0.010000	-155.845001	19.159600	-8.092635	96.139588	2883.142684
96.980000	0.010000	-155.845001	19.409600	-11.406553	96.225360	2883.726790
96.980000	0.010000	-155.845001	19.659600	-11.449865	96.311268	2884.310896
96.980000	0.010000	-155.845001	19.909600	-9.999053	96.397516	2884.895002
96.980000	0.010000	-155.845001	20.159600	-5.531714	96.483907	2885.135311
96.980000	0.010000	-155.845001	20.409600	-1.827090	96.570647	2884.673935
96.980000	0.010000	-155.845001	20.659600	-0.417826	96.657537	2884.056673
96.980000	0.010000	-155.845001	20.909600	1.280375	96.744784	2883.272066
96.980000	0.010000	-155.845001	21.159600	2.217167	96.832189	2882.252391
96.980000	0.010000	-155.845001	21.409600	2.155072	96.919959	2881.232717
96.980000	0.010000	-155.845001	21.659600	2.093465	97.007896	2880.206010
96.980000	0.010000	-155.845001	21.909600	1.926558	97.096207	2879.179146
96.980000	0.010000	-155.845001	22.159600	1.480637	97.184692	2878.173051
96.980000	0.010000	-155.845001	22.409600	0.657275	97.273559	2877.237207
96.980000	0.010000	-155.845001	22.659600	-0.603475	97.362610	2876.382209
96.980000	0.010000	-155.845001	22.909600	1.255395	97.452051	2875.690246
96.980000	0.010000	-155.595001	15.159600	4.249886	94.870916	2896.654918
96.980000	0.010000	-155.595001	15.409600	4.166176	94.954626	2895.630692
96.980000	0.010000	-155.595001	15.659600	2.309178	95.038509	2894.606467
96.980000	0.010000	-155.595001	15.909600	-1.058771	95.122583	2893.968097
96.980000	0.010000	-155.595001	16.159600	-2.462269	95.206837	2893.640917
96.980000	0.010000	-155.595001	16.409600	-2.546721	95.291289	2893.313737
96.980000	0.010000	-155.595001	16.659600	-2.631360	95.375928	2892.986557
96.980000	0.010000	-155.595001	16.909600	-2.716204	95.460772	2892.659377
96.980000	0.010000	-155.595001	17.159600	-2.801241	95.545809	2892.332197
96.980000	0.010000	-155.595001	17.409600	-2.886492	95.631060	2892.005017
96.980000	0.010000	-155.595001	17.659600	-2.971942	95.716511	2891.677837
96.980000	0.010000	-155.595001	17.909600	-3.057614	95.802182	2891.350657
96.980000	0.010000	-155.595001	18.159600	-3.132302	95.888060	2891.023477
96.980000	0.010000	-155.595001	18.409600	-3.173403	95.974167	2890.696297
96.980000	0.010000	-155.595001	18.659600	-2.696062	96.060488	2890.364517
96.980000	0.010000	-155.595001	18.909600	-2.577523	96.147045	2889.912565
96.980000	0.010000	-155.595001	19.159600	-5.040920	96.233824	2889.543895
96.980000	0.010000	-155.595001	19.409600	-10.048521	96.320847	2889.643241
96.980000	0.010000	-155.595001	19.659600	-13.359767	96.408099	2890.334722
96.980000	0.010000	-155.595001	19.909600	-12.767565	96.495603	2891.026204
96.980000	0.010000	-155.595001	20.159600	-6.326352	96.583344	2891.590205
96.980000	0.010000	-155.595001	20.409600	-1.074595	96.671345	2890.972943
96.980000	0.010000	-155.595001	20.659600	-0.822296	96.759591	2890.355681
96.980000	0.010000	-155.595001	20.909600	0.792973	96.848105	2889.662776
96.980000	0.010000	-155.595001	21.159600	2.128583	96.936871	2888.643102
96.980000	0.010000	-155.595001	21.409600	2.039539	97.025915	2887.623428
96.980000	0.010000	-155.595001	21.659600	1.945333	97.115219	2886.603753
96.980000	0.010000	-155.595001	21.909600	1.850736	97.204808	2885.584079
96.980000	0.010000	-155.595001	22.159600	0.866431	97.294667	2884.564405
96.980000	0.010000	-155.595001	22.409600	-0.777307	97.384820	2883.732658
96.980000	0.010000	-155.595001	22.659600	1.949866	97.475250	2883.040695
96.980000	0.010000	-155.345001	15.159600	4.175951	94.944850	2903.034538
96.980000	0.010000	-155.345001	15.409600	3.502521	95.029869	2902.010313
96.980000	0.010000	-155.345001	15.659600	0.099018	95.114968	2901.120282
96.980000	0.010000	-155.345001	15.909600	-2.455786	95.200354	2900.793102
96.980000	0.010000	-155.345001	16.159600	-2.541260	95.285828	2900.465922
96.980000	0.010000	-155.345001	16.409600	-2.627029	95.371597	2900.138742
96.980000	0.010000	-155.345001	16.659600	-2.712892	95.457460	2899.811562
96.980000	0.010000	-155.345001	16.909600	-2.799057	95.543625	2899.484382
96.980000	0.010000	-155.345001	17.159600	-2.885324	95.629892	2899.157202
96.980000	0.010000	-155.345001	17.409600	-2.971899	95.716468	2898.830022
96.980000	0.010000	-155.345001	17.659600	-3.037051	95.803152	2898.502842
96.980000	0.010000	-155.345001	17.909600	-2.861961	95.890153	2898.175662
96.980000	0.010000	-155.345001	18.159600	-2.384767	95.977271	2897.792971
96.980000	0.010000	-155.345001	18.409600	-2.138234	96.064712	2897.341018
96.980000	0.010000	-155.345001	18.659600	-2.189754	96.152278	2896.889066
96.980000	0.010000	-155.345001	18.909600	-2.677390	96.240174	2896.437113
96.980000	0.010000	-155.345001	19.159600	-3.820737	96.328202	2896.076595
96.980000	0.010000	-155.345001	19.409600	-4.515835	96.416570	2895.864960
96.980000	0.010000	-155.345001	19.659600	-8.695571	96.505077	2895.653324
96.980000	0.010000	-155.345001	19.909600	-13.656623	96.593931	2896.318272
96.980000	0.010000	-155.345001	20.159600	-11.770689	96.682932	2897.009754
96.980000	0.010000	-155.345001	20.409600	-5.080341	96.772288	2897.271951
96.980000	0.010000	-155.345001	20.659600	-1.265050	96.861799	2896.654689
96.980000	0.010000	-155.345001	20.909600	0.336507	96.951674	2896.037426
96.980000	0.010000	-155.345001	21.159600	1.953519	97.041713	2895.033813
96.980000	0.010000	-155.345001	21.409600	1.933331	97.132123	2894.014138
96.980000	0.010000	-155.345001	21.659600	1.842750	97.222705	2892.994464
96.980000	0.010000	-155.345001	21.909600	1.147032	97.313667	2891.974790
96.980000	0.010000	-155.345001	22.159600	-0.525092	97.404809	2891.083107
96.980000	0.010000	-155.345001	22.409600	2.706969	97.496340	2890.391143
96.980000	0.010000	-155.095001	15.159600	4.101741	95.019061	2909.414158
96.980000	0.010000	-155.095001	15.409600	1.298643	95.105295	2908.389933
96.980000	0.010000	-155.095001	15.659600	-1.955422	95.191707	2907.945287
96.980000	0.010000	-155.095001	15.909600	-2.533746	95.278314	2907.618107
96.980000	0.010000	-155.095001	16.159600	-2.620536	95.365105	2907.290927
96.980000	0.010000	-155.095001	16.409600	-2.707530	95.452098	2906.963747
96.980000	0.010000	-155.095001	16.659600	-2.794714	95.539282	2906.636567
96.980000	0.010000	-155.095001	16.909600	-2.875556	95.626677	2906.309387
96.980000	0.010000	-155.095001	17.159600	-2.937747	95.714269	2905.982207
96.980000	0.010000	-155.095001	17.409600	-2.544822	95.802079	2905.655027
96.980000	0.010000	-155.095001	17.659600	-2.064473	95.890093	2905.221424
96.980000	0.010000	-155.095001	17.909600	-2.036664	95.978333	2904.769472
96.980000	0.010000	-155.095001	18.159600	-2.104261	96.066785	2904.317519
96.980000	0.010000	-155.095001	18.409600	-2.192946	96.155470	2903.865566
96.980000	0.010000	-155.095001	18.659600	-2.281850	96.244374	2903.413614
96.980000	0.010000	-155.095001	18.909600	-2.806395	96.333520	2902.961661
96.980000	0.010000	-155.095001	19.159600	-3.951109	96.422892	2902.609296
96.980000	0.010000	-155.095001	19.409600	-4.656988	96.512514	2902.397660
96.980000	0.010000	-155.095001	19.659600	-4.746844	96.602370	2902.186024
96.980000	0.010000	-155.095001	19.909600	-7.236789	96.692483	2901.974389
96.980000	0.010000	-155.095001	20.159600	-11.941723	96.782839	2902.301821
96.980000	0.010000	-155.095001	20.409600	-10.260800	96.873460	2902.993303
96.980000	0.010000	-155.095001	20.659600	-3.912902	96.964331	2902.953697
96.980000	0.010000	-155.095001	20.909600	-0.134653	97.055476	2902.336434
96.980000	0.010000	-155.095001	21.159600	1.446883	97.146880	2901.424523
96.980000	0.010000	-155.095001	21.409600	1.826887	97.238567	2900.404849
96.980000	0.010000	-155.095001	21.659600	1.431712	97.330520	2899.385175
96.980000	0.010000	-155.095001	21.909600	0.053814	97.422764	2898.433555
96.980000	0.010000	-155.095001	22.159600	3.481191	97.515283	2897.689911
96.980000	0.010000	-154.845001	15.159600	2.541313	95.093378	2915.793779
96.980000	0.010000	-154.845001	15.409600	-0.855796	95.180926	2915.097472
96.980000	0.010000	-154.845001	15.659600	-2.523991	95.268559	2914.770292
96.980000	0.010000	-154.845001	15.909600	-2.611915	95.356483	2914.443112
96.980000	0.010000	-154.845001	16.159600	-2.699931	95.444499	2914.115932
96.980000	0.010000	-154.845001	16.409600	-2.771385	95.532815	2913.788752
96.980000	0.010000	-154.845001	16.659600	-2.695754	95.621228	2913.461573
96.980000	0.010000	-154.845001	16.909600	-2.221982	95.709949	2913.101830
96.980000	0.010000	-154.845001	17.159600	-1.879106	95.798775	2912.649878
96.980000	0.010000	-154.845001	17.409600	-1.930938	95.887915	2912.197925
96.980000	0.010000	-154.845001	17.659600	-2.014644	95.977168	2911.745972
96.980000	0.010000	-154.845001	17.909600	-2.104219	96.066743	2911.294020
96.980000	0.010000	-154.845001	18.159600	-2.193914	96.156438	2910.842067
96.980000	0.010000	-154.845001	18.409600	-2.283939	96.246463	2910.390115
96.980000	0.010000	-154.845001	18.659600	-2.374092	96.336616	2909.938162
96.980000	0.010000	-154.845001	18.909600	-2.935641	96.427106	2909.486209
96.980000	0.010000	-154.845001	19.159600	-4.081634	96.517731	2909.141996
96.980000	0.010000	-154.845001	19.409600	-4.753177	96.608702	2908.930361
96.980000	0.010000	-154.845001	19.659600	-4.844291	96.699817	2908.718725
96.980000	0.010000	-154.845001	19.909600	-4.935759	96.791284	2908.507089
96.980000	0.010000	-154.845001	20.159600	-5.868860	96.882904	2908.295454
96.980000	0.010000	-154.845001	20.409600	-10.329947	96.974885	2908.285370
96.980000	0.010000	-154.845001	20.659600	-8.818059	97.067026	2908.976852
96.980000	0.010000	-154.845001	20.909600	-1.891394	97.159536	2908.635442
96.980000	0.010000	-154.845001	21.159600	0.939228	97.252215	2907.815234
96.980000	0.010000	-154.845001	21.409600	1.684688	97.345272	2906.795560
96.980000	0.010000	-154.845001	21.659600	1.077737	97.438506	2905.784004
96.980000	0.010000	-154.845001	21.909600	4.272608	97.532127	2904.892397
96.980000	0.010000	-154.845001	22.159600	8.606936	97.625933	2903.268265
96.980000	0.010000	-154.595001	15.159600	0.316391	95.167977	2922.249658
96.980000	0.010000	-154.595001	15.409600	-2.512179	95.256747	2921.922478
96.980000	0.010000	-154.595001	15.659600	-2.599198	95.345698	2921.595298
96.980000	0.010000	-154.595001	15.909600	-2.663033	95.434848	2921.268118
96.980000	0.010000	-154.595001	16.159600	-2.370386	95.524186	2920.940938
96.980000	0.010000	-154.595001	16.409600	-1.893398	95.613732	2920.530284
96.980000	0.010000	-154.595001	16.659600	-1.768664	95.703472	2920.078331
96.980000	0.010000	-154.595001	16.909600	-1.830902	95.793426	2919.626378
96.980000	0.010000	-154.595001	17.159600	-1.921059	95.883583	2919.174426
96.980000	0.010000	-154.595001	17.409600	-2.011438	95.973962	2918.722473
96.980000	0.010000	-154.595001	17.659600	-2.102026	96.064550	2918.270521
96.980000	0.010000	-154.595001	17.909600	-2.192844	96.155368	2917.818568
96.980000	0.010000	-154.595001	18.159600	-2.283879	96.246403	2917.366615
96.980000	0.010000	-154.595001	18.409600	-2.375152	96.337675	2916.914663
96.980000	0.010000	-154.595001	18.659600	-2.466648	96.429172	2916.462710
96.980000	0.010000	-154.595001	18.909600	-3.065115	96.520915	2916.010758
96.980000	0.010000	-154.595001	19.159600	-4.212479	96.612890	2915.674697
96.980000	0.010000	-154.595001	19.409600	-4.849593	96.705119	2915.463061
96.980000	0.010000	-154.595001	19.659600	-4.942062	96.797587	2915.251426
96.980000	0.010000	-154.595001	19.909600	-5.034793	96.890318	2915.039790
96.980000	0.010000	-154.595001	20.159600	-5.127771	96.983297	2914.828154
96.980000	0.010000	-154.595001	20.409600	-5.191969	97.076546	2914.616518
96.980000	0.010000	-154.595001	20.659600	-8.692688	97.170051	2914.404883
96.980000	0.010000	-154.595001	20.909600	-6.321171	97.263836	2914.934450
96.980000	0.010000	-154.595001	21.159600	0.430424	97.357884	2914.205945
96.980000	0.010000	-154.595001	21.409600	2.132355	97.452221	2913.186270
96.980000	0.010000	-154.595001	21.659600	5.318922	97.546830	2912.094883
96.980000	0.010000	-154.595001	21.909600	8.591132	97.641737	2910.470751
96.980000	0.010000	-154.345001	15.159600	-1.748599	95.242690	2929.074663
96.980000	0.010000	-154.345001	15.409600	-2.509692	95.332780	2928.747483
96.980000	0.010000	-154.345001	15.659600	-2.039189	95.422957	2928.410690
96.980000	0.010000	-154.345001	15.909600	-1.600547	95.513430	2927.958737
96.980000	0.010000	-154.345001	16.159600	-1.653936	95.603999	2927.506784
96.980000	0.010000	-154.345001	16.409600	-1.732347	95.694871	2927.054832
96.980000	0.010000	-154.345001	16.659600	-1.823322	95.785846	2926.602879
96.980000	0.010000	-154.345001	16.909600	-1.914608	95.877132	2926.150927
96.980000	0.010000	-154.345001	17.159600	-2.006003	95.968527	2925.698974
96.980000	0.010000	-154.345001	17.409600	-2.097718	96.060242	2925.247021
96.980000	0.010000	-154.345001	17.659600	-2.189549	96.152073	2924.795069
96.980000	0.010000	-154.345001	17.909600	-2.281707	96.244231	2924.343116
96.980000	0.010000	-154.345001	18.159600	-2.373990	96.336514	2923.891164
96.980000	0.010000	-154.345001	18.409600	-2.466608	96.429132	2923.439211
96.980000	0.010000	-154.345001	18.659600	-2.559357	96.521881	2922.987258
96.980000	0.010000	-154.345001	18.909600	-3.194840	96.614973	2922.535306
96.980000	0.010000	-154.345001	19.159600	-4.343484	96.708206	2922.207398
96.980000	0.010000	-154.345001	19.409600	-4.946263	96.801789	2921.995762
96.980000	0.010000	-154.345001	19.659600	-5.039994	96.895520	2921.784126
96.980000	0.010000	-154.345001	19.909600	-5.134084	96.989610	2921.572490
96.980000	0.010000	-154.345001	20.159600	-5.228331	97.083856	2921.360855
96.980000	0.010000	-154.345001	20.409600	-5.322944	97.178470	2921.149219
96.980000	0.010000	-154.345001	20.659600	-5.417723	97.273248	2920.937583
96.980000	0.010000	-154.345001	20.909600	-5.783815	97.368402	2920.725948
96.980000	0.010000	-154.345001	21.159600	-0.835566	97.463730	2920.596655
96.980000	0.010000	-154.345001	21.409600	6.481670	97.559441	2919.297369
96.980000	0.010000	-154.345001	21.659600	8.577534	97.655334	2917.673237
96.980000	0.010000	-154.095001	15.159600	-1.702307	95.317692	2935.839143
96.980000	0.010000	-154.095001	15.409600	-1.481040	95.409009	2935.387190
96.980000	0.010000	-154.095001	15.659600	-1.537986	95.500510	2934.935238
96.980000	0.010000	-154.095001	15.909600	-1.629691	95.592215	2934.483285
96.980000	0.010000	-154.095001	16.159600	-1.721587	95.684111	2934.031333
96.980000	0.010000	-154.095001	16.409600	-1.813694	95.776218	2933.579380
96.980000	0.010000	-154.095001	16.659600	-1.906000	95.868524	2933.127427
96.980000	0.010000	-154.095001	16.909600	-1.998526	95.961050	2932.675475
96.980000	0.010000	-154.095001	17.159600	-2.091257	96.053781	2932.223522
96.980000	0.010000	-154.095001	17.409600	-2.184215	96.146739	2931.771570
96.980000	0.010000	-154.095001	17.659600	-2.277387	96.239911	2931.319617
96.980000	0.010000	-154.095001	17.909600	-2.370793	96.333317	2930.867664
96.980000	0.010000	-154.095001	18.159600	-2.464420	96.426944	2930.415712
96.980000	0.010000	-154.095001	18.409600	-2.558291	96.520815	2929.963759
96.980000	0.010000	-154.095001	18.659600	-2.652389	96.614913	2929.511807
96.980000	0.010000	-154.095001	18.909600	-3.324799	96.709263	2929.059854
96.980000	0.010000	-154.095001	19.159600	-4.474818	96.803849	2928.740098
96.980000	0.010000	-154.095001	19.409600	-5.043169	96.898695	2928.528462
96.980000	0.010000	-154.095001	19.659600	-5.138259	96.993784	2928.316827
96.980000	0.010000	-154.095001	19.909600	-5.233616	97.089142	2928.105191
96.980000	0.010000	-154.095001	20.159600	-5.329226	97.184751	2927.893555
96.980000	0.010000	-154.095001	20.409600	-5.425112	97.280638	2927.681920
96.980000	0.010000	-154.095001	20.659600	-5.521259	97.376785	2927.470284
96.980000	0.010000	-154.095001	20.909600	-3.196362	97.473217	2927.258648
96.980000	0.010000	-154.095001	21.159600	4.155009	97.569918	2926.499855
96.980000	0.010000	-154.095001	21.409600	8.565956	97.666913	2924.875723
96.980000	0.010000	-153.845001	15.159600	-1.409797	95.392815	2942.363691
96.980000	0.010000	-153.845001	15.409600	-1.522933	95.485457	2941.911739
96.980000	0.010000	-153.845001	15.659600	-1.615665	95.578189	2941.459786
96.980000	0.010000	-153.845001	15.909600	-1.708699	95.671223	2941.007833
96.980000	0.010000	-153.845001	16.159600	-1.801831	95.764355	2940.555881
96.980000	0.010000	-153.845001	16.409600	-1.895271	95.857795	2940.103928
96.980000	0.010000	-153.845001	16.659600	-1.988817	95.951341	2939.651976
96.980000	0.010000	-153.845001	16.909600	-2.082680	96.045204	2939.200023
96.980000	0.010000	-153.845001	17.159600	-2.176655	96.139179	2938.748070
96.980000	0.010000	-153.845001	17.409600	-2.270954	96.233478	2938.296118
96.980000	0.010000	-153.845001	17.659600	-2.365374	96.327898	2937.844165
96.980000	0.010000	-153.845001	17.909600	-2.460126	96.422649	2937.392213
96.980000	0.010000	-153.845001	18.159600	-2.555006	96.517530	2936.940260
96.980000	0.010000	-153.845001	18.409600	-2.650225	96.612749	2936.488307
96.980000	0.010000	-153.845001	18.659600	-2.745582	96.708105	2936.036355
96.980000	0.010000	-153.845001	18.909600	-3.455017	96.803809	2935.584402
96.980000	0.010000	-153.845001	19.159600	-4.606319	96.899658	2935.272799
96.980000	0.010000	-153.845001	19.409600	-5.140336	96.995862	2935.061163
96.980000	0.010000	-153.845001	19.659600	-5.236693	97.092219	2934.849527
96.980000	0.010000	-153.845001	19.909600	-5.333414	97.188940	2934.637892
96.980000	0.010000	-153.845001	20.159600	-5.430296	97.285822	2934.426256
96.980000	0.010000	-153.845001	20.409600	-5.527551	97.383077	2934.214620
96.980000	0.010000	-153.845001	20.659600	-5.235152	97.480501	2934.002984
96.980000	0.010000	-153.845001	20.909600	1.517770	97.578306	2933.702341
96.980000	0.010000	-153.845001	21.159600	8.556579	97.676290	2932.078209
96.980000	0.010000	-153.595001	15.159600	-2.621571	95.468234	2948.820883
96.980000	0.010000	-153.595001	15.409600	-1.853416	95.562108	2948.436287
96.980000	0.010000	-153.595001	15.659600	-1.693646	95.656170	2947.984334
96.980000	0.010000	-153.595001	15.909600	-1.787917	95.750441	2947.532382
96.980000	0.010000	-153.595001	16.159600	-1.882382	95.844906	2947.080429
96.980000	0.010000	-153.595001	16.409600	-1.977063	95.939587	2946.628476
96.980000	0.010000	-153.595001	16.659600	-2.071946	96.034470	2946.176524
96.980000	0.010000	-153.595001	16.909600	-2.167053	96.129577	2945.724571
96.980000	0.010000	-153.595001	17.159600	-2.262369	96.224893	2945.272619
96.980000	0.010000	-153.595001	17.409600	-2.357918	96.320441	2944.820666
96.980000	0.010000	-153.595001	17.659600	-2.453683	96.416207	2944.368713
96.980000	0.010000	-153.595001	17.909600	-2.549688	96.512212	2943.916761
96.980000	0.010000	-153.595001	18.159600	-2.645917	96.608441	2943.464808
96.980000	0.010000	-153.595001	18.409600	-2.742395	96.704919	2943.012856
96.980000	0.010000	-153.595001	18.659600	-2.839105	96.801629	2942.560903
96.980000	0.010000	-153.595001	18.909600	-3.585477	96.898595	2942.108950
96.980000	0.010000	-153.595001	19.159600	-4.738157	96.995802	2941.805499
96.980000	0.010000	-153.595001	19.409600	-5.237748	97.093273	2941.593864
96.980000	0.010000	-153.595001	19.659600	-5.335468	97.190993	2941.382228
96.980000	0.010000	-153.595001	19.909600	-5.433461	97.288986	2941.170592
96.980000	0.010000	-153.595001	20.159600	-5.531711	97.387236	2940.958956
96.980000	0.010000	-153.595001	20.409600	-5.630242	97.485768	2940.747321
96.980000	0.010000	-153.595001	20.659600	-0.882122	97.584565	2940.535685
96.980000	0.010000	-153.595001	20.909600	6.786507	97.683653	2939.280695
96.980000	0.010000	-153.345001	15.159600	-3.278807	95.543780	2955.064508
96.980000	0.010000	-153.345001	15.409600	-3.119008	95.638985	2954.817561
96.980000	0.010000	-153.345001	15.659600	-2.341430	95.734285	2954.508882
96.980000	0.010000	-153.345001	15.909600	-1.863068	95.829890	2954.056930
96.980000	0.010000	-153.345001	16.159600	-1.963072	95.925596	2953.604977
96.980000	0.010000	-153.345001	16.409600	-2.059092	96.021616	2953.153025
96.980000	0.010000	-153.345001	16.659600	-2.155221	96.117744	2952.701072
96.980000	0.010000	-153.345001	16.909600	-2.251670	96.214194	2952.249119
96.980000	0.010000	-153.345001	17.159600	-2.348236	96.310760	2951.797167
96.980000	0.010000	-153.345001	17.409600	-2.445130	96.407654	2951.345214
96.980000	0.010000	-153.345001	17.659600	-2.542149	96.504673	2950.893262
96.980000	0.010000	-153.345001	17.909600	-2.639504	96.602028	2950.441309
96.980000	0.010000	-153.345001	18.159600	-2.736992	96.699516	2949.989356
96.980000	0.010000	-153.345001	18.409600	-2.834824	96.797348	2949.537404
96.980000	0.010000	-153.345001	18.659600	-2.932797	96.895321	2949.085451
96.980000	0.010000	-153.345001	18.909600	-3.716205	96.993646	2948.633499
96.980000	0.010000	-153.345001	19.159600	-4.870171	97.092120	2948.338200
96.980000	0.010000	-153.345001	19.409600	-5.335429	97.190955	2948.126564
96.980000	0.010000	-153.345001	19.659600	-5.434421	97.289946	2947.914928
96.980000	0.010000	-153.345001	19.909600	-5.533782	97.389308	2947.703293
96.980000	0.010000	-153.345001	20.159600	-5.633309	97.488834	2947.491657
96.980000	0.010000	-153.345001	20.409600	-3.131846	97.588739	2947.280021
96.980000	0.010000	-153.345001	20.659600	4.173552	97.688817	2946.483181
96.980000	0.010000	-153.095001	15.159600	-3.354656	95.619629	2961.308133
96.980000	0.010000	-153.095001	15.409600	-3.451101	95.716073	2961.061186
96.980000	0.010000	-153.095001	15.659600	-3.558866	95.812708	2960.814240
96.980000	0.010000	-153.095001	15.909600	-2.836509	95.909556	2960.567293
96.980000	0.010000	-153.095001	16.159600	-2.079034	96.006601	2960.129525
96.980000	0.010000	-153.095001	16.409600	-2.141343	96.103867	2959.677573
96.980000	0.010000	-153.095001	16.659600	-2.238814	96.201338	2959.225620
96.980000	0.010000	-153.095001	16.909600	-2.336514	96.299038	2958.773668
96.980000	0.010000	-153.095001	17.159600	-2.434427	96.396950	2958.321715
96.980000	0.010000	-153.095001	17.409600	-2.532575	96.495099	2957.869762
96.980000	0.010000	-153.095001	17.659600	-2.630945	96.593469	2957.417810
96.980000	0.010000	-153.095001	17.909600	-2.729559	96.692083	2956.965857
96.980000	0.010000	-153.095001	18.159600	-2.828401	96.790925	2956.513905
96.980000	0.010000	-153.095001	18.409600	-2.927496	96.890020	2956.061952
96.980000	0.010000	-153.095001	18.659600	-3.026828	96.989352	2955.609999
96.980000	0.010000	-153.095001	18.909600	-3.847183	97.088944	2955.158047
96.980000	0.010000	-153.095001	19.159600	-5.002531	97.188781	2954.870900
96.980000	0.010000	-153.095001	19.409600	-5.433363	97.288888	2954.659265
96.980000	0.010000	-153.095001	19.659600	-5.533722	97.389248	2954.447629
96.980000	0.010000	-153.095001	19.909600	-5.634360	97.489886	2954.235993
96.980000	0.010000	-153.095001	20.159600	-5.178862	97.590785	2954.024358
96.980000	0.010000	-153.095001	20.409600	1.609741	97.691971	2953.685667
96.980000	0.010000	-152.845001	15.159600	-3.430640	95.695612	2967.551759
96.980000	0.010000	-152.845001	15.409600	-3.528421	95.793394	2967.304812
96.980000	0.010000	-152.845001	15.659600	-3.626300	95.891272	2967.057865
96.980000	0.010000	-152.845001	15.909600	-3.724488	95.989461	2966.810918
96.980000	0.010000	-152.845001	16.159600	-3.338539	96.087753	2966.563971
96.980000	0.010000	-152.845001	16.409600	-2.571885	96.186364	2966.202121
96.980000	0.010000	-152.845001	16.659600	-2.322562	96.285086	2965.750168
96.980000	0.010000	-152.845001	16.909600	-2.421610	96.384133	2965.298216
96.980000	0.010000	-152.845001	17.159600	-2.520777	96.483301	2964.846263
96.980000	0.010000	-152.845001	17.409600	-2.620278	96.582802	2964.394311
96.980000	0.010000	-152.845001	17.659600	-2.719906	96.682430	2963.942358
96.980000	0.010000	-152.845001	17.909600	-2.819876	96.782400	2963.490405
96.980000	0.010000	-152.845001	18.159600	-2.919981	96.882505	2963.038453
96.980000	0.010000	-152.845001	18.409600	-3.020437	96.982961	2962.586500
96.980000	0.010000	-152.845001	18.659600	-3.121036	97.083559	2962.134548
96.980000	0.010000	-152.845001	18.909600	-3.978437	97.184516	2961.682595
96.980000	0.010000	-152.845001	19.159600	-5.135074	97.285625	2961.403601
96.980000	0.010000	-152.845001	19.409600	-5.531575	97.387101	2961.191965
96.980000	0.010000	-152.845001	19.659600	-5.633211	97.488737	2960.980330
96.980000	0.010000	-152.845001	19.909600	-5.735222	97.590748	2960.768694
96.980000	0.010000	-152.845001	20.159600	-0.797432	97.692928	2960.557058
96.980000	0.010000	-152.595001	15.159600	-3.506934	95.771906	2973.795384
96.980000	0.010000	-152.595001	15.409600	-3.605960	95.870932	2973.548437
96.980000	0.010000	-152.595001	15.659600	-3.705180	95.970152	2973.301490
96.980000	0.010000	-152.595001	15.909600	-3.804616	96.069589	2973.054544
96.980000	0.010000	-152.595001	16.159600	-3.904254	96.169227	2972.807597
96.980000	0.010000	-152.595001	16.409600	-3.847789	96.269089	2972.560650
96.980000	0.010000	-152.595001	16.659600	-3.071703	96.369160	2972.274717
96.980000	0.010000	-152.595001	16.909600	-2.495729	96.469463	2971.822764
96.980000	0.010000	-152.595001	17.159600	-2.607460	96.569983	2971.370811
96.980000	0.010000	-152.595001	17.409600	-2.708220	96.670744	2970.918859
96.980000	0.010000	-152.595001	17.659600	-2.809205	96.771729	2970.466906
96.980000	0.010000	-152.595001	17.909600	-2.910438	96.872962	2970.014954
96.980000	0.010000	-152.595001	18.159600	-3.011904	96.974428	2969.563001
96.980000	0.010000	-152.595001	18.409600	-3.113627	97.076151	2969.111048
96.980000	0.010000	-152.595001	18.659600	-3.215591	97.178115	2968.659096
96.980000	0.010000	-152.595001	18.909600	-4.109949	97.280344	2968.207143
96.980000	0.010000	-152.595001	19.159600	-5.267971	97.382821	2967.936302
96.980000	0.010000	-152.595001	19.409600	-5.630048	97.485573	2967.724666
96.980000	0.010000	-152.595001	19.659600	-5.733056	97.588582	2967.513030
96.980000	0.010000	-152.595001	19.909600	-3.053971	97.691874	2967.301394
96.980000	0.010000	-152.595001	20.159600	4.286679	97.795431	2966.466507
96.980000	0.010000	-152.345001	15.159600	-3.583369	95.848341	2980.039009
96.980000	0.010000	-152.345001	15.409600	-3.683739	95.948712	2979.792063
96.980000	0.010000	-152.345001	15.659600	-3.784208	96.049181	2979.545116
96.980000	0.010000	-152.345001	15.909600	-3.884992	96.149965	2979.298169
96.980000	0.010000	-152.345001	16.159600	-3.985883	96.250855	2979.051222
96.980000	0.010000	-152.345001	16.409600	-4.087096	96.352068	2978.804275
96.980000	0.010000	-152.345001	16.659600	-4.195465	96.453396	2978.557328
96.980000	0.010000	-152.345001	16.909600	-3.578605	96.555053	2978.310382
96.980000	0.010000	-152.345001	17.159600	-2.822661	96.656834	2977.895360
96.980000	0.010000	-152.345001	17.409600	-2.796428	96.758952	2977.443407
96.980000	0.010000	-152.345001	17.659600	-2.898677	96.861201	2976.991454
96.980000	0.010000	-152.345001	17.909600	-3.001272	96.963796	2976.539502
96.980000	0.010000	-152.345001	18.159600	-3.104007	97.066531	2976.087549
96.980000	0.010000	-152.345001	18.409600	-3.207095	97.169619	2975.635597
96.980000	0.010000	-152.345001	18.659600	-3.310331	97.272855	2975.183644
96.980000	0.010000	-152.345001	18.909600	-4.241746	97.376454	2974.731691
96.980000	0.010000	-152.345001	19.159600	-5.401061	97.480208	2974.469002
96.980000	0.010000	-152.345001	19.409600	-5.728808	97.584334	2974.257366
96.980000	0.010000	-152.345001	19.659600	-5.110168	97.688624	2974.045731
96.980000	0.010000	-152.345001	19.909600	1.715119	97.793294	2973.668993
96.980000	0.010000	-152.095001	15.159600	-3.660122	95.925094	2986.282635
96.980000	0.010000	-152.095001	15.409600	-3.761743	96.026715	2986.035688
96.980000	0.010000	-152.095001	15.659600	-3.863560	96.128533	2985.788741
96.980000	0.010000	-152.095001	15.909600	-3.965598	96.230571	2985.541794
96.980000	0.010000	-152.095001	16.159600	-4.067841	96.332813	2985.294847
96.980000	0.010000	-152.095001	16.409600	-4.170311	96.435284	2985.047901
96.980000	0.010000	-152.095001	16.659600	-4.272994	96.537966	2984.800954
96.980000	0.010000	-152.095001	16.909600	-4.375913	96.640885	2984.554007
96.980000	0.010000	-152.095001	17.159600	-4.092625	96.744024	2984.307060
96.980000	0.010000	-152.095001	17.409600	-3.327497	96.847408	2983.967955
96.980000	0.010000	-152.095001	17.659600	-2.988495	96.951019	2983.516003
96.980000	0.010000	-152.095001	17.909600	-3.092359	97.054883	2983.064050
96.980000	0.010000	-152.095001	18.159600	-3.196460	97.158984	2982.612097
96.980000	0.010000	-152.095001	18.409600	-3.300821	97.263345	2982.160145
96.980000	0.010000	-152.095001	18.659600	-3.405427	97.367951	2981.708192
96.980000	0.010000	-152.095001	18.909600	-4.373809	97.472827	2981.256240
96.980000	0.010000	-152.095001	19.159600	-5.534513	97.577955	2981.001703
96.980000	0.010000	-152.095001	19.409600	-5.827837	97.683363	2980.790067
96.980000	0.010000	-152.095001	19.659600	-0.699457	97.789031	2980.578431
96.980000	0.010000	-151.845001	15.409600	-3.839995	96.104968	2992.279313
96.980000	0.010000	-151.845001	15.659600	-3.943068	96.208041	2992.032366
96.980000	0.010000	-151.845001	15.909600	-4.046460	96.311432	2991.785420
96.980000	0.010000	-151.845001	16.159600	-4.149961	96.414933	2991.538473
96.980000	0.010000	-151.845001	16.409600	-4.253788	96.518761	2991.291526
96.980000	0.010000	-151.845001	16.659600	-4.357733	96.622706	2991.044579
96.980000	0.010000	-151.845001	16.909600	-4.462013	96.726985	2990.797632
96.980000	0.010000	-151.845001	17.159600	-4.566418	96.831390	2990.550685
96.980000	0.010000	-151.845001	17.409600	-4.613886	96.936138	2990.303739
96.980000	0.010000	-151.845001	17.659600	-3.839318	97.041019	2990.040551
96.980000	0.010000	-151.845001	17.909600	-3.165581	97.146251	2989.588598
96.980000	0.010000	-151.845001	18.159600	-3.289101	97.251625	2989.136646
96.980000	0.010000	-151.845001	18.409600	-3.394834	97.357358	2988.684693
96.980000	0.010000	-151.845001	18.659600	-3.500717	97.463241	2988.232740
96.980000	0.010000	-151.845001	18.909600	-4.506166	97.569492	2987.780788
96.980000	0.010000	-151.845001	19.159600	-5.668165	97.675902	2987.534403
96.980000	0.010000	-151.845001	19.409600	-2.962797	97.782689	2987.322768
96.980000	0.010000	-151.595001	16.659600	-4.442816	96.707788	2997.288204
96.980000	0.010000	-151.595001	16.909600	-4.548362	96.813335	2997.041258
96.980000	0.010000	-151.595001	17.159600	-4.654132	96.919105	2996.794311
96.980000	0.010000	-151.595001	17.409600	-4.760151	97.025123	2996.547364
96.980000	0.010000	-151.595001	17.659600	-4.869339	97.131373	2996.300417
96.980000	0.010000	-151.595001	17.909600	-4.358392	97.237879	2996.053470
96.980000	0.010000	-151.595001	18.159600	-3.604197	97.344625	2995.661194
96.980000	0.010000	-151.595001	18.409600	-3.489113	97.451636	2995.209241
96.980000	0.010000	-151.595001	18.659600	-3.596372	97.558896	2994.757289
96.980000	0.010000	-151.595001	18.909600	-4.638797	97.666429	2994.305336
96.980000	0.010000	-151.595001	19.159600	-4.912919	97.774218	2994.067104
96.980000	0.010000	-151.345001	18.159600	-4.884606	97.437822	3002.050149
96.980000	0.010000	-151.345001	18.409600	-4.121221	97.546210	3001.733789
96.980000	0.010000	-151.345001	18.659600	-3.690259	97.654752	3001.281837
96.980000	0.010000	-151.345001	18.909600	-4.771731	97.763667	3000.829884
96.980000	0.010000	-151.095001	18.409600	-5.400964	97.641059	3008.046827
96.980000	0.010000	-151.095001	18.659600	-4.710648	97.750982	3007.799881
