-155.996994	20.771000	1019.052000
-155.710999	20.046000	1040.047000
-157.270004	21.108999	997.066000
-156.755997	21.136000	1001.063000
-158.933105	24.573799	890.043000
-155.765305	26.776699	872.493000
-152.765793	25.592800	938.041000
-158.185394	22.620199	952.041000
-154.251801	21.168699	1023.045000
-152.981201	18.301800	1112.046000
-151.686600	14.689100	1219.037000
-153.967499	14.731300	1186.038000
-153.868195	17.315399	1123.028000
-156.206604	16.162001	1134.033000
-158.179504	20.377800	1010.027000
-152.765793	25.592800	937.716000
