153.660000	46.440000	-159.547501	18.981300	0.216003	138.230464	1274.308603
153.660000	46.440000	-159.547501	19.231300	2.844297	138.113487	1269.371166
153.660000	46.440000	-159.547501	19.481300	4.656150	137.995620	1264.270542
153.660000	46.440000	-159.547501	19.731300	4.698204	137.876841	1259.169917
153.660000	46.440000	-159.547501	19.981300	3.611179	137.757144	1254.097570
153.660000	46.440000	-159.547501	20.231300	1.793622	137.636506	1249.740602
153.660000	46.440000	-159.547501	20.481300	1.709758	137.514923	1245.362239
153.660000	46.440000	-159.547501	20.731300	1.401960	137.392367	1240.609477
153.660000	46.440000	-159.547501	20.981300	0.643286	137.268838	1235.856716
153.660000	46.440000	-159.547501	21.231300	0.210992	137.144303	1231.103954
153.660000	46.440000	-159.297501	17.981300	-2.280851	138.609167	1297.592923
153.660000	46.440000	-159.297501	18.231300	-2.167921	138.496237	1292.893459
153.660000	46.440000	-159.297501	18.481300	-1.245792	138.382534	1288.193995
153.660000	46.440000	-159.297501	18.731300	1.388252	138.267925	1283.464837
153.660000	46.440000	-159.297501	18.981300	3.924477	138.152520	1278.364213
153.660000	46.440000	-159.297501	19.231300	4.615590	138.036181	1273.263589
153.660000	46.440000	-159.297501	19.481300	4.732749	137.919021	1268.162965
153.660000	46.440000	-159.297501	19.731300	4.850873	137.800898	1263.062341
153.660000	46.440000	-159.297501	19.981300	3.526175	137.681930	1257.961717
153.660000	46.440000	-159.297501	20.231300	2.931955	137.561967	1253.412317
153.660000	46.440000	-159.297501	20.481300	2.355112	137.441133	1249.055349
153.660000	46.440000	-159.297501	20.731300	1.962756	137.319272	1244.698382
153.660000	46.440000	-159.297501	20.981300	1.893253	137.196515	1240.038519
153.660000	46.440000	-159.297501	21.231300	1.583785	137.072697	1235.285757
153.660000	46.440000	-159.297501	21.481300	1.708527	136.947954	1230.532996
153.660000	46.440000	-159.297501	21.731300	-0.348181	136.822117	1225.780234
153.660000	46.440000	-159.297501	21.981300	-1.869917	136.695326	1221.223954
153.660000	46.440000	-159.297501	22.231300	-0.474748	136.567405	1216.498461
153.660000	46.440000	-159.047501	16.981300	-2.642456	138.970773	1320.877243
153.660000	46.440000	-159.047501	17.231300	-2.533361	138.861677	1316.177779
153.660000	46.440000	-159.047501	17.481300	-2.423491	138.751807	1311.478315
153.660000	46.440000	-159.047501	17.731300	-2.312833	138.641149	1306.778851
153.660000	46.440000	-159.047501	17.981300	-2.155757	138.529694	1302.079387
153.660000	46.440000	-159.047501	18.231300	-0.067689	138.417425	1297.379922
153.660000	46.440000	-159.047501	18.481300	2.557406	138.304335	1292.457885
153.660000	46.440000	-159.047501	18.731300	4.461364	138.190407	1287.357261
153.660000	46.440000	-159.047501	18.981300	4.576137	138.075633	1282.256637
153.660000	46.440000	-159.047501	19.231300	4.691777	137.959994	1277.156013
153.660000	46.440000	-159.047501	19.481300	4.808286	137.843484	1272.055389
153.660000	46.440000	-159.047501	19.731300	4.925690	137.726081	1266.954765
153.660000	46.440000	-159.047501	19.981300	4.130089	137.607781	1261.854141
153.660000	46.440000	-159.047501	20.231300	3.692107	137.488558	1257.084032
153.660000	46.440000	-159.047501	20.481300	2.509991	137.368413	1252.727064
153.660000	46.440000	-159.047501	20.731300	2.631089	137.247314	1248.370097
153.660000	46.440000	-159.047501	20.981300	2.215687	137.125265	1244.013129
153.660000	46.440000	-159.047501	21.231300	1.363056	137.002231	1239.467561
153.660000	46.440000	-159.047501	21.481300	-0.591999	136.878218	1234.714799
153.660000	46.440000	-159.047501	21.731300	-2.549146	136.753188	1230.273265
153.660000	46.440000	-159.047501	21.981300	-2.546350	136.627148	1225.847786
153.660000	46.440000	-159.047501	22.231300	-0.069268	136.500058	1221.317664
153.660000	46.440000	-159.047501	22.481300	0.728236	136.371928	1215.810942
153.660000	46.440000	-158.797501	15.981300	-2.988152	139.316468	1344.161563
153.660000	46.440000	-158.797501	16.231300	-2.882590	139.210907	1339.462099
153.660000	46.440000	-158.797501	16.481300	-2.776357	139.104674	1334.762635
153.660000	46.440000	-158.797501	16.731300	-2.669339	138.997655	1330.063171
153.660000	46.440000	-158.797501	16.981300	-2.561628	138.889945	1325.363707
153.660000	46.440000	-158.797501	17.231300	-2.453109	138.781425	1320.664243
153.660000	46.440000	-158.797501	17.481300	-2.343877	138.672193	1315.964779
153.660000	46.440000	-158.797501	17.731300	-1.522328	138.562127	1311.265314
153.660000	46.440000	-158.797501	17.981300	1.108404	138.451327	1306.551557
153.660000	46.440000	-158.797501	18.231300	3.683548	138.339667	1301.450933
153.660000	46.440000	-158.797501	18.481300	4.424519	138.227251	1296.350309
153.660000	46.440000	-158.797501	18.731300	4.537823	138.113948	1291.249685
153.660000	46.440000	-158.797501	18.981300	4.651903	137.999868	1286.149061
153.660000	46.440000	-158.797501	19.231300	4.766900	137.884871	1281.048437
153.660000	46.440000	-158.797501	19.481300	4.882697	137.769074	1275.947813
153.660000	46.440000	-158.797501	19.731300	4.999439	137.652332	1270.847189
153.660000	46.440000	-158.797501	19.981300	4.817539	137.534765	1265.746565
153.660000	46.440000	-158.797501	20.231300	4.013389	137.416223	1260.755747
153.660000	46.440000	-158.797501	20.481300	2.581572	137.296831	1256.398780
153.660000	46.440000	-158.797501	20.731300	2.701971	137.176432	1252.041812
153.660000	46.440000	-158.797501	20.981300	0.396006	137.055159	1247.684844
153.660000	46.440000	-158.797501	21.231300	-3.442246	136.932846	1243.551281
153.660000	46.440000	-158.797501	21.481300	-3.775136	136.809631	1239.323488
153.660000	46.440000	-158.797501	21.731300	-2.992836	136.685342	1234.897097
153.660000	46.440000	-158.797501	21.981300	-2.815794	136.560124	1230.471618
153.660000	46.440000	-158.797501	22.231300	-1.157560	136.433798	1226.046139
153.660000	46.440000	-158.797501	22.481300	0.413184	136.306513	1221.028693
153.660000	46.440000	-158.797501	22.731300	2.222920	136.178084	1215.051360
153.660000	46.440000	-158.547501	15.981300	-3.396387	139.234324	1348.648027
153.660000	46.440000	-158.547501	16.231300	-2.801045	139.129362	1343.948563
153.660000	46.440000	-158.547501	16.481300	-2.695368	139.023684	1339.249099
153.660000	46.440000	-158.547501	16.731300	-2.588965	138.917281	1334.549635
153.660000	46.440000	-158.547501	16.981300	-2.481825	138.810142	1329.850171
153.660000	46.440000	-158.547501	17.231300	-2.373938	138.702254	1325.150706
153.660000	46.440000	-158.547501	17.481300	-0.340624	138.593609	1320.451242
153.660000	46.440000	-158.547501	17.731300	2.281473	138.484191	1315.544605
153.660000	46.440000	-158.547501	17.981300	4.277776	138.373994	1310.443981
153.660000	46.440000	-158.547501	18.231300	4.388770	138.263001	1305.343357
153.660000	46.440000	-158.547501	18.481300	4.500565	138.151205	1300.242733
153.660000	46.440000	-158.547501	18.731300	4.613183	138.038588	1295.142109
153.660000	46.440000	-158.547501	18.981300	4.726627	137.925144	1290.041485
153.660000	46.440000	-158.547501	19.231300	4.840919	137.810852	1284.940861
153.660000	46.440000	-158.547501	19.481300	4.956061	137.695709	1279.840237
153.660000	46.440000	-158.547501	19.731300	5.072079	137.579692	1274.739613
153.660000	46.440000	-158.547501	19.981300	5.188972	137.462798	1269.638989
153.660000	46.440000	-158.547501	20.231300	3.921345	137.345001	1264.538365
153.660000	46.440000	-158.547501	20.481300	3.008770	137.226302	1260.070495
153.660000	46.440000	-158.547501	20.731300	-1.248871	137.106670	1255.713527
153.660000	46.440000	-158.547501	20.981300	-6.969524	136.986108	1251.806592
153.660000	46.440000	-158.547501	21.231300	-7.278340	136.864584	1248.281488
153.660000	46.440000	-158.547501	21.481300	-3.575868	136.742102	1243.984081
153.660000	46.440000	-158.547501	21.731300	-2.920836	136.618625	1239.538644
153.660000	46.440000	-158.547501	21.981300	-2.799235	136.494161	1235.095449
153.660000	46.440000	-158.547501	22.231300	-2.412682	136.368670	1230.669970
153.660000	46.440000	-158.547501	22.481300	0.346131	136.242162	1226.164763
153.660000	46.440000	-158.547501	22.731300	2.572250	136.114592	1220.269112
153.660000	46.440000	-158.547501	22.981300	2.509245	135.985973	1214.291779
153.660000	46.440000	-158.297501	15.731300	-0.618532	139.256909	1357.419212
153.660000	46.440000	-158.297501	15.981300	-3.292196	139.153245	1353.123861
153.660000	46.440000	-158.297501	16.231300	-2.752902	139.048834	1348.435027
153.660000	46.440000	-158.297501	16.481300	-2.615451	138.943768	1343.735563
153.660000	46.440000	-158.297501	16.731300	-2.509614	138.837930	1339.036098
153.660000	46.440000	-158.297501	16.981300	-1.785210	138.731418	1334.336634
153.660000	46.440000	-158.297501	17.231300	0.839147	138.624112	1329.637170
153.660000	46.440000	-158.297501	17.481300	3.450385	138.516110	1324.537653
153.660000	46.440000	-158.297501	17.731300	4.244481	138.407290	1319.437029
153.660000	46.440000	-158.297501	17.981300	4.354016	138.297754	1314.336405
153.660000	46.440000	-158.297501	18.231300	4.464396	138.187374	1309.235781
153.660000	46.440000	-158.297501	18.481300	4.575513	138.076258	1304.135157
153.660000	46.440000	-158.297501	18.731300	4.687500	137.964271	1299.034533
153.660000	46.440000	-158.297501	18.981300	4.800246	137.851525	1293.933909
153.660000	46.440000	-158.297501	19.231300	4.913889	137.737881	1288.833285
153.660000	46.440000	-158.297501	19.481300	4.748666	137.623456	1283.732660
153.660000	46.440000	-158.297501	19.731300	4.540907	137.508105	1278.632036
153.660000	46.440000	-158.297501	19.981300	4.336771	137.391948	1273.531412
153.660000	46.440000	-158.297501	20.231300	2.979720	137.274836	1268.430788
153.660000	46.440000	-158.297501	20.481300	-1.735632	137.156895	1263.742210
153.660000	46.440000	-158.297501	20.731300	-8.599944	137.037967	1260.061902
153.660000	46.440000	-158.297501	20.981300	-10.223516	136.918185	1256.536799
153.660000	46.440000	-158.297501	21.231300	-6.961637	136.797385	1253.011695
153.660000	46.440000	-158.297501	21.481300	-3.282676	136.675705	1248.644673
153.660000	46.440000	-158.297501	21.731300	-2.906499	136.552973	1244.199237
153.660000	46.440000	-158.297501	21.981300	-2.775976	136.429335	1239.753800
153.660000	46.440000	-158.297501	22.231300	-2.607273	136.304610	1235.308363
153.660000	46.440000	-158.297501	22.481300	0.236935	136.178951	1230.868323
153.660000	46.440000	-158.297501	22.731300	2.158920	136.052170	1225.486863
153.660000	46.440000	-158.297501	22.981300	2.957119	135.924426	1219.509530
153.660000	46.440000	-158.297501	23.231300	2.799272	135.795523	1213.532197
153.660000	46.440000	-158.047501	15.731300	-0.647406	139.176284	1361.884148
153.660000	46.440000	-158.047501	15.981300	-2.503636	139.073167	1357.366159
153.660000	46.440000	-158.047501	16.231300	-3.123594	138.969362	1352.921490
153.660000	46.440000	-158.047501	16.481300	-2.536540	138.864857	1348.222026
153.660000	46.440000	-158.047501	16.731300	-0.603425	138.759641	1343.522562
153.660000	46.440000	-158.047501	16.981300	2.015851	138.653705	1338.631325
153.660000	46.440000	-158.047501	17.231300	4.010712	138.547036	1333.530701
153.660000	46.440000	-158.047501	17.481300	3.797281	138.439626	1328.430077
153.660000	46.440000	-158.047501	17.731300	3.583514	138.331461	1323.329453
153.660000	46.440000	-158.047501	17.981300	3.373321	138.222533	1318.228829
153.660000	46.440000	-158.047501	18.231300	3.166700	138.112826	1313.128204
153.660000	46.440000	-158.047501	18.481300	2.963639	138.002334	1308.027580
153.660000	46.440000	-158.047501	18.731300	2.764141	137.891037	1302.926956
153.660000	46.440000	-158.047501	18.981300	2.568191	137.778933	1297.826332
153.660000	46.440000	-158.047501	19.231300	2.156141	137.665999	1292.725708
153.660000	46.440000	-158.047501	19.481300	1.708052	137.552233	1287.704166
153.660000	46.440000	-158.047501	19.731300	1.485056	137.437611	1282.695658
153.660000	46.440000	-158.047501	19.981300	1.302490	137.322132	1277.687150
153.660000	46.440000	-158.047501	20.231300	-0.782628	137.205769	1272.678642
153.660000	46.440000	-158.047501	20.481300	-8.068982	137.088524	1268.317213
153.660000	46.440000	-158.047501	20.731300	-10.275698	136.970367	1264.792110
153.660000	46.440000	-158.047501	20.981300	-10.156632	136.851301	1261.267006
153.660000	46.440000	-158.047501	21.231300	-6.465703	136.731294	1257.741903
153.660000	46.440000	-158.047501	21.481300	-2.992211	136.610349	1253.305266
153.660000	46.440000	-158.047501	21.731300	-2.841958	136.488433	1248.859829
153.660000	46.440000	-158.047501	21.981300	-2.719077	136.365551	1244.414393
153.660000	46.440000	-158.047501	22.231300	-2.449404	136.241665	1239.968956
153.660000	46.440000	-158.047501	22.481300	1.760524	136.116785	1235.512459
153.660000	46.440000	-158.047501	22.731300	4.403313	135.990867	1230.421089
153.660000	46.440000	-158.047501	22.981300	4.087616	135.863924	1224.727282
153.660000	46.440000	-158.047501	23.231300	2.472411	135.735909	1218.749949
153.660000	46.440000	-158.047501	23.481300	3.093366	135.606837	1213.052395
153.660000	46.440000	-158.047501	23.731300	2.741737	135.476657	1208.561186
153.660000	46.440000	-157.797501	15.731300	0.018316	139.096658	1366.415738
153.660000	46.440000	-157.797501	15.981300	-1.981532	138.994142	1361.608458
153.660000	46.440000	-157.797501	16.231300	-3.021574	138.890893	1357.313106
153.660000	46.440000	-157.797501	16.481300	-1.167846	138.787005	1352.708490
153.660000	46.440000	-157.797501	16.731300	1.104441	138.682360	1347.624373
153.660000	46.440000	-157.797501	16.981300	1.571989	138.577057	1342.523749
153.660000	46.440000	-157.797501	17.231300	1.116745	138.470975	1337.448540
153.660000	46.440000	-157.797501	17.481300	0.733344	138.364215	1332.440032
153.660000	46.440000	-157.797501	17.731300	0.541276	138.256652	1327.431524
153.660000	46.440000	-157.797501	17.981300	0.352625	138.148390	1322.423016
153.660000	46.440000	-157.797501	18.231300	0.167500	138.039301	1317.414508
153.660000	46.440000	-157.797501	18.481300	-0.014231	137.929494	1312.406000
153.660000	46.440000	-157.797501	18.731300	-0.192453	137.818832	1307.397492
153.660000	46.440000	-157.797501	18.981300	-0.367301	137.707431	1302.388984
153.660000	46.440000	-157.797501	19.231300	-0.538658	137.595149	1297.380476
153.660000	46.440000	-157.797501	19.481300	-0.465540	137.482105	1292.371968
153.660000	46.440000	-157.797501	19.731300	-0.351588	137.368153	1287.363460
153.660000	46.440000	-157.797501	19.981300	-0.236851	137.253416	1282.354952
153.660000	46.440000	-157.797501	20.231300	-3.694422	137.137742	1277.346444
153.660000	46.440000	-157.797501	20.481300	-9.467351	137.021260	1273.474476
153.660000	46.440000	-157.797501	20.731300	-8.581897	136.903810	1269.522317
153.660000	46.440000	-157.797501	20.981300	-9.854783	136.785528	1265.997214
153.660000	46.440000	-157.797501	21.231300	-5.944012	136.666248	1262.411296
153.660000	46.440000	-157.797501	21.481300	-2.899634	136.546109	1257.965859
153.660000	46.440000	-157.797501	21.731300	-2.778466	136.424941	1253.520422
153.660000	46.440000	-157.797501	21.981300	-2.354654	136.302887	1249.074985
153.660000	46.440000	-157.797501	22.231300	1.835352	136.179771	1244.593724
153.660000	46.440000	-157.797501	22.481300	5.859939	136.055742	1239.502354
153.660000	46.440000	-157.797501	22.731300	5.985066	135.930616	1234.410983
153.660000	46.440000	-157.797501	22.981300	4.782296	135.804549	1229.319613
153.660000	46.440000	-157.797501	23.231300	4.436142	135.677348	1223.967700
153.660000	46.440000	-157.797501	23.481300	2.967042	135.549178	1217.990367
153.660000	46.440000	-157.797501	23.731300	3.392134	135.419836	1212.574197
153.660000	46.440000	-157.797501	23.981300	2.928900	135.289494	1208.082988
153.660000	46.440000	-157.547501	15.731300	0.868204	139.018067	1370.947328
153.660000	46.440000	-157.547501	15.981300	-1.010539	138.916104	1365.850756
153.660000	46.440000	-157.547501	16.231300	-2.808313	138.813467	1361.555405
153.660000	46.440000	-157.547501	16.481300	-0.953950	138.710145	1357.063117
153.660000	46.440000	-157.547501	16.731300	-0.837641	138.606127	1352.133359
153.660000	46.440000	-157.547501	16.981300	-1.279987	138.501406	1347.124851
153.660000	46.440000	-157.547501	17.231300	-1.379402	138.395967	1342.116343
153.660000	46.440000	-157.547501	17.481300	-1.273238	138.289803	1337.107835
153.660000	46.440000	-157.547501	17.731300	-1.166335	138.182900	1332.099327
153.660000	46.440000	-157.547501	17.981300	-1.058687	138.075252	1327.090819
153.660000	46.440000	-157.547501	18.231300	-0.950276	137.966840	1322.082311
153.660000	46.440000	-157.547501	18.481300	-0.841097	137.857662	1317.073803
153.660000	46.440000	-157.547501	18.731300	-0.731131	137.747696	1312.065295
153.660000	46.440000	-157.547501	18.981300	-0.620375	137.636940	1307.056787
153.660000	46.440000	-157.547501	19.231300	-0.508808	137.525373	1302.048279
153.660000	46.440000	-157.547501	19.481300	-0.396427	137.412992	1297.039771
153.660000	46.440000	-157.547501	19.731300	-0.283209	137.299774	1292.031263
153.660000	46.440000	-157.547501	19.981300	-0.286443	137.185718	1287.022755
153.660000	46.440000	-157.547501	20.231300	-5.829888	137.070798	1282.055271
153.660000	46.440000	-157.547501	20.481300	-9.099105	136.955015	1278.493974
153.660000	46.440000	-157.547501	20.731300	-9.334618	136.838340	1274.252525
153.660000	46.440000	-157.547501	20.981300	-9.521581	136.720777	1270.727421
153.660000	46.440000	-157.547501	21.231300	-5.608641	136.602293	1267.071888
153.660000	46.440000	-157.547501	21.481300	-2.836419	136.482893	1262.626452
153.660000	46.440000	-157.547501	21.731300	-2.258322	136.362543	1258.181015
153.660000	46.440000	-157.547501	21.981300	1.929451	136.241250	1253.674989
153.660000	46.440000	-157.547501	22.231300	5.796707	136.118974	1248.583619
153.660000	46.440000	-157.547501	22.481300	5.919954	135.995727	1243.492248
153.660000	46.440000	-157.547501	22.731300	6.044216	135.871465	1238.400878
153.660000	46.440000	-157.547501	22.981300	6.169478	135.746203	1233.309508
153.660000	46.440000	-157.547501	23.231300	5.398767	135.619891	1228.218137
153.660000	46.440000	-157.547501	23.481300	4.793812	135.492548	1223.126767
153.660000	46.440000	-157.547501	23.731300	4.046114	135.364122	1217.230786
153.660000	46.440000	-157.547501	23.981300	3.696058	135.234631	1212.095998
153.660000	46.440000	-157.547501	24.231300	3.114373	135.104021	1207.604790
153.660000	46.440000	-157.297501	15.731300	1.693222	138.940462	1375.478918
153.660000	46.440000	-157.297501	15.981300	-0.117487	138.839106	1370.093054
153.660000	46.440000	-157.297501	16.231300	-2.600564	138.737031	1365.797703
153.660000	46.440000	-157.297501	16.481300	-1.194264	138.634331	1361.265015
153.660000	46.440000	-157.297501	16.731300	-1.144205	138.530890	1356.645807
153.660000	46.440000	-157.297501	16.981300	-1.137998	138.426806	1351.792654
153.660000	46.440000	-157.297501	17.231300	-1.305394	138.321959	1346.784146
153.660000	46.440000	-157.297501	17.481300	-1.199885	138.216450	1341.775638
153.660000	46.440000	-157.297501	17.731300	-1.093590	138.110154	1336.767130
153.660000	46.440000	-157.297501	17.981300	-0.986613	138.003177	1331.758622
153.660000	46.440000	-157.297501	18.231300	-0.878824	137.895389	1326.750114
153.660000	46.440000	-157.297501	18.481300	-0.770335	137.786899	1321.741606
153.660000	46.440000	-157.297501	18.731300	-0.661008	137.677573	1316.733098
153.660000	46.440000	-157.297501	18.981300	-0.550960	137.567525	1311.724590
153.660000	46.440000	-157.297501	19.231300	-0.440049	137.456614	1306.716082
153.660000	46.440000	-157.297501	19.481300	-0.328395	137.344960	1301.707574
153.660000	46.440000	-157.297501	19.731300	-0.215850	137.232415	1296.699066
153.660000	46.440000	-157.297501	19.981300	-1.246761	137.119105	1291.690558
153.660000	46.440000	-157.297501	20.231300	-7.840949	137.004877	1287.074768
153.660000	46.440000	-157.297501	20.481300	-10.375930	136.889861	1283.513472
153.660000	46.440000	-157.297501	20.731300	-9.847658	136.773897	1279.642524
153.660000	46.440000	-157.297501	20.981300	-6.757446	136.657121	1275.457629
153.660000	46.440000	-157.297501	21.231300	-5.302836	136.539367	1271.732481
153.660000	46.440000	-157.297501	21.481300	-2.160554	136.420776	1267.287044
153.660000	46.440000	-157.297501	21.731300	2.025056	136.301176	1262.756254
153.660000	46.440000	-157.297501	21.981300	5.734967	136.180714	1257.664883
153.660000	46.440000	-157.297501	22.231300	5.856471	136.059211	1252.573513
153.660000	46.440000	-157.297501	22.481300	5.978863	135.936818	1247.482143
153.660000	46.440000	-157.297501	22.731300	6.102331	135.813350	1242.390773
153.660000	46.440000	-157.297501	22.981300	6.226716	135.688965	1237.299402
153.660000	46.440000	-157.297501	23.231300	6.352211	135.563470	1232.208032
153.660000	46.440000	-157.297501	23.481300	6.478651	135.437030	1227.116662
153.660000	46.440000	-157.297501	23.731300	5.161848	135.309443	1222.025291
153.660000	46.440000	-157.297501	23.981300	4.513923	135.180881	1216.471204
153.660000	46.440000	-157.297501	24.231300	4.005893	135.051135	1211.617800
153.660000	46.440000	-157.297501	24.481300	3.298011	134.920383	1207.126591
153.660000	46.440000	-157.047501	15.731300	2.459429	138.863881	1380.010508
153.660000	46.440000	-157.047501	15.981300	-0.155944	138.763082	1374.349441
153.660000	46.440000	-157.047501	16.231300	-2.349042	138.661623	1370.040002
153.660000	46.440000	-157.047501	16.481300	-0.993724	138.559496	1365.466913
153.660000	46.440000	-157.047501	16.731300	-0.748152	138.456687	1360.847705
153.660000	46.440000	-157.047501	16.981300	-0.946252	138.353190	1356.228497
153.660000	46.440000	-157.047501	17.231300	-0.941562	138.248991	1351.451949
153.660000	46.440000	-157.047501	17.481300	-1.127519	138.144084	1346.443441
153.660000	46.440000	-157.047501	17.731300	-1.021888	138.038453	1341.434933
153.660000	46.440000	-157.047501	17.981300	-0.915528	137.932093	1336.426425
153.660000	46.440000	-157.047501	18.231300	-0.808422	137.824987	1331.417917
153.660000	46.440000	-157.047501	18.481300	-0.700566	137.717131	1326.409409
153.660000	46.440000	-157.047501	18.731300	-0.591939	137.608504	1321.400901
153.660000	46.440000	-157.047501	18.981300	-0.482541	137.499106	1316.392393
153.660000	46.440000	-157.047501	19.231300	-0.372349	137.388914	1311.383885
153.660000	46.440000	-157.047501	19.481300	-0.261361	137.277926	1306.375377
153.660000	46.440000	-157.047501	19.731300	-0.149555	137.166120	1301.366869
153.660000	46.440000	-157.047501	19.981300	-2.247484	137.053495	1296.358361
153.660000	46.440000	-157.047501	20.231300	-9.003630	136.940024	1292.094266
153.660000	46.440000	-157.047501	20.481300	-11.470292	136.825711	1288.532970
153.660000	46.440000	-157.047501	20.731300	-7.827872	136.710524	1284.971673
153.660000	46.440000	-157.047501	20.981300	-6.564647	136.594471	1280.187836
153.660000	46.440000	-157.047501	21.231300	-4.206784	136.477516	1276.393074
153.660000	46.440000	-157.047501	21.481300	2.122048	136.359667	1271.837518
153.660000	46.440000	-157.047501	21.731300	5.674793	136.240888	1266.746148
153.660000	46.440000	-157.047501	21.981300	5.810718	136.121189	1261.654778
153.660000	46.440000	-157.047501	22.231300	5.950399	136.000528	1256.563408
153.660000	46.440000	-157.047501	22.481300	6.091038	135.878919	1251.472037
153.660000	46.440000	-157.047501	22.731300	6.232679	135.756318	1246.380667
153.660000	46.440000	-157.047501	22.981300	6.375308	135.632739	1241.289297
153.660000	46.440000	-157.047501	23.231300	6.518971	135.508136	1236.197927
153.660000	46.440000	-157.047501	23.481300	6.663652	135.382524	1231.106556
153.660000	46.440000	-157.047501	23.731300	6.809402	135.255853	1226.015186
153.660000	46.440000	-157.047501	23.981300	5.432672	135.128144	1220.923816
153.660000	46.440000	-157.047501	24.231300	3.896522	134.999340	1215.711623
153.660000	46.440000	-157.047501	24.481300	2.869407	134.869465	1211.139602
153.660000	46.440000	-157.047501	24.731300	3.479935	134.738459	1206.648393
153.660000	46.440000	-156.797501	15.481300	2.435444	138.887866	1390.203165
153.660000	46.440000	-156.797501	15.731300	2.535038	138.788272	1384.542098
153.660000	46.440000	-156.797501	15.981300	-0.144444	138.688085	1378.881031
153.660000	46.440000	-156.797501	16.231300	-1.115819	138.587194	1374.282300
153.660000	46.440000	-156.797501	16.481300	-0.794817	138.485693	1369.668811
153.660000	46.440000	-156.797501	16.731300	-0.674931	138.383466	1365.049603
153.660000	46.440000	-156.797501	16.981300	-0.572077	138.280612	1360.430395
153.660000	46.440000	-156.797501	17.231300	-0.749472	138.177010	1355.811188
153.660000	46.440000	-156.797501	17.481300	-0.746407	138.072762	1351.111244
153.660000	46.440000	-156.797501	17.731300	-0.951177	137.967742	1346.102736
153.660000	46.440000	-156.797501	17.981300	-0.845494	137.862059	1341.094228
153.660000	46.440000	-156.797501	18.231300	-0.739015	137.755580	1336.085720
153.660000	46.440000	-156.797501	18.481300	-0.631852	137.648417	1331.077212
153.660000	46.440000	-156.797501	18.731300	-0.523869	137.540434	1326.068704
153.660000	46.440000	-156.797501	18.981300	-0.415183	137.431748	1321.060196
153.660000	46.440000	-156.797501	19.231300	-0.305651	137.322216	1316.051688
153.660000	46.440000	-156.797501	19.481300	-0.195394	137.211958	1311.043180
153.660000	46.440000	-156.797501	19.731300	-0.084264	137.100829	1306.034672
153.660000	46.440000	-156.797501	19.981300	-3.292023	136.988954	1301.026164
153.660000	46.440000	-156.797501	20.231300	-10.209730	136.876179	1297.113764
153.660000	46.440000	-156.797501	20.481300	-11.407216	136.762635	1293.552468
153.660000	46.440000	-156.797501	20.731300	-8.511126	136.648163	1289.991171
153.660000	46.440000	-156.797501	20.981300	-3.583983	136.532899	1285.670405
153.660000	46.440000	-156.797501	21.231300	2.957065	136.416678	1280.918783
153.660000	46.440000	-156.797501	21.481300	5.884619	136.299640	1275.827413
153.660000	46.440000	-156.797501	21.731300	6.034473	136.181615	1270.736043
153.660000	46.440000	-156.797501	21.981300	6.187339	136.062749	1265.640019
153.660000	46.440000	-156.797501	22.231300	6.328564	135.942862	1260.543196
153.660000	46.440000	-156.797501	22.481300	6.468493	135.822110	1255.446374
153.660000	46.440000	-156.797501	22.731300	6.609485	135.700304	1250.349551
153.660000	46.440000	-156.797501	22.981300	6.751379	135.577605	1245.252728
153.660000	46.440000	-156.797501	23.231300	6.894371	135.453819	1240.155906
153.660000	46.440000	-156.797501	23.481300	6.353662	135.329112	1235.059083
153.660000	46.440000	-156.797501	23.731300	5.234366	135.203282	1229.962260
153.660000	46.440000	-156.797501	23.981300	3.499991	135.076502	1224.946454
153.660000	46.440000	-156.797501	24.231300	1.617494	134.948563	1220.154358
153.660000	46.440000	-156.797501	24.481300	2.174926	134.819644	1215.362263
153.660000	46.440000	-156.797501	24.731300	2.372626	134.689527	1210.661403
153.660000	46.440000	-156.797501	24.981300	2.867615	134.558399	1206.170194
153.660000	46.440000	-156.797501	25.231300	3.792360	134.426034	1201.678985
153.660000	46.440000	-156.547501	15.481300	2.510649	138.812661	1394.734755
153.660000	46.440000	-156.547501	15.731300	2.609636	138.713673	1389.073688
153.660000	46.440000	-156.547501	15.981300	0.811580	138.614050	1383.412620
153.660000	46.440000	-156.547501	16.231300	0.095723	138.513780	1378.489916
153.660000	46.440000	-156.547501	16.481300	-0.704321	138.412856	1373.870709
153.660000	46.440000	-156.547501	16.731300	-0.602731	138.311266	1369.251501
153.660000	46.440000	-156.547501	16.981300	-0.500468	138.209004	1364.632293
153.660000	46.440000	-156.547501	17.231300	-0.397519	138.106054	1360.013086
153.660000	46.440000	-156.547501	17.481300	-0.553920	138.002412	1355.393878
153.660000	46.440000	-156.547501	17.731300	-0.552470	137.898063	1350.770538
153.660000	46.440000	-156.547501	17.981300	-0.553789	137.793000	1345.762030
153.660000	46.440000	-156.547501	18.231300	-0.670643	137.687208	1340.753522
153.660000	46.440000	-156.547501	18.481300	-0.564118	137.580683	1335.745014
153.660000	46.440000	-156.547501	18.731300	-0.456839	137.473404	1330.736506
153.660000	46.440000	-156.547501	18.981300	-0.348806	137.365371	1325.727998
153.660000	46.440000	-156.547501	19.231300	-0.239997	137.256561	1320.719490
153.660000	46.440000	-156.547501	19.481300	-0.130410	137.146975	1315.710982
153.660000	46.440000	-156.547501	19.731300	-0.021711	137.036587	1310.702474
153.660000	46.440000	-156.547501	19.981300	-5.431740	136.925400	1305.694558
153.660000	46.440000	-156.547501	20.231300	-11.457967	136.813386	1302.133262
153.660000	46.440000	-156.547501	20.481300	-11.345130	136.700548	1298.571965
153.660000	46.440000	-156.547501	20.731300	-2.665872	136.586857	1295.010669
153.660000	46.440000	-156.547501	20.981300	4.758080	136.472318	1289.934189
153.660000	46.440000	-156.547501	21.231300	6.130358	136.356899	1284.837366
153.660000	46.440000	-156.547501	21.481300	6.265938	136.240606	1279.740543
153.660000	46.440000	-156.547501	21.731300	6.402438	136.123404	1274.643721
153.660000	46.440000	-156.547501	21.981300	6.523367	136.005302	1269.546898
153.660000	46.440000	-156.547501	22.231300	6.642408	135.886261	1264.450075
153.660000	46.440000	-156.547501	22.481300	6.762375	135.766294	1259.353253
153.660000	46.440000	-156.547501	22.731300	6.860972	135.645357	1254.256430
153.660000	46.440000	-156.547501	22.981300	5.920101	135.523465	1249.159607
153.660000	46.440000	-156.547501	23.231300	4.463405	135.400572	1244.062785
153.660000	46.440000	-156.547501	23.481300	2.701331	135.276694	1239.161990
153.660000	46.440000	-156.547501	23.731300	1.525132	135.151782	1234.369894
153.660000	46.440000	-156.547501	23.981300	0.951436	135.025855	1229.577799
153.660000	46.440000	-156.547501	24.231300	1.078432	134.898859	1224.785703
153.660000	46.440000	-156.547501	24.481300	1.206474	134.770817	1219.993608
153.660000	46.440000	-156.547501	24.731300	1.618979	134.641670	1215.201512
153.660000	46.440000	-156.547501	24.981300	2.479535	134.511444	1210.409417
153.660000	46.440000	-156.547501	25.231300	2.678238	134.380076	1205.691996
153.660000	46.440000	-156.547501	25.481300	3.121186	134.247595	1201.200787
153.660000	46.440000	-156.297501	15.481300	2.584845	138.738465	1399.266345
153.660000	46.440000	-156.297501	15.731300	2.683274	138.640035	1393.605277
153.660000	46.440000	-156.297501	15.981300	1.750742	138.541029	1387.944210
153.660000	46.440000	-156.297501	16.231300	-0.854376	138.441331	1382.691814
153.660000	46.440000	-156.297501	16.481300	-1.346151	138.341040	1378.072607
153.660000	46.440000	-156.297501	16.731300	-0.531501	138.240036	1373.453399
153.660000	46.440000	-156.297501	16.981300	-0.429886	138.138421	1368.834191
153.660000	46.440000	-156.297501	17.231300	-0.327537	138.036072	1364.214984
153.660000	46.440000	-156.297501	17.481300	-0.224559	137.933094	1359.595776
153.660000	46.440000	-156.297501	17.731300	-0.134844	137.829360	1354.976568
153.660000	46.440000	-156.297501	17.981300	-0.359826	137.724979	1350.357360
153.660000	46.440000	-156.297501	18.231300	-0.350820	137.619817	1345.421325
153.660000	46.440000	-156.297501	18.481300	-0.497425	137.513990	1340.412817
153.660000	46.440000	-156.297501	18.731300	-0.390794	137.407358	1335.404309
153.660000	46.440000	-156.297501	18.981300	-0.283476	137.300041	1330.395801
153.660000	46.440000	-156.297501	19.231300	-0.175330	137.191895	1325.387293
153.660000	46.440000	-156.297501	19.481300	-0.066478	137.083042	1320.378785
153.660000	46.440000	-156.297501	19.731300	-0.980959	136.973336	1315.370277
153.660000	46.440000	-156.297501	19.981300	-7.560527	136.862901	1310.714056
153.660000	46.440000	-156.297501	20.231300	-11.396167	136.751585	1307.152760
153.660000	46.440000	-156.297501	20.481300	-5.838882	136.639520	1303.591463
153.660000	46.440000	-156.297501	20.731300	4.692798	136.526546	1298.960572
153.660000	46.440000	-156.297501	20.981300	6.177337	136.412800	1293.841068
153.660000	46.440000	-156.297501	21.231300	6.230553	136.298116	1288.744245
153.660000	46.440000	-156.297501	21.481300	6.346032	136.182637	1283.647422
153.660000	46.440000	-156.297501	21.731300	6.462479	136.066191	1278.550600
153.660000	46.440000	-156.297501	21.981300	6.579745	135.948925	1273.453777
153.660000	46.440000	-156.297501	22.231300	6.270931	135.830660	1268.356955
153.660000	46.440000	-156.297501	22.481300	5.321519	135.711551	1263.260132
153.660000	46.440000	-156.297501	22.731300	3.561782	135.591411	1258.169621
153.660000	46.440000	-156.297501	22.981300	1.812731	135.470400	1253.377526
153.660000	46.440000	-156.297501	23.231300	0.966870	135.348326	1248.585430
153.660000	46.440000	-156.297501	23.481300	0.751938	135.225353	1243.793335
153.660000	46.440000	-156.297501	23.731300	0.876009	135.101283	1239.001239
153.660000	46.440000	-156.297501	23.981300	1.001005	134.976286	1234.209144
153.660000	46.440000	-156.297501	24.231300	1.127136	134.850155	1229.417048
153.660000	46.440000	-156.297501	24.481300	1.254222	134.723069	1224.624952
153.660000	46.440000	-156.297501	24.731300	1.382480	134.594811	1219.832857
153.660000	46.440000	-156.297501	24.981300	1.511723	134.465569	1215.040761
153.660000	46.440000	-156.297501	25.231300	1.873899	134.335115	1210.248666
153.660000	46.440000	-156.297501	25.481300	2.783755	134.203646	1205.456570
153.660000	46.440000	-156.297501	25.731300	2.983565	134.070925	1200.722589
153.660000	46.440000	-156.047501	15.481300	2.658097	138.665213	1403.797934
153.660000	46.440000	-156.047501	15.731300	2.755914	138.567396	1398.136867
153.660000	46.440000	-156.047501	15.981300	0.070763	138.468957	1392.475800
153.660000	46.440000	-156.047501	16.231300	-3.390119	138.369885	1387.508051
153.660000	46.440000	-156.047501	16.481300	-3.073455	138.270175	1382.487212
153.660000	46.440000	-156.047501	16.731300	-2.921204	138.169813	1377.655297
153.660000	46.440000	-156.047501	16.981300	-2.171802	138.068794	1373.036089
153.660000	46.440000	-156.047501	17.231300	-0.709792	137.967103	1368.416881
153.660000	46.440000	-156.047501	17.481300	-0.156200	137.864735	1363.797674
153.660000	46.440000	-156.047501	17.731300	-0.053140	137.761675	1359.178466
153.660000	46.440000	-156.047501	17.981300	0.050617	137.657919	1354.559258
153.660000	46.440000	-156.047501	18.231300	-0.168408	137.553448	1349.940051
153.660000	46.440000	-156.047501	18.481300	-0.160966	137.448262	1345.080620
153.660000	46.440000	-156.047501	18.731300	-0.325774	137.342339	1340.072112
153.660000	46.440000	-156.047501	18.981300	-0.219113	137.235678	1335.063604
153.660000	46.440000	-156.047501	19.231300	-0.111693	137.128258	1330.055096
153.660000	46.440000	-156.047501	19.481300	-0.003515	137.020080	1325.046588
153.660000	46.440000	-156.047501	19.731300	-1.980466	136.911117	1320.038080
153.660000	46.440000	-156.047501	19.981300	-8.721722	136.801374	1315.733554
153.660000	46.440000	-156.047501	20.231300	-9.231011	136.690822	1312.172258
153.660000	46.440000	-156.047501	20.481300	1.904192	136.579466	1308.062493
153.660000	46.440000	-156.047501	20.731300	6.467203	136.467276	1302.844770
153.660000	46.440000	-156.047501	20.981300	6.174412	136.354258	1297.747947
153.660000	46.440000	-156.047501	21.231300	6.288292	136.240378	1292.651124
153.660000	46.440000	-156.047501	21.481300	6.403024	136.125646	1287.554302
153.660000	46.440000	-156.047501	21.731300	5.691232	136.010024	1282.457479
153.660000	46.440000	-156.047501	21.981300	4.431345	135.893525	1277.360656
153.660000	46.440000	-156.047501	22.231300	2.665018	135.776108	1272.385157
153.660000	46.440000	-156.047501	22.481300	1.256410	135.657786	1267.593061
153.660000	46.440000	-156.047501	22.731300	0.438775	135.538516	1262.800966
153.660000	46.440000	-156.047501	22.981300	0.558977	135.418314	1258.008870
153.660000	46.440000	-156.047501	23.231300	0.680158	135.297133	1253.216775
153.660000	46.440000	-156.047501	23.481300	0.802300	135.174991	1248.424679
153.660000	46.440000	-156.047501	23.731300	0.925453	135.051838	1243.632584
153.660000	46.440000	-156.047501	23.981300	1.049596	134.927695	1238.840488
153.660000	46.440000	-156.047501	24.231300	1.174784	134.802507	1234.048393
153.660000	46.440000	-156.047501	24.481300	1.300992	134.676299	1229.256297
153.660000	46.440000	-156.047501	24.731300	1.428281	134.549011	1224.464202
153.660000	46.440000	-156.047501	24.981300	1.556622	134.420670	1219.672106
153.660000	46.440000	-156.047501	25.231300	1.686078	134.291213	1214.880011
153.660000	46.440000	-156.047501	25.481300	1.816621	134.160670	1210.087915
153.660000	46.440000	-156.047501	25.731300	2.128493	134.028974	1205.295820
153.660000	46.440000	-156.047501	25.981300	3.087676	133.896159	1200.503724
153.660000	46.440000	-155.797501	15.481300	2.730352	138.592958	1408.329524
153.660000	46.440000	-155.797501	15.731300	2.005175	138.495704	1402.668457
153.660000	46.440000	-155.797501	15.981300	-3.561812	138.397886	1397.334665
153.660000	46.440000	-155.797501	16.231300	-5.845662	138.299392	1392.687460
153.660000	46.440000	-155.797501	16.481300	-5.613030	138.200318	1387.857935
153.660000	46.440000	-155.797501	16.731300	-4.401817	138.100547	1382.822857
153.660000	46.440000	-155.797501	16.981300	-3.148459	138.000180	1377.787779
153.660000	46.440000	-155.797501	17.231300	-2.659081	137.899094	1372.752701
153.660000	46.440000	-155.797501	17.481300	-2.546686	137.797394	1367.999572
153.660000	46.440000	-155.797501	17.731300	-1.544928	137.694953	1363.380364
153.660000	46.440000	-155.797501	17.981300	-0.069909	137.591882	1358.761156
153.660000	46.440000	-155.797501	18.231300	0.220489	137.488046	1354.141949
153.660000	46.440000	-155.797501	18.481300	0.021704	137.383561	1349.522741
153.660000	46.440000	-155.797501	18.731300	0.027603	137.278289	1344.739915
153.660000	46.440000	-155.797501	18.981300	-0.155783	137.172348	1339.731407
153.660000	46.440000	-155.797501	19.231300	-0.049030	137.065595	1334.722899
153.660000	46.440000	-155.797501	19.481300	0.058412	136.958153	1329.714391
153.660000	46.440000	-155.797501	19.731300	-3.021705	136.849875	1324.705883
153.660000	46.440000	-155.797501	19.981300	-9.826373	136.740887	1320.753052
153.660000	46.440000	-155.797501	20.231300	-0.899049	136.631037	1317.164414
153.660000	46.440000	-155.797501	20.481300	7.022887	136.520456	1311.848471
153.660000	46.440000	-155.797501	20.731300	6.119684	136.408985	1306.751649
153.660000	46.440000	-155.797501	20.981300	6.067219	136.296762	1301.654826
153.660000	46.440000	-155.797501	21.231300	5.121671	136.183621	1296.558003
153.660000	46.440000	-155.797501	21.481300	3.545330	136.069704	1291.461181
153.660000	46.440000	-155.797501	21.731300	1.773152	135.954841	1286.600693
153.660000	46.440000	-155.797501	21.981300	0.710473	135.839178	1281.808597
153.660000	46.440000	-155.797501	22.231300	0.254753	135.722539	1277.016502
153.660000	46.440000	-155.797501	22.481300	0.372215	135.605076	1272.224406
153.660000	46.440000	-155.797501	22.731300	0.490687	135.486605	1267.432311
153.660000	46.440000	-155.797501	22.981300	0.610006	135.367285	1262.640215
153.660000	46.440000	-155.797501	23.231300	0.730367	135.246924	1257.848120
153.660000	46.440000	-155.797501	23.481300	0.851603	135.125688	1253.056024
153.660000	46.440000	-155.797501	23.731300	0.973914	135.003378	1248.263929
153.660000	46.440000	-155.797501	23.981300	1.097126	134.880165	1243.471833
153.660000	46.440000	-155.797501	24.231300	1.221449	134.755843	1238.679738
153.660000	46.440000	-155.797501	24.481300	1.346701	134.630590	1233.887642
153.660000	46.440000	-155.797501	24.731300	1.473100	134.504191	1229.095546
153.660000	46.440000	-155.797501	24.981300	1.168777	134.376832	1224.303451
153.660000	46.440000	-155.797501	25.231300	0.772825	134.248290	1219.511355
153.660000	46.440000	-155.797501	25.481300	0.387287	134.118757	1214.719260
153.660000	46.440000	-155.547501	15.481300	2.801675	138.521635	1412.861114
153.660000	46.440000	-155.547501	15.731300	-1.494397	138.424997	1407.200047
153.660000	46.440000	-155.547501	15.981300	-6.309257	138.327752	1402.514073
153.660000	46.440000	-155.547501	16.231300	-6.329971	138.229889	1397.866869
153.660000	46.440000	-155.547501	16.481300	-5.589727	138.131401	1393.219665
153.660000	46.440000	-155.547501	16.731300	-4.905293	138.032276	1388.193581
153.660000	46.440000	-155.547501	16.981300	-4.779980	137.932509	1383.158503
153.660000	46.440000	-155.547501	17.231300	-4.679555	137.832084	1378.123425
153.660000	46.440000	-155.547501	17.481300	-3.817477	137.730999	1373.088347
153.660000	46.440000	-155.547501	17.731300	-2.553671	137.629236	1368.053269
153.660000	46.440000	-155.547501	17.981300	-2.284826	137.526793	1363.018191
153.660000	46.440000	-155.547501	18.231300	-2.170809	137.423652	1358.343847
153.660000	46.440000	-155.547501	18.481300	-0.914587	137.319812	1353.724639
153.660000	46.440000	-155.547501	18.731300	0.210585	137.215251	1349.105431
153.660000	46.440000	-155.547501	18.981300	0.214821	137.109970	1344.399210
153.660000	46.440000	-155.547501	19.231300	0.012618	137.003947	1339.390702
153.660000	46.440000	-155.547501	19.481300	0.119383	136.897182	1334.382194
153.660000	46.440000	-155.547501	19.731300	-5.043105	136.789652	1329.373686
153.660000	46.440000	-155.547501	19.981300	-3.570484	136.681358	1325.772550
153.660000	46.440000	-155.547501	20.231300	6.259781	136.572274	1320.852173
153.660000	46.440000	-155.547501	20.481300	5.498385	136.462405	1315.755351
153.660000	46.440000	-155.547501	20.731300	4.433353	136.351720	1310.658528
153.660000	46.440000	-155.547501	20.981300	2.663548	136.240227	1305.608324
153.660000	46.440000	-155.547501	21.231300	1.025439	136.127892	1300.816229
153.660000	46.440000	-155.547501	21.481300	0.174725	136.014725	1296.024133
153.660000	46.440000	-155.547501	21.731300	0.076603	135.900688	1291.232038
153.660000	46.440000	-155.547501	21.981300	0.191497	135.785794	1286.439942
153.660000	46.440000	-155.547501	22.231300	0.307288	135.670003	1281.647847
153.660000	46.440000	-155.547501	22.481300	0.423962	135.553329	1276.855751
153.660000	46.440000	-155.547501	22.731300	0.018708	135.435729	1272.063655
153.660000	46.440000	-155.547501	22.981300	-0.385638	135.317219	1267.271560
153.660000	46.440000	-155.547501	23.231300	-0.779634	135.197752	1262.479464
153.660000	46.440000	-155.547501	23.481300	-1.163469	135.077348	1257.687369
153.660000	46.440000	-155.547501	23.731300	-1.537264	134.955955	1252.895273
153.660000	46.440000	-155.547501	23.981300	-1.901210	134.833597	1248.103178
153.660000	46.440000	-155.547501	24.231300	-2.255421	134.710217	1243.311082
153.660000	46.440000	-155.297501	15.231300	2.776587	138.546723	1423.053771
153.660000	46.440000	-155.297501	15.481300	0.568684	138.451297	1417.392704
153.660000	46.440000	-155.297501	15.731300	-5.131482	138.355227	1412.340686
153.660000	46.440000	-155.297501	15.981300	-6.358691	138.258608	1407.693482
153.660000	46.440000	-155.297501	16.231300	-6.261408	138.161326	1403.046278
153.660000	46.440000	-155.297501	16.481300	-5.593965	138.063479	1398.399074
153.660000	46.440000	-155.297501	16.731300	-5.376434	137.964949	1393.564305
153.660000	46.440000	-155.297501	16.981300	-4.713309	137.865837	1388.529227
153.660000	46.440000	-155.297501	17.231300	-4.613493	137.766022	1383.494149
153.660000	46.440000	-155.297501	17.481300	-4.513080	137.665608	1378.459071
153.660000	46.440000	-155.297501	17.731300	-4.411940	137.564469	1373.423993
153.660000	46.440000	-155.297501	17.981300	-4.310186	137.462715	1368.388915
153.660000	46.440000	-155.297501	18.231300	-3.230213	137.360212	1363.353837
153.660000	46.440000	-155.297501	18.481300	-2.023260	137.257076	1358.318759
153.660000	46.440000	-155.297501	18.731300	-1.909214	137.153170	1353.307329
153.660000	46.440000	-155.297501	18.981300	-1.959551	137.048611	1348.688121
153.660000	46.440000	-155.297501	19.231300	-0.590870	136.943258	1344.058504
153.660000	46.440000	-155.297501	19.481300	-0.521670	136.837233	1339.049996
153.660000	46.440000	-155.297501	19.731300	-2.625240	136.730389	1334.353344
153.660000	46.440000	-155.297501	19.981300	2.627572	136.622855	1329.855875
153.660000	46.440000	-155.297501	20.231300	3.471615	136.514475	1324.759052
153.660000	46.440000	-155.297501	20.481300	1.136019	136.405383	1319.823860
153.660000	46.440000	-155.297501	20.731300	-0.675410	136.295420	1315.031764
153.660000	46.440000	-155.297501	20.981300	-1.854257	136.184724	1310.239669
153.660000	46.440000	-155.297501	21.231300	-2.245328	136.073129	1305.447573
153.660000	46.440000	-155.297501	21.481300	-2.626621	135.960779	1300.655478
153.660000	46.440000	-155.297501	21.731300	-2.998132	135.847502	1295.863382
153.660000	46.440000	-155.297501	21.981300	-3.360181	135.733447	1291.071287
153.660000	46.440000	-155.297501	22.231300	-3.712754	135.618435	1286.279191
153.660000	46.440000	-155.297501	22.481300	-4.566344	135.502622	1281.487096
153.660000	46.440000	-155.297501	22.731300	-5.425771	135.385821	1276.865662
153.660000	46.440000	-155.297501	22.981300	-5.757921	135.268194	1272.247323
153.660000	46.440000	-155.047501	15.231300	2.238689	138.476743	1427.585361
153.660000	46.440000	-155.047501	15.481300	-3.063449	138.381880	1422.167300
153.660000	46.440000	-155.047501	15.731300	-6.386513	138.286431	1417.520095
153.660000	46.440000	-155.047501	15.981300	-6.290471	138.190388	1412.872891
153.660000	46.440000	-155.047501	16.231300	-6.193824	138.093741	1408.225687
153.660000	46.440000	-155.047501	16.481300	-6.096567	137.996484	1403.578482
153.660000	46.440000	-155.047501	16.731300	-5.355656	137.898604	1398.931278
153.660000	46.440000	-155.047501	16.981300	-4.658218	137.800096	1393.899951
153.660000	46.440000	-155.047501	17.231300	-4.548418	137.700946	1388.864873
153.660000	46.440000	-155.047501	17.481300	-4.448622	137.601151	1383.829795
153.660000	46.440000	-155.047501	17.731300	-4.348164	137.500693	1378.794717
153.660000	46.440000	-155.047501	17.981300	-4.247043	137.399571	1373.759639
153.660000	46.440000	-155.047501	18.231300	-4.145238	137.297767	1368.724560
153.660000	46.440000	-155.047501	18.481300	-4.042750	137.195279	1363.689482
153.660000	46.440000	-155.047501	18.731300	-3.876544	137.092087	1358.654404
153.660000	46.440000	-155.047501	18.981300	-2.640016	136.988192	1353.619326
153.660000	46.440000	-155.047501	19.231300	-1.729236	136.883571	1348.584248
153.660000	46.440000	-155.047501	19.481300	-3.435977	136.778226	1343.651604
153.660000	46.440000	-155.047501	19.731300	-3.878761	136.672133	1338.859577
153.660000	46.440000	-155.047501	19.981300	-3.517166	136.565294	1334.039396
153.660000	46.440000	-155.047501	20.231300	-5.314629	136.457683	1329.274185
153.660000	46.440000	-155.047501	20.481300	-6.475256	136.349306	1324.655845
153.660000	46.440000	-155.047501	20.731300	-6.805009	136.240131	1320.037506
153.660000	46.440000	-155.047501	20.981300	-7.125945	136.130167	1315.419167
153.660000	46.440000	-155.047501	21.231300	-7.438201	136.019380	1310.800828
153.660000	46.440000	-155.047501	21.481300	-7.741957	135.907781	1306.182489
153.660000	46.440000	-155.047501	21.731300	-8.037340	135.795333	1301.564150
153.660000	46.440000	-154.797501	15.231300	-0.995416	138.407682	1432.116951
153.660000	46.440000	-154.797501	15.481300	-6.038717	138.313436	1427.346708
153.660000	46.440000	-154.797501	15.731300	-6.318640	138.218558	1422.699504
153.660000	46.440000	-154.797501	15.981300	-6.223228	138.123146	1418.052300
153.660000	46.440000	-154.797501	16.231300	-6.127166	138.027084	1413.405095
153.660000	46.440000	-154.797501	16.481300	-6.030554	137.930472	1408.757891
153.660000	46.440000	-154.797501	16.731300	-5.347899	137.833190	1404.110687
153.660000	46.440000	-154.797501	16.981300	-5.141636	137.735343	1399.270675
153.660000	46.440000	-154.797501	17.231300	-4.484277	137.636805	1394.235597
153.660000	46.440000	-154.797501	17.481300	-4.385157	137.537685	1389.200518
153.660000	46.440000	-154.797501	17.731300	-4.285326	137.437854	1384.165440
153.660000	46.440000	-154.797501	17.981300	-4.184896	137.337424	1379.130362
153.660000	46.440000	-154.797501	18.231300	-4.083733	137.236261	1374.095284
153.660000	46.440000	-154.797501	18.481300	-3.981953	137.134482	1369.060206
153.660000	46.440000	-154.797501	18.731300	-3.982033	137.031947	1364.025128
153.660000	46.440000	-154.797501	18.981300	-5.011409	136.928777	1358.990050
153.660000	46.440000	-154.797501	19.231300	-7.142478	136.824829	1353.972672
153.660000	46.440000	-154.797501	19.481300	-8.966797	136.720227	1349.354333
153.660000	46.440000	-154.797501	19.731300	-9.261624	136.614823	1344.735994
153.660000	46.440000	-154.797501	19.981300	-9.611628	136.508745	1340.117655
153.660000	46.440000	-154.797501	20.231300	-9.830628	136.401841	1335.499315
153.660000	46.440000	-154.797501	20.481300	-9.723031	136.294243	1330.880976
153.660000	46.440000	-154.547501	15.231300	-4.633822	138.339579	1437.173322
153.660000	46.440000	-154.547501	15.481300	-6.345982	138.245900	1432.526117
153.660000	46.440000	-154.547501	15.731300	-6.251730	138.151648	1427.878913
153.660000	46.440000	-154.547501	15.981300	-6.156898	138.056816	1423.231709
153.660000	46.440000	-154.547501	16.231300	-6.061476	137.961393	1418.584504
153.660000	46.440000	-154.547501	16.481300	-5.965457	137.865375	1413.937300
153.660000	46.440000	-154.547501	16.731300	-5.864255	137.768747	1409.290096
153.660000	46.440000	-154.547501	16.981300	-5.127287	137.671507	1404.641398
153.660000	46.440000	-154.547501	17.231300	-4.421110	137.573639	1399.606320
153.660000	46.440000	-154.547501	17.481300	-4.322611	137.475140	1394.571242
153.660000	46.440000	-154.547501	17.731300	-4.223465	137.375994	1389.536164
153.660000	46.440000	-154.547501	17.981300	-4.123671	137.276200	1384.501086
153.660000	46.440000	-154.547501	18.231300	-4.181256	137.175738	1379.466008
153.660000	46.440000	-154.547501	18.481300	-5.269768	137.074609	1374.430930
153.660000	46.440000	-154.547501	18.731300	-7.402316	136.972792	1369.434481
153.660000	46.440000	-154.547501	18.981300	-9.401873	136.870289	1364.816142
153.660000	46.440000	-154.547501	19.231300	-10.195863	136.767075	1360.197803
153.660000	46.440000	-154.297501	15.231300	-6.372466	138.272384	1442.352730
153.660000	46.440000	-154.297501	15.481300	-6.279408	138.179326	1437.705526
153.660000	46.440000	-154.297501	15.731300	-6.185731	138.085649	1433.058322
153.660000	46.440000	-154.297501	15.981300	-6.091534	137.991452	1428.411117
153.660000	46.440000	-154.297501	16.231300	-5.996700	137.896618	1423.763913
153.660000	46.440000	-154.297501	16.481300	-5.901331	137.801248	1419.116709
153.660000	46.440000	-154.297501	16.731300	-5.805305	137.705223	1414.469504
153.660000	46.440000	-154.297501	16.981300	-5.111698	137.608646	1409.822300
153.660000	46.440000	-154.297501	17.231300	-4.902532	137.511394	1404.977044
153.660000	46.440000	-154.297501	17.481300	-4.261045	137.413574	1399.941966
153.660000	46.440000	-154.297501	17.731300	-4.375894	137.315058	1394.906888
153.660000	46.440000	-154.297501	17.981300	-5.523620	137.215958	1389.871810
153.660000	46.440000	-154.047501	15.231300	-6.306218	138.206135	1447.532139
153.660000	46.440000	-154.047501	15.481300	-6.213731	138.113649	1442.884935
153.660000	46.440000	-154.047501	15.731300	-6.120683	138.020601	1438.237731
153.660000	46.440000	-154.047501	15.981300	-6.027070	137.926988	1433.590526
153.660000	46.440000	-154.047501	16.231300	-5.932880	137.832797	1428.943322
153.660000	46.440000	-154.047501	16.481300	-5.838107	137.738025	1424.296118
153.660000	46.440000	-154.047501	16.731300	-5.742739	137.642657	1419.648913
153.660000	46.440000	-154.047501	16.981300	-5.626137	137.546691	1415.001709
153.660000	46.440000	-154.047501	17.231300	-5.398965	137.450111	1410.347768
153.660000	46.440000	-154.047501	17.481300	-4.429740	137.352916	1405.312690
153.660000	46.440000	-154.047501	17.731300	-5.970166	137.255088	1400.358099
