154.330000	46.710000	-160.867599	17.659600	-4.180124	139.860731	1267.601997
154.330000	46.710000	-160.867599	17.909600	-4.064536	139.745076	1262.935682
154.330000	46.710000	-160.867599	18.159600	-4.114561	139.628539	1258.269389
154.330000	46.710000	-160.867599	18.409600	-4.184637	139.511105	1253.666399
154.330000	46.710000	-160.867599	18.659600	-4.073360	139.392759	1248.904978
154.330000	46.710000	-160.867599	18.909600	-4.228090	139.273490	1244.095910
154.330000	46.710000	-160.867599	19.159600	-4.107880	139.153280	1239.286841
154.330000	46.710000	-160.867599	19.409600	-3.986718	139.032118	1234.477773
154.330000	46.710000	-160.867599	19.659600	-3.864584	138.909984	1229.668704
154.330000	46.710000	-160.867599	19.909600	-3.741469	138.786870	1224.859635
154.330000	46.710000	-160.867599	20.159600	-3.617351	138.662752	1220.050567
154.330000	46.710000	-160.867599	20.409600	-3.492222	138.537623	1215.241498
154.330000	46.710000	-160.867599	20.659600	-3.366056	138.411457	1210.432430
154.330000	46.710000	-160.867599	20.909600	-3.238848	138.284248	1205.623361
154.330000	46.710000	-160.867599	21.159600	-3.110568	138.155968	1200.814292
154.330000	46.710000	-160.867599	21.409600	-2.981213	138.026614	1196.005224
154.330000	46.710000	-160.867599	21.659600	-2.850752	137.896152	1191.196155
154.330000	46.710000	-160.867599	21.909600	-2.719181	137.764582	1186.387087
154.330000	46.710000	-160.867599	22.159600	-2.586466	137.631867	1181.578018
154.330000	46.710000	-160.867599	22.409600	-2.452608	137.498008	1176.768950
154.330000	46.710000	-160.867599	22.659600	-2.317566	137.362967	1171.959881
154.330000	46.710000	-160.867599	22.909600	-2.181345	137.226745	1167.150812
154.330000	46.710000	-160.867599	23.159600	-2.043900	137.089300	1162.341744
154.330000	46.710000	-160.867599	23.409600	-1.904664	136.950637	1157.532675
154.330000	46.710000	-160.617599	17.409600	-4.203939	139.884547	1276.825062
154.330000	46.710000	-160.617599	17.659600	-4.089698	139.770306	1272.158747
154.330000	46.710000	-160.617599	17.909600	-3.974648	139.655255	1267.492432
154.330000	46.710000	-160.617599	18.159600	-3.892654	139.539278	1262.826117
154.330000	46.710000	-160.617599	18.409600	-3.771370	139.422467	1258.170892
154.330000	46.710000	-160.617599	18.659600	-3.975014	139.304700	1253.567902
154.330000	46.710000	-160.617599	18.909600	-3.863595	139.186073	1248.897363
154.330000	46.710000	-160.617599	19.159600	-3.951366	139.066459	1244.088294
154.330000	46.710000	-160.617599	19.409600	-3.900560	138.945960	1239.279226
154.330000	46.710000	-160.617599	19.659600	-3.779041	138.824442	1234.470157
154.330000	46.710000	-160.617599	19.909600	-3.656611	138.702011	1229.661089
154.330000	46.710000	-160.617599	20.159600	-3.533128	138.578528	1224.852020
154.330000	46.710000	-160.617599	20.409600	-3.408704	138.454105	1220.042952
154.330000	46.710000	-160.617599	20.659600	-3.283193	138.328594	1215.233883
154.330000	46.710000	-160.617599	20.909600	-3.156713	138.202114	1210.424814
154.330000	46.710000	-160.617599	21.159600	-3.029110	138.074510	1205.615746
154.330000	46.710000	-160.617599	21.409600	-2.900507	137.945908	1200.806677
154.330000	46.710000	-160.617599	21.659600	-2.770744	137.816144	1195.997609
154.330000	46.710000	-160.617599	21.909600	-2.639950	137.685350	1191.188540
154.330000	46.710000	-160.617599	22.159600	-2.507956	137.553357	1186.379471
154.330000	46.710000	-160.617599	22.409600	-2.374900	137.420300	1181.570403
154.330000	46.710000	-160.617599	22.659600	-2.240603	137.286003	1176.761334
154.330000	46.710000	-160.617599	22.909600	-2.105210	137.150610	1171.952266
154.330000	46.710000	-160.617599	23.159600	-1.781890	137.013935	1167.143197
154.330000	46.710000	-160.617599	23.409600	-0.041352	136.876128	1162.333937
154.330000	46.710000	-160.617599	23.659600	1.683808	136.736994	1157.256796
154.330000	46.710000	-160.367599	17.159600	-4.226873	139.907481	1286.048127
154.330000	46.710000	-160.367599	17.409600	-4.114069	139.794677	1281.381812
154.330000	46.710000	-160.367599	17.659600	-4.000427	139.681034	1276.715497
154.330000	46.710000	-160.367599	17.909600	-3.885932	139.566539	1272.049182
154.330000	46.710000	-160.367599	18.159600	-3.770572	139.451179	1267.382868
154.330000	46.710000	-160.367599	18.409600	-3.687539	139.334941	1262.716553
154.330000	46.710000	-160.367599	18.659600	-3.565924	139.217810	1258.072395
154.330000	46.710000	-160.367599	18.909600	-3.694110	139.099774	1253.469405
154.330000	46.710000	-160.367599	19.159600	-3.655198	138.980816	1248.866415
154.330000	46.710000	-160.367599	19.409600	-3.542340	138.860926	1244.080679
154.330000	46.710000	-160.367599	19.659600	-3.694683	138.740084	1239.271611
154.330000	46.710000	-160.367599	19.909600	-3.572881	138.618281	1234.462542
154.330000	46.710000	-160.367599	20.159600	-3.450095	138.495496	1229.653473
154.330000	46.710000	-160.367599	20.409600	-3.326320	138.371720	1224.844405
154.330000	46.710000	-160.367599	20.659600	-3.201529	138.246929	1220.035336
154.330000	46.710000	-160.367599	20.909600	-3.075718	138.121118	1215.226268
154.330000	46.710000	-160.367599	21.159600	-2.948857	137.994258	1210.417199
154.330000	46.710000	-160.367599	21.409600	-2.820945	137.866345	1205.608131
154.330000	46.710000	-160.367599	21.659600	-2.691948	137.737348	1200.799062
154.330000	46.710000	-160.367599	21.909600	-2.561866	137.607267	1195.989993
154.330000	46.710000	-160.367599	22.159600	-2.430664	137.476065	1191.180925
154.330000	46.710000	-160.367599	22.409600	-2.298343	137.343744	1186.371856
154.330000	46.710000	-160.367599	22.659600	-2.164864	137.210264	1181.562788
154.330000	46.710000	-160.367599	22.909600	-1.472905	137.075631	1176.753719
154.330000	46.710000	-160.367599	23.159600	0.265216	136.939799	1171.882479
154.330000	46.710000	-160.367599	23.409600	1.826475	136.802777	1166.805338
154.330000	46.710000	-160.367599	23.659600	1.929024	136.664515	1161.728414
154.330000	46.710000	-160.367599	23.909600	2.034767	136.525025	1156.659411
154.330000	46.710000	-160.117599	16.909600	-4.249001	139.929608	1295.271192
154.330000	46.710000	-160.117599	17.159600	-4.137559	139.818167	1290.604877
154.330000	46.710000	-160.117599	17.409600	-4.025350	139.705957	1285.938562
154.330000	46.710000	-160.117599	17.659600	-3.912258	139.592865	1281.272248
154.330000	46.710000	-160.117599	17.909600	-3.798375	139.478983	1276.605933
154.330000	46.710000	-160.117599	18.159600	-3.683582	139.364190	1271.939618
154.330000	46.710000	-160.117599	18.409600	-3.567975	139.248582	1267.273303
154.330000	46.710000	-160.117599	18.659600	-3.483855	139.132036	1262.606988
154.330000	46.710000	-160.117599	18.909600	-3.361975	139.014650	1257.973898
154.330000	46.710000	-160.117599	19.159600	-3.276668	138.896295	1253.370908
154.330000	46.710000	-160.117599	19.409600	-3.448257	138.777075	1248.767918
154.330000	46.710000	-160.117599	19.659600	-3.335206	138.656855	1244.073064
154.330000	46.710000	-160.117599	19.909600	-3.490343	138.535743	1239.263995
154.330000	46.710000	-160.117599	20.159600	-3.368198	138.413599	1234.454927
154.330000	46.710000	-160.117599	20.409600	-3.245136	138.290536	1229.645858
154.330000	46.710000	-160.117599	20.659600	-3.121006	138.166406	1224.836790
154.330000	46.710000	-160.117599	20.909600	-2.995930	138.041330	1220.027721
154.330000	46.710000	-160.117599	21.159600	-2.869751	137.915151	1215.218652
154.330000	46.710000	-160.117599	21.409600	-2.742597	137.787997	1210.409584
154.330000	46.710000	-160.117599	21.659600	-2.614304	137.659704	1205.600515
154.330000	46.710000	-160.117599	21.909600	-2.485005	137.530405	1200.791447
154.330000	46.710000	-160.117599	22.159600	-2.354529	137.399929	1195.982378
154.330000	46.710000	-160.117599	22.409600	-2.223015	137.268416	1191.173310
154.330000	46.710000	-160.117599	22.659600	-1.162331	137.135686	1186.364241
154.330000	46.710000	-160.117599	22.909600	0.573185	137.001886	1181.431022
154.330000	46.710000	-160.117599	23.159600	1.763030	136.866828	1176.353881
154.330000	46.710000	-160.117599	23.409600	1.887804	136.730667	1171.276740
154.330000	46.710000	-160.117599	23.659600	1.977997	136.593205	1166.203667
154.330000	46.710000	-160.117599	23.909600	2.105189	136.454603	1161.134664
154.330000	46.710000	-159.867599	16.659600	-4.270286	139.950894	1304.494257
154.330000	46.710000	-159.867599	16.909600	-4.160230	139.840837	1299.827942
154.330000	46.710000	-159.867599	17.159600	-4.049377	139.729984	1295.161628
154.330000	46.710000	-159.867599	17.409600	-3.937713	139.618321	1290.495313
154.330000	46.710000	-159.867599	17.659600	-3.825228	139.505835	1285.828998
154.330000	46.710000	-159.867599	17.909600	-3.711907	139.392515	1281.162683
154.330000	46.710000	-159.867599	18.159600	-3.597739	139.278347	1276.496368
154.330000	46.710000	-159.867599	18.409600	-3.482711	139.163319	1271.830053
154.330000	46.710000	-159.867599	18.659600	-3.366808	139.047416	1267.163739
154.330000	46.710000	-159.867599	18.909600	-3.281665	138.930627	1262.497424
154.330000	46.710000	-159.867599	19.159600	-3.159468	138.812935	1257.875401
154.330000	46.710000	-159.867599	19.409600	-3.074704	138.694331	1253.272411
154.330000	46.710000	-159.867599	19.659600	-3.242711	138.574794	1248.669421
154.330000	46.710000	-159.867599	19.909600	-3.129545	138.454317	1244.065449
154.330000	46.710000	-159.867599	20.159600	-3.018025	138.332876	1239.256380
154.330000	46.710000	-159.867599	20.409600	-3.165067	138.210468	1234.447312
154.330000	46.710000	-159.867599	20.659600	-3.041664	138.087064	1229.638243
154.330000	46.710000	-159.867599	20.909600	-2.917262	137.962662	1224.829174
154.330000	46.710000	-159.867599	21.159600	-2.791832	137.837233	1220.020106
154.330000	46.710000	-159.867599	21.409600	-2.665374	137.710774	1215.211037
154.330000	46.710000	-159.867599	21.659600	-2.537853	137.583254	1210.401969
154.330000	46.710000	-159.867599	21.909600	-2.409272	137.454672	1205.592900
154.330000	46.710000	-159.867599	22.159600	-2.279593	137.324993	1200.783831
154.330000	46.710000	-159.867599	22.409600	-0.850316	137.194220	1195.974763
154.330000	46.710000	-159.867599	22.659600	0.882599	137.062313	1190.979565
154.330000	46.710000	-159.867599	22.909600	1.700581	136.929277	1185.902424
154.330000	46.710000	-159.867599	23.159600	1.834790	136.795068	1180.825283
154.330000	46.710000	-159.867599	23.409600	1.936447	136.659695	1175.748142
154.330000	46.710000	-159.867599	23.659600	2.037296	136.523109	1170.678920
154.330000	46.710000	-159.867599	23.909600	2.174470	136.385322	1165.609917
154.330000	46.710000	-159.617599	16.409600	-4.290801	139.971408	1313.717322
154.330000	46.710000	-159.617599	16.659600	-4.182058	139.862665	1309.051008
154.330000	46.710000	-159.617599	16.909600	-4.072586	139.753193	1304.384693
154.330000	46.710000	-159.617599	17.159600	-3.962274	139.642882	1299.718378
154.330000	46.710000	-159.617599	17.409600	-3.851212	139.531820	1295.052063
154.330000	46.710000	-159.617599	17.659600	-3.739285	139.419892	1290.385748
154.330000	46.710000	-159.617599	17.909600	-3.626584	139.307191	1285.719433
154.330000	46.710000	-159.617599	18.159600	-3.512990	139.193597	1281.053119
154.330000	46.710000	-159.617599	18.409600	-3.398600	139.079207	1276.386804
154.330000	46.710000	-159.617599	18.659600	-3.283288	138.963896	1271.720489
154.330000	46.710000	-159.617599	18.909600	-3.167157	138.847764	1267.054174
154.330000	46.710000	-159.617599	19.159600	-3.080937	138.730681	1262.387859
154.330000	46.710000	-159.617599	19.409600	-2.968357	138.612754	1257.776904
154.330000	46.710000	-159.617599	19.659600	-2.874218	138.493845	1253.173914
154.330000	46.710000	-159.617599	19.909600	-2.757560	138.374065	1248.570924
154.330000	46.710000	-159.617599	20.159600	-2.925316	138.253272	1243.967934
154.330000	46.710000	-159.617599	20.409600	-2.810759	138.131582	1239.248765
154.330000	46.710000	-159.617599	20.659600	-2.963445	138.008846	1234.439696
154.330000	46.710000	-159.617599	20.909600	-2.839784	137.885185	1229.630628
154.330000	46.710000	-159.617599	21.159600	-2.715042	137.760443	1224.821559
154.330000	46.710000	-159.617599	21.409600	-2.589347	137.634748	1220.012491
154.330000	46.710000	-159.617599	21.659600	-2.462536	137.507936	1215.203422
154.330000	46.710000	-159.617599	21.909600	-2.209125	137.380142	1210.394353
154.330000	46.710000	-159.617599	22.159600	-0.536854	137.251195	1205.585285
154.330000	46.710000	-159.617599	22.409600	1.193273	137.121234	1200.528107
154.330000	46.710000	-159.617599	22.659600	1.639777	136.990081	1195.450966
154.330000	46.710000	-159.617599	22.909600	1.771975	136.857883	1190.373826
154.330000	46.710000	-159.617599	23.159600	1.895237	136.724453	1185.296685
154.330000	46.710000	-159.617599	23.409600	1.983172	136.589944	1180.223176
154.330000	46.710000	-159.617599	23.659600	2.105630	136.454162	1175.154174
154.330000	46.710000	-159.617599	23.909600	2.242525	136.317267	1170.085171
154.330000	46.710000	-159.367599	16.409600	-4.203102	139.883710	1318.274073
154.330000	46.710000	-159.367599	16.659600	-4.094938	139.775546	1313.607758
154.330000	46.710000	-159.367599	16.909600	-3.986004	139.666611	1308.941443
154.330000	46.710000	-159.367599	17.159600	-3.876289	139.556896	1304.275128
154.330000	46.710000	-159.367599	17.409600	-3.765780	139.446387	1299.608813
154.330000	46.710000	-159.367599	17.659600	-3.654465	139.335073	1294.942499
154.330000	46.710000	-159.367599	17.909600	-3.542334	139.222941	1290.276184
154.330000	46.710000	-159.367599	18.159600	-3.429371	139.109979	1285.609869
154.330000	46.710000	-159.367599	18.409600	-3.315568	138.996175	1280.943554
154.330000	46.710000	-159.367599	18.659600	-3.200906	138.881514	1276.277239
154.330000	46.710000	-159.367599	18.909600	-3.085378	138.765986	1271.610924
154.330000	46.710000	-159.367599	19.159600	-2.978487	138.649573	1266.944610
154.330000	46.710000	-159.367599	19.409600	-2.881737	138.532267	1262.281397
154.330000	46.710000	-159.367599	19.659600	-2.794421	138.414047	1257.678407
154.330000	46.710000	-159.367599	19.909600	-2.675281	138.294908	1253.075417
154.330000	46.710000	-159.367599	20.159600	-2.555199	138.174825	1248.472427
154.330000	46.710000	-159.367599	20.409600	-2.722592	138.053795	1243.869437
154.330000	46.710000	-159.367599	20.659600	-2.607860	137.931791	1239.241150
154.330000	46.710000	-159.367599	20.909600	-2.567085	137.808810	1234.432081
154.330000	46.710000	-159.367599	21.159600	-2.639422	137.684822	1229.623012
154.330000	46.710000	-159.367599	21.409600	-2.514428	137.559828	1224.813944
154.330000	46.710000	-159.367599	21.659600	-1.951609	137.433794	1220.004875
154.330000	46.710000	-159.367599	21.909600	-0.222089	137.306723	1215.153791
154.330000	46.710000	-159.367599	22.159600	1.387903	137.178577	1210.076650
154.330000	46.710000	-159.367599	22.409600	1.580497	137.049361	1204.999509
154.330000	46.710000	-159.367599	22.659600	1.710823	136.919035	1199.922368
154.330000	46.710000	-159.367599	22.909600	1.842252	136.787606	1194.845227
154.330000	46.710000	-159.367599	23.159600	1.943715	136.655028	1189.768086
154.330000	46.710000	-159.367599	23.409600	2.040313	136.521312	1184.698430
154.330000	46.710000	-159.367599	23.659600	2.173382	136.386410	1179.629427
154.330000	46.710000	-159.367599	23.909600	2.309459	136.250333	1174.560424
154.330000	46.710000	-159.367599	24.159600	2.446763	136.113029	1169.491421
154.330000	46.710000	-159.117599	16.159600	-4.265687	139.903948	1327.497138
154.330000	46.710000	-159.117599	16.409600	-4.116509	139.797116	1322.830823
154.330000	46.710000	-159.117599	16.659600	-4.008878	139.689486	1318.164508
154.330000	46.710000	-159.117599	16.909600	-3.900535	139.581143	1313.498194
154.330000	46.710000	-159.117599	17.159600	-3.791368	139.471976	1308.831879
154.330000	46.710000	-159.117599	17.409600	-3.681468	139.362076	1304.165564
154.330000	46.710000	-159.117599	17.659600	-3.570718	139.251326	1299.499249
154.330000	46.710000	-159.117599	17.909600	-3.459213	139.139821	1294.832934
154.330000	46.710000	-159.117599	18.159600	-3.346832	139.027439	1290.166619
154.330000	46.710000	-159.117599	18.409600	-3.233672	138.914280	1285.500305
154.330000	46.710000	-159.117599	18.659600	-3.119609	138.800216	1280.833990
154.330000	46.710000	-159.117599	18.909600	-3.004744	138.685352	1276.167675
154.330000	46.710000	-159.117599	19.159600	-2.888947	138.569554	1271.501360
154.330000	46.710000	-159.117599	19.409600	-2.806091	138.452931	1266.835045
154.330000	46.710000	-159.117599	19.659600	-2.684029	138.335346	1262.182900
154.330000	46.710000	-159.117599	19.909600	-2.597283	138.216910	1257.579910
154.330000	46.710000	-159.117599	20.159600	-2.477853	138.097480	1252.976920
154.330000	46.710000	-159.117599	20.409600	-2.357547	137.977174	1248.373930
154.330000	46.710000	-159.117599	20.659600	-2.316529	137.855842	1243.770940
154.330000	46.710000	-159.117599	20.909600	-2.406509	137.733607	1239.167950
154.330000	46.710000	-159.117599	21.159600	-2.290310	137.610312	1234.424466
154.330000	46.710000	-159.117599	21.409600	-1.633252	137.486087	1229.615397
154.330000	46.710000	-159.117599	21.659600	0.093985	137.360767	1224.702334
154.330000	46.710000	-159.117599	21.909600	1.395370	137.234488	1219.625193
154.330000	46.710000	-159.117599	22.159600	1.522780	137.107078	1214.548052
154.330000	46.710000	-159.117599	22.409600	1.651179	136.978679	1209.470911
154.330000	46.710000	-159.117599	22.659600	1.780746	136.849112	1204.393770
154.330000	46.710000	-159.117599	22.909600	1.902384	136.718524	1199.316629
154.330000	46.710000	-159.117599	23.159600	1.988989	136.586729	1194.242686
154.330000	46.710000	-159.117599	23.409600	2.105910	136.453882	1189.173683
154.330000	46.710000	-159.117599	23.659600	2.240006	136.319786	1184.104680
154.330000	46.710000	-159.117599	23.909600	2.375187	136.184605	1179.035677
154.330000	46.710000	-159.117599	24.159600	2.511659	136.048133	1173.966674
154.330000	46.710000	-159.117599	24.409600	2.653154	135.910541	1168.897671
154.330000	46.710000	-158.867599	15.909600	-4.793855	139.923437	1336.766815
154.330000	46.710000	-158.867599	16.159600	-4.652207	139.817867	1332.067373
154.330000	46.710000	-158.867599	16.409600	-4.545316	139.711565	1327.387574
154.330000	46.710000	-158.867599	16.659600	-4.377323	139.604521	1322.721259
154.330000	46.710000	-158.867599	16.909600	-4.166849	139.496722	1318.054944
154.330000	46.710000	-158.867599	17.159600	-3.955244	139.388158	1313.388629
154.330000	46.710000	-158.867599	17.409600	-3.742497	139.278817	1308.722314
154.330000	46.710000	-158.867599	17.659600	-3.528593	139.168688	1304.055999
154.330000	46.710000	-158.867599	17.909600	-3.377151	139.057758	1299.389685
154.330000	46.710000	-158.867599	18.159600	-3.265407	138.946015	1294.723370
154.330000	46.710000	-158.867599	18.409600	-3.152840	138.833448	1290.057055
154.330000	46.710000	-158.867599	18.659600	-3.039433	138.720041	1285.390740
154.330000	46.710000	-158.867599	18.909600	-2.925179	138.605786	1280.724425
154.330000	46.710000	-158.867599	19.159600	-2.810057	138.490664	1276.058110
154.330000	46.710000	-158.867599	19.409600	-2.694061	138.374669	1271.391796
154.330000	46.710000	-158.867599	19.659600	-2.610160	138.257779	1266.725481
154.330000	46.710000	-158.867599	19.909600	-2.487884	138.139989	1262.084403
154.330000	46.710000	-158.867599	20.159600	-2.401648	138.021275	1257.481413
154.330000	46.710000	-158.867599	20.409600	-2.282008	137.901634	1252.878423
154.330000	46.710000	-158.867599	20.659600	-2.161413	137.781040	1248.275433
154.330000	46.710000	-158.867599	20.909600	-2.039863	137.659490	1243.672443
154.330000	46.710000	-158.867599	21.159600	-1.431388	137.536955	1239.069453
154.330000	46.710000	-158.867599	21.409600	0.366667	137.413435	1234.250876
154.330000	46.710000	-158.867599	21.659600	1.502441	137.288898	1229.173735
154.330000	46.710000	-158.867599	21.909600	1.466512	137.163346	1224.096595
154.330000	46.710000	-158.867599	22.159600	1.593116	137.036742	1219.019454
154.330000	46.710000	-158.867599	22.409600	1.720766	136.909092	1213.942313
154.330000	46.710000	-158.867599	22.659600	1.849502	136.780356	1208.865172
154.330000	46.710000	-158.867599	22.909600	1.950805	136.650541	1203.788031
154.330000	46.710000	-158.867599	23.159600	2.043244	136.519602	1198.717939
154.330000	46.710000	-158.867599	23.409600	2.172241	136.387551	1193.648936
154.330000	46.710000	-158.867599	23.659600	2.305453	136.254339	1188.579933
154.330000	46.710000	-158.867599	23.909600	2.529832	136.119978	1183.510930
154.330000	46.710000	-158.867599	24.159600	2.809858	135.984418	1178.441927
154.330000	46.710000	-158.617599	15.659600	-5.206302	139.942153	1346.298431
154.330000	46.710000	-158.617599	15.909600	-5.110160	139.837869	1341.521740
154.330000	46.710000	-158.617599	16.159600	-5.069068	139.732825	1336.822299
154.330000	46.710000	-158.617599	16.409600	-4.904120	139.627105	1332.122857
154.330000	46.710000	-158.617599	16.659600	-4.697445	139.520600	1327.423416
154.330000	46.710000	-158.617599	16.909600	-4.489721	139.413400	1322.723974
154.330000	46.710000	-158.617599	17.159600	-4.280834	139.305391	1318.024533
154.330000	46.710000	-158.617599	17.409600	-4.070873	139.196666	1313.325092
154.330000	46.710000	-158.617599	17.659600	-3.921436	139.087107	1308.625650
154.330000	46.710000	-158.617599	17.909600	-3.810551	138.976810	1303.946435
154.330000	46.710000	-158.617599	18.159600	-3.636648	138.865654	1299.280120
154.330000	46.710000	-158.617599	18.409600	-3.422050	138.753738	1294.613805
154.330000	46.710000	-158.617599	18.659600	-3.206200	138.640935	1289.947490
154.330000	46.710000	-158.617599	18.909600	-2.989202	138.527349	1285.281176
154.330000	46.710000	-158.617599	19.159600	-2.770920	138.412849	1280.614861
154.330000	46.710000	-158.617599	19.409600	-2.616935	138.297542	1275.948546
154.330000	46.710000	-158.617599	19.659600	-2.500684	138.181291	1271.282231
154.330000	46.710000	-158.617599	19.909600	-2.415812	138.064211	1266.615916
154.330000	46.710000	-158.617599	20.159600	-2.293259	137.946155	1261.985906
154.330000	46.710000	-158.617599	20.409600	-2.207617	137.827244	1257.382916
154.330000	46.710000	-158.617599	20.659600	-2.036711	137.707326	1252.779926
154.330000	46.710000	-158.617599	20.909600	-1.351830	137.586528	1248.176936
154.330000	46.710000	-158.617599	21.159600	-0.041402	137.464690	1243.489279
154.330000	46.710000	-158.617599	21.409600	1.422329	137.341944	1238.594550
154.330000	46.710000	-158.617599	21.659600	1.670544	137.218125	1233.594447
154.330000	46.710000	-158.617599	21.909600	1.763745	137.093370	1228.567996
154.330000	46.710000	-158.617599	22.159600	1.784973	136.967507	1223.490855
154.330000	46.710000	-158.617599	22.409600	1.789180	136.840678	1218.413714
154.330000	46.710000	-158.617599	22.659600	1.909423	136.712704	1213.336573
154.330000	46.710000	-158.617599	22.909600	1.994586	136.583734	1208.262195
154.330000	46.710000	-158.617599	23.159600	2.141784	136.453581	1203.193192
154.330000	46.710000	-158.617599	23.409600	2.413752	136.322402	1198.124189
154.330000	46.710000	-158.617599	23.659600	2.766675	136.190000	1193.055186
154.330000	46.710000	-158.617599	23.909600	3.165022	136.056538	1187.957880
154.330000	46.710000	-158.367599	15.409600	-5.168574	139.960152	1355.924107
154.330000	46.710000	-158.367599	15.659600	-5.065509	139.857087	1351.128777
154.330000	46.710000	-158.367599	15.909600	-5.023476	139.753325	1346.333446
154.330000	46.710000	-158.367599	16.159600	-4.921735	139.648858	1341.577224
154.330000	46.710000	-158.367599	16.409600	-4.879915	139.543673	1336.877783
154.330000	46.710000	-158.367599	16.659600	-4.774004	139.437761	1332.178341
154.330000	46.710000	-158.367599	16.909600	-4.667354	139.331112	1327.478900
154.330000	46.710000	-158.367599	17.159600	-4.559955	139.223712	1322.779458
154.330000	46.710000	-158.367599	17.409600	-4.451796	139.115553	1318.080017
154.330000	46.710000	-158.367599	17.659600	-4.342863	139.006621	1313.380576
154.330000	46.710000	-158.367599	17.909600	-4.172157	138.896906	1308.681134
154.330000	46.710000	-158.367599	18.159600	-3.961469	138.786394	1303.981693
154.330000	46.710000	-158.367599	18.409600	-3.749621	138.675076	1299.282251
154.330000	46.710000	-158.367599	18.659600	-3.536595	138.562935	1294.582810
154.330000	46.710000	-158.367599	18.909600	-3.322384	138.449965	1289.883369
154.330000	46.710000	-158.367599	19.159600	-3.170465	138.336146	1285.183927
154.330000	46.710000	-158.367599	19.409600	-3.055203	138.221473	1280.505296
154.330000	46.710000	-158.367599	19.659600	-2.875109	138.105923	1275.838981
154.330000	46.710000	-158.367599	19.909600	-2.655991	137.989493	1271.172667
154.330000	46.710000	-158.367599	20.159600	-2.468009	137.872159	1266.506352
154.330000	46.710000	-158.367599	20.409600	-1.902035	137.753918	1261.887409
154.330000	46.710000	-158.367599	20.659600	-1.238203	137.634743	1257.268395
154.330000	46.710000	-158.367599	20.909600	-0.572951	137.514634	1252.571059
154.330000	46.710000	-158.367599	21.159600	0.351067	137.393561	1247.873723
154.330000	46.710000	-158.367599	21.409600	1.696364	137.271525	1242.924051
154.330000	46.710000	-158.367599	21.659600	1.962795	137.148493	1237.923948
154.330000	46.710000	-158.367599	21.909600	2.000656	137.024469	1232.923845
154.330000	46.710000	-158.367599	22.159600	1.984232	136.899416	1227.923743
154.330000	46.710000	-158.367599	22.409600	2.078835	136.773340	1222.885116
154.330000	46.710000	-158.367599	22.659600	2.079568	136.646201	1217.807975
154.330000	46.710000	-158.367599	22.909600	2.340315	136.518007	1212.737448
154.330000	46.710000	-158.367599	23.159600	2.730296	136.388714	1207.657251
154.330000	46.710000	-158.367599	23.409600	3.094472	136.258334	1202.544064
154.330000	46.710000	-158.367599	23.659600	3.368803	136.126818	1197.430877
154.330000	46.710000	-158.367599	23.909600	3.552920	135.994180	1192.317690
154.330000	46.710000	-158.117599	15.159600	-5.185833	139.977411	1365.549782
154.330000	46.710000	-158.117599	15.409600	-5.084009	139.875587	1360.754452
154.330000	46.710000	-158.117599	15.659600	-4.981462	139.773040	1355.959122
154.330000	46.710000	-158.117599	15.909600	-4.878272	139.669850	1351.163792
154.330000	46.710000	-158.117599	16.159600	-4.836643	139.565915	1346.368461
154.330000	46.710000	-158.117599	16.409600	-4.734786	139.461319	1341.632708
154.330000	46.710000	-158.117599	16.659600	-4.692196	139.355954	1336.933267
154.330000	46.710000	-158.117599	16.909600	-4.586151	139.249909	1332.233825
154.330000	46.710000	-158.117599	17.159600	-4.479313	139.143071	1327.534384
154.330000	46.710000	-158.117599	17.409600	-4.371776	139.035533	1322.834942
154.330000	46.710000	-158.117599	17.659600	-4.263420	138.927177	1318.135501
154.330000	46.710000	-158.117599	17.909600	-4.154344	138.818101	1313.436060
154.330000	46.710000	-158.117599	18.159600	-4.044425	138.708182	1308.736618
154.330000	46.710000	-158.117599	18.409600	-3.933764	138.597521	1304.037177
154.330000	46.710000	-158.117599	18.659600	-3.822232	138.485990	1299.337735
154.330000	46.710000	-158.117599	18.909600	-3.709938	138.373695	1294.638294
154.330000	46.710000	-158.117599	19.159600	-3.596745	138.260502	1289.938853
154.330000	46.710000	-158.117599	19.409600	-3.420011	138.146523	1285.239411
154.330000	46.710000	-158.117599	19.659600	-3.204923	138.031618	1280.539970
154.330000	46.710000	-158.117599	19.909600	-2.986380	137.915902	1275.840528
154.330000	46.710000	-158.117599	20.159600	-2.446220	137.799231	1271.141087
154.330000	46.710000	-158.117599	20.409600	-1.062839	137.681725	1266.350175
154.330000	46.710000	-158.117599	20.659600	-0.590019	137.563232	1261.652839
154.330000	46.710000	-158.117599	20.909600	-0.456942	137.443879	1256.955503
154.330000	46.710000	-158.117599	21.159600	0.762198	137.323508	1252.253655
154.330000	46.710000	-158.117599	21.409600	1.909038	137.202250	1247.253552
154.330000	46.710000	-158.117599	21.659600	2.031347	137.079940	1242.253449
154.330000	46.710000	-158.117599	21.909600	2.154571	136.956717	1237.253346
154.330000	46.710000	-158.117599	22.159600	2.278880	136.832408	1232.253244
154.330000	46.710000	-158.117599	22.409600	2.219485	136.707156	1227.253141
154.330000	46.710000	-158.117599	22.659600	2.433494	136.580783	1222.243435
154.330000	46.710000	-158.117599	22.909600	2.986809	136.453438	1217.130248
154.330000	46.710000	-158.117599	23.159600	3.222166	136.324935	1212.017060
154.330000	46.710000	-158.117599	23.409600	3.351671	136.195429	1206.903873
154.330000	46.710000	-158.117599	23.659600	3.482375	136.064726	1201.790686
154.330000	46.710000	-157.867599	15.159600	-5.101757	139.893335	1370.380127
154.330000	46.710000	-157.867599	15.409600	-5.000448	139.792026	1365.584797
154.330000	46.710000	-157.867599	15.659600	-4.898469	139.690047	1360.789467
154.330000	46.710000	-157.867599	15.909600	-4.795807	139.587385	1355.994137
154.330000	46.710000	-157.867599	16.159600	-4.692455	139.484033	1351.198807
154.330000	46.710000	-157.867599	16.409600	-4.651288	139.379979	1346.403476
154.330000	46.710000	-157.867599	16.659600	-4.563210	139.275214	1341.688192
154.330000	46.710000	-157.867599	16.909600	-4.505968	139.169725	1336.988751
154.330000	46.710000	-157.867599	17.159600	-4.399746	139.063503	1332.289309
154.330000	46.710000	-157.867599	17.409600	-4.292780	138.956537	1327.589868
154.330000	46.710000	-157.867599	17.659600	-4.185057	138.848814	1322.890426
154.330000	46.710000	-157.867599	17.909600	-4.076568	138.740326	1318.190985
154.330000	46.710000	-157.867599	18.159600	-3.967299	138.631057	1313.491544
154.330000	46.710000	-157.867599	18.409600	-3.857242	138.520999	1308.792102
154.330000	46.710000	-157.867599	18.659600	-3.746379	138.410136	1304.092661
154.330000	46.710000	-157.867599	18.909600	-3.634705	138.298462	1299.393219
154.330000	46.710000	-157.867599	19.159600	-3.522199	138.185956	1294.693778
154.330000	46.710000	-157.867599	19.409600	-3.408858	138.072615	1289.994337
154.330000	46.710000	-157.867599	19.659600	-3.265947	137.958416	1285.294895
154.330000	46.710000	-157.867599	19.909600	-3.061264	137.843357	1280.594700
154.330000	46.710000	-157.867599	20.159600	-1.521029	137.727412	1275.880476
154.330000	46.710000	-157.867599	20.409600	-0.129398	137.610580	1270.854077
154.330000	46.710000	-157.867599	20.659600	-0.158672	137.492835	1266.037283
154.330000	46.710000	-157.867599	20.909600	-0.220700	137.374176	1261.339947
154.330000	46.710000	-157.867599	21.159600	1.157166	137.254573	1256.583156
154.330000	46.710000	-157.867599	21.409600	1.977259	137.134029	1251.583053
154.330000	46.710000	-157.867599	21.659600	2.098777	137.012511	1246.582950
154.330000	46.710000	-157.867599	21.909600	2.221265	136.890022	1241.582847
154.330000	46.710000	-157.867599	22.159600	2.164378	136.766527	1236.582745
154.330000	46.710000	-157.867599	22.409600	2.160959	136.642032	1231.609036
154.330000	46.710000	-157.867599	22.659600	2.731716	136.516497	1226.603244
154.330000	46.710000	-157.867599	22.909600	3.157169	136.389931	1221.490057
154.330000	46.710000	-157.867599	23.159600	3.284810	136.262290	1216.376870
154.330000	46.710000	-157.867599	23.409600	3.413513	136.133587	1211.263683
154.330000	46.710000	-157.617599	15.159600	-4.675629	139.810259	1375.210472
154.330000	46.710000	-157.617599	15.409600	-4.596750	139.709515	1370.415142
154.330000	46.710000	-157.617599	15.659600	-4.816481	139.608059	1365.619812
154.330000	46.710000	-157.617599	15.909600	-4.714399	139.505977	1360.824482
154.330000	46.710000	-157.617599	16.159600	-4.611585	139.403163	1356.029152
154.330000	46.710000	-157.617599	16.409600	-4.521947	139.299704	1351.233822
154.330000	46.710000	-157.617599	16.659600	-4.467382	139.195491	1346.443117
154.330000	46.710000	-157.617599	16.909600	-4.426856	139.090614	1341.743676
154.330000	46.710000	-157.617599	17.159600	-4.321201	138.984958	1337.044234
154.330000	46.710000	-157.617599	17.409600	-4.214863	138.878620	1332.344793
154.330000	46.710000	-157.617599	17.659600	-4.107722	138.771479	1327.645352
154.330000	46.710000	-157.617599	17.909600	-3.999878	138.663636	1322.945910
154.330000	46.710000	-157.617599	18.159600	-3.891207	138.554965	1318.246469
154.330000	46.710000	-157.617599	18.409600	-3.781812	138.445570	1313.547028
154.330000	46.710000	-157.617599	18.659600	-3.671564	138.335321	1308.847586
154.330000	46.710000	-157.617599	18.909600	-3.560570	138.224327	1304.148145
154.330000	46.710000	-157.617599	19.159600	-3.442688	138.112453	1299.448703
154.330000	46.710000	-157.617599	19.409600	-3.258770	137.999812	1294.749262
154.330000	46.710000	-157.617599	19.659600	-3.055596	137.886262	1290.041055
154.330000	46.710000	-157.617599	19.909600	-2.480205	137.771922	1285.326831
154.330000	46.710000	-157.617599	20.159600	-0.164890	137.656644	1280.479926
154.330000	46.710000	-157.617599	20.409600	0.500684	137.540552	1275.375749
154.330000	46.710000	-157.617599	20.659600	0.319310	137.423493	1270.421727
154.330000	46.710000	-157.617599	20.909600	0.013383	137.305594	1265.724392
154.330000	46.710000	-157.617599	21.159600	1.384718	137.186697	1260.912657
154.330000	46.710000	-157.617599	21.409600	2.044352	137.066935	1255.912554
154.330000	46.710000	-157.617599	21.659600	2.165145	136.946143	1250.912451
154.330000	46.710000	-157.617599	21.909600	2.070734	136.824459	1245.912348
154.330000	46.710000	-157.617599	22.159600	1.923100	136.701711	1240.944484
154.330000	46.710000	-157.617599	22.409600	2.153552	136.578044	1235.988612
154.330000	46.710000	-157.617599	22.659600	2.850219	136.453278	1230.963054
154.330000	46.710000	-157.617599	22.909600	3.219536	136.327564	1225.849867
154.330000	46.710000	-157.617599	23.159600	3.346385	136.200715	1220.736680
154.330000	46.710000	-157.617599	23.409600	3.474211	136.072889	1215.623493
154.330000	46.710000	-157.367599	15.159600	-4.336763	139.728219	1379.819579
154.330000	46.710000	-157.367599	15.409600	-4.491715	139.627994	1375.137780
154.330000	46.710000	-157.367599	15.659600	-4.392470	139.527114	1370.450157
154.330000	46.710000	-157.367599	15.909600	-4.309910	139.425565	1365.654827
154.330000	46.710000	-157.367599	16.159600	-4.531763	139.323341	1360.859497
154.330000	46.710000	-157.367599	16.409600	-4.428852	139.220430	1356.064167
154.330000	46.710000	-157.367599	16.659600	-4.386579	139.116822	1351.268837
154.330000	46.710000	-157.367599	16.909600	-4.284983	139.012507	1346.498601
154.330000	46.710000	-157.367599	17.159600	-4.243717	138.907474	1341.799160
154.330000	46.710000	-157.367599	17.409600	-4.137955	138.801713	1337.099718
154.330000	46.710000	-157.367599	17.659600	-4.031453	138.695211	1332.400277
154.330000	46.710000	-157.367599	17.909600	-3.924202	138.587960	1327.700836
154.330000	46.710000	-157.367599	18.159600	-3.816187	138.479944	1323.001394
154.330000	46.710000	-157.367599	18.409600	-3.707401	138.371158	1318.301953
154.330000	46.710000	-157.367599	18.659600	-3.597826	138.261584	1313.602512
154.330000	46.710000	-157.367599	18.909600	-3.451224	138.151215	1308.903070
154.330000	46.710000	-157.367599	19.159600	-3.250419	138.040033	1304.201635
154.330000	46.710000	-157.367599	19.409600	-3.054854	137.928034	1299.487410
154.330000	46.710000	-157.367599	19.659600	-2.923807	137.815196	1294.773186
154.330000	46.710000	-157.367599	19.909600	-1.286934	137.701516	1290.058962
154.330000	46.710000	-157.367599	20.159600	0.745296	137.586969	1285.001598
154.330000	46.710000	-157.367599	20.409600	0.955417	137.471556	1279.897420
154.330000	46.710000	-157.367599	20.659600	0.388778	137.355248	1274.806172
154.330000	46.710000	-157.367599	20.909600	0.245400	137.238048	1270.108836
154.330000	46.710000	-157.367599	21.159600	1.610166	137.119923	1265.242158
154.330000	46.710000	-157.367599	21.409600	2.110408	137.000879	1260.242055
154.330000	46.710000	-157.367599	21.659600	1.978596	136.880882	1255.241952
154.330000	46.710000	-157.367599	21.909600	1.829138	136.759936	1250.279932
154.330000	46.710000	-157.367599	22.159600	1.894493	136.638006	1245.324060
154.330000	46.710000	-157.367599	22.409600	2.272686	136.515098	1240.368188
154.330000	46.710000	-157.367599	22.659600	2.967484	136.391173	1235.322864
154.330000	46.710000	-157.367599	22.909600	3.280859	136.266241	1230.209677
154.330000	46.710000	-157.367599	23.159600	3.406842	136.140258	1225.096490
154.330000	46.710000	-157.117599	15.159600	-4.238909	139.647165	1384.421898
154.330000	46.710000	-157.117599	15.409600	-4.057022	139.547511	1379.740099
154.330000	46.710000	-157.117599	15.659600	-3.974790	139.447161	1375.058300
154.330000	46.710000	-157.117599	15.909600	-4.209905	139.346198	1370.376502
154.330000	46.710000	-157.117599	16.159600	-4.109860	139.244518	1365.689842
154.330000	46.710000	-157.117599	16.409600	-4.023662	139.142208	1360.894512
154.330000	46.710000	-157.117599	16.659600	-4.247580	139.039158	1356.099182
154.330000	46.710000	-157.117599	16.909600	-4.205793	138.935460	1351.303852
154.330000	46.710000	-157.117599	17.159600	-4.104062	138.830999	1346.554085
154.330000	46.710000	-157.117599	17.409600	-4.062114	138.725871	1341.854644
154.330000	46.710000	-157.117599	17.659600	-3.956199	138.619956	1337.155202
154.330000	46.710000	-157.117599	17.909600	-3.849598	138.513355	1332.455761
154.330000	46.710000	-157.117599	18.159600	-3.742186	138.405943	1327.756320
154.330000	46.710000	-157.117599	18.409600	-3.624322	138.297825	1323.056878
154.330000	46.710000	-157.117599	18.659600	-3.440306	138.188869	1318.357437
154.330000	46.710000	-157.117599	18.909600	-3.241000	138.079187	1313.647990
154.330000	46.710000	-157.117599	19.159600	-3.077252	137.968641	1308.933765
154.330000	46.710000	-157.117599	19.409600	-2.965958	137.857346	1304.219541
154.330000	46.710000	-157.117599	19.659600	-2.360822	137.745161	1299.505317
154.330000	46.710000	-157.117599	19.909600	0.045215	137.632205	1294.627448
154.330000	46.710000	-157.117599	20.159600	0.944687	137.518330	1289.523270
154.330000	46.710000	-157.117599	20.409600	1.059357	137.403660	1284.419092
154.330000	46.710000	-157.117599	20.659600	0.416314	137.288043	1279.314914
154.330000	46.710000	-157.117599	20.909600	0.841316	137.171607	1274.493280
154.330000	46.710000	-157.117599	21.159600	1.815422	137.054192	1269.571659
154.330000	46.710000	-157.117599	21.409600	1.887826	136.935934	1264.571556
154.330000	46.710000	-157.117599	21.659600	1.736668	136.816666	1259.615380
154.330000	46.710000	-157.117599	21.909600	1.835971	136.696528	1254.659508
154.330000	46.710000	-157.117599	22.159600	1.957151	136.575348	1249.703636
154.330000	46.710000	-157.117599	22.409600	2.390575	136.453271	1244.747765
154.330000	46.710000	-157.117599	22.659600	3.083576	136.330118	1239.682674
154.330000	46.710000	-157.117599	22.909600	3.341059	136.206041	1234.569487
154.330000	46.710000	-156.867599	15.159600	-4.156432	139.567134	1388.971479
154.330000	46.710000	-156.867599	15.409600	-4.060969	139.468007	1384.342418
154.330000	46.710000	-156.867599	15.659600	-3.877747	139.368237	1379.660619
154.330000	46.710000	-156.867599	15.909600	-3.777324	139.267814	1374.978820
154.330000	46.710000	-156.867599	16.159600	-3.691361	139.166730	1370.297021
154.330000	46.710000	-156.867599	16.409600	-3.928665	139.064973	1365.615223
154.330000	46.710000	-156.867599	16.659600	-3.827863	138.962534	1360.929527
154.330000	46.710000	-156.867599	16.909600	-3.737967	138.859404	1356.134197
154.330000	46.710000	-156.867599	17.159600	-4.026481	138.755570	1351.338867
154.330000	46.710000	-156.867599	17.409600	-3.924678	138.651025	1346.609569
154.330000	46.710000	-156.867599	17.659600	-3.881997	138.545754	1341.910128
154.330000	46.710000	-156.867599	17.909600	-3.775994	138.439751	1337.210686
154.330000	46.710000	-156.867599	18.159600	-3.625488	138.333000	1332.511245
154.330000	46.710000	-156.867599	18.409600	-3.428359	138.225495	1327.808569
154.330000	46.710000	-156.867599	18.659600	-3.240285	138.117218	1323.094345
154.330000	46.710000	-156.867599	18.909600	-3.116777	138.008166	1318.380121
154.330000	46.710000	-156.867599	19.159600	-3.006928	137.898317	1313.665896
154.330000	46.710000	-156.867599	19.409600	-2.896281	137.787669	1308.951672
154.330000	46.710000	-156.867599	19.659600	-1.075703	137.676200	1304.237448
154.330000	46.710000	-156.867599	19.909600	0.854917	137.563908	1299.149120
154.330000	46.710000	-156.867599	20.159600	1.012249	137.450768	1294.044942
154.330000	46.710000	-156.867599	20.409600	1.126236	137.336782	1288.940764
154.330000	46.710000	-156.867599	20.659600	0.833024	137.221920	1283.836586
154.330000	46.710000	-156.867599	20.909600	1.392409	137.106185	1278.877724
154.330000	46.710000	-156.867599	21.159600	1.731225	136.989547	1273.906700
154.330000	46.710000	-156.867599	21.409600	1.661477	136.872010	1268.950828
154.330000	46.710000	-156.867599	21.659600	1.778959	136.753540	1263.994956
154.330000	46.710000	-156.867599	21.909600	1.898355	136.634143	1259.039084
154.330000	46.710000	-156.867599	22.159600	2.018715	136.513784	1254.083213
154.330000	46.710000	-156.867599	22.409600	2.507314	136.392470	1249.127341
154.330000	46.710000	-156.867599	22.659600	3.198448	136.270160	1244.042484
154.330000	46.710000	-156.617599	15.159600	-4.163100	139.488078	1393.518896
154.330000	46.710000	-156.617599	15.409600	-3.980059	139.389528	1388.919599
154.330000	46.710000	-156.617599	15.659600	-3.876806	139.290293	1384.262938
154.330000	46.710000	-156.617599	15.909600	-3.699972	139.190462	1379.581139
154.330000	46.710000	-156.617599	16.159600	-3.599437	139.089927	1374.899340
154.330000	46.710000	-156.617599	16.409600	-3.498287	138.988777	1370.217541
154.330000	46.710000	-156.617599	16.659600	-3.408535	138.886901	1365.535742
154.330000	46.710000	-156.617599	16.909600	-3.648072	138.784393	1360.853944
154.330000	46.710000	-156.617599	17.159600	-3.546452	138.681137	1356.169212
154.330000	46.710000	-156.617599	17.409600	-3.513671	138.577230	1351.373882
154.330000	46.710000	-156.617599	17.659600	-3.764675	138.472552	1346.665053
154.330000	46.710000	-156.617599	17.909600	-3.611120	138.367204	1341.965612
154.330000	46.710000	-156.617599	18.159600	-3.415353	138.261061	1337.254924
154.330000	46.710000	-156.617599	18.409600	-3.262840	138.154229	1332.540700
154.330000	46.710000	-156.617599	18.659600	-3.155187	138.046576	1327.826476
154.330000	46.710000	-156.617599	18.909600	-3.046825	137.938214	1323.112251
154.330000	46.710000	-156.617599	19.159600	-2.937617	137.829006	1318.398027
154.330000	46.710000	-156.617599	19.409600	-2.196624	137.719067	1313.683803
154.330000	46.710000	-156.617599	19.659600	0.254775	137.608255	1308.774969
154.330000	46.710000	-156.617599	19.909600	0.966326	137.496691	1303.670791
154.330000	46.710000	-156.617599	20.159600	1.078790	137.384227	1298.566614
154.330000	46.710000	-156.617599	20.409600	1.026379	137.270988	1293.462436
154.330000	46.710000	-156.617599	20.659600	0.708190	137.156819	1288.358258
154.330000	46.710000	-156.617599	20.909600	0.790150	137.041853	1283.278936
154.330000	46.710000	-156.617599	21.159600	1.290709	136.925927	1278.286276
154.330000	46.710000	-156.617599	21.409600	1.723320	136.809179	1273.330404
154.330000	46.710000	-156.617599	21.659600	1.841057	136.691442	1268.374532
154.330000	46.710000	-156.617599	21.909600	1.959642	136.572857	1263.418660
154.330000	46.710000	-156.617599	22.159600	2.079249	136.453250	1258.462789
154.330000	46.710000	-156.617599	22.409600	2.659135	136.332770	1253.506917
154.330000	46.710000	-156.617599	22.659600	3.312164	136.211234	1248.402294
154.330000	46.710000	-156.367599	15.159600	-4.085055	139.410033	1398.066312
154.330000	46.710000	-156.367599	15.409600	-3.979369	139.312014	1393.467016
154.330000	46.710000	-156.367599	15.659600	-3.805124	139.213367	1388.865256
154.330000	46.710000	-156.367599	15.909600	-3.623590	139.114080	1384.183458
154.330000	46.710000	-156.367599	16.159600	-3.523656	139.014146	1379.501659
154.330000	46.710000	-156.367599	16.409600	-3.423065	138.913555	1374.819860
154.330000	46.710000	-156.367599	16.659600	-3.321806	138.812296	1370.138061
154.330000	46.710000	-156.367599	16.909600	-3.219871	138.710361	1365.456262
154.330000	46.710000	-156.367599	17.159600	-3.126373	138.607737	1360.774464
154.330000	46.710000	-156.367599	17.409600	-3.386226	138.504418	1356.092665
154.330000	46.710000	-156.367599	17.659600	-3.287929	138.400389	1351.414826
154.330000	46.710000	-156.367599	17.909600	-3.190584	138.295644	1346.701279
154.330000	46.710000	-156.367599	18.159600	-3.234882	138.190166	1341.987055
154.330000	46.710000	-156.367599	18.409600	-3.192563	138.083952	1337.272831
154.330000	46.710000	-156.367599	18.659600	-3.085594	137.976983	1332.558607
154.330000	46.710000	-156.367599	18.909600	-2.977866	137.869255	1327.844382
154.330000	46.710000	-156.367599	19.159600	-2.823469	137.760748	1323.130158
154.330000	46.710000	-156.367599	19.409600	-0.865080	137.651460	1318.400819
154.330000	46.710000	-156.367599	19.659600	0.921649	137.541368	1313.296641
154.330000	46.710000	-156.367599	19.909600	0.849587	137.430473	1308.192463
154.330000	46.710000	-156.367599	20.159600	0.450773	137.318748	1303.088285
154.330000	46.710000	-156.367599	20.409600	-0.125363	137.206195	1298.036919
154.330000	46.710000	-156.367599	20.659600	-0.373113	137.092786	1293.049387
154.330000	46.710000	-156.367599	20.909600	0.377545	136.978524	1288.000194
154.330000	46.710000	-156.367599	21.159600	1.240883	136.863379	1282.796517
154.330000	46.710000	-156.367599	21.409600	1.437605	136.747355	1277.709980
154.330000	46.710000	-156.367599	21.659600	1.902080	136.630418	1272.754108
154.330000	46.710000	-156.367599	21.909600	2.019922	136.512577	1267.798237
154.330000	46.710000	-156.367599	22.159600	2.170816	136.393794	1262.842365
154.330000	46.710000	-156.367599	22.409600	2.837652	136.274078	1257.875291
154.330000	46.710000	-156.117599	15.159600	-4.007972	139.332950	1402.613729
154.330000	46.710000	-156.117599	15.409600	-3.910536	139.235514	1398.014432
154.330000	46.710000	-156.117599	15.659600	-3.726719	139.137407	1393.415135
154.330000	46.710000	-156.117599	15.909600	-3.631694	139.038718	1388.785776
154.330000	46.710000	-156.117599	16.159600	-3.448849	138.939338	1384.103977
154.330000	46.710000	-156.117599	16.409600	-3.348870	138.839359	1379.422179
154.330000	46.710000	-156.117599	16.659600	-3.248179	138.738668	1374.740380
154.330000	46.710000	-156.117599	16.909600	-3.146871	138.637361	1370.058581
154.330000	46.710000	-156.117599	17.159600	-3.044830	138.535320	1365.376782
154.330000	46.710000	-156.117599	17.409600	-2.961922	138.432644	1360.694983
154.330000	46.710000	-156.117599	17.659600	-2.938484	138.329212	1356.019644
154.330000	46.710000	-156.117599	17.909600	-3.042817	138.225127	1351.358872
154.330000	46.710000	-156.117599	18.159600	-3.003499	138.120262	1346.698100
154.330000	46.710000	-156.117599	18.409600	-2.898627	138.014725	1342.004962
154.330000	46.710000	-156.117599	18.659600	-2.891119	137.908384	1337.290737
154.330000	46.710000	-156.117599	18.909600	-2.909962	137.801351	1332.576513
154.330000	46.710000	-156.117599	19.159600	-1.985023	137.693488	1327.862289
154.330000	46.710000	-156.117599	19.409600	0.215401	137.584913	1322.922491
154.330000	46.710000	-156.117599	19.659600	0.261386	137.475483	1317.818313
154.330000	46.710000	-156.117599	19.909600	-0.178371	137.365319	1312.772479
154.330000	46.710000	-156.117599	20.159600	-0.292434	137.254273	1307.784948
154.330000	46.710000	-156.117599	20.409600	-0.076959	137.142471	1302.797416
154.330000	46.710000	-156.117599	20.659600	0.624829	137.029760	1297.809885
154.330000	46.710000	-156.117599	20.909600	1.388563	136.916269	1292.721452
154.330000	46.710000	-156.117599	21.159600	1.305287	136.801840	1287.517775
154.330000	46.710000	-156.117599	21.409600	1.388139	136.686608	1282.314098
154.330000	46.710000	-156.117599	21.659600	1.583493	136.570407	1277.133685
154.330000	46.710000	-156.117599	21.909600	1.850730	136.453379	1272.177813
154.330000	46.710000	-156.117599	22.159600	2.285819	136.335352	1267.221941
154.330000	46.710000	-155.867599	15.159600	-3.931888	139.256867	1407.161146
154.330000	46.710000	-155.867599	15.409600	-3.834989	139.159967	1402.561849
154.330000	46.710000	-155.867599	15.659600	-3.737474	139.062453	1397.962552
154.330000	46.710000	-155.867599	15.909600	-3.554858	138.964313	1393.363255
154.330000	46.710000	-155.867599	16.159600	-3.451139	138.865540	1388.706296
154.330000	46.710000	-155.867599	16.409600	-3.275635	138.766125	1384.024497
154.330000	46.710000	-155.867599	16.659600	-3.175566	138.666056	1379.342698
154.330000	46.710000	-155.867599	16.909600	-3.074836	138.565326	1374.660900
154.330000	46.710000	-155.867599	17.159600	-2.973433	138.463923	1369.979101
154.330000	46.710000	-155.867599	17.409600	-2.898770	138.361839	1365.297302
154.330000	46.710000	-155.867599	17.659600	-2.876002	138.259060	1360.624463
154.330000	46.710000	-155.867599	17.909600	-2.809584	138.155582	1355.963691
154.330000	46.710000	-155.867599	18.159600	-2.705389	138.051388	1351.302919
154.330000	46.710000	-155.867599	18.409600	-2.700973	137.946473	1346.642146
154.330000	46.710000	-155.867599	18.659600	-2.723801	137.840820	1341.981374
154.330000	46.710000	-155.867599	18.909600	-2.477790	137.734425	1337.308644
154.330000	46.710000	-155.867599	19.159600	-0.180617	137.627268	1332.548340
154.330000	46.710000	-155.867599	19.409600	1.344641	137.519348	1327.508040
154.330000	46.710000	-155.867599	19.659600	1.370318	137.410641	1322.520508
154.330000	46.710000	-155.867599	19.909600	1.881903	137.301150	1317.487707
154.330000	46.710000	-155.867599	20.159600	2.455968	137.190846	1312.402611
154.330000	46.710000	-155.867599	20.409600	2.887804	137.079734	1307.317514
154.330000	46.710000	-155.867599	20.659600	3.264607	136.967785	1302.232418
154.330000	46.710000	-155.867599	20.909600	3.196844	136.855002	1297.168572
154.330000	46.710000	-155.867599	21.159600	2.849521	136.741356	1292.132165
154.330000	46.710000	-155.867599	21.409600	2.883927	136.626851	1287.035357
154.330000	46.710000	-155.867599	21.659600	2.831717	136.511454	1281.831680
154.330000	46.710000	-155.867599	21.909600	2.717877	136.395173	1276.628003
154.330000	46.710000	-155.867599	22.159600	2.542326	136.277971	1271.601517
154.330000	46.710000	-155.617599	15.159600	-3.856755	139.181733	1411.708562
154.330000	46.710000	-155.617599	15.409600	-3.760444	139.085422	1407.109265
154.330000	46.710000	-155.617599	15.659600	-3.663475	138.988453	1402.509969
154.330000	46.710000	-155.617599	15.909600	-3.557344	138.890916	1397.910672
154.330000	46.710000	-155.617599	16.159600	-3.384473	138.792702	1393.308615
154.330000	46.710000	-155.617599	16.409600	-3.203415	138.693904	1388.626816
154.330000	46.710000	-155.617599	16.659600	-3.103918	138.594408	1383.945017
154.330000	46.710000	-155.617599	16.909600	-3.003821	138.494311	1379.263218
154.330000	46.710000	-155.617599	17.159600	-2.903004	138.393494	1374.581420
154.330000	46.710000	-155.617599	17.409600	-2.836644	138.292059	1369.899621
154.330000	46.710000	-155.617599	17.659600	-2.814496	138.189882	1365.229281
154.330000	46.710000	-155.617599	17.909600	-2.741070	138.087068	1360.568509
154.330000	46.710000	-155.617599	18.159600	-2.637492	137.983490	1355.907737
154.330000	46.710000	-155.617599	18.409600	-2.533258	137.879257	1351.246965
154.330000	46.710000	-155.617599	18.659600	-2.428237	137.774236	1346.586193
154.330000	46.710000	-155.617599	18.909600	-0.449294	137.668540	1341.925420
154.330000	46.710000	-155.617599	19.159600	2.503834	137.562031	1336.859691
154.330000	46.710000	-155.617599	19.409600	3.395478	137.454828	1331.681431
154.330000	46.710000	-155.617599	19.659600	4.120034	137.346787	1326.596334
154.330000	46.710000	-155.617599	19.909600	4.409522	137.238030	1321.511238
154.330000	46.710000	-155.617599	20.159600	4.519143	137.128409	1316.426142
154.330000	46.710000	-155.617599	20.409600	4.629500	137.018051	1311.341045
154.330000	46.710000	-155.617599	20.659600	4.712894	136.906802	1306.255949
154.330000	46.710000	-155.617599	20.909600	4.764667	136.794794	1301.181008
154.330000	46.710000	-155.617599	21.159600	4.774290	136.681866	1296.144601
154.330000	46.710000	-155.617599	21.409600	4.678438	136.568156	1291.108194
154.330000	46.710000	-155.617599	21.659600	4.219129	136.453497	1286.071787
154.330000	46.710000	-155.617599	21.909600	3.769894	136.338032	1281.035380
154.330000	46.710000	-155.367599	15.159600	-3.782609	139.107587	1416.255979
154.330000	46.710000	-155.367599	15.409600	-3.686839	139.011817	1411.656682
154.330000	46.710000	-155.367599	15.659600	-3.590468	138.915446	1407.057385
154.330000	46.710000	-155.367599	15.909600	-3.493486	138.818464	1402.458089
154.330000	46.710000	-155.367599	16.159600	-3.310187	138.720862	1397.858792
154.330000	46.710000	-155.367599	16.409600	-3.215621	138.622632	1393.229135
154.330000	46.710000	-155.367599	16.659600	-3.033273	138.523763	1388.547336
154.330000	46.710000	-155.367599	16.909600	-2.933758	138.424247	1383.865537
154.330000	46.710000	-155.367599	17.159600	-2.833583	138.324073	1379.183738
154.330000	46.710000	-155.367599	17.409600	-2.775476	138.223234	1374.501939
154.330000	46.710000	-155.367599	17.659600	-2.754004	138.121715	1369.834099
154.330000	46.710000	-155.367599	17.909600	-2.673514	138.019513	1365.173327
154.330000	46.710000	-155.367599	18.159600	-2.570611	137.916610	1360.512555
154.330000	46.710000	-155.367599	18.409600	-2.467004	137.813003	1355.851783
154.330000	46.710000	-155.367599	18.659600	-1.060831	137.708673	1351.191011
154.330000	46.710000	-155.367599	18.909600	1.486587	137.603619	1346.309417
154.330000	46.710000	-155.367599	19.159600	3.271606	137.497820	1341.124020
154.330000	46.710000	-155.367599	19.409600	3.805493	137.391275	1335.863634
154.330000	46.710000	-155.367599	19.659600	4.028670	137.283961	1330.619865
154.330000	46.710000	-155.367599	19.909600	4.302671	137.175880	1325.534769
154.330000	46.710000	-155.367599	20.159600	4.580547	137.067005	1320.449672
154.330000	46.710000	-155.367599	20.409600	4.690212	136.957340	1315.364576
154.330000	46.710000	-155.367599	20.659600	4.800696	136.846856	1310.279480
154.330000	46.710000	-155.367599	20.909600	4.815956	136.735559	1305.194383
154.330000	46.710000	-155.367599	21.159600	4.835346	136.623416	1300.157036
154.330000	46.710000	-155.367599	21.409600	4.945720	136.510436	1295.120629
154.330000	46.710000	-155.367599	21.659600	5.059573	136.396583	1290.084222
154.330000	46.710000	-155.117599	15.159600	-3.709401	139.034379	1420.803396
154.330000	46.710000	-155.117599	15.409600	-3.614225	138.939203	1416.204099
154.330000	46.710000	-155.117599	15.659600	-3.518404	138.843382	1411.604802
154.330000	46.710000	-155.117599	15.909600	-3.422030	138.747008	1407.005505
154.330000	46.710000	-155.117599	16.159600	-3.324991	138.649969	1402.406208
154.330000	46.710000	-155.117599	16.409600	-3.142919	138.552362	1397.806912
154.330000	46.710000	-155.117599	16.659600	-3.038754	138.454069	1393.149654
154.330000	46.710000	-155.117599	16.909600	-2.864701	138.355191	1388.467856
154.330000	46.710000	-155.117599	17.159600	-2.765118	138.255608	1383.786057
154.330000	46.710000	-155.117599	17.409600	-2.715323	138.155422	1379.104258
154.330000	46.710000	-155.117599	17.659600	-2.694473	138.054509	1374.438917
154.330000	46.710000	-155.117599	17.909600	-2.606976	137.952975	1369.778145
154.330000	46.710000	-155.117599	18.159600	-2.504694	137.850692	1365.117373
154.330000	46.710000	-155.117599	18.409600	-1.222577	137.747771	1360.456601
154.330000	46.710000	-155.117599	18.659600	0.584337	137.644077	1355.594878
154.330000	46.710000	-155.117599	18.909600	2.330888	137.539725	1350.648734
154.330000	46.710000	-155.117599	19.159600	3.535483	137.434578	1345.388349
154.330000	46.710000	-155.117599	19.409600	3.641308	137.328753	1340.127964
154.330000	46.710000	-155.117599	19.659600	3.802602	137.222108	1334.867578
154.330000	46.710000	-155.117599	19.909600	4.154064	137.114765	1329.607193
154.330000	46.710000	-155.117599	20.159600	4.380842	137.006575	1324.473203
154.330000	46.710000	-155.117599	20.409600	4.749884	136.897668	1319.388107
154.330000	46.710000	-155.117599	20.659600	4.859665	136.787887	1314.303010
154.330000	46.710000	-155.117599	20.909600	4.869482	136.677366	1309.217914
154.330000	46.710000	-155.117599	21.159600	4.923551	136.565945	1304.169471
154.330000	46.710000	-155.117599	21.409600	5.002394	136.453762	1299.133064
154.330000	46.710000	-155.117599	21.659600	4.717622	136.340649	1294.096657
154.330000	46.710000	-154.867599	15.159600	-3.637169	138.962147	1425.350812
154.330000	46.710000	-154.867599	15.409600	-3.542539	138.867517	1420.751515
154.330000	46.710000	-154.867599	15.659600	-3.447321	138.772299	1416.152219
154.330000	46.710000	-154.867599	15.909600	-3.351505	138.676484	1411.552922
154.330000	46.710000	-154.867599	16.159600	-3.255084	138.580062	1406.953625
154.330000	46.710000	-154.867599	16.409600	-3.148526	138.483027	1402.354328
154.330000	46.710000	-154.867599	16.659600	-2.977150	138.385366	1397.751973
154.330000	46.710000	-154.867599	16.909600	-2.796584	138.287074	1393.070174
154.330000	46.710000	-154.867599	17.159600	-2.697648	138.188138	1388.388376
154.330000	46.710000	-154.867599	17.409600	-2.657453	138.088552	1383.706577
154.330000	46.710000	-154.867599	17.659600	-2.635944	137.988301	1379.043735
154.330000	46.710000	-154.867599	17.909600	-2.541384	137.887382	1374.382963
154.330000	46.710000	-154.867599	18.159600	-1.383248	137.785778	1369.722191
154.330000	46.710000	-154.867599	18.409600	0.372251	137.683487	1364.880339
154.330000	46.710000	-154.867599	18.659600	1.259992	137.580488	1359.951507
154.330000	46.710000	-154.867599	18.909600	2.894410	137.476782	1354.913063
154.330000	46.710000	-154.867599	19.159600	3.597714	137.372348	1349.652678
154.330000	46.710000	-154.867599	19.409600	3.702877	137.267185	1344.392293
154.330000	46.710000	-154.867599	19.659600	3.808792	137.161270	1339.131907
154.330000	46.710000	-154.867599	19.909600	3.915456	137.054605	1333.871522
154.330000	46.710000	-154.867599	20.159600	4.278463	136.947165	1328.611137
154.330000	46.710000	-154.867599	20.409600	4.503626	136.838952	1323.411638
154.330000	46.710000	-154.867599	20.659600	4.901597	136.729940	1318.326541
154.330000	46.710000	-154.867599	20.909600	4.957247	136.620133	1313.241445
154.330000	46.710000	-154.867599	21.159600	5.010690	136.509499	1308.181907
154.330000	46.710000	-154.867599	21.409600	5.058108	136.398048	1303.145500
154.330000	46.710000	-154.617599	15.159600	-3.565863	138.890841	1429.898229
154.330000	46.710000	-154.617599	15.409600	-3.471832	138.796810	1425.298932
154.330000	46.710000	-154.617599	15.659600	-3.377168	138.702146	1420.699635
154.330000	46.710000	-154.617599	15.909600	-3.281966	138.606944	1416.100338
154.330000	46.710000	-154.617599	16.159600	-3.186112	138.511090	1411.501042
154.330000	46.710000	-154.617599	16.409600	-3.089703	138.414681	1406.901745
154.330000	46.710000	-154.617599	16.659600	-2.906940	138.317602	1402.302448
154.330000	46.710000	-154.617599	16.909600	-2.812954	138.219952	1397.672493
154.330000	46.710000	-154.617599	17.159600	-2.632437	138.121610	1392.990694
154.330000	46.710000	-154.617599	17.409600	-2.607023	138.022681	1388.309326
154.330000	46.710000	-154.617599	17.659600	-2.577041	137.923040	1383.648554
154.330000	46.710000	-154.617599	17.909600	-1.542939	137.822794	1378.987782
154.330000	46.710000	-154.617599	18.159600	0.211515	137.721814	1374.165800
154.330000	46.710000	-154.617599	18.409600	0.906091	137.620212	1369.236968
154.330000	46.710000	-154.617599	18.659600	1.584162	137.517853	1364.308137
154.330000	46.710000	-154.617599	18.909600	3.207253	137.414853	1359.177392
154.330000	46.710000	-154.617599	19.159600	3.658988	137.311073	1353.917007
154.330000	46.710000	-154.617599	19.409600	3.763428	137.206633	1348.656622
154.330000	46.710000	-154.617599	19.659600	3.868672	137.101390	1343.396237
154.330000	46.710000	-154.617599	19.909600	3.974595	136.995466	1338.135851
154.330000	46.710000	-154.617599	20.159600	4.081347	136.888714	1332.875466
154.330000	46.710000	-154.617599	20.409600	4.389459	136.781262	1327.615081
154.330000	46.710000	-154.617599	20.659600	4.625408	136.672955	1322.354695
154.330000	46.710000	-154.617599	20.909600	4.814412	136.563927	1317.264976
154.330000	46.710000	-154.617599	21.159600	5.096824	136.454017	1312.194342
154.330000	46.710000	-154.367599	15.159600	-3.495522	138.820500	1434.445645
154.330000	46.710000	-154.367599	15.409600	-3.402041	138.727019	1429.846349
154.330000	46.710000	-154.367599	15.659600	-3.307985	138.632963	1425.247052
154.330000	46.710000	-154.367599	15.909600	-3.213346	138.538324	1420.647755
154.330000	46.710000	-154.367599	16.159600	-3.118114	138.443092	1416.048458
154.330000	46.710000	-154.367599	16.409600	-3.022281	138.347260	1411.449162
154.330000	46.710000	-154.367599	16.659600	-2.925838	138.250816	1406.849865
154.330000	46.710000	-154.367599	16.909600	-2.744327	138.153756	1402.250568
154.330000	46.710000	-154.367599	17.159600	-2.648824	138.056065	1397.593013
154.330000	46.710000	-154.367599	17.409600	-2.556183	137.957740	1392.914144
154.330000	46.710000	-154.367599	17.659600	-1.701599	137.858766	1388.253372
154.330000	46.710000	-154.367599	17.909600	0.051756	137.759138	1383.451261
154.330000	46.710000	-154.367599	18.159600	0.867462	137.658841	1378.522429
154.330000	46.710000	-154.367599	18.409600	0.968432	137.557871	1373.593598
154.330000	46.710000	-154.367599	18.659600	2.083699	137.456211	1368.664767
154.330000	46.710000	-154.367599	18.909600	3.516510	137.353860	1363.441722
154.330000	46.710000	-154.367599	19.159600	3.719265	137.250796	1358.181336
154.330000	46.710000	-154.367599	19.409600	3.823040	137.147021	1352.920951
154.330000	46.710000	-154.367599	19.659600	3.927550	137.042511	1347.660566
154.330000	46.710000	-154.367599	19.909600	4.032792	136.937269	1342.400180
154.330000	46.710000	-154.367599	20.159600	4.138793	136.831268	1337.139795
154.330000	46.710000	-154.367599	20.409600	4.245547	136.724514	1331.879410
154.330000	46.710000	-154.367599	20.659600	4.353083	136.616978	1326.619024
154.330000	46.710000	-154.367599	20.909600	4.830734	136.508666	1321.358639
154.330000	46.710000	-154.117599	15.159600	-3.426096	138.751074	1438.993062
154.330000	46.710000	-154.117599	15.409600	-3.333218	138.658196	1434.393765
154.330000	46.710000	-154.117599	15.659600	-3.239721	138.564699	1429.794469
154.330000	46.710000	-154.117599	15.909600	-3.145699	138.470677	1425.195172
154.330000	46.710000	-154.117599	16.159600	-3.051038	138.376017	1420.595875
154.330000	46.710000	-154.117599	16.409600	-2.955837	138.280815	1415.996578
154.330000	46.710000	-154.117599	16.659600	-2.859979	138.184957	1411.397281
154.330000	46.710000	-154.117599	16.909600	-2.753115	138.088543	1406.797985
154.330000	46.710000	-154.117599	17.159600	-2.600004	137.991451	1402.195332
154.330000	46.710000	-154.117599	17.409600	-1.812071	137.893787	1397.518962
154.330000	46.710000	-154.117599	17.659600	-0.106991	137.795425	1392.736722
154.330000	46.710000	-154.117599	17.909600	0.829829	137.696474	1387.807890
154.330000	46.710000	-154.117599	18.159600	0.929499	137.596804	1382.879059
154.330000	46.710000	-154.117599	18.409600	1.187795	137.496527	1377.950228
154.330000	46.710000	-154.117599	18.659600	2.702722	137.395509	1372.966436
154.330000	46.710000	-154.117599	18.909600	3.676194	137.293867	1367.706051
154.330000	46.710000	-154.117599	19.159600	3.778600	137.191461	1362.445665
154.330000	46.710000	-154.117599	19.409600	3.881648	137.088413	1357.185280
154.330000	46.710000	-154.117599	19.659600	3.985484	136.984577	1351.924895
154.330000	46.710000	-154.117599	19.909600	4.089982	136.880079	1346.664510
154.330000	46.710000	-154.117599	20.159600	4.195292	136.774769	1341.404124
154.330000	46.710000	-154.117599	20.409600	4.528618	136.668777	1336.143739
154.330000	46.710000	-154.117599	20.659600	5.242261	136.561949	1330.883354
154.330000	46.710000	-154.117599	20.909600	5.044724	136.454418	1325.595009
154.330000	46.710000	-153.867599	15.159600	-3.357623	138.682601	1443.540479
154.330000	46.710000	-153.867599	15.409600	-3.265300	138.590278	1438.941182
154.330000	46.710000	-153.867599	15.659600	-3.172415	138.497393	1434.341885
154.330000	46.710000	-153.867599	15.909600	-3.078960	138.403938	1429.742588
154.330000	46.710000	-153.867599	16.159600	-2.984925	138.309903	1425.143292
154.330000	46.710000	-153.867599	16.409600	-2.890304	138.215283	1420.543995
154.330000	46.710000	-153.867599	16.659600	-2.795086	138.120064	1415.944698
154.330000	46.710000	-153.867599	16.909600	-2.699265	138.024243	1411.345401
154.330000	46.710000	-153.867599	17.159600	-1.963594	137.927807	1406.746104
154.330000	46.710000	-153.867599	17.409600	-0.326321	137.830750	1402.022183
154.330000	46.710000	-153.867599	17.659600	0.793245	137.733058	1397.093351
154.330000	46.710000	-153.867599	17.909600	0.891574	137.634729	1392.164520
154.330000	46.710000	-153.867599	18.159600	0.990559	137.535744	1387.235688
154.330000	46.710000	-153.867599	18.409600	1.511382	137.436104	1382.306857
154.330000	46.710000	-153.867599	18.659600	3.138069	137.335789	1377.230765
154.330000	46.710000	-153.867599	18.909600	3.735263	137.234798	1371.970380
154.330000	46.710000	-153.867599	19.159600	3.836950	137.133112	1366.709995
154.330000	46.710000	-153.867599	19.409600	3.939331	137.030730	1361.449609
154.330000	46.710000	-153.867599	19.659600	4.042431	136.927630	1356.189224
154.330000	46.710000	-153.867599	19.909600	4.509427	136.823816	1350.928839
154.330000	46.710000	-153.867599	20.159600	5.330557	136.719260	1345.668453
154.330000	46.710000	-153.867599	20.409600	6.391436	136.613969	1340.339114
154.330000	46.710000	-153.867599	20.659600	7.268532	136.507913	1334.918801
154.330000	46.710000	-153.617599	15.159600	-3.290054	138.615032	1448.087895
154.330000	46.710000	-153.617599	15.409600	-3.198338	138.523316	1443.488599
154.330000	46.710000	-153.617599	15.659600	-3.106016	138.430994	1438.889302
154.330000	46.710000	-153.617599	15.909600	-3.013182	138.338160	1434.290005
154.330000	46.710000	-153.617599	16.159600	-2.919723	138.244701	1429.690708
154.330000	46.710000	-153.617599	16.409600	-2.825737	138.150715	1425.091411
154.330000	46.710000	-153.617599	16.659600	-2.731108	138.056086	1420.492115
154.330000	46.710000	-153.617599	16.909600	-2.019357	137.960915	1415.892818
154.330000	46.710000	-153.617599	17.159600	-0.709639	137.865080	1411.209920
154.330000	46.710000	-153.617599	17.409600	0.606354	137.768688	1406.362708
154.330000	46.710000	-153.617599	17.659600	0.868798	137.671612	1401.449981
154.330000	46.710000	-153.617599	17.909600	0.952340	137.573963	1396.521149
154.330000	46.710000	-153.617599	18.159600	1.050694	137.475609	1391.592318
154.330000	46.710000	-153.617599	18.409600	1.832239	137.376665	1386.663487
154.330000	46.710000	-153.617599	18.659600	3.446692	137.276995	1381.495094
154.330000	46.710000	-153.617599	18.909600	3.793345	137.176716	1376.234709
154.330000	46.710000	-153.617599	19.159600	3.894371	137.075690	1370.974324
154.330000	46.710000	-153.617599	19.409600	4.495570	136.974038	1365.713938
154.330000	46.710000	-153.617599	19.659600	5.423551	136.871615	1360.453553
154.330000	46.710000	-153.617599	19.909600	6.481110	136.768547	1355.083219
154.330000	46.710000	-153.617599	20.159600	7.260128	136.664684	1349.662906
154.330000	46.710000	-153.617599	20.409600	7.680012	136.560157	1344.242593
154.330000	46.710000	-153.367599	15.159600	-3.223426	138.548404	1452.635312
154.330000	46.710000	-153.367599	15.409600	-3.132270	138.457248	1448.036015
154.330000	46.710000	-153.367599	15.659600	-3.040563	138.365542	1443.436718
154.330000	46.710000	-153.367599	15.909600	-2.948301	138.273279	1438.837422
154.330000	46.710000	-153.367599	16.159600	-2.855471	138.180449	1434.238125
154.330000	46.710000	-153.367599	16.409600	-2.762070	138.087048	1429.638828
154.330000	46.710000	-153.367599	16.659600	-1.868329	137.993062	1425.039531
154.330000	46.710000	-153.367599	16.909600	-0.875551	137.898488	1420.327428
154.330000	46.710000	-153.367599	17.159600	0.027964	137.803312	1415.584860
154.330000	46.710000	-153.367599	17.409600	0.801515	137.707531	1410.695068
154.330000	46.710000	-153.367599	17.659600	0.938554	137.611128	1405.788060
154.330000	46.710000	-153.367599	17.909600	1.027239	137.514104	1400.877779
154.330000	46.710000	-153.367599	18.159600	1.110750	137.416439	1395.948948
154.330000	46.710000	-153.367599	18.409600	2.449616	137.318134	1391.019809
154.330000	46.710000	-153.367599	18.659600	3.856249	137.219169	1385.759424
154.330000	46.710000	-153.367599	18.909600	4.486947	137.119545	1380.499038
154.330000	46.710000	-153.367599	19.159600	5.521004	137.019241	1375.238653
154.330000	46.710000	-153.367599	19.409600	6.575348	136.918258	1369.827324
154.330000	46.710000	-153.367599	19.659600	7.250035	136.816574	1364.407011
154.330000	46.710000	-153.367599	19.909600	7.525978	136.714191	1358.986698
154.330000	46.710000	-153.367599	20.159600	7.629084	136.611085	1353.566385
154.330000	46.710000	-153.367599	20.409600	6.263487	136.507261	1348.146072
154.330000	46.710000	-153.117599	15.159600	-3.157692	138.482670	1457.182729
154.330000	46.710000	-153.117599	15.409600	-3.067147	138.392125	1452.583432
154.330000	46.710000	-153.117599	15.659600	-2.976007	138.300985	1447.984135
154.330000	46.710000	-153.117599	15.909600	-2.884369	138.209347	1443.384838
154.330000	46.710000	-153.117599	16.159600	-2.703968	138.117097	1438.785542
154.330000	46.710000	-153.117599	16.409600	-1.716449	138.024335	1434.186245
154.330000	46.710000	-153.117599	16.659600	-0.725019	137.930941	1429.444937
154.330000	46.710000	-153.117599	16.909600	-0.451789	137.837020	1424.702368
154.330000	46.710000	-153.117599	17.159600	0.353921	137.742450	1419.934435
154.330000	46.710000	-153.117599	17.409600	0.911624	137.647336	1415.027427
154.330000	46.710000	-153.117599	17.659600	1.007407	137.551553	1410.120420
154.330000	46.710000	-153.117599	17.909600	1.095408	137.455211	1405.213412
154.330000	46.710000	-153.117599	18.159600	1.450333	137.358180	1400.305577
154.330000	46.710000	-153.117599	18.409600	3.928673	137.260574	1395.284138
154.330000	46.710000	-153.117599	18.659600	5.622789	137.162257	1389.991741
154.330000	46.710000	-153.117599	18.909600	6.593292	137.063348	1384.571428
154.330000	46.710000	-153.117599	19.159600	7.245210	136.963706	1379.151116
154.330000	46.710000	-153.117599	19.409600	7.376714	136.863455	1373.730803
154.330000	46.710000	-153.117599	19.659600	7.477720	136.762450	1368.310490
154.330000	46.710000	-153.117599	19.909600	7.579353	136.660816	1362.890177
154.330000	46.710000	-153.117599	20.159600	7.576746	136.558405	1357.469864
154.330000	46.710000	-152.867599	15.159600	-3.092888	138.417866	1461.730145
154.330000	46.710000	-152.867599	15.409600	-3.002906	138.327884	1457.130849
154.330000	46.710000	-152.867599	15.659600	-2.912386	138.237364	1452.531552
154.330000	46.710000	-152.867599	15.909600	-2.553875	138.146301	1447.932255
154.330000	46.710000	-152.867599	16.159600	-1.563673	138.054684	1443.305013
154.330000	46.710000	-152.867599	16.409600	-0.657641	137.962509	1438.562445
154.330000	46.710000	-152.867599	16.659600	-0.560783	137.869763	1433.819877
154.330000	46.710000	-152.867599	16.909600	-0.263702	137.776442	1429.077308
154.330000	46.710000	-152.867599	17.159600	0.595375	137.682534	1424.266794
154.330000	46.710000	-152.867599	17.409600	0.970926	137.588034	1419.359787
154.330000	46.710000	-152.867599	17.659600	1.066032	137.492928	1414.452779
154.330000	46.710000	-152.867599	17.909600	1.324245	137.397214	1409.545772
154.330000	46.710000	-152.867599	18.159600	3.923028	137.300874	1404.638765
154.330000	46.710000	-152.867599	18.409600	6.347576	137.203910	1399.315533
154.330000	46.710000	-152.867599	18.659600	7.133869	137.106301	1393.895220
154.330000	46.710000	-152.867599	18.909600	7.232121	137.008048	1388.474907
154.330000	46.710000	-152.867599	19.159600	7.331038	136.909131	1383.054595
154.330000	46.710000	-152.867599	19.409600	7.430617	136.809552	1377.634282
154.330000	46.710000	-152.867599	19.659600	7.530882	136.709288	1372.213969
154.330000	46.710000	-152.867599	19.909600	7.631828	136.608342	1366.793656
154.330000	46.710000	-152.617599	15.159600	-3.028966	138.353944	1466.277562
154.330000	46.710000	-152.617599	15.409600	-2.939599	138.264577	1461.678265
154.330000	46.710000	-152.617599	15.659600	-2.398993	138.174628	1457.078968
154.330000	46.710000	-152.617599	15.909600	-1.410088	138.084194	1452.422522
154.330000	46.710000	-152.617599	16.159600	-0.684180	137.993160	1447.679953
154.330000	46.710000	-152.617599	16.409600	-0.592647	137.901627	1442.937385
154.330000	46.710000	-152.617599	16.659600	-0.500496	137.809476	1438.194817
154.330000	46.710000	-152.617599	16.909600	-0.077179	137.716812	1433.452248
154.330000	46.710000	-152.617599	17.159600	0.778802	137.623511	1428.599154
154.330000	46.710000	-152.617599	17.409600	1.029277	137.529683	1423.692146
154.330000	46.710000	-152.617599	17.659600	1.644606	137.435198	1418.785139
154.330000	46.710000	-152.617599	17.909600	4.193934	137.340170	1413.828725
154.330000	46.710000	-152.617599	18.159600	6.593416	137.244467	1408.523876
154.330000	46.710000	-152.617599	18.409600	6.920198	137.148204	1403.219012
154.330000	46.710000	-152.617599	18.659600	7.188924	137.051245	1397.798699
154.330000	46.710000	-152.617599	18.909600	7.286459	136.953710	1392.378386
154.330000	46.710000	-152.617599	19.159600	7.384711	136.855459	1386.958074
154.330000	46.710000	-152.617599	19.409600	7.483556	136.756613	1381.537761
154.330000	46.710000	-152.617599	19.659600	7.583140	136.657029	1376.117448
154.330000	46.710000	-152.367599	15.159600	-2.965965	138.290943	1470.824979
154.330000	46.710000	-152.367599	15.409600	-2.243314	138.202142	1466.225682
154.330000	46.710000	-152.367599	15.659600	-1.255649	138.112816	1461.540030
154.330000	46.710000	-152.367599	15.909600	-0.713980	138.022960	1456.797462
154.330000	46.710000	-152.367599	16.159600	-0.623583	137.932563	1452.054894
154.330000	46.710000	-152.367599	16.409600	-0.532640	137.841620	1447.312325
154.330000	46.710000	-152.367599	16.659600	-0.441140	137.750120	1442.569757
154.330000	46.710000	-152.367599	16.909600	0.209849	137.658060	1437.827188
154.330000	46.710000	-152.367599	17.159600	0.960689	137.565424	1432.931513
154.330000	46.710000	-152.367599	17.409600	2.011465	137.472212	1428.024506
154.330000	46.710000	-152.367599	17.659600	4.556248	137.378407	1423.002830
154.330000	46.710000	-152.367599	17.909600	6.609683	137.284010	1417.697982
154.330000	46.710000	-152.367599	18.159600	6.704692	137.189001	1412.393133
154.330000	46.710000	-152.367599	18.409600	7.008136	137.093382	1407.088284
154.330000	46.710000	-152.367599	18.659600	7.157121	136.997134	1401.702178
154.330000	46.710000	-152.367599	18.909600	7.339912	136.900258	1396.281866
154.330000	46.710000	-152.367599	19.159600	7.437437	136.802732	1390.861553
154.330000	46.710000	-152.367599	19.409600	7.535608	136.704561	1385.441240
154.330000	46.710000	-152.367599	19.659600	7.430990	136.605720	1380.020927
154.330000	46.710000	-152.117599	15.159600	-2.086811	138.228812	1475.372395
154.330000	46.710000	-152.117599	15.409600	-1.100440	138.140630	1470.657539
154.330000	46.710000	-152.117599	15.659600	-0.742898	138.051878	1465.914970
154.330000	46.710000	-152.117599	15.909600	-0.653674	137.962654	1461.172402
154.330000	46.710000	-152.117599	16.159600	-0.563863	137.872843	1456.429834
154.330000	46.710000	-152.117599	16.409600	-0.473566	137.782546	1451.687265
154.330000	46.710000	-152.117599	16.659600	-0.288759	137.691644	1446.944697
154.330000	46.710000	-152.117599	16.909600	0.532743	137.600243	1442.170880
154.330000	46.710000	-152.117599	17.159600	2.378884	137.508219	1437.263873
154.330000	46.710000	-152.117599	17.409600	4.918846	137.415680	1432.176936
154.330000	46.710000	-152.117599	17.659600	6.571192	137.322501	1426.872087
154.330000	46.710000	-152.117599	17.909600	6.664901	137.228791	1421.567238
154.330000	46.710000	-152.117599	18.159600	6.759271	137.134421	1416.262390
154.330000	46.710000	-152.117599	18.409600	6.974767	137.039506	1410.957541
154.330000	46.710000	-152.117599	18.659600	7.124034	136.943911	1405.605657
154.330000	46.710000	-152.117599	18.909600	7.392415	136.847754	1400.185345
154.330000	46.710000	-152.117599	19.159600	7.489273	136.750896	1394.765032
154.330000	46.710000	-152.117599	19.409600	7.586709	136.653461	1389.344719
154.330000	46.710000	-151.867599	15.159600	-0.707950	138.167592	1479.775047
154.330000	46.710000	-151.867599	15.409600	-0.554437	138.079979	1475.032479
154.330000	46.710000	-151.867599	15.659600	-0.491400	137.991854	1470.289910
154.330000	46.710000	-151.867599	15.909600	-0.427825	137.903211	1465.547342
154.330000	46.710000	-151.867599	16.159600	-0.363701	137.814040	1460.804774
154.330000	46.710000	-151.867599	16.409600	-0.299025	137.724336	1456.062205
154.330000	46.710000	-151.867599	16.659600	-0.012517	137.634088	1451.319637
154.330000	46.710000	-151.867599	16.909600	2.491728	137.543293	1446.503240
154.330000	46.710000	-151.867599	17.159600	5.281743	137.451937	1441.351042
154.330000	46.710000	-151.867599	17.409600	6.533675	137.360018	1436.046193
154.330000	46.710000	-151.867599	17.659600	6.626173	137.267520	1430.741344
154.330000	46.710000	-151.867599	17.909600	6.719249	137.174444	1425.436495
154.330000	46.710000	-151.867599	18.159600	6.812922	137.080771	1420.131646
154.330000	46.710000	-151.867599	18.409600	6.940106	136.986503	1414.826798
154.330000	46.710000	-151.867599	18.659600	7.164460	136.891620	1409.509136
154.330000	46.710000	-151.867599	18.909600	7.444045	136.796124	1404.088824
154.330000	46.710000	-151.867599	19.159600	7.540175	136.699994	1398.668511
154.330000	46.710000	-151.617599	15.159600	0.465667	138.107231	1484.076221
154.330000	46.710000	-151.617599	15.409600	0.526689	138.020241	1479.341290
154.330000	46.710000	-151.617599	15.659600	0.588291	137.932692	1474.606359
154.330000	46.710000	-151.617599	15.909600	0.650372	137.844685	1469.871428
154.330000	46.710000	-151.617599	16.159600	0.713049	137.756102	1465.136496
154.330000	46.710000	-151.617599	16.409600	0.776220	137.667047	1460.401565
154.330000	46.710000	-151.617599	16.659600	2.032344	137.577401	1455.666634
154.330000	46.710000	-151.617599	16.909600	4.713283	137.487268	1450.525147
154.330000	46.710000	-151.617599	17.159600	6.044448	137.396526	1445.220298
154.330000	46.710000	-151.617599	17.409600	6.424237	137.305283	1439.915450
154.330000	46.710000	-151.617599	17.659600	6.680280	137.213413	1434.610601
154.330000	46.710000	-151.617599	17.909600	6.772666	137.121027	1429.305752
154.330000	46.710000	-151.617599	18.159600	6.865698	137.027995	1424.000903
154.330000	46.710000	-151.617599	18.409600	6.959260	136.934433	1418.696055
154.330000	46.710000	-151.617599	18.659600	7.248902	136.840204	1413.391206
154.330000	46.710000	-151.617599	18.909600	7.441009	136.745430	1407.992303
154.330000	46.710000	-151.617599	19.159600	7.287831	136.649970	1402.571990
154.330000	46.710000	-151.367599	15.409600	1.457693	137.961352	1483.396887
154.330000	46.710000	-151.367599	15.659600	1.544612	137.874434	1478.661956
154.330000	46.710000	-151.367599	15.909600	1.632035	137.787010	1473.927025
154.330000	46.710000	-151.367599	16.159600	1.719974	137.699071	1469.192094
154.330000	46.710000	-151.367599	16.409600	1.808432	137.610613	1464.457163
154.330000	46.710000	-151.367599	16.659600	3.010961	137.521623	1459.722232
154.330000	46.710000	-151.367599	16.909600	4.593445	137.432099	1454.606088
154.330000	46.710000	-151.367599	17.159600	5.668619	137.342027	1449.218733
154.330000	46.710000	-151.367599	17.409600	5.948673	137.251406	1443.831377
154.330000	46.710000	-151.367599	17.659600	6.111576	137.160220	1438.479858
154.330000	46.710000	-151.367599	17.909600	6.369096	137.068470	1433.175009
154.330000	46.710000	-151.367599	18.159600	6.749951	136.976137	1427.870160
154.330000	46.710000	-151.367599	18.409600	7.010469	136.883223	1422.565311
154.330000	46.710000	-151.367599	18.659600	7.257252	136.789709	1417.260463
154.330000	46.710000	-151.367599	18.909600	7.404665	136.695598	1411.895782
154.330000	46.710000	-151.117599	15.659600	1.602018	137.817028	1482.717553
154.330000	46.710000	-151.117599	15.909600	1.688803	137.730242	1477.982622
154.330000	46.710000	-151.117599	16.159600	1.776150	137.642895	1473.247691
154.330000	46.710000	-151.117599	16.409600	1.863957	137.555088	1468.512760
154.330000	46.710000	-151.117599	16.659600	2.887817	137.466702	1463.777829
154.330000	46.710000	-151.117599	16.909600	4.357889	137.377842	1458.723842
154.330000	46.710000	-151.117599	17.159600	5.319602	137.288387	1453.336487
154.330000	46.710000	-151.117599	17.409600	5.409544	137.198445	1447.949131
154.330000	46.710000	-151.117599	17.659600	5.620579	137.107888	1442.561776
154.330000	46.710000	-151.117599	17.909600	5.990497	137.016831	1437.174421
154.330000	46.710000	-151.117599	18.159600	6.274095	136.925141	1431.787066
154.330000	46.710000	-151.117599	18.409600	6.438003	136.832936	1426.434568
154.330000	46.710000	-151.117599	18.659600	6.760153	136.740078	1421.129719
154.330000	46.710000	-150.867599	15.659600	1.658531	137.760514	1486.773151
154.330000	46.710000	-150.867599	15.909600	1.744729	137.674316	1482.038220
154.330000	46.710000	-150.867599	16.159600	1.831431	137.587614	1477.303289
154.330000	46.710000	-150.867599	16.409600	1.918639	137.500406	1472.568358
154.330000	46.710000	-150.867599	16.659600	2.762428	137.412679	1467.833427
154.330000	46.710000	-150.867599	16.909600	4.244843	137.324431	1462.841596
154.330000	46.710000	-150.867599	17.159600	5.372340	137.235648	1457.454240
154.330000	46.710000	-150.867599	17.409600	5.461658	137.146330	1452.066885
154.330000	46.710000	-150.867599	17.659600	5.551528	137.056461	1446.679530
154.330000	46.710000	-150.867599	17.909600	5.641948	136.966041	1441.292175
154.330000	46.710000	-150.867599	18.159600	5.732937	136.875052	1435.904820
154.330000	46.710000	-150.867599	18.409600	5.941677	136.783497	1430.517465
154.330000	46.710000	-150.617599	15.909600	1.799760	137.619285	1486.093817
154.330000	46.710000	-150.617599	16.159600	1.885867	137.533178	1481.358886
154.330000	46.710000	-150.617599	16.409600	1.972421	137.446624	1476.623955
154.330000	46.710000	-150.617599	16.659600	2.634834	137.359503	1471.889024
154.330000	46.710000	-150.617599	16.909600	4.129668	137.271922	1466.959349
154.330000	46.710000	-150.617599	17.159600	5.424230	137.183758	1461.571994
154.330000	46.710000	-150.617599	17.409600	5.512867	137.095121	1456.184639
154.330000	46.710000	-150.617599	17.659600	5.602105	137.005883	1450.797284
154.330000	46.710000	-150.617599	17.909600	5.691831	136.916158	1445.409929
154.330000	46.710000	-150.617599	18.159600	5.782174	136.825814	1440.022574
154.330000	46.710000	-150.367599	16.159600	1.939419	137.479627	1485.414484
154.330000	46.710000	-150.367599	16.409600	2.025371	137.393674	1480.679553
154.330000	46.710000	-150.367599	16.659600	2.504984	137.307215	1475.944621
154.330000	46.710000	-150.367599	16.909600	4.012419	137.220248	1471.077103
154.330000	46.710000	-150.367599	17.159600	5.475230	137.132758	1465.689748
154.330000	46.710000	-150.367599	17.409600	5.563241	137.044748	1460.302393
154.330000	46.710000	-150.367599	17.659600	5.651790	136.956198	1454.915038
154.330000	46.710000	-150.367599	17.909600	5.740876	136.867112	1449.527683
154.330000	46.710000	-150.117599	16.409600	2.077432	137.341613	1484.735150
154.330000	46.710000	-150.117599	16.659600	2.372917	137.255762	1480.000219
154.330000	46.710000	-150.117599	16.909600	3.893029	137.169464	1475.194857
154.330000	46.710000	-150.117599	17.159600	5.525392	137.082596	1469.807502
154.330000	46.710000	-150.117599	17.409600	5.612721	136.995268	1464.420147
154.330000	46.710000	-150.117599	17.659600	5.700636	136.907352	1459.032792
154.330000	46.710000	-149.867599	16.659600	2.238579	137.205187	1484.055816
154.330000	46.710000	-149.867599	16.909600	3.955519	137.119505	1479.312611
154.330000	46.710000	-149.867599	17.159600	5.574675	137.033313	1473.925256
154.330000	46.710000	-149.867599	17.409600	5.661375	136.946613	1468.537901
154.330000	46.710000	-149.617599	16.909600	4.045807	137.070426	1483.376483
154.330000	46.710000	-149.617599	17.159600	5.484452	136.984858	1478.043010
