-152.765793	25.592800	1247.451000
-155.996994	20.771000	1289.011000
-159.401001	21.971001	1204.992000
-156.658005	20.891001	1274.999000
-159.664993	22.122999	1197.019000
-160.047501	19.823400	1235.741000
-161.314896	21.956301	1168.291000
-161.095001	23.997200	1134.016000
-158.933105	24.573799	1161.158000
-155.765305	26.776699	1179.722000
-156.964600	24.312099	1201.994000
-158.185394	22.620199	1212.999000
-154.251801	21.168699	1310.986000
-151.686600	14.689100	1483.933000
-153.868195	17.315399	1396.100000
-156.206604	16.162001	1371.989000
-157.700806	16.348400	1340.638000
-158.982498	15.574000	1332.009000
-158.760193	18.564699	1281.000000
-158.179504	20.377800	1256.645000
