-80.710000	-7.030000	-160.595001	23.662001	-3.056519	281.498899	2274.257630
-80.710000	-7.030000	-160.595001	23.912001	-2.192661	281.550044	2275.256269
-80.710000	-7.030000	-160.345001	22.912001	-1.192868	281.456832	2264.424714
-80.710000	-7.030000	-160.345001	23.162001	-2.513975	281.508638	2265.528151
-80.710000	-7.030000	-160.345001	23.412001	-3.123115	281.560716	2266.526791
-80.710000	-7.030000	-160.345001	23.662001	-3.175273	281.612874	2267.525430
-80.710000	-7.030000	-160.345001	23.912001	-3.227709	281.665310	2268.524070
-80.710000	-7.030000	-160.095001	22.412001	-0.407482	281.461676	2255.518566
-80.710000	-7.030000	-160.095001	22.662001	-1.649002	281.514414	2256.773480
-80.710000	-7.030000	-160.095001	22.912001	-2.958857	281.567337	2257.797313
-80.710000	-7.030000	-160.095001	23.162001	-3.182821	281.620422	2258.795952
-80.710000	-7.030000	-160.095001	23.412001	-3.236098	281.673699	2259.794592
-80.710000	-7.030000	-160.095001	23.662001	-3.289542	281.727143	2260.793231
-80.710000	-7.030000	-160.095001	23.912001	-3.343184	281.780785	2261.791871
-80.710000	-7.030000	-160.095001	24.162001	0.889023	281.834601	2262.790510
-80.710000	-7.030000	-159.845001	21.912001	-0.392218	281.462520	2246.612418
-80.710000	-7.030000	-159.845001	22.162001	-0.548641	281.516102	2247.867332
-80.710000	-7.030000	-159.845001	22.412001	-2.099230	281.569952	2249.067834
-80.710000	-7.030000	-159.845001	22.662001	-3.170687	281.623877	2250.066474
-80.710000	-7.030000	-159.845001	22.912001	-3.240475	281.678076	2251.065113
-80.710000	-7.030000	-159.845001	23.162001	-3.294755	281.732356	2252.063753
-80.710000	-7.030000	-159.845001	23.412001	-3.349314	281.786915	2253.062392
-80.710000	-7.030000	-159.845001	23.662001	-3.403961	281.841562	2254.061032
-80.710000	-7.030000	-159.845001	23.912001	-3.458892	281.896493	2255.059672
-80.710000	-7.030000	-159.845001	24.162001	-1.142734	281.951518	2256.058311
-80.710000	-7.030000	-159.595001	21.162001	-0.441328	281.405010	2236.451357
-80.710000	-7.030000	-159.595001	21.412001	-0.607768	281.459367	2237.706271
-80.710000	-7.030000	-159.595001	21.662001	-0.919526	281.513875	2238.961184
-80.710000	-7.030000	-159.595001	21.912001	-0.005613	281.568565	2240.180852
-80.710000	-7.030000	-159.595001	22.162001	-1.638940	281.623412	2241.593221
-80.710000	-7.030000	-159.595001	22.412001	-3.710133	281.678447	2242.335635
-80.710000	-7.030000	-159.595001	22.662001	-2.841638	281.733644	2243.334275
-80.710000	-7.030000	-159.595001	22.912001	-3.116254	281.789034	2244.332914
-80.710000	-7.030000	-159.595001	23.162001	-3.380565	281.844592	2245.331554
-80.710000	-7.030000	-159.595001	23.412001	-3.462749	281.900350	2246.330193
-80.710000	-7.030000	-159.595001	23.662001	-3.518680	281.956282	2247.328833
-80.710000	-7.030000	-159.595001	23.912001	-3.574817	282.012418	2248.327472
-80.710000	-7.030000	-159.595001	24.162001	-3.199532	282.068735	2249.326112
-80.710000	-7.030000	-159.595001	24.412001	3.255655	282.125263	2250.428527
-80.710000	-7.030000	-159.345001	20.662001	-0.756754	281.396971	2227.545209
-80.710000	-7.030000	-159.345001	20.912001	-1.488342	281.452255	2228.774107
-80.710000	-7.030000	-159.345001	21.162001	-2.101443	281.507605	2229.891897
-80.710000	-7.030000	-159.345001	21.412001	-2.250004	281.563217	2231.009688
-80.710000	-7.030000	-159.345001	21.662001	0.158101	281.618901	2232.127478
-80.710000	-7.030000	-159.345001	21.912001	3.999357	281.674853	2233.747908
-80.710000	-7.030000	-159.345001	22.162001	1.766192	281.730881	2235.627556
-80.710000	-7.030000	-159.345001	22.412001	-3.395463	281.787184	2236.629691
-80.710000	-7.030000	-159.345001	22.662001	-5.284772	281.843568	2237.300463
-80.710000	-7.030000	-159.345001	22.912001	-5.519199	281.900233	2237.971235
-80.710000	-7.030000	-159.345001	23.162001	-4.437368	281.956986	2238.642008
-80.710000	-7.030000	-159.345001	23.412001	-3.231553	282.014025	2239.597994
-80.710000	-7.030000	-159.345001	23.662001	-3.323184	282.071158	2240.596634
-80.710000	-7.030000	-159.345001	23.912001	-3.592926	282.128583	2241.595273
-80.710000	-7.030000	-159.345001	24.162001	-3.748507	282.186108	2242.593913
-80.710000	-7.030000	-159.345001	24.412001	1.792336	282.243931	2243.592552
-80.710000	-7.030000	-159.095001	20.162001	-1.972572	281.385056	2218.485152
-80.710000	-7.030000	-159.095001	20.412001	-2.121771	281.441183	2219.602942
-80.710000	-7.030000	-159.095001	20.662001	-2.269310	281.497457	2220.720733
-80.710000	-7.030000	-159.095001	20.912001	-2.398421	281.553907	2221.838523
-80.710000	-7.030000	-159.095001	21.162001	-2.450365	281.610510	2222.956314
-80.710000	-7.030000	-159.095001	21.412001	0.694012	281.667294	2224.074104
-80.710000	-7.030000	-159.095001	21.662001	4.681460	281.724237	2225.827730
-80.710000	-7.030000	-159.095001	21.912001	5.503353	281.781367	2227.707378
-80.710000	-7.030000	-159.095001	22.162001	3.386334	281.838660	2229.587027
-80.710000	-7.030000	-159.095001	22.412001	-1.442252	281.896147	2230.995389
-80.710000	-7.030000	-159.095001	22.662001	-5.164610	281.953803	2231.666161
-80.710000	-7.030000	-159.095001	22.912001	-5.222465	282.011658	2232.336933
-80.710000	-7.030000	-159.095001	23.162001	-5.280496	282.069689	2233.007705
-80.710000	-7.030000	-159.095001	23.412001	-5.504821	282.127925	2233.678477
-80.710000	-7.030000	-159.095001	23.662001	-5.744440	282.186342	2234.349249
-80.710000	-7.030000	-159.095001	23.912001	-5.183405	282.244971	2235.020022
-80.710000	-7.030000	-159.095001	24.162001	-3.953142	282.303787	2235.861713
-80.710000	-7.030000	-159.095001	24.412001	0.426205	282.362822	2236.860353
-80.710000	-7.030000	-159.095001	24.662001	5.588958	282.422050	2238.784206
-80.710000	-7.030000	-158.845001	19.412001	-1.986711	281.312330	2208.196196
-80.710000	-7.030000	-158.845001	19.662001	-2.134898	281.369132	2209.313987
-80.710000	-7.030000	-158.845001	19.912001	-2.270700	281.426187	2210.431777
-80.710000	-7.030000	-158.845001	20.162001	-2.327814	281.483301	2211.549568
-80.710000	-7.030000	-158.845001	20.412001	-2.385186	281.540673	2212.667358
-80.710000	-7.030000	-158.845001	20.662001	-2.442623	281.598110	2213.785149
-80.710000	-7.030000	-158.845001	20.912001	-2.379173	281.655810	2214.902940
-80.710000	-7.030000	-158.845001	21.162001	1.330443	281.713582	2216.027905
-80.710000	-7.030000	-158.845001	21.412001	5.345134	281.771622	2217.907553
-80.710000	-7.030000	-158.845001	21.662001	5.454980	281.829739	2219.787201
-80.710000	-7.030000	-158.845001	21.912001	5.396588	281.888131	2221.666849
-80.710000	-7.030000	-158.845001	22.162001	5.056377	281.946605	2223.546497
-80.710000	-7.030000	-158.845001	22.412001	0.077852	282.005360	2225.361087
-80.710000	-7.030000	-158.845001	22.662001	-5.275010	282.064203	2226.031859
-80.710000	-7.030000	-158.845001	22.912001	-5.334139	282.123333	2226.702631
-80.710000	-7.030000	-158.845001	23.162001	-5.393364	282.182557	2227.373403
-80.710000	-7.030000	-158.845001	23.412001	-5.452880	282.242073	2228.044175
-80.710000	-7.030000	-158.845001	23.662001	-5.512498	282.301691	2228.714947
-80.710000	-7.030000	-158.845001	23.912001	-5.590780	282.361607	2229.385719
-80.710000	-7.030000	-158.845001	24.162001	-5.817579	282.421630	2230.056491
-80.710000	-7.030000	-158.845001	24.412001	-5.155122	282.481959	2230.717740
-80.710000	-7.030000	-158.845001	24.662001	2.858417	282.542401	2231.582451
-80.710000	-7.030000	-158.845001	24.912001	8.360057	282.603155	2234.341642
-80.710000	-7.030000	-158.595001	18.912001	-2.960514	281.291628	2199.300903
-80.710000	-7.030000	-158.595001	19.162001	-2.595354	281.349360	2200.142822
-80.710000	-7.030000	-158.595001	19.412001	-1.748688	281.407258	2201.260613
-80.710000	-7.030000	-158.595001	19.662001	-2.093361	281.465297	2202.378403
-80.710000	-7.030000	-158.595001	19.912001	-2.368019	281.523506	2203.496194
-80.710000	-7.030000	-158.595001	20.162001	-2.426376	281.581863	2204.613984
-80.710000	-7.030000	-158.595001	20.412001	-2.484908	281.640395	2205.731775
-80.710000	-7.030000	-158.595001	20.662001	-1.787667	281.699080	2206.849565
-80.710000	-7.030000	-158.595001	20.912001	1.979097	281.757947	2208.107727
-80.710000	-7.030000	-158.595001	21.162001	5.467748	281.816971	2209.987375
-80.710000	-7.030000	-158.595001	21.412001	5.408536	281.876183	2211.867023
-80.710000	-7.030000	-158.595001	21.662001	5.349160	281.935559	2213.746672
-80.710000	-7.030000	-158.595001	21.912001	5.289591	281.995129	2215.626320
-80.710000	-7.030000	-158.595001	22.162001	5.229852	282.054867	2217.505968
-80.710000	-7.030000	-158.595001	22.412001	1.415859	282.114806	2219.385616
-80.710000	-7.030000	-158.595001	22.662001	-3.681840	282.174919	2220.397557
-80.710000	-7.030000	-158.595001	22.912001	-5.446046	282.235239	2221.068329
-80.710000	-7.030000	-158.595001	23.162001	-5.516902	282.295740	2221.739101
-80.710000	-7.030000	-158.595001	23.412001	-5.598267	282.356454	2222.409873
-80.710000	-7.030000	-158.595001	23.662001	-5.833280	282.417354	2223.080645
-80.710000	-7.030000	-158.595001	23.912001	-6.087219	282.478474	2223.720562
-80.710000	-7.030000	-158.595001	24.162001	-6.187438	282.539787	2224.356524
-80.710000	-7.030000	-158.595001	24.412001	-6.262891	282.601326	2224.992486
-80.710000	-7.030000	-158.595001	24.662001	-2.244768	282.663064	2225.628447
-80.710000	-7.030000	-158.595001	24.912001	4.467563	282.725036	2227.139886
-80.710000	-7.030000	-158.345001	18.412001	-0.655326	281.267023	2190.642134
-80.710000	-7.030000	-158.345001	18.662001	-0.860034	281.325602	2191.803272
-80.710000	-7.030000	-158.345001	18.912001	-0.107642	281.384429	2193.023143
-80.710000	-7.030000	-158.345001	19.162001	-1.975684	281.443310	2194.351882
-80.710000	-7.030000	-158.345001	19.412001	-4.688475	281.502442	2195.060324
-80.710000	-7.030000	-158.345001	19.662001	-4.588893	281.561634	2195.768765
-80.710000	-7.030000	-158.345001	19.912001	-3.054215	281.621084	2196.560610
-80.710000	-7.030000	-158.345001	20.162001	-1.985769	281.680598	2197.678401
-80.710000	-7.030000	-158.345001	20.412001	-1.187254	281.740376	2198.796191
-80.710000	-7.030000	-158.345001	20.662001	2.635724	281.800224	2200.187550
-80.710000	-7.030000	-158.345001	20.912001	5.418846	281.860341	2202.067198
-80.710000	-7.030000	-158.345001	21.162001	5.358610	281.920534	2203.946846
-80.710000	-7.030000	-158.345001	21.412001	5.298100	281.981003	2205.826494
-80.710000	-7.030000	-158.345001	21.662001	5.237507	282.041553	2207.706142
-80.710000	-7.030000	-158.345001	21.912001	5.176634	282.102384	2209.585791
-80.710000	-7.030000	-158.345001	22.162001	5.115672	282.163303	2211.465439
-80.710000	-7.030000	-158.345001	22.412001	3.038590	282.224509	2213.345087
-80.710000	-7.030000	-158.345001	22.662001	-2.089501	282.285809	2214.763255
-80.710000	-7.030000	-158.345001	22.912001	-5.688386	282.347402	2215.434027
-80.710000	-7.030000	-158.345001	23.162001	-5.943299	282.409096	2216.087424
-80.710000	-7.030000	-158.345001	23.412001	-6.111299	282.471089	2216.723385
-80.710000	-7.030000	-158.345001	23.662001	-6.192582	282.533189	2217.359347
-80.710000	-7.030000	-158.345001	23.912001	-6.257160	282.595595	2217.995308
-80.710000	-7.030000	-158.345001	24.162001	-6.319680	282.658114	2218.631270
-80.710000	-7.030000	-158.345001	24.412001	-6.382511	282.720946	2219.267232
-80.710000	-7.030000	-158.345001	24.662001	-6.445463	282.783898	2219.903193
-80.710000	-7.030000	-158.345001	24.912001	-0.074874	282.847168	2220.539155
-80.710000	-7.030000	-158.345001	25.162001	5.939333	282.910567	2222.697321
-80.710000	-7.030000	-158.095001	17.912001	11.043221	281.238502	2181.668314
-80.710000	-7.030000	-158.095001	18.162001	-0.120017	281.298016	2183.035994
-80.710000	-7.030000	-158.095001	18.412001	-1.144774	281.357689	2184.197132
-80.710000	-7.030000	-158.095001	18.662001	-1.204582	281.417497	2185.358271
-80.710000	-7.030000	-158.095001	18.912001	-0.258208	281.477469	2186.519410
-80.710000	-7.030000	-158.095001	19.162001	0.860911	281.537583	2187.926714
-80.710000	-7.030000	-158.095001	19.412001	-1.470226	281.597866	2189.402862
-80.710000	-7.030000	-158.095001	19.662001	-4.520728	281.658296	2190.111303
-80.710000	-7.030000	-158.095001	19.912001	-4.633027	281.718901	2190.819745
-80.710000	-7.030000	-158.095001	20.162001	-4.809409	281.779658	2191.528186
-80.710000	-7.030000	-158.095001	20.412001	0.239894	281.840597	2192.263322
-80.710000	-7.030000	-158.095001	20.662001	5.361184	281.901692	2194.142939
-80.710000	-7.030000	-158.095001	20.912001	5.299859	281.962976	2196.022555
-80.710000	-7.030000	-158.095001	21.162001	5.238370	282.024422	2197.902172
-80.710000	-7.030000	-158.095001	21.412001	5.176688	282.086062	2199.781789
-80.710000	-7.030000	-158.095001	21.662001	5.114837	282.147871	2201.661406
-80.710000	-7.030000	-158.095001	21.912001	5.052786	282.209879	2203.541022
-80.710000	-7.030000	-158.095001	22.162001	4.990561	282.272063	2205.420639
-80.710000	-7.030000	-158.095001	22.412001	2.429356	282.334452	2207.300256
-80.710000	-7.030000	-158.095001	22.662001	-1.719244	282.397022	2208.783424
-80.710000	-7.030000	-158.095001	22.912001	-5.101324	282.459805	2209.726208
-80.710000	-7.030000	-158.095001	23.162001	-6.247299	282.522775	2210.362169
-80.710000	-7.030000	-158.095001	23.412001	-6.247529	282.585964	2210.998131
-80.710000	-7.030000	-158.095001	23.662001	-6.310912	282.649346	2211.634093
-80.710000	-7.030000	-158.095001	23.912001	-6.374520	282.712954	2212.270054
-80.710000	-7.030000	-158.095001	24.162001	-6.438328	282.776763	2212.906016
-80.710000	-7.030000	-158.095001	24.412001	-6.502369	282.840803	2213.541977
-80.710000	-7.030000	-158.095001	24.662001	-6.566616	282.905050	2214.177939
-80.710000	-7.030000	-158.095001	24.912001	-6.405301	282.969537	2214.813901
-80.710000	-7.030000	-158.095001	25.162001	1.820727	283.034237	2215.495565
-80.710000	-7.030000	-157.845001	17.412001	22.469595	281.206093	2170.861410
-80.710000	-7.030000	-157.845001	17.662001	11.743018	281.266459	2173.948377
-80.710000	-7.030000	-157.845001	17.912001	0.442211	281.327065	2175.429854
-80.710000	-7.030000	-157.845001	18.162001	-1.174803	281.387718	2176.590992
-80.710000	-7.030000	-157.845001	18.412001	-1.235703	281.448618	2177.752131
-80.710000	-7.030000	-157.845001	18.662001	-1.296655	281.509570	2178.913270
-80.710000	-7.030000	-157.845001	18.912001	-1.357859	281.570774	2180.074408
-80.710000	-7.030000	-157.845001	19.162001	0.216382	281.632035	2181.235547
-80.710000	-7.030000	-157.845001	19.412001	1.761943	281.693555	2182.830284
-80.710000	-7.030000	-157.845001	19.662001	-1.085285	281.755137	2184.453841
-80.710000	-7.030000	-157.845001	19.912001	-4.679416	281.816983	2185.162282
-80.710000	-7.030000	-157.845001	20.162001	-4.741331	281.878899	2185.870724
-80.710000	-7.030000	-157.845001	20.412001	-0.867458	281.941083	2186.579165
-80.710000	-7.030000	-157.845001	20.662001	3.645450	282.003342	2188.090440
-80.710000	-7.030000	-157.845001	20.912001	5.186420	282.065876	2189.970056
-80.710000	-7.030000	-157.845001	21.162001	5.123804	282.128491	2191.849673
-80.710000	-7.030000	-157.845001	21.412001	5.060909	282.191387	2193.729290
-80.710000	-7.030000	-157.845001	21.662001	4.997925	282.254370	2195.608907
-80.710000	-7.030000	-157.845001	21.912001	4.934656	282.317640	2197.488523
-80.710000	-7.030000	-157.845001	22.162001	0.981834	282.381004	2199.368140
-80.710000	-7.030000	-157.845001	22.412001	-1.912869	282.444660	2200.584826
-80.710000	-7.030000	-157.845001	22.662001	-1.721099	282.508416	2201.896917
-80.710000	-7.030000	-157.845001	22.912001	-1.495191	282.572472	2203.209009
-80.710000	-7.030000	-157.845001	23.162001	-3.425885	282.636634	2204.521101
-80.710000	-7.030000	-157.845001	23.412001	-6.132359	282.701102	2205.272877
-80.710000	-7.030000	-157.845001	23.662001	-6.427248	282.765683	2205.908839
-80.710000	-7.030000	-157.845001	23.912001	-6.492141	282.830576	2206.544800
-80.710000	-7.030000	-157.845001	24.162001	-6.557155	282.895589	2207.180762
-80.710000	-7.030000	-157.845001	24.412001	-6.622487	282.960921	2207.816723
-80.710000	-7.030000	-157.845001	24.662001	-6.687946	283.026381	2208.452685
-80.710000	-7.030000	-157.845001	24.912001	-6.753731	283.092166	2209.088647
-80.710000	-7.030000	-157.845001	25.162001	-3.461616	283.158085	2209.724608
-80.710000	-7.030000	-157.845001	25.412001	3.481666	283.224336	2211.053001
-80.710000	-7.030000	-157.595001	16.662001	22.567091	281.108597	2156.967539
-80.710000	-7.030000	-157.595001	16.912001	22.505909	281.169779	2160.054506
-80.710000	-7.030000	-157.595001	17.162001	22.444605	281.231084	2163.141473
-80.710000	-7.030000	-157.595001	17.412001	12.452233	281.292541	2166.228440
-80.710000	-7.030000	-157.595001	17.662001	1.014530	281.354127	2167.823714
-80.710000	-7.030000	-157.595001	17.912001	-1.202956	281.415871	2168.984853
-80.710000	-7.030000	-157.595001	18.162001	-1.264834	281.477749	2170.145991
-80.710000	-7.030000	-157.595001	18.412001	-1.326876	281.539791	2171.307130
-80.710000	-7.030000	-157.595001	18.662001	-1.389057	281.601972	2172.468268
-80.710000	-7.030000	-157.595001	18.912001	-1.451408	281.664323	2173.629407
-80.710000	-7.030000	-157.595001	19.162001	-1.513903	281.726818	2174.790546
-80.710000	-7.030000	-157.595001	19.412001	0.667619	281.789489	2175.951684
-80.710000	-7.030000	-157.595001	19.662001	2.600268	281.852310	2177.733854
-80.710000	-7.030000	-157.595001	19.912001	-0.717869	281.915312	2179.504820
-80.710000	-7.030000	-157.595001	20.162001	-4.840902	281.978470	2180.213262
-80.710000	-7.030000	-157.595001	20.412001	-2.880994	282.041815	2180.921703
-80.710000	-7.030000	-157.595001	20.662001	1.795434	282.105323	2182.037941
-80.710000	-7.030000	-157.595001	20.912001	5.083273	282.169023	2183.917557
-80.710000	-7.030000	-157.595001	21.162001	5.019404	282.232891	2185.797174
-80.710000	-7.030000	-157.595001	21.412001	4.955337	282.296959	2187.676791
-80.710000	-7.030000	-157.595001	21.662001	4.891095	282.361200	2189.556408
-80.710000	-7.030000	-157.595001	21.912001	-0.414820	282.425648	2191.436024
-80.710000	-7.030000	-157.595001	22.162001	-3.225469	282.490275	2192.386227
-80.710000	-7.030000	-157.595001	22.412001	-1.767797	282.555115	2193.698319
-80.710000	-7.030000	-157.595001	22.662001	-1.832823	282.620141	2195.010411
-80.710000	-7.030000	-157.595001	22.912001	-1.898067	282.685385	2196.322502
-80.710000	-7.030000	-157.595001	23.162001	-1.963505	282.750823	2197.634594
-80.710000	-7.030000	-157.595001	23.412001	-1.897145	282.816486	2198.946686
-80.710000	-7.030000	-157.595001	23.662001	-4.385667	282.882348	2200.183585
-80.710000	-7.030000	-157.595001	23.912001	-6.827390	282.948443	2200.819546
-80.710000	-7.030000	-157.595001	24.162001	-6.676309	283.014744	2201.455508
-80.710000	-7.030000	-157.595001	24.412001	-6.742849	283.081284	2202.091469
-80.710000	-7.030000	-157.595001	24.662001	-6.809603	283.148037	2202.727431
-80.710000	-7.030000	-157.595001	24.912001	-6.876602	283.215037	2203.363393
-80.710000	-7.030000	-157.595001	25.162001	-6.943822	283.282257	2203.999354
-80.710000	-7.030000	-157.595001	25.412001	-1.214272	283.349730	2204.635316
-80.710000	-7.030000	-157.345001	16.662001	22.483943	281.191745	2152.334569
-80.710000	-7.030000	-157.345001	16.912001	22.421546	281.254142	2155.421536
-80.710000	-7.030000	-157.345001	17.162001	13.170905	281.316579	2158.508503
-80.710000	-7.030000	-157.345001	17.412001	1.596921	281.379257	2160.217574
-80.710000	-7.030000	-157.345001	17.662001	-1.229064	281.441979	2161.378713
-80.710000	-7.030000	-157.345001	17.912001	-1.292032	281.504947	2162.539851
-80.710000	-7.030000	-157.345001	18.162001	-1.355050	281.567965	2163.700990
-80.710000	-7.030000	-157.345001	18.412001	-1.418320	281.631235	2164.862128
-80.710000	-7.030000	-157.345001	18.662001	-1.481646	281.694561	2166.023267
-80.710000	-7.030000	-157.345001	18.912001	-1.545228	281.758143	2167.184406
-80.710000	-7.030000	-157.345001	19.162001	-1.608873	281.821788	2168.345544
-80.710000	-7.030000	-157.345001	19.412001	-1.672780	281.885695	2169.506683
-80.710000	-7.030000	-157.345001	19.662001	1.096515	281.949670	2170.667821
-80.710000	-7.030000	-157.345001	19.912001	3.448953	282.013913	2172.637425
-80.710000	-7.030000	-157.345001	20.162001	-0.367320	282.078230	2174.555800
-80.710000	-7.030000	-157.345001	20.412001	-4.941653	282.142821	2175.264241
-80.710000	-7.030000	-157.345001	20.662001	0.301604	282.207492	2175.985442
-80.710000	-7.030000	-157.345001	20.912001	4.979853	282.272443	2177.865058
-80.710000	-7.030000	-157.345001	21.162001	4.914815	282.337480	2179.744675
-80.710000	-7.030000	-157.345001	21.412001	4.677304	282.402804	2181.624292
-80.710000	-7.030000	-157.345001	21.662001	-1.693025	282.468220	2183.503909
-80.710000	-7.030000	-157.345001	21.912001	-4.497039	282.533928	2184.187629
-80.710000	-7.030000	-157.345001	22.162001	-1.812418	282.599736	2185.499721
-80.710000	-7.030000	-157.345001	22.412001	-1.878524	282.665842	2186.811812
-80.710000	-7.030000	-157.345001	22.662001	-1.944736	282.732053	2188.123904
-80.710000	-7.030000	-157.345001	22.912001	-2.011252	282.798570	2189.435996
-80.710000	-7.030000	-157.345001	23.162001	-2.077882	282.865200	2190.748087
-80.710000	-7.030000	-157.345001	23.412001	-2.144823	282.932141	2192.060179
-80.710000	-7.030000	-157.345001	23.662001	-2.154068	282.999201	2193.372271
-80.710000	-7.030000	-157.345001	23.912001	-2.802615	283.066580	2194.684363
-80.710000	-7.030000	-157.345001	24.162001	-5.376358	283.134085	2195.730254
-80.710000	-7.030000	-157.345001	24.412001	-6.981450	283.201915	2196.366215
-80.710000	-7.030000	-157.345001	24.662001	-6.931445	283.269879	2197.002177
-80.710000	-7.030000	-157.345001	24.912001	-6.999741	283.338175	2197.638138
-80.710000	-7.030000	-157.345001	25.162001	-7.068178	283.406613	2198.274100
-80.710000	-7.030000	-157.345001	25.412001	-7.136955	283.475389	2198.910062
-80.710000	-7.030000	-157.345001	25.662001	0.746280	283.544315	2199.546023
-80.710000	-7.030000	-157.095001	16.662001	22.400463	281.275225	2147.701599
-80.710000	-7.030000	-157.095001	16.912001	13.898717	281.338753	2150.788567
-80.710000	-7.030000	-157.095001	17.162001	2.189455	281.402408	2152.611434
-80.710000	-7.030000	-157.095001	17.412001	-1.253306	281.466220	2153.772573
-80.710000	-7.030000	-157.095001	17.662001	-1.317250	281.530165	2154.933711
-80.710000	-7.030000	-157.095001	17.912001	-1.381357	281.594272	2156.094850
-80.710000	-7.030000	-157.095001	18.162001	-1.445601	281.658516	2157.255988
-80.710000	-7.030000	-157.095001	18.412001	-1.510014	281.722929	2158.417127
-80.710000	-7.030000	-157.095001	18.662001	-1.574570	281.787485	2159.578266
-80.710000	-7.030000	-157.095001	18.912001	-1.639300	281.852215	2160.739404
-80.710000	-7.030000	-157.095001	19.162001	-1.704179	281.917094	2161.900543
-80.710000	-7.030000	-157.095001	19.412001	-1.769238	281.982153	2163.061682
-80.710000	-7.030000	-157.095001	19.662001	-1.551000	282.047367	2164.222820
-80.710000	-7.030000	-157.095001	19.912001	1.503697	282.112767	2165.449857
-80.710000	-7.030000	-157.095001	20.162001	4.136010	282.178327	2167.540995
-80.710000	-7.030000	-157.095001	20.412001	-0.033347	282.244080	2169.606779
-80.710000	-7.030000	-157.095001	20.662001	-1.405618	282.309999	2170.315221
-80.710000	-7.030000	-157.095001	20.912001	3.211496	282.376117	2171.812559
-80.710000	-7.030000	-157.095001	21.162001	3.875342	282.442407	2173.692176
-80.710000	-7.030000	-157.095001	21.412001	-2.544235	282.508903	2175.442099
-80.710000	-7.030000	-157.095001	21.662001	-5.220145	282.575577	2176.087246
-80.710000	-7.030000	-157.095001	21.912001	-2.249920	282.642463	2177.301122
-80.710000	-7.030000	-157.095001	22.162001	-1.922216	282.709534	2178.613214
-80.710000	-7.030000	-157.095001	22.412001	-1.989505	282.776823	2179.925306
-80.710000	-7.030000	-157.095001	22.662001	-2.056986	282.844303	2181.237397
-80.710000	-7.030000	-157.095001	22.912001	-2.124691	282.912009	2182.549489
-80.710000	-7.030000	-157.095001	23.162001	-2.192595	282.979913	2183.861581
-80.710000	-7.030000	-157.095001	23.412001	-2.260731	283.048048	2185.173672
-80.710000	-7.030000	-157.095001	23.662001	-2.329071	283.116389	2186.485764
-80.710000	-7.030000	-157.095001	23.912001	-2.397651	283.184969	2187.797856
-80.710000	-7.030000	-157.095001	24.162001	-2.258972	283.253760	2189.109948
-80.710000	-7.030000	-157.095001	24.412001	-3.736570	283.322798	2190.422039
-80.710000	-7.030000	-157.095001	24.662001	-6.399235	283.392054	2191.276923
-80.710000	-7.030000	-157.095001	24.912001	-7.138419	283.461564	2191.912884
-80.710000	-7.030000	-157.095001	25.162001	-7.192866	283.531301	2192.548846
-80.710000	-7.030000	-157.095001	25.412001	-7.262863	283.601298	2193.184808
-80.710000	-7.030000	-157.095001	25.662001	-4.829139	283.671529	2193.820769
-80.710000	-7.030000	-156.845001	16.662001	14.635685	281.358892	2143.068630
-80.710000	-7.030000	-156.845001	16.912001	2.792099	281.423638	2145.005294
-80.710000	-7.030000	-156.845001	17.162001	-1.275512	281.488426	2146.166433
-80.710000	-7.030000	-156.845001	17.412001	-1.340545	281.553460	2147.327571
-80.710000	-7.030000	-156.845001	17.662001	-1.405626	281.618541	2148.488710
-80.710000	-7.030000	-156.845001	17.912001	-1.470958	281.683873	2149.649848
-80.710000	-7.030000	-156.845001	18.162001	-1.536344	281.749259	2150.810987
-80.710000	-7.030000	-156.845001	18.412001	-1.601986	281.814900	2151.972126
-80.710000	-7.030000	-156.845001	18.662001	-1.667687	281.880602	2153.133264
-80.710000	-7.030000	-156.845001	18.912001	-1.733650	281.946565	2154.294403
-80.710000	-7.030000	-156.845001	19.162001	-1.799679	282.012594	2155.455542
-80.710000	-7.030000	-156.845001	19.412001	-1.865976	282.078890	2156.616680
-80.710000	-7.030000	-156.845001	19.662001	-1.932344	282.145259	2157.777819
-80.710000	-7.030000	-156.845001	19.912001	-0.968199	282.211900	2158.938957
-80.710000	-7.030000	-156.845001	20.162001	1.890100	282.278620	2160.353427
-80.710000	-7.030000	-156.845001	20.412001	3.903263	282.345619	2162.444565
-80.710000	-7.030000	-156.845001	20.662001	1.929719	282.412703	2164.535703
-80.710000	-7.030000	-156.845001	20.912001	0.135039	282.480071	2165.760060
-80.710000	-7.030000	-156.845001	21.162001	-3.357244	282.547531	2167.346876
-80.710000	-7.030000	-156.845001	21.412001	-5.729518	282.615282	2167.992024
-80.710000	-7.030000	-156.845001	21.662001	-2.776417	282.683131	2169.102524
-80.710000	-7.030000	-156.845001	21.912001	-1.963960	282.751277	2170.414615
-80.710000	-7.030000	-156.845001	22.162001	-2.032211	282.819528	2171.726707
-80.710000	-7.030000	-156.845001	22.412001	-2.100766	282.888084	2173.038799
-80.710000	-7.030000	-156.845001	22.662001	-2.169432	282.956750	2174.350891
-80.710000	-7.030000	-156.845001	22.912001	-2.238409	283.025727	2175.662982
-80.710000	-7.030000	-156.845001	23.162001	-2.307504	283.094822	2176.975074
-80.710000	-7.030000	-156.845001	23.412001	-2.376917	283.164235	2178.287166
-80.710000	-7.030000	-156.845001	23.662001	-2.446455	283.233773	2179.599257
-80.710000	-7.030000	-156.845001	23.912001	-2.516318	283.303636	2180.911349
-80.710000	-7.030000	-156.845001	24.162001	-2.586313	283.373630	2182.223441
-80.710000	-7.030000	-156.845001	24.412001	-2.656639	283.443957	2183.535533
-80.710000	-7.030000	-156.845001	24.662001	-2.365845	283.514423	2184.847624
-80.710000	-7.030000	-156.845001	24.912001	-4.700063	283.585228	2186.159716
-80.710000	-7.030000	-156.845001	25.162001	-7.455325	283.656181	2186.823592
-80.710000	-7.030000	-156.845001	25.412001	-7.389045	283.727479	2187.459554
-80.710000	-7.030000	-156.845001	25.662001	-7.460498	283.798933	2188.095515
-80.710000	-7.030000	-156.845001	25.912001	-2.394812	283.870740	2188.731477
-80.710000	-7.030000	-156.595001	16.662001	3.404912	281.442897	2137.399154
-80.710000	-7.030000	-156.595001	16.912001	-1.295860	281.508775	2138.560293
-80.710000	-7.030000	-156.595001	17.162001	-1.361869	281.574784	2139.721431
-80.710000	-7.030000	-156.595001	17.412001	-1.428038	281.640953	2140.882570
-80.710000	-7.030000	-156.595001	17.662001	-1.494344	281.707259	2142.043708
-80.710000	-7.030000	-156.595001	17.912001	-1.560815	281.773730	2143.204847
-80.710000	-7.030000	-156.595001	18.162001	-1.627429	281.840344	2144.365986
-80.710000	-7.030000	-156.595001	18.412001	-1.694214	281.907129	2145.527124
-80.710000	-7.030000	-156.595001	18.662001	-1.761147	281.974062	2146.688263
-80.710000	-7.030000	-156.595001	18.912001	-1.828259	282.041174	2147.849402
-80.710000	-7.030000	-156.595001	19.162001	-1.895523	282.108438	2149.010540
-80.710000	-7.030000	-156.595001	19.412001	-1.962972	282.175887	2150.171679
-80.710000	-7.030000	-156.595001	19.662001	-2.030580	282.243495	2151.332817
-80.710000	-7.030000	-156.595001	19.912001	-2.098379	282.311294	2152.493956
-80.710000	-7.030000	-156.595001	20.162001	-0.507199	282.379258	2153.655095
-80.710000	-7.030000	-156.595001	20.412001	2.256280	282.447419	2155.256997
-80.710000	-7.030000	-156.595001	20.662001	3.014146	282.515751	2157.348135
-80.710000	-7.030000	-156.595001	20.912001	-2.236692	282.584286	2159.251654
-80.710000	-7.030000	-156.595001	21.162001	-6.214518	282.653000	2159.896801
-80.710000	-7.030000	-156.595001	21.412001	-3.299038	282.721923	2160.903925
-80.710000	-7.030000	-156.595001	21.662001	-2.003712	282.791030	2162.216017
-80.710000	-7.030000	-156.595001	21.912001	-2.073036	282.860354	2163.528109
-80.710000	-7.030000	-156.595001	22.162001	-2.142550	282.929868	2164.840200
-80.710000	-7.030000	-156.595001	22.412001	-2.212288	282.999606	2166.152292
-80.710000	-7.030000	-156.595001	22.662001	-2.282223	283.069540	2167.464384
-80.710000	-7.030000	-156.595001	22.912001	-2.352388	283.139706	2168.776476
-80.710000	-7.030000	-156.595001	23.162001	-2.422757	283.210075	2170.088567
-80.710000	-7.030000	-156.595001	23.412001	-2.493364	283.280682	2171.400659
-80.710000	-7.030000	-156.595001	23.662001	-2.564182	283.351500	2172.712751
-80.710000	-7.030000	-156.595001	23.912001	-2.635244	283.422562	2174.024842
-80.710000	-7.030000	-156.595001	24.162001	-2.706525	283.493842	2175.336934
-80.710000	-7.030000	-156.595001	24.412001	-2.778057	283.565375	2176.649026
-80.710000	-7.030000	-156.595001	24.662001	-2.849815	283.637132	2177.961118
-80.710000	-7.030000	-156.595001	24.912001	-2.921832	283.709150	2179.273209
-80.710000	-7.030000	-156.595001	25.162001	-3.160940	283.781400	2180.585301
-80.710000	-7.030000	-156.595001	25.412001	-5.694142	283.853917	2181.734299
-80.710000	-7.030000	-156.595001	25.662001	-7.760269	283.926675	2182.370261
-80.710000	-7.030000	-156.595001	25.912001	-7.661273	283.999707	2183.006223
-80.710000	-7.030000	-156.345001	16.662001	-1.463571	281.527096	2130.954153
-80.710000	-7.030000	-156.345001	16.912001	-1.511796	281.594194	2132.115291
-80.710000	-7.030000	-156.345001	17.162001	-1.559998	281.661337	2133.276430
-80.710000	-7.030000	-156.345001	17.412001	-1.608378	281.728729	2134.437569
-80.710000	-7.030000	-156.345001	17.662001	-1.656738	281.796173	2135.598707
-80.710000	-7.030000	-156.345001	17.912001	-1.705281	281.863871	2136.759846
-80.710000	-7.030000	-156.345001	18.162001	-1.753811	281.931627	2137.920984
-80.710000	-7.030000	-156.345001	18.412001	-1.802528	281.999643	2139.082123
-80.710000	-7.030000	-156.345001	18.662001	-1.854808	282.067723	2140.243262
-80.710000	-7.030000	-156.345001	18.912001	-1.923153	282.136068	2141.404400
-80.710000	-7.030000	-156.345001	19.162001	-1.991569	282.204484	2142.565539
-80.710000	-7.030000	-156.345001	19.412001	-2.060256	282.273170	2143.726677
-80.710000	-7.030000	-156.345001	19.662001	-2.129019	282.341934	2144.887816
-80.710000	-7.030000	-156.345001	19.912001	-2.198060	282.410975	2146.048955
-80.710000	-7.030000	-156.345001	20.162001	-2.267184	282.480099	2147.210093
-80.710000	-7.030000	-156.345001	20.412001	-0.069522	282.549506	2148.371232
-80.710000	-7.030000	-156.345001	20.662001	0.906218	282.619003	2150.160568
-80.710000	-7.030000	-156.345001	20.912001	-2.896834	282.688790	2151.801579
-80.710000	-7.030000	-156.345001	21.162001	-3.813842	282.758672	2152.705327
-80.710000	-7.030000	-156.345001	21.412001	-2.041534	282.828851	2154.017419
-80.710000	-7.030000	-156.345001	21.662001	-2.111815	282.899133	2155.329510
-80.710000	-7.030000	-156.345001	21.912001	-2.182400	282.969718	2156.641602
-80.710000	-7.030000	-156.345001	22.162001	-2.253094	283.040412	2157.953694
-80.710000	-7.030000	-156.345001	22.412001	-2.324098	283.111415	2159.265785
-80.710000	-7.030000	-156.345001	22.662001	-2.395218	283.182536	2160.577877
-80.710000	-7.030000	-156.345001	22.912001	-2.466654	283.253972	2161.889969
-80.710000	-7.030000	-156.345001	23.162001	-2.538214	283.325532	2163.202061
-80.710000	-7.030000	-156.345001	23.412001	-2.610098	283.397415	2164.514152
-80.710000	-7.030000	-156.345001	23.662001	-2.682112	283.469429	2165.826244
-80.710000	-7.030000	-156.345001	23.912001	-2.754456	283.541774	2167.138336
-80.710000	-7.030000	-156.345001	24.162001	-2.826939	283.614257	2168.450427
-80.710000	-7.030000	-156.345001	24.412001	-2.899759	283.687077	2169.762519
-80.710000	-7.030000	-156.345001	24.662001	-2.972725	283.760043	2171.074611
-80.710000	-7.030000	-156.345001	24.912001	-3.046037	283.833354	2172.386702
-80.710000	-7.030000	-156.345001	25.162001	-3.119501	283.906819	2173.698794
-80.710000	-7.030000	-156.345001	25.412001	-3.067136	283.980636	2175.010886
-80.710000	-7.030000	-156.345001	25.662001	-4.099705	284.054615	2176.322978
-80.710000	-7.030000	-156.345001	25.912001	-6.719942	284.128954	2177.280969
-80.710000	-7.030000	-156.345001	26.162001	-6.346221	284.203463	2177.916930
-80.710000	-7.030000	-156.095001	16.662001	-1.742000	281.611640	2124.313720
-80.710000	-7.030000	-156.095001	16.912001	-1.792457	281.679872	2125.499863
-80.710000	-7.030000	-156.095001	17.162001	-1.842984	281.748237	2126.686006
-80.710000	-7.030000	-156.095001	17.412001	-1.893612	281.816767	2127.872149
-80.710000	-7.030000	-156.095001	17.662001	-1.944315	281.885436	2129.058292
-80.710000	-7.030000	-156.095001	17.912001	-1.995123	281.954275	2130.244435
-80.710000	-7.030000	-156.095001	18.162001	-2.046012	282.023260	2131.430578
-80.710000	-7.030000	-156.095001	18.412001	-2.116017	282.092421	2132.616720
-80.710000	-7.030000	-156.095001	18.662001	-2.270591	282.161733	2133.798260
-80.710000	-7.030000	-156.095001	18.912001	-2.406613	282.231227	2134.959399
-80.710000	-7.030000	-156.095001	19.162001	-2.458271	282.300879	2136.120537
-80.710000	-7.030000	-156.095001	19.412001	-2.510052	282.370720	2137.281676
-80.710000	-7.030000	-156.095001	19.662001	-2.561930	282.440724	2138.442815
-80.710000	-7.030000	-156.095001	19.912001	-2.613938	282.510923	2139.603953
-80.710000	-7.030000	-156.095001	20.162001	-2.666048	282.581291	2140.765092
-80.710000	-7.030000	-156.095001	20.412001	-2.718293	282.651861	2141.926231
-80.710000	-7.030000	-156.095001	20.662001	-1.901511	282.722607	2143.087369
-80.710000	-7.030000	-156.095001	20.912001	-1.185002	282.793561	2144.506728
-80.710000	-7.030000	-156.095001	21.162001	-1.236782	282.864697	2145.818820
-80.710000	-7.030000	-156.095001	21.412001	-1.371557	282.936048	2147.130912
-80.710000	-7.030000	-156.095001	21.662001	-1.505842	283.007588	2148.443004
-80.710000	-7.030000	-156.095001	21.912001	-1.639680	283.079350	2149.755095
-80.710000	-7.030000	-156.095001	22.162001	-1.773057	283.151308	2151.067187
-80.710000	-7.030000	-156.095001	22.412001	-1.906014	283.223494	2152.379279
-80.710000	-7.030000	-156.095001	22.662001	-2.038537	283.295882	2153.691370
-80.710000	-7.030000	-156.095001	22.912001	-2.170668	283.368506	2155.003462
-80.710000	-7.030000	-156.095001	23.162001	-2.302390	283.441340	2156.315554
-80.710000	-7.030000	-156.095001	23.412001	-2.433747	283.514416	2157.627646
-80.710000	-7.030000	-156.095001	23.662001	-2.564721	283.587709	2158.939737
-80.710000	-7.030000	-156.095001	23.912001	-2.695356	283.661253	2160.251829
-80.710000	-7.030000	-156.095001	24.162001	-2.825633	283.735020	2161.563921
-80.710000	-7.030000	-156.095001	24.412001	-2.955595	283.809045	2162.876012
-80.710000	-7.030000	-156.095001	24.662001	-3.085225	283.883302	2164.188104
-80.710000	-7.030000	-156.095001	24.912001	-3.170506	283.957824	2165.500196
-80.710000	-7.030000	-156.095001	25.162001	-3.245267	284.032584	2166.812287
-80.710000	-7.030000	-156.095001	25.412001	-3.320301	284.107619	2168.124379
-80.710000	-7.030000	-156.095001	25.662001	-3.395582	284.182900	2169.436471
-80.710000	-7.030000	-156.095001	25.912001	-3.193425	284.258463	2170.748563
-80.710000	-7.030000	-156.095001	26.162001	-5.067718	284.334279	2172.060654
-80.710000	-7.030000	-155.845001	16.662001	-2.072020	281.696385	2117.318913
-80.710000	-7.030000	-155.845001	16.912001	-2.141473	281.765838	2118.505056
-80.710000	-7.030000	-155.845001	17.162001	-2.210975	281.835340	2119.691199
-80.710000	-7.030000	-155.845001	17.412001	-2.280728	281.905093	2120.877342
-80.710000	-7.030000	-155.845001	17.662001	-2.350538	281.974903	2122.063485
-80.710000	-7.030000	-155.845001	17.912001	-2.420605	282.044970	2123.249627
-80.710000	-7.030000	-155.845001	18.162001	-2.490733	282.115098	2124.435770
-80.710000	-7.030000	-155.845001	18.412001	-2.561126	282.185491	2125.621913
-80.710000	-7.030000	-155.845001	18.662001	-2.628477	282.255951	2126.808056
-80.710000	-7.030000	-155.845001	18.912001	-2.682286	282.326680	2127.994199
-80.710000	-7.030000	-155.845001	19.162001	-2.736110	282.397484	2129.180342
-80.710000	-7.030000	-155.845001	19.412001	-2.790151	282.468563	2130.366485
-80.710000	-7.030000	-155.845001	19.662001	-2.844213	282.539724	2131.552628
-80.710000	-7.030000	-155.845001	19.912001	-2.898496	282.611165	2132.738771
-80.710000	-7.030000	-155.845001	20.162001	-2.873012	282.682694	2133.924914
-80.710000	-7.030000	-155.845001	20.412001	-0.904982	282.754512	2135.111057
-80.710000	-7.030000	-155.845001	20.662001	2.537057	282.826423	2136.660132
-80.710000	-7.030000	-155.845001	20.912001	2.534658	282.898628	2138.505072
-80.710000	-7.030000	-155.845001	21.162001	0.302863	282.970934	2139.952849
-80.710000	-7.030000	-155.845001	21.412001	-0.292470	283.043542	2141.193049
-80.710000	-7.030000	-155.845001	21.662001	-0.445583	283.116256	2142.433249
-80.710000	-7.030000	-155.845001	21.912001	-0.598012	283.189279	2143.673449
-80.710000	-7.030000	-155.845001	22.162001	-0.749582	283.262416	2144.913649
-80.710000	-7.030000	-155.845001	22.412001	-0.900511	283.335867	2146.153849
-80.710000	-7.030000	-155.845001	22.662001	-1.050623	283.409441	2147.394049
-80.710000	-7.030000	-155.845001	22.912001	-1.200135	283.483336	2148.634249
-80.710000	-7.030000	-155.845001	23.162001	-1.348869	283.557359	2149.874449
-80.710000	-7.030000	-155.845001	23.412001	-1.497043	283.631712	2151.114650
-80.710000	-7.030000	-155.845001	23.662001	-1.644479	283.706200	2152.354850
-80.710000	-7.030000	-155.845001	23.912001	-1.791391	283.781025	2153.595050
-80.710000	-7.030000	-155.845001	24.162001	-1.937604	283.855994	2154.835250
-80.710000	-7.030000	-155.845001	24.412001	-2.083330	283.931306	2156.075450
-80.710000	-7.030000	-155.845001	24.662001	-1.961673	284.006769	2157.315650
-80.710000	-7.030000	-155.845001	24.912001	-1.778779	284.082584	2158.613689
-80.710000	-7.030000	-155.845001	25.162001	-1.862146	284.158558	2159.925781
-80.710000	-7.030000	-155.845001	25.412001	-2.009269	284.234891	2161.237872
-80.710000	-7.030000	-155.845001	25.662001	-2.155761	284.311391	2162.549964
-80.710000	-7.030000	-155.845001	25.912001	-2.301835	284.388258	2163.862056
-80.710000	-7.030000	-155.845001	26.162001	-2.447312	284.465301	2165.174148
-80.710000	-7.030000	-155.845001	26.412001	-2.336409	284.542719	2166.486239
-80.710000	-7.030000	-155.595001	16.912001	-2.227705	281.852070	2111.510249
-80.710000	-7.030000	-155.595001	17.162001	-2.298430	281.922795	2112.696392
-80.710000	-7.030000	-155.595001	17.412001	-2.369323	281.993688	2113.882535
-80.710000	-7.030000	-155.595001	17.662001	-2.440359	282.064724	2115.068677
-80.710000	-7.030000	-155.595001	17.912001	-2.511569	282.135934	2116.254820
-80.710000	-7.030000	-155.595001	18.162001	-2.582927	282.207292	2117.440963
-80.710000	-7.030000	-155.595001	18.412001	-2.654466	282.278831	2118.627106
-80.710000	-7.030000	-155.595001	18.662001	-2.726160	282.350525	2119.813249
-80.710000	-7.030000	-155.595001	18.912001	-2.798040	282.422405	2120.999392
-80.710000	-7.030000	-155.595001	19.162001	-2.870081	282.494446	2122.185535
-80.710000	-7.030000	-155.595001	19.412001	-2.942315	282.566680	2123.371678
-80.710000	-7.030000	-155.595001	19.662001	-3.014716	282.639081	2124.557821
-80.710000	-7.030000	-155.595001	19.912001	-2.246365	282.711682	2125.743964
-80.710000	-7.030000	-155.595001	20.162001	1.017638	282.784456	2127.044846
-80.710000	-7.030000	-155.595001	20.412001	4.040130	282.857437	2128.889786
-80.710000	-7.030000	-155.595001	20.662001	4.363946	282.930597	2130.734726
-80.710000	-7.030000	-155.595001	20.912001	4.290573	283.003970	2132.579665
-80.710000	-7.030000	-155.595001	21.162001	4.327255	283.077530	2134.424605
-80.710000	-7.030000	-155.595001	21.412001	2.235826	283.151310	2136.170072
-80.710000	-7.030000	-155.595001	21.662001	0.385676	283.225283	2137.410272
-80.710000	-7.030000	-155.595001	21.912001	0.569762	283.299483	2138.650473
-80.710000	-7.030000	-155.595001	22.162001	0.495362	283.373883	2139.890673
-80.710000	-7.030000	-155.595001	22.412001	0.420729	283.448517	2141.130873
-80.710000	-7.030000	-155.595001	22.662001	0.345887	283.523358	2142.371073
-80.710000	-7.030000	-155.595001	22.912001	0.270805	283.598440	2143.611273
-80.710000	-7.030000	-155.595001	23.162001	0.195508	283.673737	2144.851473
-80.710000	-7.030000	-155.595001	23.412001	0.119963	283.749282	2146.091673
-80.710000	-7.030000	-155.595001	23.662001	0.044196	283.825049	2147.331873
-80.710000	-7.030000	-155.595001	23.912001	-0.031827	283.901072	2148.572073
-80.710000	-7.030000	-155.595001	24.162001	-0.108079	283.977324	2149.812273
-80.710000	-7.030000	-155.595001	24.412001	-0.184595	284.053840	2151.052473
-80.710000	-7.030000	-155.595001	24.662001	-0.261347	284.130592	2152.292673
-80.710000	-7.030000	-155.595001	24.912001	-0.414725	284.207617	2153.532874
-80.710000	-7.030000	-155.595001	25.162001	-0.585758	284.284885	2154.773074
-80.710000	-7.030000	-155.595001	25.412001	-0.755827	284.362434	2156.013274
-80.710000	-7.030000	-155.595001	25.662001	-0.924931	284.440235	2157.253474
-80.710000	-7.030000	-155.595001	25.912001	-1.093128	284.518324	2158.493674
-80.710000	-7.030000	-155.595001	26.162001	-1.260414	284.596673	2159.733874
-80.710000	-7.030000	-155.595001	26.412001	-1.426846	284.675319	2160.974074
-80.710000	-7.030000	-155.345001	16.912001	-2.314233	281.938598	2104.515442
-80.710000	-7.030000	-155.345001	17.162001	-2.386096	282.010461	2105.701585
-80.710000	-7.030000	-155.345001	17.412001	-2.458215	282.082580	2106.887727
-80.710000	-7.030000	-155.345001	17.662001	-2.530392	282.154757	2108.073870
-80.710000	-7.030000	-155.345001	17.912001	-2.602831	282.227196	2109.260013
-80.710000	-7.030000	-155.345001	18.162001	-2.675335	282.299700	2110.446156
-80.710000	-7.030000	-155.345001	18.412001	-2.748107	282.372472	2111.632299
-80.710000	-7.030000	-155.345001	18.662001	-2.820949	282.445314	2112.818442
-80.710000	-7.030000	-155.345001	18.912001	-2.894066	282.518431	2114.004585
-80.710000	-7.030000	-155.345001	19.162001	-2.967260	282.591625	2115.190728
-80.710000	-7.030000	-155.345001	19.412001	-2.849957	282.665099	2116.376871
-80.710000	-7.030000	-155.345001	19.662001	-0.223174	282.738657	2117.563014
-80.710000	-7.030000	-155.345001	19.912001	3.197127	282.812501	2119.274500
-80.710000	-7.030000	-155.345001	20.162001	4.408107	282.886437	2121.119440
-80.710000	-7.030000	-155.345001	20.412001	4.333878	282.960665	2122.964379
-80.710000	-7.030000	-155.345001	20.662001	4.259552	283.034991	2124.809319
-80.710000	-7.030000	-155.345001	20.912001	4.184927	283.109616	2126.654259
-80.710000	-7.030000	-155.345001	21.162001	4.110197	283.184346	2128.499198
-80.710000	-7.030000	-155.345001	21.412001	4.172720	283.259382	2130.344138
-80.710000	-7.030000	-155.345001	21.662001	3.078406	283.334530	2132.189078
-80.710000	-7.030000	-155.345001	21.912001	0.846782	283.409991	2133.627496
-80.710000	-7.030000	-155.345001	22.162001	0.383675	283.485571	2134.867696
-80.710000	-7.030000	-155.345001	22.412001	0.307775	283.561470	2136.107896
-80.710000	-7.030000	-155.345001	22.662001	0.231750	283.637496	2137.348096
-80.710000	-7.030000	-155.345001	22.912001	0.155397	283.713848	2138.588296
-80.710000	-7.030000	-155.345001	23.162001	0.078911	283.790335	2139.828496
-80.710000	-7.030000	-155.345001	23.412001	0.002090	283.867155	2141.068697
-80.710000	-7.030000	-155.345001	23.662001	-0.074872	283.944117	2142.308897
-80.710000	-7.030000	-155.345001	23.912001	-0.152175	284.021420	2143.549097
-80.710000	-7.030000	-155.345001	24.162001	-0.229627	284.098873	2144.789297
-80.710000	-7.030000	-155.345001	24.412001	-0.307429	284.176674	2146.029497
-80.710000	-7.030000	-155.345001	24.662001	-0.385388	284.254633	2147.269697
-80.710000	-7.030000	-155.345001	24.912001	-0.463703	284.332948	2148.509897
-80.710000	-7.030000	-155.345001	25.162001	-0.542184	284.411429	2149.750097
-80.710000	-7.030000	-155.345001	25.412001	-0.621029	284.490274	2150.990297
-80.710000	-7.030000	-155.345001	25.662001	-0.700048	284.569293	2152.230497
-80.710000	-7.030000	-155.345001	25.912001	-0.779439	284.648684	2153.470697
-80.710000	-7.030000	-155.345001	26.162001	-0.859012	284.728258	2154.710897
-80.710000	-7.030000	-155.095001	17.162001	-2.474122	282.098487	2098.706777
-80.710000	-7.030000	-155.095001	17.412001	-2.547381	282.171746	2099.892920
-80.710000	-7.030000	-155.095001	17.662001	-2.620787	282.245152	2101.079063
-80.710000	-7.030000	-155.095001	17.912001	-2.694370	282.318735	2102.265206
-80.710000	-7.030000	-155.095001	18.162001	-2.768105	282.392470	2103.451349
-80.710000	-7.030000	-155.095001	18.412001	-2.842025	282.466390	2104.637492
-80.710000	-7.030000	-155.095001	18.662001	-2.916102	282.540467	2105.823635
-80.710000	-7.030000	-155.095001	18.912001	-2.970782	282.614735	2107.009778
-80.710000	-7.030000	-155.095001	19.162001	-1.424534	282.689168	2108.195921
-80.710000	-7.030000	-155.095001	19.412001	1.899680	282.763797	2109.659214
-80.710000	-7.030000	-155.095001	19.662001	4.274668	282.838598	2111.504154
-80.710000	-7.030000	-155.095001	19.912001	4.380942	282.913602	2113.349094
-80.710000	-7.030000	-155.095001	20.162001	4.305760	282.988783	2115.194033
-80.710000	-7.030000	-155.095001	20.412001	4.230368	283.064175	2117.038973
-80.710000	-7.030000	-155.095001	20.662001	4.154792	283.139751	2118.883912
-80.710000	-7.030000	-155.095001	20.912001	4.078999	283.215545	2120.728852
-80.710000	-7.030000	-155.095001	21.162001	4.003015	283.291529	2122.573792
-80.710000	-7.030000	-155.095001	21.412001	3.926806	283.367738	2124.418731
-80.710000	-7.030000	-155.095001	21.662001	3.850400	283.444144	2126.263671
-80.710000	-7.030000	-155.095001	21.912001	3.854711	283.520782	2128.108611
-80.710000	-7.030000	-155.095001	22.162001	1.756177	283.597624	2129.844720
-80.710000	-7.030000	-155.095001	22.412001	-0.051765	283.674706	2131.084920
-80.710000	-7.030000	-155.095001	22.662001	0.117246	283.751999	2132.325120
-80.710000	-7.030000	-155.095001	22.912001	0.039706	283.829539	2133.565320
-80.710000	-7.030000	-155.095001	23.162001	-0.038052	283.907298	2134.805520
-80.710000	-7.030000	-155.095001	23.412001	-0.116065	283.985310	2136.045720
-80.710000	-7.030000	-155.095001	23.662001	-0.194304	284.063549	2137.285920
-80.710000	-7.030000	-155.095001	23.912001	-0.272805	284.142050	2138.526120
-80.710000	-7.030000	-155.095001	24.162001	-0.351540	284.220785	2139.766320
-80.710000	-7.030000	-155.095001	24.412001	-0.430544	284.299790	2141.006520
-80.710000	-7.030000	-155.095001	24.662001	-0.509791	284.379036	2142.246720
-80.710000	-7.030000	-155.095001	24.912001	-0.589314	284.458560	2143.486921
-80.710000	-7.030000	-155.095001	25.162001	-0.669088	284.538333	2144.727121
-80.710000	-7.030000	-155.095001	25.412001	-0.749148	284.618393	2145.967321
-80.710000	-7.030000	-155.095001	25.662001	-0.829465	284.698710	2147.207521
-80.710000	-7.030000	-155.095001	25.912001	-0.910076	284.779322	2148.447721
-80.710000	-7.030000	-155.095001	26.162001	-0.990954	284.860199	2149.687921
-80.710000	-7.030000	-154.845001	17.162001	-2.562365	282.186730	2091.711970
-80.710000	-7.030000	-154.845001	17.412001	-2.636852	282.261217	2092.898113
-80.710000	-7.030000	-154.845001	17.662001	-2.711401	282.335766	2094.084256
-80.710000	-7.030000	-154.845001	17.912001	-2.786215	282.410580	2095.270399
-80.710000	-7.030000	-154.845001	18.162001	-2.861097	282.485462	2096.456542
-80.710000	-7.030000	-154.845001	18.412001	-2.936250	282.560615	2097.642685
-80.710000	-7.030000	-154.845001	18.662001	-2.586625	282.635843	2098.828828
-80.710000	-7.030000	-154.845001	18.912001	0.641998	282.711349	2100.043928
-80.710000	-7.030000	-154.845001	19.162001	3.998821	282.786935	2101.888868
-80.710000	-7.030000	-154.845001	19.412001	4.431738	282.862806	2103.733808
-80.710000	-7.030000	-154.845001	19.662001	4.355779	282.938764	2105.578747
-80.710000	-7.030000	-154.845001	19.912001	4.279531	283.015013	2107.423687
-80.710000	-7.030000	-154.845001	20.162001	4.203187	283.091356	2109.268626
-80.710000	-7.030000	-154.845001	20.412001	4.126547	283.167997	2111.113566
-80.710000	-7.030000	-154.845001	20.662001	4.049805	283.244739	2112.958506
-80.710000	-7.030000	-154.845001	20.912001	3.972759	283.321785	2114.803445
-80.710000	-7.030000	-154.845001	21.162001	3.895604	283.398940	2116.648385
-80.710000	-7.030000	-154.845001	21.412001	3.818139	283.476405	2118.493325
-80.710000	-7.030000	-154.845001	21.662001	3.740557	283.553986	2120.338264
-80.710000	-7.030000	-154.845001	21.912001	3.662659	283.631885	2122.183204
-80.710000	-7.030000	-154.845001	22.162001	3.735247	283.709907	2124.028144
-80.710000	-7.030000	-154.845001	22.412001	2.593426	283.788254	2125.873083
-80.710000	-7.030000	-154.845001	22.662001	0.354366	283.866732	2127.302143
-80.710000	-7.030000	-154.845001	22.912001	-0.076296	283.945541	2128.542343
-80.710000	-7.030000	-154.845001	23.162001	-0.155244	284.024489	2129.782543
-80.710000	-7.030000	-154.845001	23.412001	-0.234531	284.103776	2131.022743
-80.710000	-7.030000	-154.845001	23.662001	-0.313964	284.183210	2132.262944
-80.710000	-7.030000	-154.845001	23.912001	-0.393745	284.262990	2133.503144
-80.710000	-7.030000	-154.845001	24.162001	-0.473679	284.342925	2134.743344
-80.710000	-7.030000	-154.845001	24.412001	-0.553968	284.423214	2135.983544
-80.710000	-7.030000	-154.845001	24.662001	-0.634419	284.503665	2137.223744
-80.710000	-7.030000	-154.845001	24.912001	-0.715233	284.584478	2138.463944
-80.710000	-7.030000	-154.845001	25.162001	-0.796217	284.665463	2139.704144
-80.710000	-7.030000	-154.845001	25.412001	-0.877572	284.746817	2140.944344
-80.710000	-7.030000	-154.845001	25.662001	-0.959105	284.828351	2142.184544
-80.710000	-7.030000	-154.845001	25.912001	-1.041017	284.910263	2143.424744
-80.710000	-7.030000	-154.845001	26.162001	-1.123117	284.992362	2144.664944
-80.710000	-7.030000	-154.595001	17.412001	-2.726604	282.350969	2085.903306
-80.710000	-7.030000	-154.595001	17.662001	-2.802383	282.426748	2087.089449
-80.710000	-7.030000	-154.595001	17.912001	-2.878343	282.502708	2088.275592
-80.710000	-7.030000	-154.595001	18.162001	-2.823525	282.578823	2089.461735
-80.710000	-7.030000	-154.595001	18.412001	-0.576000	282.655126	2090.647878
-80.710000	-7.030000	-154.595001	18.662001	2.808698	282.731590	2092.273582
-80.710000	-7.030000	-154.595001	18.912001	4.486296	282.808248	2094.118522
-80.710000	-7.030000	-154.595001	19.162001	4.409469	282.885074	2095.963461
-80.710000	-7.030000	-154.595001	19.412001	4.332442	282.962101	2097.808401
-80.710000	-7.030000	-154.595001	19.662001	4.255241	283.039303	2099.653341
-80.710000	-7.030000	-154.595001	19.912001	4.177832	283.116712	2101.498280
-80.710000	-7.030000	-154.595001	20.162001	4.100241	283.194302	2103.343220
-80.710000	-7.030000	-154.595001	20.412001	4.022436	283.272107	2105.188159
-80.710000	-7.030000	-154.595001	20.662001	3.944443	283.350100	2107.033099
-80.710000	-7.030000	-154.595001	20.912001	3.866229	283.428314	2108.878039
-80.710000	-7.030000	-154.595001	21.162001	3.787820	283.506724	2110.722978
-80.710000	-7.030000	-154.595001	21.412001	3.709182	283.585362	2112.567918
-80.710000	-7.030000	-154.595001	21.662001	3.630341	283.664202	2114.412858
-80.710000	-7.030000	-154.595001	21.912001	3.551265	283.743278	2116.257797
-80.710000	-7.030000	-154.595001	22.162001	3.471980	283.822563	2118.102737
-80.710000	-7.030000	-154.595001	22.412001	3.392451	283.902092	2119.947677
-80.710000	-7.030000	-154.595001	22.662001	3.364306	283.981837	2121.792616
-80.710000	-7.030000	-154.595001	22.912001	1.258566	284.061833	2123.519367
-80.710000	-7.030000	-154.595001	23.162001	-0.507109	284.142053	2124.759567
-80.710000	-7.030000	-154.595001	23.412001	-0.353287	284.222532	2125.999767
-80.710000	-7.030000	-154.595001	23.662001	-0.433997	284.303242	2127.239967
-80.710000	-7.030000	-154.595001	23.912001	-0.514974	284.384219	2128.480167
-80.710000	-7.030000	-154.595001	24.162001	-0.596190	284.465435	2129.720367
-80.710000	-7.030000	-154.595001	24.412001	-0.677680	284.546926	2130.960567
-80.710000	-7.030000	-154.595001	24.662001	-0.759418	284.628663	2132.200767
-80.710000	-7.030000	-154.595001	24.912001	-0.841439	284.710684	2133.440967
-80.710000	-7.030000	-154.595001	25.162001	-0.923715	284.792960	2134.681168
-80.710000	-7.030000	-154.595001	25.412001	-1.006282	284.875527	2135.921368
-80.710000	-7.030000	-154.595001	25.662001	-1.089112	284.958357	2137.161568
-80.710000	-7.030000	-154.595001	25.912001	-1.172243	285.041488	2138.401768
-80.710000	-7.030000	-154.345001	17.412001	-2.816669	282.441034	2078.908499
-80.710000	-7.030000	-154.345001	17.662001	-2.893592	282.517957	2080.094642
-80.710000	-7.030000	-154.345001	17.912001	-1.754584	282.595150	2081.280785
-80.710000	-7.030000	-154.345001	18.162001	1.534177	282.672413	2082.658296
-80.710000	-7.030000	-154.345001	18.412001	4.248725	282.749951	2084.503236
-80.710000	-7.030000	-154.345001	18.662001	4.466977	282.827567	2086.348175
-80.710000	-7.030000	-154.345001	18.912001	4.389080	282.905464	2088.193115
-80.710000	-7.030000	-154.345001	19.162001	4.311098	282.983445	2090.038055
-80.710000	-7.030000	-154.345001	19.412001	4.232829	283.061714	2091.882994
-80.710000	-7.030000	-154.345001	19.662001	4.154469	283.140075	2093.727934
-80.710000	-7.030000	-154.345001	19.912001	4.075814	283.218730	2095.572874
-80.710000	-7.030000	-154.345001	20.162001	3.997061	283.297483	2097.417813
-80.710000	-7.030000	-154.345001	20.412001	3.918007	283.376537	2099.262753
-80.710000	-7.030000	-154.345001	20.662001	3.838847	283.455697	2101.107692
-80.710000	-7.030000	-154.345001	20.912001	3.759379	283.535164	2102.952632
-80.710000	-7.030000	-154.345001	21.162001	3.679799	283.614744	2104.797572
-80.710000	-7.030000	-154.345001	21.412001	3.599904	283.694639	2106.642511
-80.710000	-7.030000	-154.345001	21.662001	3.519889	283.774655	2108.487451
-80.710000	-7.030000	-154.345001	21.912001	3.439552	283.854992	2110.332391
-80.710000	-7.030000	-154.345001	22.162001	3.359087	283.935456	2112.177330
-80.710000	-7.030000	-154.345001	22.412001	3.278293	284.016250	2114.022270
-80.710000	-7.030000	-154.345001	22.662001	3.197364	284.097179	2115.867209
-80.710000	-7.030000	-154.345001	22.912001	3.279778	284.178445	2117.712149
-80.710000	-7.030000	-154.345001	23.162001	2.090507	284.259854	2119.557089
-80.710000	-7.030000	-154.345001	23.412001	-0.156260	284.341607	2120.976790
-80.710000	-7.030000	-154.345001	23.662001	-0.554265	284.423511	2122.216991
-80.710000	-7.030000	-154.345001	23.912001	-0.636521	284.505766	2123.457191
-80.710000	-7.030000	-154.345001	24.162001	-0.718935	284.588181	2124.697391
-80.710000	-7.030000	-154.345001	24.412001	-0.801710	284.670955	2125.937591
-80.710000	-7.030000	-154.345001	24.662001	-0.884651	284.753896	2127.177791
-80.710000	-7.030000	-154.345001	24.912001	-0.967960	284.837206	2128.417991
-80.710000	-7.030000	-154.345001	25.162001	-1.051445	284.920690	2129.658191
-80.710000	-7.030000	-154.345001	25.412001	-1.135306	285.004551	2130.898391
-80.710000	-7.030000	-154.345001	25.662001	-1.219351	285.088596	2132.138591
-80.710000	-7.030000	-154.345001	25.912001	-1.303780	285.173025	2133.378791
-80.710000	-7.030000	-154.095001	17.662001	0.299348	282.609542	2073.099835
-80.710000	-7.030000	-154.095001	17.912001	3.744640	282.687882	2074.887950
-80.710000	-7.030000	-154.095001	18.162001	4.528164	282.766380	2076.732889
-80.710000	-7.030000	-154.095001	18.412001	4.449475	282.845068	2078.577829
-80.710000	-7.030000	-154.095001	18.662001	4.370622	282.923922	2080.422769
-80.710000	-7.030000	-154.095001	18.912001	4.291571	283.002973	2082.267708
-80.710000	-7.030000	-154.095001	19.162001	4.212348	283.082195	2084.112648
-80.710000	-7.030000	-154.095001	19.412001	4.132921	283.161622	2085.957588
-80.710000	-7.030000	-154.095001	19.662001	4.053317	283.241227	2087.802527
-80.710000	-7.030000	-154.095001	19.912001	3.973501	283.321043	2089.647467
-80.710000	-7.030000	-154.095001	20.162001	3.893500	283.401044	2091.492407
-80.710000	-7.030000	-154.095001	20.412001	3.813280	283.481263	2093.337346
-80.710000	-7.030000	-154.095001	20.662001	3.732869	283.561674	2095.182286
-80.710000	-7.030000	-154.095001	20.912001	3.652233	283.642311	2097.027225
-80.710000	-7.030000	-154.095001	21.162001	3.571397	283.723146	2098.872165
-80.710000	-7.030000	-154.095001	21.412001	3.490329	283.804214	2100.717105
-80.710000	-7.030000	-154.095001	21.662001	3.409055	283.885488	2102.562044
-80.710000	-7.030000	-154.095001	21.912001	3.327540	283.967003	2104.406984
-80.710000	-7.030000	-154.095001	22.162001	3.245813	284.048731	2106.251924
-80.710000	-7.030000	-154.095001	22.412001	3.163837	284.130706	2108.096863
-80.710000	-7.030000	-154.095001	22.662001	3.081641	284.212903	2109.941803
-80.710000	-7.030000	-154.095001	22.912001	2.999189	284.295355	2111.786742
-80.710000	-7.030000	-154.095001	23.162001	2.916509	284.378035	2113.631682
-80.710000	-7.030000	-154.095001	23.412001	2.855757	284.460979	2115.476622
-80.710000	-7.030000	-154.095001	23.662001	0.742770	284.544158	2117.194014
-80.710000	-7.030000	-154.095001	23.912001	-0.980643	284.627610	2118.434214
-80.710000	-7.030000	-154.095001	24.162001	-0.842060	284.711305	2119.674414
-80.710000	-7.030000	-154.095001	24.412001	-0.926035	284.795280	2120.914614
-80.710000	-7.030000	-154.095001	24.662001	-1.010261	284.879507	2122.154814
-80.710000	-7.030000	-154.095001	24.912001	-1.094776	284.964022	2123.395014
-80.710000	-7.030000	-154.095001	25.162001	-1.179551	285.048797	2124.635214
-80.710000	-7.030000	-154.095001	25.412001	-1.264623	285.133868	2125.875415
-80.710000	-7.030000	-154.095001	25.662001	-1.349963	285.219208	2127.115615
-80.710000	-7.030000	-153.845001	19.412001	4.032688	283.261856	2080.032181
-80.710000	-7.030000	-153.845001	19.662001	3.951923	283.342620	2081.877121
-80.710000	-7.030000	-153.845001	19.912001	3.870860	283.423683	2083.722060
-80.710000	-7.030000	-153.845001	20.162001	3.789696	283.504847	2085.567000
-80.710000	-7.030000	-153.845001	20.412001	3.708227	283.586317	2087.411939
-80.710000	-7.030000	-153.845001	20.662001	3.626648	283.667895	2089.256879
-80.710000	-7.030000	-153.845001	20.912001	3.544758	283.749785	2091.101819
-80.710000	-7.030000	-153.845001	21.162001	3.462751	283.831792	2092.946758
-80.710000	-7.030000	-153.845001	21.412001	3.380426	283.914118	2094.791698
-80.710000	-7.030000	-153.845001	21.662001	3.297976	283.996567	2096.636638
-80.710000	-7.030000	-153.845001	21.912001	3.215201	284.079343	2098.481577
-80.710000	-7.030000	-153.845001	22.162001	3.132293	284.162250	2100.326517
-80.710000	-7.030000	-153.845001	22.412001	3.049052	284.245491	2102.171457
-80.710000	-7.030000	-153.845001	22.662001	2.965672	284.328871	2104.016396
-80.710000	-7.030000	-153.845001	22.912001	2.881951	284.412592	2105.861336
-80.710000	-7.030000	-153.845001	23.162001	2.798082	284.496461	2107.706275
-80.710000	-7.030000	-153.845001	23.412001	2.713865	284.580678	2109.551215
-80.710000	-7.030000	-153.845001	23.662001	2.806261	284.665051	2111.396155
-80.710000	-7.030000	-153.845001	23.912001	1.569199	284.749780	2113.241094
-80.710000	-7.030000	-153.845001	24.162001	-0.685151	284.834673	2114.651438
-80.710000	-7.030000	-153.845001	24.412001	-1.050685	284.919930	2115.891638
-80.710000	-7.030000	-153.845001	24.662001	-1.136114	285.005360	2117.131838
-80.710000	-7.030000	-153.845001	24.912001	-1.221916	285.091162	2118.372038
-80.710000	-7.030000	-153.845001	25.162001	-1.307899	285.177144	2119.612238
-80.710000	-7.030000	-153.845001	25.412001	-1.394263	285.263508	2120.852438
-80.710000	-7.030000	-153.845001	25.662001	-1.480815	285.350061	2122.092638
-80.710000	-7.030000	-153.595001	21.412001	3.270217	284.024326	2088.866291
-80.710000	-7.030000	-153.595001	21.662001	3.186509	284.108035	2090.711231
-80.710000	-7.030000	-153.595001	21.912001	3.102555	284.191988	2092.556171
-80.710000	-7.030000	-153.595001	22.162001	3.018385	284.276158	2094.401110
-80.710000	-7.030000	-153.595001	22.412001	2.933963	284.360581	2096.246050
-80.710000	-7.030000	-153.595001	22.662001	2.849315	284.445228	2098.090990
-80.710000	-7.030000	-153.595001	22.912001	2.764408	284.530135	2099.935929
-80.710000	-7.030000	-153.595001	23.162001	2.679268	284.615275	2101.780869
-80.710000	-7.030000	-153.595001	23.412001	2.593861	284.700683	2103.625808
-80.710000	-7.030000	-153.595001	23.662001	2.508213	284.786331	2105.470748
-80.710000	-7.030000	-153.595001	23.912001	2.422289	284.872255	2107.315688
-80.710000	-7.030000	-153.595001	24.162001	2.328844	284.958427	2109.160627
-80.710000	-7.030000	-153.595001	24.412001	0.208504	285.044884	2110.868661
-80.710000	-7.030000	-153.595001	24.662001	-1.472586	285.131598	2112.108861
-80.710000	-7.030000	-153.595001	24.912001	-1.349359	285.218604	2113.349061
-80.710000	-7.030000	-153.595001	25.162001	-1.436630	285.305875	2114.589261
-80.710000	-7.030000	-153.595001	25.412001	-1.524203	285.393448	2115.829462
-80.710000	-7.030000	-153.595001	25.662001	-1.612049	285.481294	2117.069662
-80.710000	-7.030000	-153.345001	23.162001	2.560201	284.734342	2095.855462
-80.710000	-7.030000	-153.345001	23.412001	2.473520	284.821023	2097.700402
-80.710000	-7.030000	-153.345001	23.662001	2.386680	284.907863	2099.545341
-80.710000	-7.030000	-153.345001	23.912001	2.299479	284.995065	2101.390281
-80.710000	-7.030000	-153.345001	24.162001	2.212110	285.082434	2103.235221
-80.710000	-7.030000	-153.345001	24.412001	2.314248	285.170172	2105.080160
-80.710000	-7.030000	-153.345001	24.662001	1.029448	285.258087	2106.925100
-80.710000	-7.030000	-153.345001	24.912001	-1.232758	285.346379	2108.326085
-80.710000	-7.030000	-153.345001	25.162001	-1.565611	285.434856	2109.566285
-80.710000	-7.030000	-153.345001	25.412001	-1.654474	285.523719	2110.806485
-80.710000	-7.030000	-153.095001	25.162001	-0.344448	285.564228	2104.543308
-80.710000	-7.030000	-153.095001	25.412001	-1.983223	285.654299	2105.783508
