153.190000	-4.530000	-157.431000	20.930099	1.608767	66.614665	1489.397579
153.190000	-4.530000	-157.431000	21.180099	3.010710	66.407599	1492.174267
153.190000	-4.530000	-157.431000	21.430099	3.132727	66.200415	1494.617520
153.190000	-4.530000	-157.181000	19.930099	0.613144	67.595484	1485.241285
153.190000	-4.530000	-157.181000	20.180099	0.833539	67.389893	1488.017973
153.190000	-4.530000	-157.181000	20.430099	1.039150	67.184282	1490.794661
153.190000	-4.530000	-157.181000	20.680099	1.244831	66.978601	1493.571348
153.190000	-4.530000	-157.181000	20.930099	1.450541	66.772891	1496.348036
153.190000	-4.530000	-157.181000	21.180099	4.427187	66.567108	1499.124723
153.190000	-4.530000	-157.181000	21.430099	7.530372	66.361290	1500.954919
153.190000	-4.530000	-156.931000	18.930099	1.762415	68.563795	1481.195333
153.190000	-4.530000	-156.931000	19.180099	0.520830	68.359800	1483.695398
153.190000	-4.530000	-156.931000	19.430099	-0.739246	68.155693	1486.516656
153.190000	-4.530000	-156.931000	19.680099	-0.491955	67.951611	1489.348989
153.190000	-4.530000	-156.931000	19.930099	-0.043653	67.747411	1492.181323
153.190000	-4.530000	-156.931000	20.180099	0.440779	67.543230	1494.968430
153.190000	-4.530000	-156.931000	20.430099	0.762520	67.338925	1497.745117
153.190000	-4.530000	-156.931000	20.680099	1.046395	67.134636	1500.521805
153.190000	-4.530000	-156.931000	20.930099	3.046716	66.930217	1503.298492
153.190000	-4.530000	-156.931000	21.180099	5.896825	66.725808	1505.549299
153.190000	-4.530000	-156.681000	18.680099	-1.839246	68.911886	1485.500435
153.190000	-4.530000	-156.681000	18.930099	-0.269069	68.709315	1488.187821
153.190000	-4.530000	-156.681000	19.180099	0.663058	68.506665	1490.687886
153.190000	-4.530000	-156.681000	19.430099	-0.649736	68.303994	1493.280789
153.190000	-4.530000	-156.681000	19.680099	-1.186760	68.101241	1496.113123
153.190000	-4.530000	-156.681000	19.930099	-1.081057	67.898460	1498.945456
153.190000	-4.530000	-156.681000	20.180099	-0.904792	67.695593	1501.777789
153.190000	-4.530000	-156.681000	20.430099	-0.712158	67.492691	1504.610123
153.190000	-4.530000	-156.681000	20.680099	-0.037075	67.289700	1507.442456
153.190000	-4.530000	-156.681000	20.930099	4.156642	67.086666	1510.143680
153.190000	-4.530000	-156.431000	18.680099	-3.495684	69.055185	1491.567128
153.190000	-4.530000	-156.431000	18.930099	-3.312043	68.853964	1494.324273
153.190000	-4.530000	-156.431000	19.180099	-2.719924	68.652755	1497.081419
153.190000	-4.530000	-156.431000	19.430099	-2.585190	68.451420	1499.714728
153.190000	-4.530000	-156.431000	19.680099	-2.425278	68.250092	1502.638921
153.190000	-4.530000	-156.431000	19.930099	-1.738520	68.048631	1505.409075
153.190000	-4.530000	-156.431000	20.180099	-1.634196	67.847173	1508.179229
153.190000	-4.530000	-156.431000	20.430099	-1.534005	67.645577	1510.949383
153.190000	-4.530000	-156.431000	20.680099	-1.037860	67.443978	1513.719537
153.190000	-4.530000	-156.431000	20.930099	2.723759	67.242235	1516.385785
153.190000	-4.530000	-156.181000	18.430099	-3.900959	69.397273	1494.876674
153.190000	-4.530000	-156.181000	18.680099	-3.951699	69.197528	1497.633820
153.190000	-4.530000	-156.181000	18.930099	-3.056802	68.997756	1500.311328
153.190000	-4.530000	-156.181000	19.180099	-4.503000	68.797889	1502.756948
153.190000	-4.530000	-156.181000	19.430099	-5.249030	68.597987	1505.685121
153.190000	-4.530000	-156.181000	19.680099	-3.942805	68.397987	1508.798309
153.190000	-4.530000	-156.181000	19.930099	-2.438926	68.197944	1511.572683
153.190000	-4.530000	-156.181000	20.180099	-2.223417	67.997799	1514.347058
153.190000	-4.530000	-156.181000	20.430099	-1.999572	67.797605	1517.119358
153.190000	-4.530000	-156.181000	20.680099	-1.151995	67.597304	1519.889511
153.190000	-4.530000	-156.181000	20.930099	1.683984	67.396946	1522.497039
153.190000	-4.530000	-155.931000	18.180099	-4.311176	69.735707	1498.186220
153.190000	-4.530000	-155.931000	18.430099	-3.697848	69.537414	1500.907928
153.190000	-4.530000	-155.931000	18.680099	-2.916681	69.339123	1503.353548
153.190000	-4.530000	-155.931000	18.930099	-3.160527	69.140698	1505.799167
153.190000	-4.530000	-155.931000	19.180099	-7.048803	68.942269	1508.244786
153.190000	-4.530000	-155.931000	19.430099	-7.695741	68.743701	1511.752251
153.190000	-4.530000	-155.931000	19.680099	-4.438132	68.545123	1514.957646
153.190000	-4.530000	-155.931000	19.930099	-2.594819	68.346400	1517.732020
153.190000	-4.530000	-155.931000	20.180099	-2.396082	68.147663	1520.506395
153.190000	-4.530000	-155.931000	20.430099	-2.211577	67.948773	1523.280769
153.190000	-4.530000	-155.931000	20.680099	-1.383729	67.749864	1526.055143
153.190000	-4.530000	-155.931000	20.930099	0.654536	67.550798	1528.608293
153.190000	-4.530000	-155.681000	18.180099	-3.178632	69.873554	1503.950148
153.190000	-4.530000	-155.681000	18.430099	-3.696551	69.676721	1506.395767
153.190000	-4.530000	-155.681000	18.680099	-3.499611	69.479782	1508.841387
153.190000	-4.530000	-155.681000	18.930099	-4.040469	69.282803	1511.287006
153.190000	-4.530000	-155.681000	19.180099	-8.208539	69.085713	1513.903024
153.190000	-4.530000	-155.681000	19.430099	-9.620547	68.888576	1517.819382
153.190000	-4.530000	-155.681000	19.680099	-4.930389	68.691324	1521.116982
153.190000	-4.530000	-155.681000	19.930099	-2.742436	68.494016	1523.891357
153.190000	-4.530000	-155.681000	20.180099	-2.552261	68.296591	1526.665731
153.190000	-4.530000	-155.681000	20.430099	-1.998169	68.099102	1529.429776
153.190000	-4.530000	-155.681000	20.680099	-1.281077	67.901492	1532.064113
153.190000	-4.530000	-155.681000	20.930099	-0.739927	67.703810	1534.610549
153.190000	-4.530000	-155.431000	17.930099	-2.089244	70.206015	1507.280245
153.190000	-4.530000	-155.431000	18.180099	-2.290717	70.010678	1509.500018
153.190000	-4.530000	-155.431000	18.430099	-3.499469	69.815202	1511.883606
153.190000	-4.530000	-155.431000	18.680099	-3.639542	69.619713	1514.329225
153.190000	-4.530000	-155.431000	18.930099	-6.624892	69.424077	1516.774845
153.190000	-4.530000	-155.431000	19.180099	-9.602207	69.228423	1519.970155
153.190000	-4.530000	-155.431000	19.430099	-10.085197	69.032616	1523.886513
153.190000	-4.530000	-155.431000	19.680099	-5.419858	68.836785	1527.276319
153.190000	-4.530000	-155.431000	19.930099	-2.860735	68.640796	1530.050693
153.190000	-4.530000	-155.431000	20.180099	-2.429586	68.444776	1532.797982
153.190000	-4.530000	-155.431000	20.430099	-1.776115	68.248592	1535.463446
153.190000	-4.530000	-155.431000	20.680099	-1.253582	68.052373	1538.038916
153.190000	-4.530000	-155.181000	17.930099	-1.668120	70.340864	1512.965675
153.190000	-4.530000	-155.181000	18.180099	-1.474144	70.146888	1515.185448
153.190000	-4.530000	-155.181000	18.430099	-2.407060	69.952868	1517.405221
153.190000	-4.530000	-155.181000	18.680099	-3.620622	69.758727	1519.817064
153.190000	-4.530000	-155.181000	18.930099	-8.154995	69.564534	1522.262684
153.190000	-4.530000	-155.181000	19.180099	-11.737631	69.370216	1526.037285
153.190000	-4.530000	-155.181000	19.430099	-10.497467	69.175838	1529.953643
153.190000	-4.530000	-155.181000	19.680099	-5.857789	68.981330	1533.435656
153.190000	-4.530000	-155.181000	19.930099	-2.734937	68.786755	1536.166188
153.190000	-4.530000	-155.181000	20.180099	-2.307582	68.592046	1538.831652
153.190000	-4.530000	-155.181000	20.430099	-1.801468	68.397261	1541.467282
153.190000	-4.530000	-155.181000	20.680099	-0.998083	68.202339	1544.013719
153.190000	-4.530000	-154.931000	17.680099	-1.747632	70.667407	1516.431333
153.190000	-4.530000	-154.931000	17.930099	-1.462645	70.474912	1518.651105
153.190000	-4.530000	-154.931000	18.180099	-1.178407	70.282396	1520.870878
153.190000	-4.530000	-154.931000	18.430099	-0.894781	70.089728	1523.090651
153.190000	-4.530000	-154.931000	18.680099	-3.714846	69.897033	1525.310424
153.190000	-4.530000	-154.931000	18.930099	-8.670937	69.704181	1528.188058
153.190000	-4.530000	-154.931000	19.180099	-11.604725	69.511294	1532.104416
153.190000	-4.530000	-154.931000	19.430099	-10.417566	69.318245	1536.044353
153.190000	-4.530000	-154.931000	19.680099	-6.722747	69.125155	1539.534394
153.190000	-4.530000	-154.931000	19.930099	-2.910441	68.931896	1542.199857
153.190000	-4.530000	-154.931000	20.180099	-2.266986	68.738591	1544.865321
153.190000	-4.530000	-154.931000	20.430099	-1.450035	68.545111	1547.436084
153.190000	-4.530000	-154.931000	20.680099	-0.847729	68.351578	1549.855064
153.190000	-4.530000	-154.681000	17.680099	-1.149006	70.799198	1522.263087
153.190000	-4.530000	-154.681000	17.930099	-0.725746	70.608169	1524.538493
153.190000	-4.530000	-154.681000	18.180099	-0.452051	70.417008	1526.813898
153.190000	-4.530000	-154.681000	18.430099	-0.178947	70.225793	1529.089303
153.190000	-4.530000	-154.681000	18.680099	-3.428104	70.034442	1531.364709
153.190000	-4.530000	-154.681000	18.930099	-9.016390	69.843028	1534.536159
153.190000	-4.530000	-154.681000	19.180099	-10.613018	69.651475	1538.564482
153.190000	-4.530000	-154.681000	19.430099	-8.660450	69.459851	1542.270787
153.190000	-4.530000	-154.681000	19.680099	-6.672914	69.268082	1545.211256
153.190000	-4.530000	-154.681000	19.930099	-4.925047	69.076235	1548.151724
153.190000	-4.530000	-154.681000	20.180099	-2.819833	68.884239	1550.857848
153.190000	-4.530000	-154.681000	20.430099	-1.587680	68.692157	1553.276828
153.190000	-4.530000	-154.681000	20.680099	-1.286143	68.499921	1555.695808
153.190000	-4.530000	-154.431000	17.680099	-2.426362	70.930313	1528.700982
153.190000	-4.530000	-154.431000	17.930099	-0.909491	70.740643	1531.074969
153.190000	-4.530000	-154.431000	18.180099	0.015697	70.550937	1533.350374
153.190000	-4.530000	-154.431000	18.430099	0.445470	70.361070	1535.625780
153.190000	-4.530000	-154.431000	18.680099	-2.834963	70.171161	1537.901185
153.190000	-4.530000	-154.431000	18.930099	-8.428239	69.981084	1541.084612
153.190000	-4.530000	-154.431000	19.180099	-9.317904	69.790960	1544.996592
153.190000	-4.530000	-154.431000	19.430099	-6.945576	69.600661	1547.937061
153.190000	-4.530000	-154.431000	19.680099	-6.818292	69.410309	1550.877529
153.190000	-4.530000	-154.431000	19.930099	-5.501520	69.219776	1553.855043
153.190000	-4.530000	-154.431000	20.180099	-3.670312	69.029183	1556.411406
153.190000	-4.530000	-154.431000	20.430099	-3.031098	68.838402	1558.891637
153.190000	-4.530000	-154.181000	17.680099	-3.883546	71.060555	1534.680164
153.190000	-4.530000	-154.181000	17.930099	-3.454100	70.872344	1537.196405
153.190000	-4.530000	-154.181000	18.180099	-2.602446	70.683990	1539.712645
153.190000	-4.530000	-154.181000	18.430099	-1.078189	70.495570	1542.162256
153.190000	-4.530000	-154.181000	18.680099	-3.491060	70.307002	1544.437661
153.190000	-4.530000	-154.181000	18.930099	-6.876219	70.118360	1547.633066
153.190000	-4.530000	-154.181000	19.180099	-7.694748	69.929566	1550.662866
153.190000	-4.530000	-154.181000	19.430099	-7.231086	69.740689	1553.643010
153.190000	-4.530000	-154.181000	19.680099	-6.122550	69.551656	1556.624310
153.190000	-4.530000	-154.181000	19.930099	-4.865382	69.362532	1559.357660
153.190000	-4.530000	-154.181000	20.180099	-3.736507	69.173246	1561.837892
153.190000	-4.530000	-153.931000	17.680099	-4.220157	71.190139	1540.659347
153.190000	-4.530000	-153.931000	17.930099	-4.141515	71.003283	1543.175587
153.190000	-4.530000	-153.931000	18.180099	-4.063789	70.816378	1545.691828
153.190000	-4.530000	-153.931000	18.430099	-3.665828	70.629302	1548.208068
153.190000	-4.530000	-153.931000	18.680099	-4.141170	70.442172	1550.675355
153.190000	-4.530000	-153.931000	18.930099	-6.671608	70.254863	1553.430977
153.190000	-4.530000	-153.931000	19.180099	-7.473687	70.067494	1556.412277
153.190000	-4.530000	-153.931000	19.430099	-7.004458	69.879941	1559.393576
153.190000	-4.530000	-153.931000	19.680099	-5.582894	69.692320	1562.303915
153.190000	-4.530000	-153.931000	19.930099	-4.067769	69.504508	1564.784146
153.190000	-4.530000	-153.681000	17.680099	-4.397747	71.318868	1546.518698
153.190000	-4.530000	-153.681000	17.930099	-4.323744	71.133466	1548.973110
153.190000	-4.530000	-153.681000	18.180099	-4.250605	70.947908	1551.427522
153.190000	-4.530000	-153.681000	18.430099	-4.178425	70.762275	1553.881933
153.190000	-4.530000	-153.681000	18.680099	-5.659908	70.576481	1556.336345
153.190000	-4.530000	-153.681000	18.930099	-7.257473	70.390604	1559.181543
153.190000	-4.530000	-153.681000	19.180099	-7.608403	70.204562	1562.162842
153.190000	-4.530000	-153.681000	19.430099	-6.282148	70.018427	1565.144142
153.190000	-4.530000	-153.681000	19.680099	-4.856690	69.832123	1567.730401
153.190000	-4.530000	-153.431000	17.930099	-4.702812	71.262905	1554.634100
153.190000	-4.530000	-153.431000	18.180099	-4.518699	71.078791	1557.088511
153.190000	-4.530000	-153.431000	18.430099	-4.334405	70.894498	1559.542923
153.190000	-4.530000	-153.431000	18.680099	-6.079987	70.710138	1561.997335
153.190000	-4.530000	-153.431000	18.930099	-7.746453	70.525591	1564.932109
153.190000	-4.530000	-153.431000	19.180099	-6.964039	70.340970	1567.913408
153.190000	-4.530000	-153.431000	19.430099	-5.725558	70.156156	1570.676655
153.190000	-4.530000	-153.181000	18.180099	-4.648742	71.208835	1562.749501
153.190000	-4.530000	-153.181000	18.430099	-4.649020	71.025979	1565.203913
153.190000	-4.530000	-153.181000	18.680099	-6.404838	70.842952	1567.701375
153.190000	-4.530000	-153.181000	18.930099	-7.902204	70.659832	1570.682674
153.190000	-4.530000	-153.181000	19.180099	-6.431141	70.476535	1573.622910
153.190000	-4.530000	-152.931000	18.180099	-4.778156	71.338249	1568.410491
153.190000	-4.530000	-152.931000	18.430099	-5.159180	71.156729	1570.864902
153.190000	-4.530000	-152.931000	18.680099	-6.809339	70.975131	1573.451941
153.190000	-4.530000	-152.931000	18.930099	-7.118707	70.793337	1576.433240
153.190000	-4.530000	-152.681000	18.430099	-5.666390	71.286754	1576.525892
153.190000	-4.530000	-152.681000	18.680099	-6.563111	71.106485	1579.202506
