-154.797394	18.803101	2121.510000
-157.931000	21.646000	2030.069000
-155.996994	20.771000	2082.059000
-154.983002	19.601000	2113.061000
-156.658005	20.891001	2067.075000
-156.755997	21.136000	2064.093000
-154.617798	20.088900	2120.062000
-154.994400	21.507000	2109.233000
-154.482803	21.001900	2123.059000
-153.982697	21.519699	2134.170000
-153.292099	20.892599	2154.060000
-153.992294	18.797600	2140.044000
-152.132401	18.481400	2184.155000
-153.290604	17.906200	2156.144000
-154.691299	17.180099	2120.052000
-154.030502	17.988400	2144.014000
-154.495895	18.401699	2124.115000
-154.797394	18.803101	2121.060000
-155.714996	18.000299	2094.251000
-156.465103	18.775000	2073.311000
-157.227295	18.984800	2052.079000
-157.627594	20.346100	2040.203000
