-155.772995	19.079000	1688.034000
-155.996994	20.771000	1688.006000
-154.983002	19.601000	1665.004000
-155.710999	20.046000	1684.009000
-156.658005	20.891001	1706.001000
-157.270004	21.108999	1721.026000
-156.755997	21.136000	1708.026000
-154.617798	20.088900	1655.997000
-153.992294	18.797600	1642.007000
-152.132401	18.481400	1600.994000
-154.691299	17.180099	1663.008000
-154.495895	18.401699	1662.991000
-155.714996	18.000299	1686.993000
-157.227295	18.984800	1726.003000
-156.510101	19.477699	1706.989000
-156.932007	19.832701	1717.994000
-157.627594	20.346100	1733.002000
