140.810000	35.610000	-158.651001	21.430099	-0.851823	120.999164	1479.035377
140.810000	35.610000	-158.401001	21.180099	-0.604375	121.127329	1487.702098
140.810000	35.610000	-158.401001	21.430099	-3.269979	121.009241	1484.573435
140.810000	35.610000	-158.151001	20.680099	1.643378	121.368606	1499.711386
140.810000	35.610000	-158.151001	20.930099	-0.539624	121.253053	1496.368820
140.810000	35.610000	-158.151001	21.180099	-1.673006	121.136792	1493.240157
140.810000	35.610000	-158.151001	21.430099	-5.367216	121.019887	1490.111493
140.810000	35.610000	-157.901001	20.430099	1.716399	121.489965	1508.408869
140.810000	35.610000	-157.901001	20.680099	-0.471961	121.376188	1505.035542
140.810000	35.610000	-157.901001	20.930099	-1.798103	121.261890	1501.906879
140.810000	35.610000	-157.901001	21.180099	-2.675841	121.146798	1498.778215
140.810000	35.610000	-157.651001	19.930099	1.089065	121.720120	1520.602348
140.810000	35.610000	-157.651001	20.180099	0.124320	121.608844	1517.106351
140.810000	35.610000	-157.651001	20.430099	-1.832917	121.496976	1513.702264
140.810000	35.610000	-157.651001	20.680099	-2.494836	121.384441	1510.573601
140.810000	35.610000	-157.651001	20.930099	-1.807511	121.271297	1507.444937
140.810000	35.610000	-157.651001	21.180099	-4.391267	121.157466	1504.316274
140.810000	35.610000	-157.401001	19.680099	-2.375097	121.834847	1529.430385
140.810000	35.610000	-157.401001	19.930099	-3.587882	121.725427	1526.246494
140.810000	35.610000	-157.401001	20.180099	-4.089777	121.615275	1523.062603
140.810000	35.610000	-157.401001	20.430099	-3.243248	121.504633	1519.878711
140.810000	35.610000	-157.401001	20.680099	-2.080994	121.393239	1516.375533
140.810000	35.610000	-157.401001	20.930099	-2.693820	121.281341	1512.982996
140.810000	35.610000	-157.401001	21.180099	-6.743128	121.168670	1509.923289
140.810000	35.610000	-157.151001	19.430099	-4.540370	121.947374	1538.877142
140.810000	35.610000	-157.151001	19.680099	-4.804391	121.839623	1535.693251
140.810000	35.610000	-157.151001	19.930099	-4.751231	121.731315	1532.509359
140.810000	35.610000	-157.151001	20.180099	-4.674678	121.622374	1529.325468
140.810000	35.610000	-157.151001	20.430099	-4.194856	121.512861	1526.141577
140.810000	35.610000	-157.151001	20.680099	-3.310851	121.402698	1522.855471
140.810000	35.610000	-157.151001	20.930099	-2.554041	121.291947	1519.285325
140.810000	35.610000	-157.151001	21.180099	-5.817116	121.180527	1515.846389
140.810000	35.610000	-156.901001	19.180099	-9.461266	122.057568	1548.018976
140.810000	35.610000	-156.901001	19.430099	-5.626612	121.951611	1545.063056
140.810000	35.610000	-156.901001	19.680099	-4.841531	121.844958	1541.908887
140.810000	35.610000	-156.901001	19.930099	-4.745167	121.737847	1538.754717
140.810000	35.610000	-156.901001	20.180099	-4.584032	121.630022	1535.588334
140.810000	35.610000	-156.901001	20.430099	-4.467231	121.521725	1532.404442
140.810000	35.610000	-156.901001	20.680099	-3.627252	121.412695	1529.220551
140.810000	35.610000	-156.901001	20.930099	-0.785188	121.303179	1525.765262
140.810000	35.610000	-156.901001	21.180099	-3.670775	121.192911	1521.769488
140.810000	35.610000	-156.651001	18.930099	-5.337194	122.165644	1554.788293
140.810000	35.610000	-156.651001	19.180099	-12.861388	122.061298	1553.133183
140.810000	35.610000	-156.651001	19.430099	-8.256525	121.956427	1551.226400
140.810000	35.610000	-156.651001	19.680099	-4.749290	121.850959	1548.072231
140.810000	35.610000	-156.651001	19.930099	-4.643282	121.744951	1544.918062
140.810000	35.610000	-156.651001	20.180099	-4.559668	121.638329	1541.763893
140.810000	35.610000	-156.651001	20.430099	-4.508324	121.531153	1538.609724
140.810000	35.610000	-156.651001	20.680099	-3.183848	121.423345	1535.455555
140.810000	35.610000	-156.651001	20.930099	1.680190	121.314967	1531.925641
140.810000	35.610000	-156.401001	18.680099	3.461461	122.271471	1562.542891
140.810000	35.610000	-156.401001	18.930099	-11.175621	122.168859	1559.902500
140.810000	35.610000	-156.401001	19.180099	-14.625327	122.065587	1558.247391
140.810000	35.610000	-156.401001	19.430099	-11.014861	121.961887	1556.592281
140.810000	35.610000	-156.401001	19.680099	-7.153236	121.857509	1554.235575
140.810000	35.610000	-156.401001	19.930099	-4.651022	121.752690	1551.081406
140.810000	35.610000	-156.401001	20.180099	-4.545508	121.647176	1547.927237
140.810000	35.610000	-156.401001	20.430099	-4.612207	121.541207	1544.773068
140.810000	35.610000	-156.401001	20.680099	-2.846915	121.434525	1541.665704
140.810000	35.610000	-156.401001	20.930099	3.451656	121.327373	1537.721395
140.810000	35.610000	-156.151001	18.680099	-8.138852	122.274202	1568.716169
140.810000	35.610000	-156.151001	18.930099	-10.182243	122.172653	1565.982402
140.810000	35.610000	-156.151001	19.180099	-11.808563	122.070540	1563.670153
140.810000	35.610000	-156.151001	19.430099	-13.699361	121.967918	1561.706489
140.810000	35.610000	-156.151001	19.680099	-9.865026	121.864718	1560.051379
140.810000	35.610000	-156.151001	19.930099	-5.954048	121.760994	1557.244750
140.810000	35.610000	-156.151001	20.180099	-4.555007	121.656675	1554.090581
140.810000	35.610000	-156.151001	20.430099	-7.686652	121.551818	1550.936412
140.810000	35.610000	-156.151001	20.680099	-1.933089	121.446349	1548.395895
140.810000	35.610000	-156.151001	20.930099	6.043236	121.340326	1543.517149
140.810000	35.610000	-155.901001	18.430099	-8.620846	122.377497	1577.865385
140.810000	35.610000	-155.901001	18.680099	-9.197542	122.277493	1575.131617
140.810000	35.610000	-155.901001	18.930099	-9.728248	122.177090	1572.397850
140.810000	35.610000	-155.901001	19.180099	-10.755943	122.076044	1569.830303
140.810000	35.610000	-155.901001	19.430099	-11.216924	121.974586	1567.554620
140.810000	35.610000	-155.901001	19.680099	-11.864743	121.872468	1565.278936
140.810000	35.610000	-155.901001	19.930099	-8.909201	121.769925	1563.408094
140.810000	35.610000	-155.901001	20.180099	-6.270144	121.666706	1560.253925
140.810000	35.610000	-155.901001	20.430099	-7.356403	121.563047	1557.644981
140.810000	35.610000	-155.901001	20.680099	4.148786	121.458695	1554.772129
140.810000	35.610000	-155.901001	20.930099	7.217550	121.353889	1549.312902
140.810000	35.610000	-155.651001	18.180099	-8.521351	122.478653	1587.014601
140.810000	35.610000	-155.651001	18.430099	-9.033761	122.380315	1584.280833
140.810000	35.610000	-155.651001	18.680099	-9.194476	122.281447	1581.547066
140.810000	35.610000	-155.651001	18.930099	-9.102148	122.182099	1578.813298
140.810000	35.610000	-155.651001	19.180099	-10.153540	122.082204	1576.079530
140.810000	35.610000	-155.651001	19.430099	-11.342922	121.981817	1573.714770
140.810000	35.610000	-155.651001	19.680099	-11.605623	121.880869	1571.439086
140.810000	35.610000	-155.651001	19.930099	-7.573770	121.779413	1569.163403
140.810000	35.610000	-155.651001	20.180099	-3.698798	121.677380	1566.229551
140.810000	35.610000	-155.651001	20.430099	-1.591782	121.574825	1563.130180
140.810000	35.610000	-155.651001	20.680099	5.573331	121.471677	1560.030809
140.810000	35.610000	-155.651001	20.930099	4.952006	121.367992	1555.191821
140.810000	35.610000	-155.401001	18.180099	-9.531025	122.480991	1593.106881
140.810000	35.610000	-155.401001	18.430099	-9.700549	122.383776	1590.532519
140.810000	35.610000	-155.401001	18.680099	-9.257967	122.285952	1587.958156
140.810000	35.610000	-155.401001	18.930099	-8.808738	122.187742	1585.228746
140.810000	35.610000	-155.401001	19.180099	-9.385774	122.088908	1582.494979
140.810000	35.610000	-155.401001	19.430099	-10.541940	121.989676	1579.874920
140.810000	35.610000	-155.401001	19.680099	-10.289065	121.889803	1577.599236
140.810000	35.610000	-155.401001	19.930099	-3.900354	121.789520	1574.996784
140.810000	35.610000	-155.401001	20.180099	-0.376677	121.688578	1571.611008
140.810000	35.610000	-155.401001	20.430099	-0.721000	121.587214	1568.388859
140.810000	35.610000	-155.401001	20.680099	3.332988	121.485174	1565.289488
140.810000	35.610000	-155.401001	20.930099	2.771095	121.382697	1561.074159
140.810000	35.610000	-155.151001	17.930099	-9.586677	122.579720	1601.748110
140.810000	35.610000	-155.151001	18.180099	-9.490947	122.483990	1599.173747
140.810000	35.610000	-155.151001	18.430099	-9.394765	122.387808	1596.599385
140.810000	35.610000	-155.151001	18.680099	-9.298068	122.291111	1594.025022
140.810000	35.610000	-155.151001	18.930099	-9.457033	122.193950	1591.450660
140.810000	35.610000	-155.151001	19.180099	-9.018800	122.096260	1588.876297
140.810000	35.610000	-155.151001	19.430099	-9.503372	121.998092	1586.176659
140.810000	35.610000	-155.151001	19.680099	-6.067441	121.899379	1583.759387
140.810000	35.610000	-155.151001	19.930099	-0.496069	121.800176	1580.478372
140.810000	35.610000	-155.151001	20.180099	0.001701	121.700412	1577.092595
140.810000	35.610000	-155.151001	20.430099	-0.384659	121.600144	1573.706819
140.810000	35.610000	-155.151001	20.680099	1.194132	121.499299	1570.548167
140.810000	35.610000	-154.901001	17.680099	-9.295414	122.676378	1610.389339
140.810000	35.610000	-154.901001	17.930099	-9.082646	122.582248	1607.814976
140.810000	35.610000	-154.901001	18.180099	-8.868160	122.487540	1605.240614
140.810000	35.610000	-154.901001	18.430099	-8.652158	122.392474	1602.666251
140.810000	35.610000	-154.901001	18.680099	-8.423696	122.296815	1600.091889
140.810000	35.610000	-154.901001	18.930099	-7.926520	122.200785	1597.514928
140.810000	35.610000	-154.901001	19.180099	-7.437285	122.104147	1594.873192
140.810000	35.610000	-154.901001	19.430099	-6.554805	122.007127	1592.231456
140.810000	35.610000	-154.901001	19.680099	-2.492345	121.909482	1589.369960
140.810000	35.610000	-154.901001	19.930099	-0.242548	121.811443	1585.959960
140.810000	35.610000	-154.901001	20.180099	-0.142013	121.712763	1582.574183
140.810000	35.610000	-154.901001	20.430099	0.034664	121.613677	1579.188406
140.810000	35.610000	-154.901001	20.680099	-0.396204	121.513932	1575.806846
140.810000	35.610000	-154.651001	17.680099	-7.715729	122.678463	1616.231328
140.810000	35.610000	-154.651001	17.930099	-7.491844	122.585346	1613.589592
140.810000	35.610000	-154.651001	18.180099	-7.266187	122.491743	1610.947856
140.810000	35.610000	-154.651001	18.430099	-7.038788	122.397703	1608.306120
140.810000	35.610000	-154.651001	18.680099	-6.809567	122.303164	1605.664384
140.810000	35.610000	-154.651001	18.930099	-6.583826	122.208176	1603.022648
140.810000	35.610000	-154.651001	19.180099	-6.488324	122.112674	1600.380912
140.810000	35.610000	-154.651001	19.430099	-5.286510	122.016711	1597.739176
140.810000	35.610000	-154.651001	19.680099	-2.310441	121.920219	1594.881719
140.810000	35.610000	-154.651001	19.930099	-0.611148	121.823252	1591.538199
140.810000	35.610000	-154.651001	20.180099	-0.113088	121.725742	1588.112200
140.810000	35.610000	-154.651001	20.430099	-0.012312	121.627744	1584.686200
140.810000	35.610000	-154.651001	20.680099	-0.217812	121.529186	1581.284217
140.810000	35.610000	-154.401001	17.930099	-6.964727	122.589077	1619.097313
140.810000	35.610000	-154.401001	18.180099	-6.872141	122.496491	1616.455577
140.810000	35.610000	-154.401001	18.430099	-6.779209	122.403559	1613.813840
140.810000	35.610000	-154.401001	18.680099	-6.685701	122.310051	1611.172104
140.810000	35.610000	-154.401001	18.930099	-6.591837	122.216187	1608.530368
140.810000	35.610000	-154.401001	19.180099	-6.093426	122.121731	1605.888632
140.810000	35.610000	-154.401001	19.430099	-4.613606	122.026907	1603.151041
140.810000	35.610000	-154.401001	19.680099	-2.799694	121.931476	1600.281317
140.810000	35.610000	-154.401001	19.930099	-1.395149	121.835665	1597.132437
140.810000	35.610000	-154.401001	20.180099	-0.255275	121.739232	1593.706438
140.810000	35.610000	-154.151001	18.180099	-6.877532	122.501882	1621.963297
140.810000	35.610000	-154.151001	18.430099	-6.785621	122.409971	1619.321561
140.810000	35.610000	-154.151001	18.680099	-6.693226	122.317576	1616.679825
140.810000	35.610000	-154.151001	18.930099	-6.600397	122.224747	1614.038089
140.810000	35.610000	-154.151001	19.180099	-5.475096	122.131420	1611.396353
140.810000	35.610000	-154.151001	19.430099	-4.147771	122.037646	1608.550640
140.810000	35.610000	-154.151001	19.680099	-3.605548	121.943359	1605.680916
140.810000	35.610000	-154.151001	19.930099	-1.910134	121.848614	1602.726675
140.810000	35.610000	-153.901001	18.430099	-6.792652	122.417002	1624.829281
140.810000	35.610000	-153.901001	18.680099	-6.701282	122.325632	1622.187545
140.810000	35.610000	-153.901001	18.930099	-6.254957	122.233919	1619.545809
140.810000	35.610000	-153.901001	19.180099	-4.802779	122.141630	1616.819962
140.810000	35.610000	-153.901001	19.430099	-4.059689	122.048988	1613.950238
140.810000	35.610000	-153.651001	18.680099	-6.709968	122.334318	1627.695265
140.810000	35.610000	-153.651001	18.930099	-5.661124	122.243634	1625.053529
