-153.295898	18.800900	1633.867000
-155.714996	18.000299	1587.051000
-157.627594	20.346100	1514.922000
-155.996994	20.771000	1551.626000
-154.983002	19.601000	1588.619000
-155.710999	20.046000	1566.630000
-159.401001	21.971001	1455.652000
-156.658005	20.891001	1532.622000
-157.270004	21.108999	1513.646000
-154.482803	21.001900	1580.614000
-153.902405	19.979099	1607.618000
-153.295898	18.800900	1634.617000
-154.691299	17.180099	1620.627000
-155.714996	18.000299	1587.626000
-156.465103	18.775000	1559.618000
-157.227295	18.984800	1542.637000
-157.627594	20.346100	1515.622000
