146.180000	-3.330000	-156.727295	18.797501	-1.263653	73.850781	1650.194949
146.180000	-3.330000	-156.727295	19.047501	-0.496394	73.684095	1652.153197
146.180000	-3.330000	-156.477295	18.547501	-4.773792	74.137246	1654.372544
146.180000	-3.330000	-156.477295	18.797501	-3.012887	73.972159	1656.660474
146.180000	-3.330000	-156.477295	19.047501	-1.161222	73.806908	1658.567601
146.180000	-3.330000	-156.227295	18.547501	-3.482583	74.256692	1660.379884
146.180000	-3.330000	-156.227295	18.797501	-2.971411	74.093040	1662.350203
146.180000	-3.330000	-156.227295	19.047501	-2.314211	73.929123	1664.256627
146.180000	-3.330000	-156.227295	19.297501	-3.909885	73.765028	1666.131889
146.180000	-3.330000	-155.977295	18.547501	-2.239725	74.375544	1666.090646
146.180000	-3.330000	-155.977295	18.797501	-2.663723	74.213225	1667.997477
146.180000	-3.330000	-155.977295	19.047501	-3.510227	74.050739	1669.945653
146.180000	-3.330000	-155.977295	19.297501	-4.739863	73.887972	1672.070543
146.180000	-3.330000	-155.977295	19.547501	-5.892309	73.725029	1674.523671
146.180000	-3.330000	-155.727295	18.297501	-1.402175	74.654530	1670.145295
146.180000	-3.330000	-155.727295	18.547501	-1.301266	74.493818	1672.025033
146.180000	-3.330000	-155.727295	18.797501	-1.174969	74.332928	1673.904770
146.180000	-3.330000	-155.727295	19.047501	-2.999459	74.171770	1675.784508
146.180000	-3.330000	-155.727295	19.297501	-4.630580	74.010428	1678.150806
146.180000	-3.330000	-155.727295	19.547501	-4.717933	73.848809	1680.564147
146.180000	-3.330000	-155.477295	18.297501	-3.289140	74.770794	1676.657043
146.180000	-3.330000	-155.477295	18.547501	-0.713283	74.611511	1678.536781
146.180000	-3.330000	-155.477295	18.797501	-0.968352	74.451949	1680.416518
146.180000	-3.330000	-155.477295	19.047501	-2.473918	74.292217	1682.398572
146.180000	-3.330000	-155.477295	19.297501	-3.973178	74.132198	1684.772999
146.180000	-3.330000	-155.477295	19.547501	-3.995371	73.971999	1687.186340
146.180000	-3.330000	-155.477295	19.797501	-2.109485	73.811508	1689.599681
146.180000	-3.330000	-155.227295	18.297501	-6.738704	74.886596	1682.746572
146.180000	-3.330000	-155.227295	18.547501	-2.949288	74.728641	1685.048529
146.180000	-3.330000	-155.227295	18.797501	-1.646455	74.570503	1686.928266
146.180000	-3.330000	-155.227295	19.047501	-3.070100	74.412093	1689.049096
146.180000	-3.330000	-155.227295	19.297501	-3.947348	74.253494	1691.419560
146.180000	-3.330000	-155.227295	19.547501	-3.382541	74.094615	1693.808533
146.180000	-3.330000	-155.227295	19.797501	-0.757646	73.935537	1696.057982
146.180000	-3.330000	-155.227295	20.047501	1.993371	73.776171	1697.602756
146.180000	-3.330000	-154.977295	18.047501	-5.773105	75.158101	1686.246226
146.180000	-3.330000	-154.977295	18.297501	-8.197637	75.001735	1688.545109
146.180000	-3.330000	-154.977295	18.547501	-7.052800	74.845203	1691.240046
146.180000	-3.330000	-154.977295	18.797501	-3.904894	74.688388	1693.440014
146.180000	-3.330000	-154.977295	19.047501	-3.527026	74.531399	1695.699621
146.180000	-3.330000	-154.977295	19.297501	-3.700132	74.374119	1698.070085
146.180000	-3.330000	-154.977295	19.547501	-1.429075	74.216654	1700.440548
146.180000	-3.330000	-154.977295	19.797501	1.108387	74.058893	1702.149249
146.180000	-3.330000	-154.977295	20.047501	1.868605	73.900937	1703.694023
146.180000	-3.330000	-154.727295	18.047501	-5.422560	75.271370	1692.211356
146.180000	-3.330000	-154.727295	18.297501	-7.330682	75.116426	1694.400329
146.180000	-3.330000	-154.727295	18.547501	-9.652936	74.961217	1697.038583
146.180000	-3.330000	-154.727295	18.797501	-9.202681	74.805820	1699.722553
146.180000	-3.330000	-154.727295	19.047501	-6.142615	74.650149	1702.499132
146.180000	-3.330000	-154.727295	19.297501	-2.453978	74.494283	1704.937845
146.180000	-3.330000	-154.727295	19.547501	0.833237	74.338134	1706.976079
146.180000	-3.330000	-154.727295	19.797501	3.137102	74.181782	1708.343476
146.180000	-3.330000	-154.727295	20.047501	2.745027	74.025138	1709.785290
146.180000	-3.330000	-154.477295	18.047501	-5.526412	75.384091	1698.176486
146.180000	-3.330000	-154.477295	18.297501	-6.348444	75.230468	1700.365459
146.180000	-3.330000	-154.477295	18.547501	-8.797794	75.076676	1702.815797
146.180000	-3.330000	-154.477295	18.797501	-12.948563	74.922597	1705.479481
146.180000	-3.330000	-154.477295	19.047501	-12.442611	74.768341	1708.944518
146.180000	-3.330000	-154.477295	19.297501	-4.136553	74.613789	1711.881762
146.180000	-3.330000	-154.477295	19.547501	3.130676	74.459051	1713.304315
146.180000	-3.330000	-154.477295	19.797501	3.670287	74.304010	1714.633884
146.180000	-3.330000	-154.227295	17.797501	-5.769078	75.648305	1701.952644
146.180000	-3.330000	-154.227295	18.047501	-5.818448	75.496282	1704.147329
146.180000	-3.330000	-154.227295	18.297501	-5.840901	75.344075	1706.412162
146.180000	-3.330000	-154.227295	18.547501	-7.206201	75.191600	1708.676994
146.180000	-3.330000	-154.227295	18.797501	-12.617089	75.038934	1711.236410
146.180000	-3.330000	-154.227295	19.047501	-14.828964	74.885991	1714.706998
146.180000	-3.330000	-154.227295	19.297501	-10.463070	74.732848	1717.234004
146.180000	-3.330000	-154.227295	19.547501	-2.701006	74.579421	1719.482755
