170.500000	-22.010000	-158.401001	21.430099	1.098306	34.903236	1451.995411
170.500000	-22.010000	-158.151001	21.180099	1.396183	35.286553	1450.587634
170.500000	-22.010000	-158.151001	21.430099	0.811574	35.129378	1456.106347
170.500000	-22.010000	-157.901001	20.930099	1.012831	35.669905	1449.179857
170.500000	-22.010000	-157.901001	21.180099	0.773303	35.511858	1454.698570
170.500000	-22.010000	-157.901001	21.430099	1.092021	35.354489	1460.378656
170.500000	-22.010000	-157.651001	20.680099	0.539457	36.053373	1447.772080
170.500000	-22.010000	-157.651001	20.930099	0.788291	35.894445	1453.290792
170.500000	-22.010000	-157.651001	21.180099	0.099008	35.736227	1458.809505
170.500000	-22.010000	-157.401001	20.430099	-1.088925	36.436754	1446.274556
170.500000	-22.010000	-157.401001	20.680099	-0.227840	36.277004	1451.856117
170.500000	-22.010000	-157.401001	20.930099	0.127802	36.117926	1457.401728
170.500000	-22.010000	-157.401001	21.180099	0.096779	35.959534	1462.964819
170.500000	-22.010000	-157.151001	20.180099	-1.275209	36.820136	1444.565003
170.500000	-22.010000	-157.151001	20.430099	-1.667732	36.659548	1450.231639
170.500000	-22.010000	-157.151001	20.680099	-0.972100	36.499670	1455.871040
170.500000	-22.010000	-157.151001	20.930099	-1.243811	36.340441	1461.434756
170.500000	-22.010000	-157.151001	21.180099	-0.230749	36.181905	1467.323548
170.500000	-22.010000	-156.901001	19.930099	-0.263243	37.203311	1442.866000
170.500000	-22.010000	-156.901001	20.180099	-0.923115	37.041949	1448.522086
170.500000	-22.010000	-156.901001	20.430099	-1.179165	36.881256	1454.188722
170.500000	-22.010000	-156.901001	20.680099	-1.149422	36.721251	1459.855359
170.500000	-22.010000	-156.901001	20.930099	-1.832185	36.561900	1465.449680
170.500000	-22.010000	-156.901001	21.180099	-1.216557	36.403221	1471.682278
170.500000	-22.010000	-156.651001	19.430099	3.074081	37.749185	1436.258393
170.500000	-22.010000	-156.651001	19.680099	3.432732	37.586369	1442.675572
170.500000	-22.010000	-156.651001	19.930099	3.641362	37.424215	1447.287114
170.500000	-22.010000	-156.651001	20.180099	0.938230	37.262771	1452.827377
170.500000	-22.010000	-156.651001	20.430099	0.672386	37.101973	1458.376049
170.500000	-22.010000	-156.651001	20.680099	0.055566	36.941869	1463.924722
170.500000	-22.010000	-156.651001	20.930099	-1.543712	36.782398	1469.633181
170.500000	-22.010000	-156.651001	21.180099	-1.760356	36.623604	1476.041008
170.500000	-22.010000	-156.401001	19.180099	-0.524395	38.132686	1434.810205
170.500000	-22.010000	-156.401001	19.430099	1.795564	37.969099	1442.518522
170.500000	-22.010000	-156.401001	19.680099	6.911614	37.806222	1447.300160
170.500000	-22.010000	-156.401001	19.930099	4.577509	37.644007	1451.711248
170.500000	-22.010000	-156.401001	20.180099	1.124566	37.482484	1457.248531
170.500000	-22.010000	-156.401001	20.430099	1.220751	37.321609	1462.788754
170.500000	-22.010000	-156.401001	20.680099	1.025713	37.161409	1468.337426
170.500000	-22.010000	-156.401001	20.930099	-1.039391	37.001844	1474.009037
170.500000	-22.010000	-156.401001	21.180099	1.096449	36.842937	1480.399737
170.500000	-22.010000	-156.151001	18.930099	-0.982288	38.515880	1433.782632
170.500000	-22.010000	-156.151001	19.180099	1.076138	38.351597	1441.011080
170.500000	-22.010000	-156.151001	19.430099	-0.714640	38.187972	1446.651588
170.500000	-22.010000	-156.151001	19.680099	3.679785	38.025058	1451.778199
170.500000	-22.010000	-156.151001	19.930099	5.140794	37.862787	1456.314556
170.500000	-22.010000	-156.151001	20.180099	1.379223	37.701209	1461.672665
170.500000	-22.010000	-156.151001	20.430099	1.067016	37.540261	1467.209948
170.500000	-22.010000	-156.151001	20.680099	0.955922	37.379990	1472.750131
170.500000	-22.010000	-156.151001	20.930099	-1.135658	37.220333	1478.384892
170.500000	-22.010000	-155.901001	18.680099	-1.441278	38.898652	1433.214227
170.500000	-22.010000	-155.901001	18.930099	0.943030	38.733645	1439.503638
170.500000	-22.010000	-155.901001	19.180099	-1.049538	38.569350	1445.391321
170.500000	-22.010000	-155.901001	19.430099	-0.328459	38.405710	1450.772464
170.500000	-22.010000	-155.901001	19.680099	0.868764	38.242764	1455.911015
170.500000	-22.010000	-155.901001	19.930099	2.778936	38.080461	1460.939143
170.500000	-22.010000	-155.901001	20.180099	1.700399	37.918834	1466.096799
170.500000	-22.010000	-155.901001	20.430099	0.890730	37.757836	1471.634082
170.500000	-22.010000	-155.901001	20.680099	0.932964	37.597498	1477.174243
170.500000	-22.010000	-155.901001	20.930099	-1.057420	37.437777	1482.760747
170.500000	-22.010000	-155.651001	18.430099	-1.901401	39.280996	1432.108512
170.500000	-22.010000	-155.651001	18.680099	-1.229477	39.115345	1437.996195
170.500000	-22.010000	-155.651001	18.930099	-2.050549	38.950349	1443.883879
170.500000	-22.010000	-155.651001	19.180099	-1.463871	38.786061	1449.664147
170.500000	-22.010000	-155.651001	19.430099	-0.171886	38.622414	1454.893339
170.500000	-22.010000	-155.651001	19.680099	0.473147	38.459458	1460.043832
170.500000	-22.010000	-155.651001	19.930099	0.468298	38.297128	1465.125132
170.500000	-22.010000	-155.651001	20.180099	0.688324	38.135474	1470.526337
170.500000	-22.010000	-155.651001	20.430099	0.695309	37.974432	1476.068340
170.500000	-22.010000	-155.651001	20.680099	0.782613	37.814051	1481.610343
170.500000	-22.010000	-155.651001	20.930099	-0.943517	37.654267	1487.183678
170.500000	-22.010000	-155.401001	18.180099	-2.362599	39.662803	1430.601070
170.500000	-22.010000	-155.401001	18.430099	-2.848452	39.496476	1436.488753
170.500000	-22.010000	-155.401001	18.680099	-2.682838	39.330861	1442.376436
170.500000	-22.010000	-155.401001	18.930099	-1.645778	39.165895	1448.264120
170.500000	-22.010000	-155.401001	19.180099	-1.525405	39.001624	1453.785023
170.500000	-22.010000	-155.401001	19.430099	-0.419539	38.837989	1459.014215
170.500000	-22.010000	-155.401001	19.680099	-0.043950	38.675031	1464.176649
170.500000	-22.010000	-155.401001	19.930099	0.111443	38.512696	1469.356884
170.500000	-22.010000	-155.401001	20.180099	-0.366959	38.351022	1474.902850
170.500000	-22.010000	-155.401001	20.430099	0.245161	38.189958	1480.504439
170.500000	-22.010000	-155.401001	20.680099	0.595373	38.029539	1486.046442
170.500000	-22.010000	-155.401001	20.930099	-0.973163	37.869717	1491.608544
170.500000	-22.010000	-155.151001	17.930099	-2.852211	40.044060	1429.093628
170.500000	-22.010000	-155.151001	18.180099	-3.229118	39.877141	1434.981311
170.500000	-22.010000	-155.151001	18.430099	-3.062851	39.710874	1440.868994
170.500000	-22.010000	-155.151001	18.680099	-2.897288	39.545312	1446.756677
170.500000	-22.010000	-155.151001	18.930099	-1.950435	39.380386	1452.644361
170.500000	-22.010000	-155.151001	19.180099	-1.062183	39.216150	1457.905898
170.500000	-22.010000	-155.151001	19.430099	-0.965010	39.052536	1463.135091
170.500000	-22.010000	-155.151001	19.680099	-0.246502	38.889596	1468.309466
170.500000	-22.010000	-155.151001	19.930099	-0.261564	38.727264	1473.695147
170.500000	-22.010000	-155.151001	20.180099	-0.908314	38.565590	1479.230769
170.500000	-22.010000	-155.151001	20.430099	-0.580739	38.404510	1484.911768
170.500000	-22.010000	-155.151001	20.680099	0.336752	38.244074	1490.482541
170.500000	-22.010000	-155.151001	20.930099	2.130437	38.084219	1496.033411
170.500000	-22.010000	-154.901001	17.680099	-5.110005	40.424667	1427.586185
170.500000	-22.010000	-154.901001	17.930099	-5.870223	40.257120	1433.473869
170.500000	-22.010000	-154.901001	18.180099	-6.130946	40.090287	1439.361552
170.500000	-22.010000	-154.901001	18.430099	-6.396651	39.924094	1445.249235
170.500000	-22.010000	-154.901001	18.680099	-5.276294	39.758597	1451.136918
170.500000	-22.010000	-154.901001	18.930099	-3.608191	39.593728	1456.797582
170.500000	-22.010000	-154.901001	19.180099	-2.642862	39.429538	1462.026774
170.500000	-22.010000	-154.901001	19.430099	-2.447239	39.265963	1467.167998
170.500000	-22.010000	-154.901001	19.680099	-0.683433	39.103049	1472.619643
170.500000	-22.010000	-154.901001	19.930099	-0.476470	38.940738	1478.033410
170.500000	-22.010000	-154.901001	20.180099	-1.096226	38.779073	1483.558688
170.500000	-22.010000	-154.901001	20.430099	-1.312022	38.617998	1489.239687
170.500000	-22.010000	-154.901001	20.680099	-0.459795	38.457553	1494.918640
170.500000	-22.010000	-154.651001	17.680099	-6.854136	40.636519	1431.393126
170.500000	-22.010000	-154.651001	17.930099	-8.123943	40.469081	1437.152435
170.500000	-22.010000	-154.651001	18.180099	-9.436274	40.302345	1442.911744
170.500000	-22.010000	-154.651001	18.430099	-10.973934	40.136241	1448.671053
170.500000	-22.010000	-154.651001	18.680099	-8.887673	39.970823	1454.688385
170.500000	-22.010000	-154.651001	18.930099	-5.970586	39.806023	1460.552105
170.500000	-22.010000	-154.651001	19.180099	-4.544721	39.641894	1465.660200
170.500000	-22.010000	-154.651001	19.430099	-3.735878	39.478368	1471.064970
170.500000	-22.010000	-154.651001	19.680099	-2.350466	39.315498	1476.927345
170.500000	-22.010000	-154.651001	19.930099	-0.612824	39.153219	1482.385323
170.500000	-22.010000	-154.651001	20.180099	-1.007503	38.991580	1487.886606
170.500000	-22.010000	-154.651001	20.430099	-1.332363	38.830518	1493.567606
170.500000	-22.010000	-154.651001	20.680099	-1.128992	38.670082	1499.248606
170.500000	-22.010000	-154.401001	17.680099	-4.299533	40.847163	1435.290646
170.500000	-22.010000	-154.401001	17.930099	-5.254580	40.679844	1440.768344
170.500000	-22.010000	-154.401001	18.180099	-6.055253	40.513222	1446.246042
170.500000	-22.010000	-154.401001	18.430099	-8.394034	40.347219	1451.820814
170.500000	-22.010000	-154.401001	18.680099	-9.827352	40.181894	1458.299263
170.500000	-22.010000	-154.401001	18.930099	-7.040051	40.017177	1464.152403
170.500000	-22.010000	-154.401001	19.180099	-4.246490	39.853122	1469.414564
170.500000	-22.010000	-154.401001	19.430099	-3.993361	39.689661	1475.276939
170.500000	-22.010000	-154.401001	19.680099	-3.271327	39.526846	1481.139314
170.500000	-22.010000	-154.401001	19.930099	-1.224049	39.364614	1486.763423
170.500000	-22.010000	-154.401001	20.180099	-0.953084	39.203012	1492.290241
170.500000	-22.010000	-154.401001	20.430099	-1.260828	39.041980	1497.957474
170.500000	-22.010000	-154.401001	20.680099	-2.363052	38.881563	1503.624708
170.500000	-22.010000	-154.151001	17.680099	-3.230527	41.056698	1439.498726
170.500000	-22.010000	-154.151001	17.930099	-3.411069	40.889517	1444.945302
170.500000	-22.010000	-154.151001	18.180099	-3.726874	40.723018	1450.495964
170.500000	-22.010000	-154.151001	18.430099	-3.547296	40.557131	1456.189054
170.500000	-22.010000	-154.151001	18.680099	-6.304332	40.391911	1461.910140
170.500000	-22.010000	-154.151001	18.930099	-6.657651	40.227291	1467.764159
170.500000	-22.010000	-154.151001	19.180099	-4.486459	40.063323	1473.626534
170.500000	-22.010000	-154.151001	19.430099	-4.286512	39.899940	1479.488909
170.500000	-22.010000	-154.151001	19.680099	-3.919602	39.737195	1485.351284
170.500000	-22.010000	-154.151001	19.930099	-2.258530	39.575022	1491.141522
170.500000	-22.010000	-154.151001	20.180099	-2.413106	39.413471	1496.711263
170.500000	-22.010000	-154.151001	20.430099	-2.907384	39.252480	1502.353549
170.500000	-22.010000	-154.151001	20.680099	-3.273780	39.092098	1507.537844
170.500000	-22.010000	-153.901001	17.680099	-3.125730	41.265039	1443.734833
170.500000	-22.010000	-153.901001	17.930099	-3.101073	41.098002	1449.200251
170.500000	-22.010000	-153.901001	18.180099	-3.794368	40.931644	1454.717630
170.500000	-22.010000	-153.901001	18.430099	-4.744104	40.765884	1460.425085
170.500000	-22.010000	-153.901001	18.680099	-4.832291	40.600785	1466.132539
170.500000	-22.010000	-153.901001	18.930099	-5.251576	40.436273	1471.927811
170.500000	-22.010000	-153.901001	19.180099	-5.231218	40.272406	1477.801502
170.500000	-22.010000	-153.901001	19.430099	-5.030945	40.109114	1483.675193
170.500000	-22.010000	-153.901001	19.680099	-5.942379	39.946451	1489.548884
170.500000	-22.010000	-153.901001	19.930099	-5.724693	39.784351	1495.422576
170.500000	-22.010000	-153.901001	20.180099	-4.357849	39.622865	1500.739222
170.500000	-22.010000	-153.901001	20.430099	-4.910170	39.461930	1505.923516
170.500000	-22.010000	-153.901001	20.680099	-4.749834	39.301593	1511.107810
170.500000	-22.010000	-153.651001	17.680099	-2.762711	41.472279	1448.053386
170.500000	-22.010000	-153.651001	17.930099	-2.729058	41.305406	1453.525056
170.500000	-22.010000	-153.651001	18.180099	-2.894290	41.139196	1458.996725
170.500000	-22.010000	-153.651001	18.430099	-4.207808	40.973580	1464.489102
170.500000	-22.010000	-153.651001	18.680099	-5.546778	40.808612	1470.196556
170.500000	-22.010000	-153.651001	18.930099	-5.788417	40.644224	1475.991040
170.500000	-22.010000	-153.651001	19.180099	-6.843042	40.480469	1481.864731
170.500000	-22.010000	-153.651001	19.430099	-7.452134	40.317282	1487.738423
170.500000	-22.010000	-153.651001	19.680099	-7.871775	40.154713	1493.276209
170.500000	-22.010000	-153.651001	19.930099	-9.147810	39.992699	1498.706465
170.500000	-22.010000	-153.651001	20.180099	-8.373709	39.831290	1504.136721
170.500000	-22.010000	-153.651001	20.430099	-6.671063	39.670423	1509.493483
170.500000	-22.010000	-153.651001	20.680099	-4.871095	39.510147	1514.677777
170.500000	-22.010000	-153.401001	17.930099	-2.239225	41.511634	1457.928809
170.500000	-22.010000	-153.401001	18.180099	-2.211517	41.345591	1463.359407
170.500000	-22.010000	-153.401001	18.430099	-2.348268	41.180126	1468.793199
170.500000	-22.010000	-153.401001	18.680099	-3.964970	41.015306	1474.264868
170.500000	-22.010000	-153.401001	18.930099	-5.224461	40.851051	1480.054270
170.500000	-22.010000	-153.401001	19.180099	-5.714762	40.687424	1485.617510
170.500000	-22.010000	-153.401001	19.430099	-6.820325	40.524352	1491.047766
170.500000	-22.010000	-153.401001	19.680099	-7.060803	40.361893	1496.478022
170.500000	-22.010000	-153.401001	19.930099	-6.907420	40.199977	1501.908278
170.500000	-22.010000	-153.401001	20.180099	-6.754636	40.038659	1507.338534
170.500000	-22.010000	-153.401001	20.430099	-6.332219	39.877873	1512.768791
170.500000	-22.010000	-153.151001	18.180099	-2.046764	41.550919	1467.836708
170.500000	-22.010000	-153.151001	18.430099	-1.891501	41.385625	1473.267306
170.500000	-22.010000	-153.151001	18.680099	-1.851453	41.220958	1478.697903
170.500000	-22.010000	-153.151001	18.930099	-2.838632	41.056855	1484.126705
170.500000	-22.010000	-153.151001	19.180099	-3.116366	40.893365	1489.554646
170.500000	-22.010000	-153.151001	19.430099	-2.961060	40.730425	1494.982587
170.500000	-22.010000	-153.151001	19.680099	-2.806356	40.568084	1500.410528
170.500000	-22.010000	-153.151001	19.930099	-2.652191	40.406281	1505.838469
170.500000	-22.010000	-152.901001	18.180099	-2.250947	41.755102	1472.314009
170.500000	-22.010000	-152.901001	18.430099	-2.085828	41.589983	1477.744606
170.500000	-22.010000	-152.901001	18.680099	-1.916675	41.425491	1483.175204
170.500000	-22.010000	-152.901001	18.930099	-1.748550	41.261544	1488.603276
170.500000	-22.010000	-152.901001	19.180099	-1.584875	41.098209	1494.031217
170.500000	-22.010000	-152.901001	19.430099	-1.422074	40.935408	1499.459158
170.500000	-22.010000	-152.651001	18.430099	-2.287598	41.793302	1482.221907
170.500000	-22.010000	-152.651001	18.680099	-2.120574	41.628989	1487.651906
170.500000	-22.010000	-152.651001	18.930099	-1.951885	41.465219	1493.079847
