-80.680000	-44.910000	-158.651001	21.430099	5.655639	317.800877	2680.263229
-80.680000	-44.910000	-158.401001	21.180099	6.196192	317.843641	2671.612436
-80.680000	-44.910000	-158.401001	21.430099	2.997162	317.871886	2676.382457
-80.680000	-44.910000	-158.151001	20.680099	13.524702	317.857304	2657.561399
-80.680000	-44.910000	-158.151001	20.930099	6.735352	317.885915	2662.961643
-80.680000	-44.910000	-158.151001	21.180099	2.954465	317.914583	2667.731664
-80.680000	-44.910000	-158.151001	21.430099	2.925725	317.943323	2672.501685
-80.680000	-44.910000	-157.901001	20.430099	14.031470	317.898608	2648.819975
-80.680000	-44.910000	-157.901001	20.680099	7.088553	317.927642	2654.310850
-80.680000	-44.910000	-157.901001	20.930099	2.546827	317.956781	2659.080871
-80.680000	-44.910000	-157.901001	21.180099	2.330288	317.985942	2663.850892
-80.680000	-44.910000	-157.651001	19.930099	13.413264	317.909954	2634.226251
-80.680000	-44.910000	-157.651001	20.180099	11.153525	317.939390	2640.078552
-80.680000	-44.910000	-157.651001	20.430099	4.407749	317.968893	2645.660057
-80.680000	-44.910000	-157.651001	20.680099	0.613628	317.998452	2650.380963
-80.680000	-44.910000	-157.651001	20.930099	1.366542	318.028081	2655.098448
-80.680000	-44.910000	-157.651001	21.180099	0.912350	318.057768	2659.815932
-80.680000	-44.910000	-157.401001	19.680099	8.109222	317.949787	2625.300886
-80.680000	-44.910000	-157.401001	19.930099	5.900017	317.979691	2630.713455
-80.680000	-44.910000	-157.401001	20.180099	1.030892	318.009613	2636.122762
-80.680000	-44.910000	-157.401001	20.430099	-2.390455	318.039639	2640.879357
-80.680000	-44.910000	-157.401001	20.680099	-1.276705	318.069685	2645.993325
-80.680000	-44.910000	-157.401001	20.930099	-0.995057	318.099838	2650.992589
-80.680000	-44.910000	-157.401001	21.180099	-7.426564	318.130013	2655.710073
-80.680000	-44.910000	-157.151001	19.430099	3.930784	317.989162	2615.503794
-80.680000	-44.910000	-157.151001	19.680099	3.022064	318.019485	2620.916362
-80.680000	-44.910000	-157.151001	19.930099	0.672274	318.049872	2626.328931
-80.680000	-44.910000	-157.151001	20.180099	-3.244445	318.080314	2631.254077
-80.680000	-44.910000	-157.151001	20.430099	-3.435608	318.110824	2636.010672
-80.680000	-44.910000	-157.151001	20.680099	-3.240366	318.141391	2640.881675
-80.680000	-44.910000	-157.151001	20.930099	-4.543474	318.172028	2646.070599
-80.680000	-44.910000	-157.151001	21.180099	-10.598794	318.202724	2650.446121
-80.680000	-44.910000	-156.901001	18.930099	4.509731	317.997336	2600.292807
-80.680000	-44.910000	-156.901001	19.180099	3.200018	318.028025	2605.748895
-80.680000	-44.910000	-156.901001	19.430099	3.120881	318.058812	2611.151853
-80.680000	-44.910000	-156.901001	19.680099	1.711578	318.089616	2616.547853
-80.680000	-44.910000	-156.901001	19.930099	-1.646308	318.120520	2621.638628
-80.680000	-44.910000	-156.901001	20.180099	-2.877550	318.151443	2626.385392
-80.680000	-44.910000	-156.901001	20.430099	-3.211528	318.182471	2631.141987
-80.680000	-44.910000	-156.901001	20.680099	-3.009106	318.213519	2635.898582
-80.680000	-44.910000	-156.901001	20.930099	-7.070306	318.244674	2640.958949
-80.680000	-44.910000	-156.901001	21.180099	-8.115938	318.275853	2644.938349
-80.680000	-44.910000	-156.651001	18.680099	6.175081	318.035290	2590.174920
-80.680000	-44.910000	-156.651001	18.930099	3.718185	318.066443	2595.914563
-80.680000	-44.910000	-156.651001	19.180099	2.899900	318.097645	2601.370651
-80.680000	-44.910000	-156.651001	19.430099	2.366241	318.128911	2606.814905
-80.680000	-44.910000	-156.651001	19.680099	-0.397413	318.160228	2612.054725
-80.680000	-44.910000	-156.651001	19.930099	-1.984118	318.191611	2616.985036
-80.680000	-44.910000	-156.651001	20.180099	-2.291907	318.223050	2621.841144
-80.680000	-44.910000	-156.651001	20.430099	-2.646963	318.254556	2626.487828
-80.680000	-44.910000	-156.651001	20.680099	-3.164529	318.286120	2631.134512
-80.680000	-44.910000	-156.651001	20.930099	-5.597341	318.317755	2635.735231
-80.680000	-44.910000	-156.401001	18.430099	7.080746	318.072794	2580.454769
-80.680000	-44.910000	-156.401001	18.680099	4.553582	318.104363	2586.114941
-80.680000	-44.910000	-156.401001	18.930099	2.034854	318.136026	2591.477771
-80.680000	-44.910000	-156.401001	19.180099	2.117117	318.167705	2596.921198
-80.680000	-44.910000	-156.401001	19.430099	-0.033075	318.199481	2602.343063
-80.680000	-44.910000	-156.401001	19.680099	-2.228375	318.231275	2607.314108
-80.680000	-44.910000	-156.401001	19.930099	-2.256060	318.263169	2612.256246
-80.680000	-44.910000	-156.401001	20.180099	-2.188301	318.295084	2617.186556
-80.680000	-44.910000	-156.401001	20.430099	-2.082931	318.327102	2622.043661
-80.680000	-44.910000	-156.401001	20.680099	-2.385324	318.359143	2626.690345
-80.680000	-44.910000	-156.401001	20.930099	-4.533220	318.391290	2631.239388
-80.680000	-44.910000	-156.151001	18.430099	4.812081	318.141850	2576.514037
-80.680000	-44.910000	-156.151001	18.680099	1.615866	318.173927	2581.764850
-80.680000	-44.910000	-156.151001	18.930099	1.314534	318.206063	2586.901820
-80.680000	-44.910000	-156.151001	19.180099	0.795106	318.238250	2592.345248
-80.680000	-44.910000	-156.151001	19.430099	-1.897786	318.270500	2597.511601
-80.680000	-44.910000	-156.151001	19.680099	-2.486995	318.302803	2602.482646
-80.680000	-44.910000	-156.151001	19.930099	-2.433573	318.335171	2607.453690
-80.680000	-44.910000	-156.151001	20.180099	-2.314508	318.367595	2612.424735
-80.680000	-44.910000	-156.151001	20.430099	-2.232673	318.400088	2617.388076
-80.680000	-44.910000	-156.151001	20.680099	-2.910465	318.432638	2622.246178
-80.680000	-44.910000	-156.151001	20.930099	-5.838944	318.465261	2626.646193
-80.680000	-44.910000	-155.901001	18.180099	5.097942	318.178852	2566.913133
-80.680000	-44.910000	-155.901001	18.430099	1.844045	318.211387	2572.218990
-80.680000	-44.910000	-155.901001	18.680099	0.848465	318.243934	2577.333411
-80.680000	-44.910000	-155.901001	18.930099	0.591718	318.276576	2582.447833
-80.680000	-44.910000	-155.901001	19.180099	-0.680659	318.309234	2587.709095
-80.680000	-44.910000	-155.901001	19.430099	-2.029363	318.341990	2592.680139
-80.680000	-44.910000	-155.901001	19.680099	-1.963558	318.374764	2597.651184
-80.680000	-44.910000	-155.901001	19.930099	-1.847133	318.407639	2602.622229
-80.680000	-44.910000	-155.901001	20.180099	-1.687189	318.440534	2607.610804
-80.680000	-44.910000	-155.901001	20.430099	-1.775262	318.473534	2612.614507
-80.680000	-44.910000	-155.901001	20.680099	-3.826729	318.506556	2617.599460
-80.680000	-44.910000	-155.901001	20.930099	-6.421657	318.539686	2622.012717
-80.680000	-44.910000	-155.651001	18.180099	2.133755	318.248379	2562.673129
-80.680000	-44.910000	-155.651001	18.430099	0.775414	318.281382	2567.787551
-80.680000	-44.910000	-155.651001	18.680099	-1.839480	318.314433	2572.901973
-80.680000	-44.910000	-155.651001	18.930099	-2.622030	318.347543	2577.840418
-80.680000	-44.910000	-155.651001	19.180099	-1.679051	318.380705	2583.011222
-80.680000	-44.910000	-155.651001	19.430099	-1.161545	318.413929	2588.014926
-80.680000	-44.910000	-155.651001	19.680099	-1.093823	318.447207	2593.018630
-80.680000	-44.910000	-155.651001	19.930099	-1.025838	318.480551	2598.022333
-80.680000	-44.910000	-155.651001	20.180099	-1.452944	318.513951	2603.026037
-80.680000	-44.910000	-155.651001	20.430099	-2.893317	318.547419	2607.974674
-80.680000	-44.910000	-155.651001	20.680099	-4.883183	318.580946	2612.742342
-80.680000	-44.910000	-155.651001	20.930099	-6.237865	318.614546	2617.257074
-80.680000	-44.910000	-155.401001	17.930099	2.423544	318.284944	2553.127269
-80.680000	-44.910000	-155.401001	18.180099	-0.880849	318.318355	2558.241690
-80.680000	-44.910000	-155.401001	18.430099	-4.853803	318.351859	2563.344978
-80.680000	-44.910000	-155.401001	18.680099	-7.637036	318.385376	2567.785241
-80.680000	-44.910000	-155.401001	18.930099	-2.986907	318.418987	2572.591414
-80.680000	-44.910000	-155.401001	19.180099	-0.635984	318.452615	2578.121679
-80.680000	-44.910000	-155.401001	19.430099	-0.518694	318.486340	2583.430159
-80.680000	-44.910000	-155.401001	19.680099	-1.018320	318.520084	2588.433863
-80.680000	-44.910000	-155.401001	19.930099	-1.709262	318.553929	2593.437567
-80.680000	-44.910000	-155.401001	20.180099	-3.150265	318.587795	2598.349888
-80.680000	-44.910000	-155.401001	20.430099	-4.154243	318.621765	2603.117556
-80.680000	-44.910000	-155.401001	20.680099	-4.679729	318.655759	2607.885224
-80.680000	-44.910000	-155.401001	20.930099	-7.638871	318.689860	2612.490634
-80.680000	-44.910000	-155.151001	17.930099	-3.893491	318.354917	2548.695830
-80.680000	-44.910000	-155.151001	18.180099	-7.859589	318.388827	2553.289801
-80.680000	-44.910000	-155.151001	18.430099	-10.085921	318.422794	2557.730063
-80.680000	-44.910000	-155.151001	18.680099	-5.301524	318.456810	2562.170326
-80.680000	-44.910000	-155.151001	18.930099	-0.330120	318.490885	2567.658715
-80.680000	-44.910000	-155.151001	19.180099	-0.256263	318.525011	2573.188979
-80.680000	-44.910000	-155.151001	19.430099	-0.693091	318.559200	2578.719243
-80.680000	-44.910000	-155.151001	19.680099	-1.449771	318.593443	2583.849097
-80.680000	-44.910000	-155.151001	19.930099	-3.406806	318.627752	2588.725103
-80.680000	-44.910000	-155.151001	20.180099	-4.194594	318.662117	2593.492770
-80.680000	-44.910000	-155.151001	20.430099	-4.229029	318.696551	2598.260438
-80.680000	-44.910000	-155.151001	20.680099	-4.479329	318.731044	2603.028105
-80.680000	-44.910000	-154.901001	17.680099	-6.902771	318.391017	2538.794361
-80.680000	-44.910000	-154.901001	17.930099	-9.703711	318.425377	2543.234623
-80.680000	-44.910000	-154.901001	18.180099	-10.122876	318.459749	2547.674886
-80.680000	-44.910000	-154.901001	18.430099	-7.609910	318.494211	2552.115149
-80.680000	-44.910000	-154.901001	18.680099	-1.564711	318.528688	2557.195752
-80.680000	-44.910000	-154.901001	18.930099	-0.294511	318.563259	2562.726016
-80.680000	-44.910000	-154.901001	19.180099	-0.320224	318.597846	2568.256280
-80.680000	-44.910000	-154.901001	19.430099	-0.771894	318.632531	2573.786544
-80.680000	-44.910000	-154.901001	19.680099	-1.818625	318.667236	2579.150047
-80.680000	-44.910000	-154.901001	19.930099	-3.793126	318.702040	2583.867984
-80.680000	-44.910000	-154.901001	20.180099	-3.925678	318.736867	2588.635652
-80.680000	-44.910000	-154.901001	20.430099	-4.205999	318.771797	2593.403320
-80.680000	-44.910000	-154.901001	20.680099	-4.339229	318.806752	2598.170987
-80.680000	-44.910000	-154.651001	17.680099	-10.124609	318.461482	2533.179446
-80.680000	-44.910000	-154.651001	17.930099	-10.159428	318.496301	2537.619709
-80.680000	-44.910000	-154.651001	18.180099	-9.471612	318.531166	2542.059971
-80.680000	-44.910000	-154.651001	18.430099	-3.878779	318.566088	2546.732788
-80.680000	-44.910000	-154.651001	18.680099	-0.328260	318.601058	2552.263053
-80.680000	-44.910000	-154.651001	18.930099	-0.339659	318.636088	2557.793317
-80.680000	-44.910000	-154.651001	19.180099	-0.345011	318.671169	2563.326656
-80.680000	-44.910000	-154.651001	19.430099	-0.358330	318.706312	2568.862367
-80.680000	-44.910000	-154.651001	19.680099	-1.820747	318.741510	2574.398077
-80.680000	-44.910000	-154.651001	19.930099	-3.130768	318.776773	2579.209290
-80.680000	-44.910000	-154.651001	20.180099	-3.802723	318.812093	2583.894382
-80.680000	-44.910000	-154.651001	20.430099	-3.939207	318.847483	2588.579474
-80.680000	-44.910000	-154.651001	20.680099	-3.973860	318.882931	2593.313869
-80.680000	-44.910000	-154.401001	17.680099	-10.002009	318.532402	2527.564531
-80.680000	-44.910000	-154.401001	17.930099	-10.230839	318.567712	2532.004794
-80.680000	-44.910000	-154.401001	18.180099	-6.191405	318.603034	2536.445057
-80.680000	-44.910000	-154.401001	18.430099	-0.805975	318.638446	2541.800089
-80.680000	-44.910000	-154.401001	18.680099	-0.356841	318.673873	2547.331757
-80.680000	-44.910000	-154.401001	18.930099	-0.366241	318.709393	2552.867467
-80.680000	-44.910000	-154.401001	19.180099	-0.394929	318.744930	2558.403178
-80.680000	-44.910000	-154.401001	19.430099	-0.430563	318.780564	2563.938888
-80.680000	-44.910000	-154.401001	19.680099	-1.587207	318.816218	2569.474598
-80.680000	-44.910000	-154.401001	19.930099	-2.221178	318.851972	2574.583441
-80.680000	-44.910000	-154.401001	20.180099	-3.523198	318.887749	2579.268533
-80.680000	-44.910000	-154.401001	20.430099	-3.609696	318.923628	2583.953625
-80.680000	-44.910000	-154.151001	17.680099	-10.665837	318.603823	2522.381505
-80.680000	-44.910000	-154.151001	17.930099	-7.365812	318.639587	2526.389879
-80.680000	-44.910000	-154.151001	18.180099	-0.553222	318.675397	2531.337126
-80.680000	-44.910000	-154.151001	18.430099	1.243974	318.711264	2536.872568
-80.680000	-44.910000	-154.151001	18.680099	0.958155	318.747179	2542.408278
-80.680000	-44.910000	-154.151001	18.930099	0.661360	318.783153	2547.943988
-80.680000	-44.910000	-154.151001	19.180099	0.366530	318.819179	2553.479699
-80.680000	-44.910000	-154.151001	19.430099	0.073641	318.855267	2559.015409
-80.680000	-44.910000	-154.151001	19.680099	-0.551167	318.891409	2564.551119
-80.680000	-44.910000	-154.151001	19.930099	-1.881781	318.927617	2569.957592
-80.680000	-44.910000	-154.151001	20.180099	-4.436762	318.963881	2574.642684
-80.680000	-44.910000	-153.901001	17.680099	-5.711543	318.675699	2517.587412
-80.680000	-44.910000	-153.901001	17.930099	0.060818	318.711949	2521.801409
-80.680000	-44.910000	-153.901001	18.180099	4.928702	318.748211	2527.046799
-80.680000	-44.910000	-153.901001	18.430099	5.107280	318.784563	2532.495540
-80.680000	-44.910000	-153.901001	18.680099	4.773588	318.820930	2537.944281
-80.680000	-44.910000	-153.901001	18.930099	4.442061	318.857390	2543.393022
-80.680000	-44.910000	-153.901001	19.180099	3.918754	318.893867	2548.841764
-80.680000	-44.910000	-153.901001	19.430099	2.694934	318.930440	2554.290505
-80.680000	-44.910000	-153.901001	19.680099	1.508813	318.967034	2559.739246
-80.680000	-44.910000	-153.901001	19.930099	-3.224734	319.003726	2565.187987
-80.680000	-44.910000	-153.651001	17.680099	-0.161593	318.748077	2513.809797
-80.680000	-44.910000	-153.651001	17.930099	3.973795	318.784776	2518.100867
-80.680000	-44.910000	-153.651001	18.180099	7.750540	318.821522	2523.474870
-80.680000	-44.910000	-153.651001	18.430099	7.293768	318.858323	2528.923611
-80.680000	-44.910000	-153.651001	18.680099	6.272786	318.895173	2534.372352
-80.680000	-44.910000	-153.651001	18.930099	5.129564	318.932082	2539.821093
-80.680000	-44.910000	-153.651001	19.180099	3.444545	318.969042	2545.211842
-80.680000	-44.910000	-153.651001	19.430099	1.904707	319.006064	2550.386026
-80.680000	-44.910000	-153.651001	19.680099	-1.814920	319.043140	2555.560210
-80.680000	-44.910000	-153.401001	17.930099	3.331692	318.858091	2514.454199
-80.680000	-44.910000	-153.401001	18.180099	4.528241	318.895283	2519.902940
-80.680000	-44.910000	-153.401001	18.430099	2.837767	318.932565	2525.187109
-80.680000	-44.910000	-153.401001	18.680099	1.587199	318.969862	2530.361292
-80.680000	-44.910000	-153.401001	18.930099	0.654948	319.007251	2535.535476
-80.680000	-44.910000	-153.401001	19.180099	-0.071972	319.044657	2540.709660
-80.680000	-44.910000	-153.401001	19.430099	-2.115108	319.082159	2545.883844
-80.680000	-44.910000	-153.151001	18.180099	0.093860	318.969542	2515.510743
-80.680000	-44.910000	-153.151001	18.430099	-0.034583	319.007268	2520.684927
-80.680000	-44.910000	-153.151001	18.680099	-0.072357	319.045043	2525.859111
-80.680000	-44.910000	-153.151001	18.930099	-0.110190	319.082876	2531.033294
-80.680000	-44.910000	-153.151001	19.180099	-1.416125	319.120760	2536.207478
-80.680000	-44.910000	-152.901001	18.180099	-0.762165	319.044251	2511.008561
-80.680000	-44.910000	-152.901001	18.430099	-0.109767	319.082453	2516.182745
-80.680000	-44.910000	-152.901001	18.680099	-0.147984	319.120669	2521.356929
-80.680000	-44.910000	-152.901001	18.930099	-0.717655	319.158977	2526.531113
-80.680000	-44.910000	-152.651001	18.430099	-0.433916	319.158100	2511.680563
-80.680000	-44.910000	-152.651001	18.680099	-0.311598	319.196789	2516.854747
