-155.679398	21.205500	1247.841000
-153.982697	21.519699	1205.750000
-153.290604	17.906200	1193.642000
-156.465103	18.775000	1274.635000
-155.772995	19.079000	1254.505000
-154.983002	19.601000	1233.501000
-155.679398	21.205500	1248.466000
-153.982697	21.519699	1206.475000
-153.992294	18.797600	1209.470000
-153.290604	17.906200	1193.467000
-153.700806	17.297501	1208.460000
-154.691299	17.180099	1233.466000
-155.714996	18.000299	1255.477000
-156.808197	18.404200	1286.465000
-156.465103	18.775000	1275.460000
-157.227295	18.984800	1292.471000
-157.627594	20.346100	1299.460000
