-155.772995	19.079000	2968.835000
-157.931000	21.646000	2897.836000
-155.679398	21.205500	2956.811000
-154.482803	21.001900	2990.793000
-153.292099	20.892599	3017.793000
-153.992294	18.797600	3017.787000
-153.295898	18.800900	3034.803000
-152.132401	18.481400	3064.804000
-154.495895	18.401699	3005.790000
-154.797394	18.803101	2996.806000
-155.714996	18.000299	2975.805000
-156.808197	18.404200	2946.795000
-156.167007	18.301001	2963.790000
-157.227295	18.984800	2932.802000
-156.510101	19.477699	2948.802000
-156.932007	19.832701	2935.795000
