-85.560000	11.380000	-158.651001	21.430099	4.514686	264.797684	1938.816872
-85.560000	11.380000	-158.401001	21.180099	4.685666	264.799902	1933.981275
-85.560000	11.380000	-158.401001	21.430099	3.577206	264.888161	1933.848159
-85.560000	11.380000	-158.151001	20.680099	7.115394	264.710841	1929.070502
-85.560000	11.380000	-158.151001	20.930099	4.860047	264.799792	1929.145678
-85.560000	11.380000	-158.151001	21.180099	3.576291	264.889075	1929.012562
-85.560000	11.380000	-158.151001	21.430099	3.486690	264.978677	1928.879447
-85.560000	11.380000	-157.901001	20.430099	7.307791	264.707205	1924.204951
-85.560000	11.380000	-157.901001	20.680099	5.043211	264.797180	1924.310081
-85.560000	11.380000	-157.901001	20.930099	3.672803	264.887567	1924.176965
-85.560000	11.380000	-157.901001	21.180099	3.626811	264.978192	1924.043850
-85.560000	11.380000	-157.901001	21.430099	-16.255823	265.069239	1923.910734
-85.560000	11.380000	-157.651001	19.930099	7.935600	264.610395	1919.114817
-85.560000	11.380000	-157.651001	20.180099	7.227712	264.701164	1919.339400
-85.560000	11.380000	-157.651001	20.430099	3.611361	264.792241	1919.474484
-85.560000	11.380000	-157.651001	20.680099	0.637556	264.883651	1919.024370
-85.560000	11.380000	-157.651001	20.930099	0.541913	264.975379	1918.552168
-85.560000	11.380000	-157.651001	21.180099	0.440562	265.067449	1918.079965
-85.560000	11.380000	-157.401001	19.680099	3.552503	264.600831	1914.007545
-85.560000	11.380000	-157.401001	19.930099	1.955109	264.692702	1913.654266
-85.560000	11.380000	-157.401001	20.180099	1.816262	264.784800	1913.300757
-85.560000	11.380000	-157.401001	20.430099	1.806909	264.877313	1912.901238
-85.560000	11.380000	-157.401001	20.680099	1.676962	264.970062	1912.535222
-85.560000	11.380000	-157.401001	20.930099	1.089996	265.063235	1912.130687
-85.560000	11.380000	-157.401001	21.180099	-0.096131	265.156655	1911.658485
-85.560000	11.380000	-157.151001	19.430099	2.245064	264.588944	1907.754715
-85.560000	11.380000	-157.151001	19.680099	2.250821	264.681835	1907.401437
-85.560000	11.380000	-157.151001	19.930099	2.020217	264.775035	1907.048158
-85.560000	11.380000	-157.151001	20.180099	1.739376	264.868568	1906.660520
-85.560000	11.380000	-157.151001	20.430099	1.640556	264.962420	1906.261000
-85.560000	11.380000	-157.151001	20.680099	1.728733	265.056613	1905.872206
-85.560000	11.380000	-157.151001	20.930099	0.328931	265.151135	1905.513217
-85.560000	11.380000	-157.151001	21.180099	0.635250	265.246009	1904.822360
-85.560000	11.380000	-156.901001	19.180099	2.813539	264.574555	1901.567504
-85.560000	11.380000	-156.901001	19.430099	2.069555	264.668547	1901.203206
-85.560000	11.380000	-156.901001	19.680099	1.827956	264.762767	1900.822163
-85.560000	11.380000	-156.901001	19.930099	1.662552	264.857402	1900.421671
-85.560000	11.380000	-156.901001	20.180099	1.580491	264.952273	1900.020282
-85.560000	11.380000	-156.901001	20.430099	1.498715	265.047568	1899.620762
-85.560000	11.380000	-156.901001	20.680099	1.533904	265.143110	1899.221243
-85.560000	11.380000	-156.901001	20.930099	1.158613	265.239086	1898.850202
-85.560000	11.380000	-156.901001	21.180099	1.459531	265.335318	1898.383751
-85.560000	11.380000	-156.651001	18.930099	2.161960	264.557841	1895.178179
-85.560000	11.380000	-156.651001	19.180099	3.166588	264.652854	1894.941739
-85.560000	11.380000	-156.651001	19.430099	2.356484	264.748174	1894.676821
-85.560000	11.380000	-156.651001	19.680099	1.588335	264.843828	1894.282573
-85.560000	11.380000	-156.651001	19.930099	1.381777	264.939801	1893.862154
-85.560000	11.380000	-156.651001	20.180099	1.288921	265.036115	1893.441735
-85.560000	11.380000	-156.651001	20.430099	1.193603	265.132758	1893.021316
-85.560000	11.380000	-156.651001	20.680099	1.220130	265.229753	1892.600897
-85.560000	11.380000	-156.651001	20.930099	1.848275	265.327086	1892.210194
-85.560000	11.380000	-156.651001	21.180099	1.594490	265.424781	1891.956152
-85.560000	11.380000	-156.401001	18.680099	0.777741	264.538623	1888.938336
-85.560000	11.380000	-156.401001	18.930099	2.985847	264.634736	1888.621758
-85.560000	11.380000	-156.401001	19.180099	3.268761	264.731077	1888.400312
-85.560000	11.380000	-156.401001	19.430099	2.336856	264.827831	1888.170090
-85.560000	11.380000	-156.401001	19.680099	1.439249	264.924823	1887.756359
-85.560000	11.380000	-156.401001	19.930099	1.336845	265.022238	1887.342627
-85.560000	11.380000	-156.401001	20.180099	1.268877	265.119900	1886.928896
-85.560000	11.380000	-156.401001	20.430099	1.319146	265.217996	1886.524644
-85.560000	11.380000	-156.401001	20.680099	1.385066	265.316347	1886.147204
-85.560000	11.380000	-156.401001	20.930099	1.829645	265.415143	1885.782595
-85.560000	11.380000	-156.401001	21.180099	-12.971968	265.514204	1885.528552
-85.560000	11.380000	-156.151001	18.680099	2.378102	264.614211	1882.545096
-85.560000	11.380000	-156.151001	18.930099	2.878600	264.711652	1882.230153
-85.560000	11.380000	-156.151001	19.180099	2.706299	264.809426	1882.008708
-85.560000	11.380000	-156.151001	19.430099	1.794081	264.907518	1881.674478
-85.560000	11.380000	-156.151001	19.680099	1.385142	265.005952	1881.260747
-85.560000	11.380000	-156.151001	19.930099	1.436761	265.104714	1880.858216
-85.560000	11.380000	-156.151001	20.180099	1.439228	265.203828	1880.480776
-85.560000	11.380000	-156.151001	20.430099	1.332783	265.303280	1880.103336
-85.560000	11.380000	-156.151001	20.680099	1.262047	265.403093	1879.725896
-85.560000	11.380000	-156.151001	20.930099	1.713558	265.503255	1879.354995
-85.560000	11.380000	-155.901001	18.430099	2.449630	264.591257	1876.519402
-85.560000	11.380000	-155.901001	18.680099	2.434733	264.689719	1876.197580
-85.560000	11.380000	-155.901001	18.930099	2.513104	264.788594	1875.875759
-85.560000	11.380000	-155.901001	19.180099	2.075356	264.887705	1875.592598
-85.560000	11.380000	-155.901001	19.430099	1.561391	264.987240	1875.191788
-85.560000	11.380000	-155.901001	19.680099	1.555587	265.087021	1874.814348
-85.560000	11.380000	-155.901001	19.930099	1.448828	265.187235	1874.436908
-85.560000	11.380000	-155.901001	20.180099	1.348359	265.287705	1874.059468
-85.560000	11.380000	-155.901001	20.430099	1.247445	265.388619	1873.682028
-85.560000	11.380000	-155.901001	20.680099	1.147371	265.489797	1873.304588
-85.560000	11.380000	-155.901001	20.930099	1.596088	265.591431	1872.927396
-85.560000	11.380000	-155.651001	18.180099	1.840564	264.565893	1870.406596
-85.560000	11.380000	-155.651001	18.430099	2.381567	264.665455	1870.068877
-85.560000	11.380000	-155.651001	18.680099	2.285246	264.765350	1869.731159
-85.560000	11.380000	-155.651001	18.930099	2.447272	264.865562	1869.393441
-85.560000	11.380000	-155.651001	19.180099	2.298910	264.966116	1869.116815
-85.560000	11.380000	-155.651001	19.430099	1.726899	265.066997	1868.770480
-85.560000	11.380000	-155.651001	19.680099	1.467834	265.168230	1868.393040
-85.560000	11.380000	-155.651001	19.930099	1.366264	265.269800	1868.015600
-85.560000	11.380000	-155.651001	20.180099	1.264332	265.371731	1867.638160
-85.560000	11.380000	-155.651001	20.430099	1.162053	265.474010	1867.260720
-85.560000	11.380000	-155.651001	20.680099	1.059403	265.576660	1866.883280
-85.560000	11.380000	-155.651001	20.930099	1.478477	265.679669	1866.505840
-85.560000	11.380000	-155.401001	18.180099	1.705231	264.638678	1863.763430
-85.560000	11.380000	-155.401001	18.430099	2.350089	264.739675	1863.425712
-85.560000	11.380000	-155.401001	18.680099	2.403891	264.840906	1863.087993
-85.560000	11.380000	-155.401001	18.930099	2.723311	264.942562	1862.786314
-85.560000	11.380000	-155.401001	19.180099	2.707192	265.044462	1862.551927
-85.560000	11.380000	-155.401001	19.430099	2.310376	265.146796	1862.270824
-85.560000	11.380000	-155.401001	19.680099	1.764291	265.249383	1861.971732
-85.560000	11.380000	-155.401001	19.930099	1.291276	265.352416	1861.594292
-85.560000	11.380000	-155.401001	20.180099	1.180353	265.455711	1861.216852
-85.560000	11.380000	-155.401001	20.430099	1.076602	265.559462	1860.839412
-85.560000	11.380000	-155.401001	20.680099	0.972578	265.663486	1860.461972
-85.560000	11.380000	-155.401001	20.930099	1.155253	265.767976	1860.084531
-85.560000	11.380000	-155.151001	17.930099	0.277138	264.609566	1857.713243
-85.560000	11.380000	-155.151001	18.180099	1.254810	264.711583	1857.126150
-85.560000	11.380000	-155.151001	18.430099	2.250531	264.813917	1856.782546
-85.560000	11.380000	-155.151001	18.680099	2.744927	264.916592	1856.444828
-85.560000	11.380000	-155.151001	18.930099	2.977271	265.019593	1856.241907
-85.560000	11.380000	-155.151001	19.180099	2.539478	265.122946	1855.987039
-85.560000	11.380000	-155.151001	19.430099	2.321501	265.226635	1855.705936
-85.560000	11.380000	-155.151001	19.680099	2.214092	265.330684	1855.424832
-85.560000	11.380000	-155.151001	19.930099	1.796863	265.435081	1855.143728
-85.560000	11.380000	-155.151001	20.180099	1.245412	265.539848	1854.795544
-85.560000	11.380000	-155.151001	20.430099	0.991091	265.644972	1854.418104
-85.560000	11.380000	-155.151001	20.680099	0.885586	265.750478	1854.040663
-85.560000	11.380000	-155.151001	20.930099	-0.403365	265.856352	1853.663223
-85.560000	11.380000	-154.901001	17.680099	0.308770	264.577934	1851.739280
-85.560000	11.380000	-154.901001	17.930099	0.205650	264.681054	1851.152187
-85.560000	11.380000	-154.901001	18.180099	0.802072	264.784409	1850.565093
-85.560000	11.380000	-154.901001	18.430099	2.026736	264.888186	1850.139380
-85.560000	11.380000	-154.901001	18.680099	3.081772	264.992207	1849.849002
-85.560000	11.380000	-154.901001	18.930099	3.037575	265.096662	1849.697500
-85.560000	11.380000	-154.901001	19.180099	2.371835	265.201369	1849.422151
-85.560000	11.380000	-154.901001	19.430099	2.241615	265.306521	1849.141048
-85.560000	11.380000	-154.901001	19.680099	2.136201	265.411934	1848.859944
-85.560000	11.380000	-154.901001	19.930099	2.030332	265.517803	1848.578840
-85.560000	11.380000	-154.901001	20.180099	1.824770	265.623943	1848.297737
-85.560000	11.380000	-154.901001	20.430099	1.274546	265.730550	1847.996795
-85.560000	11.380000	-154.901001	20.680099	0.805772	265.837438	1847.619355
-85.560000	11.380000	-154.651001	17.680099	0.302002	264.648103	1845.178223
-85.560000	11.380000	-154.651001	17.930099	0.184778	264.752561	1844.591130
-85.560000	11.380000	-154.651001	18.180099	0.409154	264.857360	1844.004037
-85.560000	11.380000	-154.651001	18.430099	2.006938	264.962484	1843.496215
-85.560000	11.380000	-154.651001	18.680099	3.365967	265.067958	1843.304594
-85.560000	11.380000	-154.651001	18.930099	2.874066	265.173768	1843.138367
-85.560000	11.380000	-154.651001	19.180099	2.268198	265.279937	1842.857263
-85.560000	11.380000	-154.651001	19.430099	2.161682	265.386453	1842.576160
-85.560000	11.380000	-154.651001	19.680099	2.054797	265.493338	1842.295056
-85.560000	11.380000	-154.651001	19.930099	1.947555	265.600581	1842.013952
-85.560000	11.380000	-154.651001	20.180099	1.839933	265.708202	1841.732849
-85.560000	11.380000	-154.651001	20.430099	1.728238	265.816192	1841.451745
-85.560000	11.380000	-154.651001	20.680099	1.300531	265.924571	1841.170642
-85.560000	11.380000	-154.401001	17.680099	-0.080500	264.718187	1838.454254
-85.560000	11.380000	-154.401001	17.930099	0.447838	264.824090	1837.898136
-85.560000	11.380000	-154.401001	18.180099	0.901512	264.930235	1837.342018
-85.560000	11.380000	-154.401001	18.430099	2.408892	265.036814	1836.928139
-85.560000	11.380000	-154.401001	18.680099	3.304226	265.143643	1836.760187
-85.560000	11.380000	-154.401001	18.930099	2.708508	265.250916	1836.573479
-85.560000	11.380000	-154.401001	19.180099	2.189685	265.358450	1836.292375
-85.560000	11.380000	-154.401001	19.430099	2.081697	265.466439	1836.011272
-85.560000	11.380000	-154.401001	19.680099	1.978860	265.574697	1835.730168
-85.560000	11.380000	-154.401001	19.930099	1.878099	265.683422	1835.449065
-85.560000	11.380000	-154.401001	20.180099	1.777006	265.792426	1835.167961
-85.560000	11.380000	-154.401001	20.430099	1.641453	265.901908	1834.886857
-85.560000	11.380000	-154.401001	20.680099	1.441137	266.011679	1834.597870
-85.560000	11.380000	-154.151001	17.680099	-2.003222	264.788393	1831.904262
-85.560000	11.380000	-154.151001	17.930099	-0.138056	264.895643	1831.143430
-85.560000	11.380000	-154.151001	18.180099	1.980069	265.003243	1830.694224
-85.560000	11.380000	-154.151001	18.430099	2.767690	265.111176	1830.453708
-85.560000	11.380000	-154.151001	18.680099	2.818550	265.219469	1830.215780
-85.560000	11.380000	-154.151001	18.930099	2.557093	265.328107	1830.008591
-85.560000	11.380000	-154.151001	19.180099	2.136207	265.437114	1829.727487
-85.560000	11.380000	-154.151001	19.430099	1.909494	265.546476	1829.446384
-85.560000	11.380000	-154.151001	19.680099	1.623702	265.656217	1829.136146
-85.560000	11.380000	-154.151001	19.930099	1.463037	265.766324	1828.812017
-85.560000	11.380000	-154.151001	20.180099	1.354788	265.876820	1828.487888
-85.560000	11.380000	-154.151001	20.430099	1.585542	265.987694	1828.163759
-85.560000	11.380000	-154.151001	20.680099	1.934926	266.098967	1827.922566
-85.560000	11.380000	-153.901001	17.680099	-2.538058	264.858518	1825.538626
-85.560000	11.380000	-153.901001	17.930099	-0.748081	264.967224	1824.710212
-85.560000	11.380000	-153.901001	18.180099	1.804752	265.076179	1824.254279
-85.560000	11.380000	-153.901001	18.430099	2.639854	265.185578	1824.010384
-85.560000	11.380000	-153.901001	18.680099	1.764612	265.295235	1823.766489
-85.560000	11.380000	-153.901001	18.930099	1.363349	265.405347	1823.350293
-85.560000	11.380000	-153.901001	19.180099	1.708454	265.515727	1823.026164
-85.560000	11.380000	-153.901001	19.430099	1.624772	265.626572	1822.702034
-85.560000	11.380000	-153.901001	19.680099	1.516469	265.737696	1822.377905
-85.560000	11.380000	-153.901001	19.930099	1.523074	265.849296	1822.053776
-85.560000	11.380000	-153.901001	20.180099	1.861896	265.961185	1821.761785
-85.560000	11.380000	-153.901001	20.430099	2.068710	266.073561	1821.547630
-85.560000	11.380000	-153.901001	20.680099	1.952226	266.186236	1821.333475
-85.560000	11.380000	-153.651001	17.680099	-2.399281	264.928770	1819.277600
-85.560000	11.380000	-153.651001	17.930099	-1.544590	265.038833	1818.457119
-85.560000	11.380000	-153.651001	18.180099	1.055056	265.149253	1817.851427
-85.560000	11.380000	-153.651001	18.430099	2.558549	265.260017	1817.607532
-85.560000	11.380000	-153.651001	18.680099	1.446086	265.371149	1817.363637
-85.560000	11.380000	-153.651001	18.930099	0.059088	265.482634	1816.895446
-85.560000	11.380000	-153.651001	19.180099	0.257421	265.594498	1816.357234
-85.560000	11.380000	-153.651001	19.430099	1.124926	265.706726	1815.943794
-85.560000	11.380000	-153.651001	19.680099	1.776542	265.819343	1815.619665
-85.560000	11.380000	-153.651001	19.930099	2.129262	265.932335	1815.386848
-85.560000	11.380000	-153.651001	20.180099	2.092735	266.045726	1815.172693
-85.560000	11.380000	-153.651001	20.430099	1.978957	266.159504	1814.958538
-85.560000	11.380000	-153.651001	20.680099	1.724069	266.273691	1814.744384
-85.560000	11.380000	-153.401001	17.930099	-2.292585	265.110475	1812.204026
-85.560000	11.380000	-153.401001	18.180099	0.285874	265.222261	1811.448575
-85.560000	11.380000	-153.401001	18.430099	2.484065	265.334500	1811.204680
-85.560000	11.380000	-153.401001	18.680099	1.155046	265.447007	1810.960785
-85.560000	11.380000	-153.401001	18.930099	-0.239658	265.559977	1810.442557
-85.560000	11.380000	-153.401001	19.180099	-0.390542	265.673224	1809.904345
-85.560000	11.380000	-153.401001	19.430099	0.677166	265.786946	1809.377582
-85.560000	11.380000	-153.401001	19.680099	1.718194	265.900955	1809.112352
-85.560000	11.380000	-153.401001	19.930099	1.617374	266.015451	1808.847122
-85.560000	11.380000	-153.401001	20.180099	1.739516	266.130244	1808.583602
-85.560000	11.380000	-153.401001	20.430099	1.851763	266.245535	1808.369447
-85.560000	11.380000	-153.151001	18.180099	-0.518165	265.295413	1805.130451
-85.560000	11.380000	-153.151001	18.430099	1.896919	265.409027	1804.801828
-85.560000	11.380000	-153.151001	18.680099	0.870540	265.523018	1804.527881
-85.560000	11.380000	-153.151001	18.930099	-0.405175	265.637372	1803.989669
-85.560000	11.380000	-153.151001	19.180099	0.379360	265.752114	1803.451456
-85.560000	11.380000	-153.151001	19.430099	1.430370	265.867229	1803.126582
-85.560000	11.380000	-153.151001	19.680099	1.587654	265.982742	1802.861351
-85.560000	11.380000	-153.151001	19.930099	1.471756	266.098640	1802.596121
-85.560000	11.380000	-152.901001	18.180099	-1.297848	265.368503	1798.877358
-85.560000	11.380000	-152.901001	18.430099	0.931110	265.483603	1798.398976
-85.560000	11.380000	-152.901001	18.680099	0.578939	265.598979	1798.074992
-85.560000	11.380000	-152.901001	18.930099	0.122183	265.714829	1797.536780
-85.560000	11.380000	-152.901001	19.180099	1.155980	265.830964	1797.140811
-85.560000	11.380000	-152.901001	19.430099	1.622812	265.947584	1796.875581
-85.560000	11.380000	-152.651001	18.430099	-0.033015	265.558228	1791.996124
-85.560000	11.380000	-152.651001	18.680099	0.596130	265.675100	1791.622103
-85.560000	11.380000	-152.651001	18.930099	0.890057	265.792344	1791.155041
