153.950000	-5.200000	-159.164993	21.930099	-0.157816	63.360742	1453.326393
153.950000	-5.200000	-158.914993	21.680099	-2.750790	63.750587	1456.081629
153.950000	-5.200000	-158.664993	21.180099	-1.014408	64.351978	1455.936339
153.950000	-5.200000	-158.664993	21.430099	-1.626373	64.136983	1458.882063
153.950000	-5.200000	-158.414993	20.930099	-1.246226	64.733642	1458.777884
153.950000	-5.200000	-158.414993	21.180099	-1.933399	64.519915	1461.682498
153.950000	-5.200000	-158.414993	21.430099	-2.288244	64.306237	1464.857047
153.950000	-5.200000	-158.164993	20.680099	-1.482304	65.111858	1461.619428
153.950000	-5.200000	-158.164993	20.930099	-2.236288	64.899352	1464.482933
153.950000	-5.200000	-158.164993	21.180099	-2.668961	64.686953	1467.657481
153.950000	-5.200000	-158.164993	21.430099	-2.456511	64.474503	1470.832030
153.950000	-5.200000	-157.914993	20.180099	-2.366782	65.697679	1461.777347
153.950000	-5.200000	-157.914993	20.430099	-1.771334	65.486471	1464.460973
153.950000	-5.200000	-157.914993	20.680099	-2.379792	65.275272	1467.283367
153.950000	-5.200000	-157.914993	20.930099	-2.673561	65.064107	1470.457916
153.950000	-5.200000	-157.914993	21.180099	-2.246875	64.852949	1473.632465
153.950000	-5.200000	-157.914993	21.430099	-3.555955	64.641819	1476.807013
153.950000	-5.200000	-157.664993	19.930099	-1.516267	66.067474	1464.618892
153.950000	-5.200000	-157.664993	20.180099	-1.343853	65.857595	1467.302518
153.950000	-5.200000	-157.664993	20.430099	-2.604737	65.647657	1470.083802
153.950000	-5.200000	-157.664993	20.680099	-3.178515	65.437808	1473.336203
153.950000	-5.200000	-157.664993	20.930099	-2.741149	65.227895	1476.622757
153.950000	-5.200000	-157.664993	21.180099	-2.323170	65.018067	1479.909310
153.950000	-5.200000	-157.414993	19.680099	-1.945771	66.433667	1467.502814
153.950000	-5.200000	-157.414993	19.930099	-1.951504	66.225077	1470.372330
153.950000	-5.200000	-157.414993	20.180099	-1.928283	66.016479	1473.241845
153.950000	-5.200000	-157.414993	20.430099	-3.076846	65.807904	1476.324708
153.950000	-5.200000	-157.414993	20.680099	-3.970887	65.599317	1479.716769
153.950000	-5.200000	-157.414993	20.930099	-3.094560	65.390748	1483.077611
153.950000	-5.200000	-157.414993	21.180099	-1.402135	65.182163	1486.364165
153.950000	-5.200000	-157.164993	19.430099	-1.889233	66.796263	1470.790625
153.950000	-5.200000	-157.164993	19.680099	-1.509255	66.589035	1473.660141
153.950000	-5.200000	-157.164993	19.930099	-1.784475	66.381734	1476.529657
153.950000	-5.200000	-157.164993	20.180099	-2.005930	66.174508	1479.554532
153.950000	-5.200000	-157.164993	20.430099	-2.405201	65.967205	1482.645439
153.950000	-5.200000	-157.164993	20.680099	-4.031608	65.759971	1485.840261
153.950000	-5.200000	-157.164993	20.930099	-4.119712	65.552655	1489.282133
153.950000	-5.200000	-157.164993	21.180099	-1.844841	65.345403	1492.552521
153.950000	-5.200000	-156.914993	18.930099	-1.520570	67.361151	1471.387181
153.950000	-5.200000	-156.914993	19.180099	-1.322424	67.155224	1474.209451
153.950000	-5.200000	-156.914993	19.430099	-1.199071	66.949319	1477.032245
153.950000	-5.200000	-156.914993	19.680099	-1.413327	66.743388	1479.855082
153.950000	-5.200000	-156.914993	19.930099	-2.066883	66.537471	1482.784356
153.950000	-5.200000	-156.914993	20.180099	-2.496615	66.331525	1485.875263
153.950000	-5.200000	-156.914993	20.430099	-2.251855	66.125587	1488.966171
153.950000	-5.200000	-156.914993	20.680099	-3.134765	65.919616	1492.057078
153.950000	-5.200000	-156.914993	20.930099	-4.083963	65.713646	1495.405625
153.950000	-5.200000	-156.914993	21.180099	-2.100802	65.507640	1498.661324
153.950000	-5.200000	-156.664993	18.680099	-1.801981	67.715149	1474.861254
153.950000	-5.200000	-156.664993	18.930099	-1.623646	67.510568	1477.678932
153.950000	-5.200000	-156.664993	19.180099	-1.438048	67.306051	1480.501202
153.950000	-5.200000	-156.664993	19.430099	-1.320522	67.101451	1483.323606
153.950000	-5.200000	-156.664993	19.680099	-1.429267	66.896911	1486.183431
153.950000	-5.200000	-156.664993	19.930099	-1.723088	66.692283	1489.134573
153.950000	-5.200000	-156.664993	20.180099	-2.357973	66.487710	1492.136984
153.950000	-5.200000	-156.664993	20.430099	-2.718363	66.283044	1495.249462
153.950000	-5.200000	-156.664993	20.680099	-2.610463	66.078428	1498.361940
153.950000	-5.200000	-156.664993	20.930099	-3.494068	65.873713	1501.511570
153.950000	-5.200000	-156.664993	21.180099	-3.894495	65.669043	1504.770127
153.950000	-5.200000	-156.414993	18.430099	-1.111781	68.065423	1478.352761
153.950000	-5.200000	-156.414993	18.680099	-1.831752	67.862247	1481.170244
153.950000	-5.200000	-156.414993	18.930099	-1.583411	67.659084	1483.987727
153.950000	-5.200000	-156.414993	19.180099	-1.468576	67.455880	1486.809395
153.950000	-5.200000	-156.414993	19.430099	-1.525154	67.252682	1489.664530
153.950000	-5.200000	-156.414993	19.680099	-1.556194	67.049439	1492.587027
153.950000	-5.200000	-156.414993	19.930099	-1.506758	66.846195	1495.533892
153.950000	-5.200000	-156.414993	20.180099	-1.642326	66.642903	1498.485033
153.950000	-5.200000	-156.414993	20.430099	-2.350188	66.439603	1501.486878
153.950000	-5.200000	-156.414993	20.680099	-2.537850	66.236251	1504.599356
153.950000	-5.200000	-156.414993	20.930099	-2.991527	66.032884	1507.652757
153.950000	-5.200000	-156.164993	18.430099	0.065342	68.210294	1484.681662
153.950000	-5.200000	-156.164993	18.680099	-1.914501	68.008543	1487.535745
153.950000	-5.200000	-156.164993	18.930099	-1.780381	67.806701	1490.389828
153.950000	-5.200000	-156.164993	19.180099	-1.655395	67.604904	1493.243911
153.950000	-5.200000	-156.164993	19.430099	-1.594919	67.403011	1496.136050
153.950000	-5.200000	-156.164993	19.680099	-1.504784	67.201159	1499.058547
153.950000	-5.200000	-156.164993	19.930099	-1.343356	66.999204	1501.981043
153.950000	-5.200000	-156.164993	20.180099	-1.235852	66.797285	1504.903540
153.950000	-5.200000	-156.164993	20.430099	-1.563835	66.595257	1507.835494
153.950000	-5.200000	-156.164993	20.680099	-2.132370	66.393261	1510.836772
153.950000	-5.200000	-156.164993	20.930099	-2.555548	66.191151	1513.857952
153.950000	-5.200000	-155.914993	18.180099	-1.180431	68.554655	1488.666947
153.950000	-5.200000	-155.914993	18.430099	-0.411526	68.354287	1491.357392
153.950000	-5.200000	-155.914993	18.680099	-0.824326	68.153862	1494.047837
153.950000	-5.200000	-155.914993	18.930099	-1.564603	67.953437	1496.824343
153.950000	-5.200000	-155.914993	19.180099	-2.258471	67.752952	1499.685074
153.950000	-5.200000	-155.914993	19.430099	-2.342174	67.552459	1502.607571
153.950000	-5.200000	-155.914993	19.680099	-2.248138	67.351903	1505.530067
153.950000	-5.200000	-155.914993	19.930099	-2.128585	67.151331	1508.452564
153.950000	-5.200000	-155.914993	20.180099	-1.803675	66.950693	1511.368041
153.950000	-5.200000	-155.914993	20.430099	-1.498641	66.750032	1514.228975
153.950000	-5.200000	-155.914993	20.680099	-1.786177	66.549302	1517.091271
153.950000	-5.200000	-155.914993	20.930099	-2.210558	66.348540	1520.063147
153.950000	-5.200000	-155.664993	18.180099	-1.469491	68.696439	1495.299377
153.950000	-5.200000	-155.664993	18.430099	-1.024417	68.497403	1497.961619
153.950000	-5.200000	-155.664993	18.680099	-0.870044	68.298401	1500.623861
153.950000	-5.200000	-155.664993	18.930099	-0.786131	68.099293	1503.286103
153.950000	-5.200000	-155.664993	19.180099	-1.816558	67.900215	1505.930806
153.950000	-5.200000	-155.664993	19.430099	-2.844721	67.701025	1508.791740
153.950000	-5.200000	-155.664993	19.680099	-2.757307	67.501859	1511.652673
153.950000	-5.200000	-155.664993	19.930099	-2.670708	67.302576	1514.513607
153.950000	-5.200000	-155.664993	20.180099	-2.577423	67.103312	1517.374541
153.950000	-5.200000	-155.664993	20.430099	-2.603981	66.903924	1520.250932
153.950000	-5.200000	-155.664993	20.680099	-2.615742	66.704549	1523.214335
153.950000	-5.200000	-155.414993	17.930099	-2.296054	69.034865	1498.819566
153.950000	-5.200000	-155.414993	18.180099	-2.666314	68.837266	1501.450745
153.950000	-5.200000	-155.414993	18.430099	-2.170111	68.639660	1504.194710
153.950000	-5.200000	-155.414993	18.680099	-1.570000	68.441982	1506.856952
153.950000	-5.200000	-155.414993	18.930099	-1.069099	68.244290	1509.519194
153.950000	-5.200000	-155.414993	19.180099	-1.151766	68.046521	1512.099688
153.950000	-5.200000	-155.414993	19.430099	-2.572999	67.848731	1514.798239
153.950000	-5.200000	-155.414993	19.680099	-3.119616	67.650860	1517.659173
153.950000	-5.200000	-155.414993	19.930099	-2.955648	67.452960	1520.520107
153.950000	-5.200000	-155.414993	20.180099	-2.941457	67.254976	1523.410593
153.950000	-5.200000	-155.414993	20.430099	-2.931674	67.056955	1526.363139
153.950000	-5.200000	-155.164993	17.930099	-1.269989	69.173503	1504.971958
153.950000	-5.200000	-155.164993	18.180099	-2.922255	68.977339	1507.469747
153.950000	-5.200000	-155.164993	18.430099	-3.517147	68.781063	1510.376997
153.950000	-5.200000	-155.164993	18.680099	-1.907157	68.584805	1513.090043
153.950000	-5.200000	-155.164993	18.930099	-1.148421	68.388428	1515.742976
153.950000	-5.200000	-155.164993	19.180099	-0.622977	68.192064	1518.304215
153.950000	-5.200000	-155.164993	19.430099	-1.646487	67.995575	1520.865454
153.950000	-5.200000	-155.164993	19.680099	-3.087217	67.799093	1523.665673
153.950000	-5.200000	-155.164993	19.930099	-3.316944	67.602481	1526.570253
153.950000	-5.200000	-155.164993	20.180099	-3.228789	67.405870	1529.522800
153.950000	-5.200000	-154.914993	17.680099	-1.602536	69.506049	1508.626563
153.950000	-5.200000	-154.914993	17.930099	-1.407790	69.311304	1511.124351
153.950000	-5.200000	-154.914993	18.180099	-2.299481	69.116475	1513.622139
153.950000	-5.200000	-154.914993	18.430099	-4.193541	68.921626	1516.393869
153.950000	-5.200000	-154.914993	18.680099	-3.169397	68.726689	1519.303249
153.950000	-5.200000	-154.914993	18.930099	-1.571265	68.531725	1521.947504
153.950000	-5.200000	-154.914993	19.180099	-1.029949	68.336668	1524.508743
153.950000	-5.200000	-154.914993	19.430099	-1.254079	68.141577	1527.040467
153.950000	-5.200000	-154.914993	19.680099	-2.580481	67.946390	1529.734247
153.950000	-5.200000	-154.914993	19.930099	-3.453318	67.751160	1532.682461
153.950000	-5.200000	-154.664993	17.680099	-1.934513	69.641680	1514.778955
153.950000	-5.200000	-154.664993	17.930099	-1.700846	69.448274	1517.276744
153.950000	-5.200000	-154.664993	18.180099	-2.020755	69.254876	1519.774532
153.950000	-5.200000	-154.664993	18.430099	-3.757938	69.061354	1522.410741
153.950000	-5.200000	-154.664993	18.680099	-3.864440	68.867834	1525.308746
153.950000	-5.200000	-154.664993	18.930099	-2.037692	68.674183	1527.982859
153.950000	-5.200000	-154.664993	19.180099	-1.654880	68.480529	1530.483347
153.950000	-5.200000	-154.664993	19.430099	-2.318317	68.286738	1533.109073
153.950000	-5.200000	-154.414993	17.680099	-2.455312	69.776395	1520.811377
153.950000	-5.200000	-154.414993	17.930099	-2.288930	69.584426	1523.333602
153.950000	-5.200000	-154.414993	18.180099	-2.196035	69.392360	1525.855826
153.950000	-5.200000	-154.414993	18.430099	-3.197100	69.200261	1528.428003
153.950000	-5.200000	-154.414993	18.680099	-3.822097	69.008060	1531.254542
153.950000	-5.200000	-154.414993	18.930099	-2.562056	68.815819	1533.926226
153.950000	-5.200000	-154.164993	17.680099	-2.448625	69.910401	1526.827060
153.950000	-5.200000	-154.164993	17.930099	-2.387607	69.719768	1529.333226
153.950000	-5.200000	-154.164993	18.180099	-2.566506	69.529129	1531.891458
153.950000	-5.200000	-153.914993	17.680099	-2.925312	70.043510	1532.860837
153.950000	-5.200000	-153.914993	17.930099	-2.989396	69.854311	1535.459551
