154.330000	46.850000	-159.164993	21.930099	1.333573	137.426695	1229.070288
154.330000	46.850000	-158.914993	21.680099	0.883130	137.480029	1238.761049
154.330000	46.850000	-158.664993	21.180099	-4.863412	137.654135	1253.157646
154.330000	46.850000	-158.664993	21.430099	0.007715	137.532004	1248.358134
154.330000	46.850000	-158.414993	20.930099	-5.513207	137.703054	1262.685131
154.330000	46.850000	-158.414993	21.180099	-0.459205	137.582585	1257.955219
154.330000	46.850000	-158.414993	21.430099	2.320222	137.461221	1252.768306
154.330000	46.850000	-158.164993	20.680099	-6.019794	137.750633	1272.212617
154.330000	46.850000	-158.164993	20.930099	-0.925055	137.631872	1267.552304
154.330000	46.850000	-158.164993	21.180099	2.114994	137.512161	1262.365391
154.330000	46.850000	-158.164993	21.430099	2.495280	137.391502	1257.178478
154.330000	46.850000	-157.914993	20.180099	-7.503567	137.913185	1286.095880
154.330000	46.850000	-157.914993	20.430099	-6.481650	137.796993	1281.740102
154.330000	46.850000	-157.914993	20.680099	-1.389756	137.679829	1277.149389
154.330000	46.850000	-157.914993	20.930099	2.065336	137.561818	1271.962476
154.330000	46.850000	-157.914993	21.180099	2.184350	137.442804	1266.775563
154.330000	46.850000	-157.914993	21.430099	2.593852	137.322917	1261.588650
154.330000	46.850000	-157.664993	19.930099	-7.492065	137.956724	1295.623366
154.330000	46.850000	-157.664993	20.180099	-6.547266	137.842075	1291.267587
154.330000	46.850000	-157.664993	20.430099	-1.915643	137.726553	1286.746474
154.330000	46.850000	-157.664993	20.680099	2.017023	137.610131	1281.559561
154.330000	46.850000	-157.664993	20.930099	2.134346	137.492809	1276.372648
154.330000	46.850000	-157.664993	21.180099	2.306774	137.374557	1271.185735
154.330000	46.850000	-157.664993	21.430099	2.713431	137.255378	1265.978923
154.330000	46.850000	-157.414993	19.680099	-6.392612	137.999058	1305.126579
154.330000	46.850000	-157.414993	19.930099	-5.709866	137.885995	1300.664329
154.330000	46.850000	-157.414993	20.180099	-2.223537	137.772009	1296.202080
154.330000	46.850000	-157.414993	20.430099	1.641314	137.657221	1291.177149
154.330000	46.850000	-157.414993	20.680099	1.980504	137.541480	1285.969733
154.330000	46.850000	-157.414993	20.930099	2.202242	137.424912	1280.782820
154.330000	46.850000	-157.414993	21.180099	2.446549	137.307360	1275.595907
154.330000	46.850000	-157.164993	19.430099	-5.428919	138.040274	1314.398458
154.330000	46.850000	-157.164993	19.680099	-5.074343	137.928696	1309.936209
154.330000	46.850000	-157.164993	19.930099	-2.653207	137.816288	1305.473960
154.330000	46.850000	-157.164993	20.180099	0.919827	137.703028	1300.574849
154.330000	46.850000	-157.164993	20.430099	1.658370	137.588913	1295.548136
154.330000	46.850000	-157.164993	20.680099	1.775720	137.473918	1290.430262
154.330000	46.850000	-157.164993	20.930099	2.289224	137.358043	1285.192992
154.330000	46.850000	-157.164993	21.180099	2.478687	137.241258	1280.006079
154.330000	46.850000	-156.914993	18.930099	-4.958071	138.189652	1328.313061
154.330000	46.850000	-156.914993	19.180099	-5.031877	138.080338	1323.683293
154.330000	46.850000	-156.914993	19.430099	-5.074491	137.970286	1319.208089
154.330000	46.850000	-156.914993	19.680099	-3.468522	137.859357	1314.745839
154.330000	46.850000	-156.914993	19.930099	0.105392	137.747668	1309.972549
154.330000	46.850000	-156.914993	20.180099	1.356279	137.635074	1304.945836
154.330000	46.850000	-156.914993	20.430099	1.469655	137.521697	1299.919123
154.330000	46.850000	-156.914993	20.680099	1.920121	137.407387	1294.892410
154.330000	46.850000	-156.914993	20.930099	2.096196	137.292270	1289.639677
154.330000	46.850000	-156.914993	21.180099	2.600777	137.176189	1284.416250
154.330000	46.850000	-156.664993	18.680099	-3.665656	138.227172	1337.700753
154.330000	46.850000	-156.664993	18.930099	-3.549494	138.119334	1333.237820
154.330000	46.850000	-156.664993	19.180099	-3.577038	138.010711	1328.608052
154.330000	46.850000	-156.664993	19.430099	-3.356593	137.901302	1324.017719
154.330000	46.850000	-156.664993	19.680099	-0.768185	137.791083	1319.370249
154.330000	46.850000	-156.664993	19.930099	1.278467	137.680054	1314.343536
154.330000	46.850000	-156.664993	20.180099	1.384305	137.568190	1309.316823
154.330000	46.850000	-156.664993	20.430099	1.490978	137.455491	1304.290110
154.330000	46.850000	-156.664993	20.680099	1.769765	137.341930	1299.263397
154.330000	46.850000	-156.664993	20.930099	2.462850	137.227509	1294.175805
154.330000	46.850000	-156.664993	21.180099	2.930047	137.112199	1288.828935
154.330000	46.850000	-156.414993	18.430099	0.375278	138.263683	1346.455009
154.330000	46.850000	-156.414993	18.680099	-2.127005	138.157229	1341.999168
154.330000	46.850000	-156.414993	18.930099	-1.952183	138.050076	1337.543328
154.330000	46.850000	-156.414993	19.180099	-2.057708	137.942090	1333.087487
154.330000	46.850000	-156.414993	19.430099	-0.966624	137.833384	1328.593884
154.330000	46.850000	-156.414993	19.680099	0.369500	137.723818	1323.759935
154.330000	46.850000	-156.414993	19.930099	0.930856	137.613511	1318.724645
154.330000	46.850000	-156.414993	20.180099	1.230981	137.502317	1313.699791
154.330000	46.850000	-156.414993	20.430099	1.488090	137.390360	1308.674937
154.330000	46.850000	-156.414993	20.680099	1.969112	137.277488	1303.650083
154.330000	46.850000	-156.414993	20.930099	2.914316	137.163829	1298.491764
154.330000	46.850000	-156.164993	18.430099	-2.107158	138.194102	1350.753424
154.330000	46.850000	-156.164993	18.680099	-1.668617	138.088327	1346.297583
154.330000	46.850000	-156.164993	18.930099	-1.082251	137.981804	1341.814353
154.330000	46.850000	-156.164993	19.180099	-0.581592	137.874514	1337.285398
154.330000	46.850000	-156.164993	19.430099	-0.352549	137.766454	1332.756443
154.330000	46.850000	-156.164993	19.680099	0.168246	137.657603	1328.227488
154.330000	46.850000	-156.164993	19.930099	0.504033	137.547960	1323.230122
154.330000	46.850000	-156.164993	20.180099	1.043487	137.437500	1318.135365
154.330000	46.850000	-156.164993	20.430099	1.180277	137.326224	1313.063688
154.330000	46.850000	-156.164993	20.680099	1.857035	137.214105	1308.038834
154.330000	46.850000	-156.164993	20.930099	2.541605	137.101146	1302.877008
154.330000	46.850000	-155.914993	18.180099	2.429646	138.229923	1359.507679
154.330000	46.850000	-155.914993	18.430099	-1.559203	138.125564	1355.034823
154.330000	46.850000	-155.914993	18.680099	-1.027425	138.020412	1350.505868
154.330000	46.850000	-155.914993	18.930099	-0.763875	137.914579	1345.976913
154.330000	46.850000	-155.914993	19.180099	-0.654568	137.807929	1341.447958
154.330000	46.850000	-155.914993	19.430099	-0.544559	137.700577	1336.919003
154.330000	46.850000	-155.914993	19.680099	-0.226285	137.592383	1332.390048
154.330000	46.850000	-155.914993	19.930099	0.053585	137.483466	1327.795065
154.330000	46.850000	-155.914993	20.180099	0.951757	137.373679	1322.700308
154.330000	46.850000	-155.914993	20.430099	1.399049	137.263149	1317.605551
154.330000	46.850000	-155.914993	20.680099	2.167181	137.151722	1312.483048
154.330000	46.850000	-155.914993	20.930099	2.543075	137.039528	1307.299336
154.330000	46.850000	-155.664993	18.180099	-1.030430	138.161734	1363.805767
154.330000	46.850000	-155.664993	18.430099	-2.237659	138.057993	1359.276030
154.330000	46.850000	-155.664993	18.680099	-2.130649	137.953524	1354.746294
154.330000	46.850000	-155.664993	18.930099	-2.022907	137.848325	1350.216557
154.330000	46.850000	-155.664993	19.180099	-1.914415	137.742375	1345.686821
154.330000	46.850000	-155.664993	19.430099	-1.805171	137.635674	1341.157085
154.330000	46.850000	-155.664993	19.680099	-1.695153	137.528198	1336.627348
154.330000	46.850000	-155.664993	19.930099	-0.133362	137.419948	1332.097612
154.330000	46.850000	-155.664993	20.180099	1.336561	137.310899	1327.205779
154.330000	46.850000	-155.664993	20.430099	2.116815	137.201053	1322.051722
154.330000	46.850000	-155.664993	20.680099	2.388685	137.090382	1316.897664
154.330000	46.850000	-155.664993	20.930099	2.581717	136.978891	1311.721663
154.330000	46.850000	-155.414993	17.930099	1.644453	138.196934	1373.319835
154.330000	46.850000	-155.414993	18.180099	-2.303756	138.094515	1368.368258
154.330000	46.850000	-155.414993	18.430099	-3.197860	137.991451	1363.838522
154.330000	46.850000	-155.414993	18.680099	-3.094019	137.887610	1359.308785
154.330000	46.850000	-155.414993	18.930099	-2.989514	137.783104	1354.779049
154.330000	46.850000	-155.414993	19.180099	-2.884208	137.677798	1350.249313
154.330000	46.850000	-155.414993	19.430099	-2.778218	137.571808	1345.719576
154.330000	46.850000	-155.414993	19.680099	-1.985377	137.464992	1341.189840
154.330000	46.850000	-155.414993	19.930099	0.756697	137.357472	1336.493124
154.330000	46.850000	-155.414993	20.180099	2.154400	137.249100	1331.542174
154.330000	46.850000	-155.414993	20.430099	2.169838	137.140003	1326.466338
154.330000	46.850000	-155.414993	20.680099	2.427905	137.030027	1321.312280
154.330000	46.850000	-155.414993	20.930099	2.619290	136.919304	1316.143991
154.330000	46.850000	-155.164993	17.930099	-0.301656	138.130054	1378.030453
154.330000	46.850000	-155.164993	18.180099	-2.261549	138.028305	1373.028917
154.330000	46.850000	-155.164993	18.430099	-2.823520	137.925863	1368.401013
154.330000	46.850000	-155.164993	18.680099	-3.029119	137.822709	1363.871277
154.330000	46.850000	-155.164993	18.930099	-2.925251	137.718841	1359.341541
154.330000	46.850000	-155.164993	19.180099	-2.820649	137.614239	1354.811804
154.330000	46.850000	-155.164993	19.430099	-2.552233	137.508903	1350.282068
154.330000	46.850000	-155.164993	19.680099	-0.008718	137.402809	1345.700612
154.330000	46.850000	-155.164993	19.930099	2.017019	137.295959	1340.749662
154.330000	46.850000	-155.164993	20.180099	2.124650	137.188327	1335.798712
154.330000	46.850000	-155.164993	20.430099	2.302469	137.079918	1330.847762
154.330000	46.850000	-155.164993	20.680099	2.374824	136.970701	1325.726896
154.330000	46.850000	-154.914993	17.680099	0.730749	138.164580	1388.140065
154.330000	46.850000	-154.914993	17.930099	-0.246263	138.064185	1382.741071
154.330000	46.850000	-154.914993	18.180099	-1.922976	137.963052	1377.743356
154.330000	46.850000	-154.914993	18.430099	-2.518139	137.861290	1372.963505
154.330000	46.850000	-154.914993	18.680099	-2.965177	137.758767	1368.433769
154.330000	46.850000	-154.914993	18.930099	-2.862007	137.655597	1363.904032
154.330000	46.850000	-154.914993	19.180099	-2.758052	137.551642	1359.374296
154.330000	46.850000	-154.914993	19.430099	-0.773766	137.447021	1354.844559
154.330000	46.850000	-154.914993	19.680099	1.788957	137.341591	1349.957151
154.330000	46.850000	-154.914993	19.930099	2.077504	137.235474	1345.006201
154.330000	46.850000	-154.914993	20.180099	2.184455	137.128522	1340.055250
154.330000	46.850000	-154.914993	20.430099	2.325951	137.020864	1335.104300
154.330000	46.850000	-154.914993	20.680099	2.449129	136.912346	1330.141512
154.330000	46.850000	-154.664993	17.680099	0.796291	138.099038	1392.850682
154.330000	46.850000	-154.664993	17.930099	-0.191812	137.999254	1387.451689
154.330000	46.850000	-154.664993	18.180099	-1.641812	137.898795	1382.457795
154.330000	46.850000	-154.664993	18.430099	-2.460050	137.797659	1377.599751
154.330000	46.850000	-154.664993	18.680099	-2.669957	137.695827	1372.996260
154.330000	46.850000	-154.664993	18.930099	-2.799707	137.593297	1368.466524
154.330000	46.850000	-154.664993	19.180099	-1.538161	137.490050	1363.936787
154.330000	46.850000	-154.664993	19.430099	1.198818	137.386085	1359.164639
154.330000	46.850000	-154.664993	19.680099	2.031598	137.281380	1354.213689
154.330000	46.850000	-154.664993	19.930099	2.137041	137.175937	1349.262739
154.330000	46.850000	-154.664993	20.180099	2.243249	137.069729	1344.311789
154.330000	46.850000	-154.664993	20.430099	2.350217	136.962761	1339.360838
154.330000	46.850000	-154.664993	20.680099	2.580776	136.855005	1334.409888
154.330000	46.850000	-154.414993	17.680099	0.888047	138.034436	1397.561300
154.330000	46.850000	-154.414993	17.930099	-0.138363	137.935320	1392.162306
154.330000	46.850000	-154.414993	18.180099	-1.589601	137.835481	1387.172234
154.330000	46.850000	-154.414993	18.430099	-2.179598	137.735029	1382.314190
154.330000	46.850000	-154.414993	18.680099	-2.289773	137.633832	1377.558752
154.330000	46.850000	-154.414993	18.930099	-2.301781	137.532003	1373.029015
154.330000	46.850000	-154.414993	19.180099	0.436037	137.429407	1368.372128
154.330000	46.850000	-154.414993	19.430099	1.986818	137.326160	1363.421178
154.330000	46.850000	-154.164993	17.680099	0.967641	137.970813	1402.252610
154.330000	46.850000	-154.164993	17.930099	-1.075091	137.872312	1396.872924
154.330000	46.850000	-154.164993	18.180099	-2.712521	137.773151	1391.886673
154.330000	46.850000	-153.914993	17.680099	0.141118	137.908118	1406.922165
154.330000	46.850000	-153.914993	17.930099	-3.162324	137.810288	1401.897516
