-68.130000	-22.460000	-158.651001	21.430099	-3.156903	292.285925	2711.346747
-68.130000	-22.460000	-158.401001	21.180099	-2.628285	292.370404	2703.295004
-68.130000	-22.460000	-158.401001	21.430099	-6.031891	292.369288	2705.118284
-68.130000	-22.460000	-158.151001	20.680099	5.762225	292.453179	2692.678878
-68.130000	-22.460000	-158.151001	20.930099	-2.091629	292.453100	2695.243260
-68.130000	-22.460000	-158.151001	21.180099	-6.136470	292.452999	2697.066541
-68.130000	-22.460000	-158.151001	21.430099	-6.049113	292.452920	2698.889822
-68.130000	-22.460000	-157.901001	20.430099	6.375525	292.532940	2684.520558
-68.130000	-22.460000	-157.901001	20.680099	-1.546840	292.533864	2687.191517
-68.130000	-22.460000	-157.901001	20.930099	-6.218358	292.534888	2689.014798
-68.130000	-22.460000	-157.901001	21.180099	-6.219288	292.535818	2690.838078
-68.130000	-22.460000	-157.901001	21.430099	-6.008254	292.536848	2692.661359
-68.130000	-22.460000	-157.651001	19.930099	7.955762	292.608839	2673.266266
-68.130000	-22.460000	-157.651001	20.180099	6.060736	292.610848	2676.362239
-68.130000	-22.460000	-157.651001	20.430099	-0.680742	292.612883	2679.139774
-68.130000	-22.460000	-157.651001	20.680099	-6.298374	292.614904	2680.963054
-68.130000	-22.460000	-157.651001	20.930099	-6.300423	292.616953	2682.786335
-68.130000	-22.460000	-157.651001	21.180099	-6.292729	292.618987	2684.609616
-68.130000	-22.460000	-157.651001	21.430099	-5.844528	292.621049	2686.435193
-68.130000	-22.460000	-157.401001	19.680099	5.045306	292.683883	2665.001744
-68.130000	-22.460000	-157.401001	19.930099	3.910046	292.686990	2667.843826
-68.130000	-22.460000	-157.401001	20.180099	1.076912	292.690011	2670.683762
-68.130000	-22.460000	-157.401001	20.430099	-4.450618	292.693137	2673.094197
-68.130000	-22.460000	-157.401001	20.680099	-6.721658	292.696177	2674.734592
-68.130000	-22.460000	-157.401001	20.930099	-6.382793	292.699323	2676.557872
-68.130000	-22.460000	-157.401001	21.180099	-6.309708	292.702383	2678.381153
-68.130000	-22.460000	-157.401001	21.430099	-5.684089	292.705550	2680.222414
-68.130000	-22.460000	-157.151001	19.430099	4.381714	292.757234	2656.233907
-68.130000	-22.460000	-157.151001	19.680099	3.505188	292.761315	2659.075989
-68.130000	-22.460000	-157.151001	19.930099	1.207137	292.765429	2661.918071
-68.130000	-22.460000	-157.151001	20.180099	-1.220484	292.769535	2664.439417
-68.130000	-22.460000	-157.151001	20.430099	-3.267224	292.773675	2666.849852
-68.130000	-22.460000	-157.151001	20.680099	-6.240348	292.777807	2668.863477
-68.130000	-22.460000	-157.151001	20.930099	-7.675736	292.781974	2670.329409
-68.130000	-22.460000	-157.151001	21.180099	-6.327086	292.786133	2672.152690
-68.130000	-22.460000	-157.151001	21.430099	-5.541537	292.790327	2674.009636
-68.130000	-22.460000	-156.901001	18.930099	8.193555	292.823697	2645.076815
-68.130000	-22.460000	-156.901001	19.180099	6.476845	292.828749	2648.394697
-68.130000	-22.460000	-156.901001	19.430099	3.722359	292.833911	2650.986759
-68.130000	-22.460000	-156.901001	19.680099	1.107062	292.838994	2653.483764
-68.130000	-22.460000	-156.901001	19.930099	-1.323695	292.844187	2655.781830
-68.130000	-22.460000	-156.901001	20.180099	-1.872536	292.849302	2658.195072
-68.130000	-22.460000	-156.901001	20.430099	-1.841039	292.854527	2660.605507
-68.130000	-22.460000	-156.901001	20.680099	-5.595163	292.859674	2663.015941
-68.130000	-22.460000	-156.901001	20.930099	-8.648462	292.864933	2664.372780
-68.130000	-22.460000	-156.901001	21.180099	-7.482538	292.870113	2665.924227
-68.130000	-22.460000	-156.901001	21.430099	-5.375467	292.875406	2667.796858
-68.130000	-22.460000	-156.651001	18.680099	7.489427	292.892482	2635.984444
-68.130000	-22.460000	-156.651001	18.930099	7.267581	292.898605	2639.539622
-68.130000	-22.460000	-156.651001	19.180099	6.264867	292.904726	2642.895654
-68.130000	-22.460000	-156.651001	19.430099	3.577198	292.910884	2646.051872
-68.130000	-22.460000	-156.651001	19.680099	-3.302888	292.917042	2648.278737
-68.130000	-22.460000	-156.651001	19.930099	-5.526936	292.923238	2649.970252
-68.130000	-22.460000	-156.651001	20.180099	-3.309932	292.929433	2651.858062
-68.130000	-22.460000	-156.651001	20.430099	-1.858338	292.935667	2654.299889
-68.130000	-22.460000	-156.651001	20.680099	-3.144514	292.941901	2656.741717
-68.130000	-22.460000	-156.651001	20.930099	-9.337121	292.948175	2658.849853
-68.130000	-22.460000	-156.651001	21.180099	-10.463651	292.954449	2659.711116
-68.130000	-22.460000	-156.651001	21.430099	-5.247409	292.960765	2661.602513
-68.130000	-22.460000	-156.401001	18.430099	2.688255	292.959587	2626.075674
-68.130000	-22.460000	-156.401001	18.680099	6.118030	292.966658	2629.630853
-68.130000	-22.460000	-156.401001	18.930099	5.982465	292.973844	2633.186031
-68.130000	-22.460000	-156.401001	19.180099	5.931637	292.980957	2636.727862
-68.130000	-22.460000	-156.401001	19.430099	0.871562	292.988184	2640.184338
-68.130000	-22.460000	-156.401001	19.680099	-5.129053	292.995339	2642.488271
-68.130000	-22.460000	-156.401001	19.930099	-6.899461	293.002610	2644.357607
-68.130000	-22.460000	-156.401001	20.180099	-6.305135	293.009809	2646.049121
-68.130000	-22.460000	-156.401001	20.430099	-3.447283	293.017124	2647.934294
-68.130000	-22.460000	-156.401001	20.680099	-4.869013	293.024368	2650.376122
-68.130000	-22.460000	-156.401001	20.930099	-9.618176	293.031730	2652.109107
-68.130000	-22.460000	-156.401001	21.180099	-8.084152	293.039020	2653.498337
-68.130000	-22.460000	-156.401001	21.430099	-5.145295	293.046430	2655.428037
-68.130000	-22.460000	-156.151001	18.430099	2.022616	293.033084	2619.690014
-68.130000	-22.460000	-156.151001	18.680099	6.182251	293.041214	2623.201618
-68.130000	-22.460000	-156.151001	18.930099	5.375188	293.049387	2626.713222
-68.130000	-22.460000	-156.151001	19.180099	2.576585	293.057564	2630.224825
-68.130000	-22.460000	-156.151001	19.430099	-3.427703	293.065784	2633.028075
-68.130000	-22.460000	-156.151001	19.680099	-5.228235	293.074008	2635.332008
-68.130000	-22.460000	-156.151001	19.930099	-4.714649	293.082278	2637.635941
-68.130000	-22.460000	-156.151001	20.180099	-4.286326	293.090552	2639.939874
-68.130000	-22.460000	-156.151001	20.430099	-5.243505	293.098872	2642.127991
-68.130000	-22.460000	-156.151001	20.680099	-7.081730	293.107198	2644.010527
-68.130000	-22.460000	-156.151001	20.930099	-8.480128	293.115571	2645.757901
-68.130000	-22.460000	-156.151001	21.180099	-7.392340	293.123950	2647.285559
-68.130000	-22.460000	-156.151001	21.430099	-5.070468	293.132377	2649.253560
-68.130000	-22.460000	-155.901001	18.180099	2.601872	293.097741	2611.345703
-68.130000	-22.460000	-155.901001	18.430099	4.191636	293.106921	2614.211041
-68.130000	-22.460000	-155.901001	18.680099	3.810673	293.116033	2617.076378
-68.130000	-22.460000	-155.901001	18.930099	4.282995	293.125265	2620.210185
-68.130000	-22.460000	-155.901001	19.180099	-0.014345	293.134429	2623.567880
-68.130000	-22.460000	-155.901001	19.430099	-4.447776	293.143713	2625.871812
-68.130000	-22.460000	-155.901001	19.680099	-4.280720	293.152931	2628.175745
-68.130000	-22.460000	-155.901001	19.930099	-3.829468	293.162271	2630.479678
-68.130000	-22.460000	-155.901001	20.180099	-3.128396	293.171545	2632.857002
-68.130000	-22.460000	-155.901001	20.430099	-2.533268	293.180941	2635.297662
-68.130000	-22.460000	-155.901001	20.680099	-4.501560	293.190272	2637.738322
-68.130000	-22.460000	-155.901001	20.930099	-8.357896	293.199728	2639.567873
-68.130000	-22.460000	-155.901001	21.180099	-7.429856	293.209119	2641.088421
-68.130000	-22.460000	-155.651001	18.180099	2.323521	293.170910	2605.782391
-68.130000	-22.460000	-155.651001	18.430099	1.879276	293.181067	2608.586348
-68.130000	-22.460000	-155.651001	18.680099	1.757067	293.191234	2611.390306
-68.130000	-22.460000	-155.651001	18.930099	1.029764	293.201448	2614.194264
-68.130000	-22.460000	-155.651001	19.180099	-1.329288	293.211672	2616.964209
-68.130000	-22.460000	-155.651001	19.430099	-1.993925	293.221945	2619.411543
-68.130000	-22.460000	-155.651001	19.680099	-1.818714	293.232229	2621.852204
-68.130000	-22.460000	-155.651001	19.930099	-1.613070	293.242562	2624.292864
-68.130000	-22.460000	-155.651001	20.180099	-1.521956	293.252907	2626.733524
-68.130000	-22.460000	-155.651001	20.430099	-2.459884	293.263304	2629.174185
-68.130000	-22.460000	-155.651001	20.680099	-6.192762	293.273713	2631.386542
-68.130000	-22.460000	-155.651001	20.930099	-8.178305	293.284174	2633.115666
-68.130000	-22.460000	-155.651001	21.180099	-5.740613	293.294649	2634.860040
-68.130000	-22.460000	-155.401001	17.930099	1.767234	293.233265	2596.576938
-68.130000	-22.460000	-155.401001	18.180099	0.593028	293.244350	2599.404792
-68.130000	-22.460000	-155.401001	18.430099	0.531625	293.255557	2602.217822
-68.130000	-22.460000	-155.401001	18.680099	0.496403	293.266701	2605.021779
-68.130000	-22.460000	-155.401001	18.930099	0.278709	293.277970	2607.825737
-68.130000	-22.460000	-155.401001	19.180099	-0.134594	293.289178	2610.577949
-68.130000	-22.460000	-155.401001	19.430099	-0.871207	293.300511	2613.288066
-68.130000	-22.460000	-155.401001	19.680099	-1.580832	293.311783	2615.728726
-68.130000	-22.460000	-155.401001	19.930099	-1.592231	293.323183	2618.169387
-68.130000	-22.460000	-155.401001	20.180099	-1.603571	293.334523	2620.610047
-68.130000	-22.460000	-155.401001	20.430099	-4.312282	293.345991	2623.050707
-68.130000	-22.460000	-155.401001	20.680099	-7.500850	293.357401	2624.911165
-68.130000	-22.460000	-155.401001	20.930099	-4.070687	293.368940	2626.699759
-68.130000	-22.460000	-155.401001	21.180099	-4.310875	293.380422	2629.110834
-68.130000	-22.460000	-155.151001	17.930099	0.567315	293.306049	2590.187504
-68.130000	-22.460000	-155.151001	18.180099	0.555186	293.318178	2593.015358
-68.130000	-22.460000	-155.151001	18.430099	0.500752	293.330358	2595.843213
-68.130000	-22.460000	-155.151001	18.680099	0.412824	293.342553	2598.653253
-68.130000	-22.460000	-155.151001	18.930099	0.105737	293.354801	2601.450438
-68.130000	-22.460000	-155.151001	19.180099	-0.136029	293.367064	2604.191689
-68.130000	-22.460000	-155.151001	19.430099	-0.359715	293.379382	2606.932939
-68.130000	-22.460000	-155.151001	19.680099	-1.049831	293.391715	2609.605249
-68.130000	-22.460000	-155.151001	19.930099	-1.673153	293.404105	2612.045909
-68.130000	-22.460000	-155.151001	20.180099	-2.581470	293.416511	2614.486569
-68.130000	-22.460000	-155.151001	20.430099	-5.692404	293.428975	2616.706664
-68.130000	-22.460000	-155.151001	20.680099	-3.161420	293.441458	2618.539478
-68.130000	-22.460000	-155.151001	20.930099	-0.775191	293.453999	2621.122121
-68.130000	-22.460000	-155.151001	21.180099	-7.268379	293.466559	2623.200984
-68.130000	-22.460000	-154.901001	17.680099	0.980892	293.366026	2580.970216
-68.130000	-22.460000	-154.901001	17.930099	1.076202	293.379182	2583.798071
-68.130000	-22.460000	-154.901001	18.180099	1.172480	293.392281	2586.625925
-68.130000	-22.460000	-154.901001	18.430099	1.269552	293.405506	2589.453779
-68.130000	-22.460000	-154.901001	18.680099	1.145244	293.418676	2592.281633
-68.130000	-22.460000	-154.901001	18.930099	0.464039	293.431974	2595.064178
-68.130000	-22.460000	-154.901001	19.180099	0.152545	293.445217	2597.805428
-68.130000	-22.460000	-154.901001	19.430099	0.001286	293.458590	2600.546679
-68.130000	-22.460000	-154.901001	19.680099	-0.443306	293.471908	2603.287929
-68.130000	-22.460000	-154.901001	19.930099	-1.231537	293.485359	2605.922432
-68.130000	-22.460000	-154.901001	20.180099	-3.532978	293.498756	2608.363092
-68.130000	-22.460000	-154.901001	20.430099	-2.391555	293.512287	2610.379196
-68.130000	-22.460000	-154.901001	20.680099	1.320035	293.525766	2612.961840
-68.130000	-22.460000	-154.901001	20.930099	-2.328456	293.539380	2615.544483
-68.130000	-22.460000	-154.901001	21.180099	-10.057362	293.552943	2617.291133
-68.130000	-22.460000	-154.651001	17.680099	3.172847	293.438513	2574.860943
-68.130000	-22.460000	-154.651001	17.930099	3.284020	293.452634	2577.751531
-68.130000	-22.460000	-154.651001	18.180099	3.396272	293.466774	2580.642119
-68.130000	-22.460000	-154.651001	18.430099	3.196857	293.480970	2583.532707
-68.130000	-22.460000	-154.651001	18.680099	1.487561	293.495186	2586.378663
-68.130000	-22.460000	-154.651001	18.930099	0.392834	293.509459	2588.982944
-68.130000	-22.460000	-154.651001	19.180099	0.448539	293.523753	2591.641405
-68.130000	-22.460000	-154.651001	19.430099	0.287760	293.538106	2594.299865
-68.130000	-22.460000	-154.651001	19.680099	0.197085	293.552482	2596.958326
-68.130000	-22.460000	-154.651001	19.930099	-0.324976	293.566918	2599.642919
-68.130000	-22.460000	-154.651001	20.180099	-0.491169	293.581378	2602.218915
-68.130000	-22.460000	-154.651001	20.430099	0.657498	293.595900	2604.801558
-68.130000	-22.460000	-154.651001	20.680099	0.772287	293.610447	2607.384202
-68.130000	-22.460000	-154.651001	20.930099	-4.505170	293.625058	2609.966845
-68.130000	-22.460000	-154.651001	21.180099	-12.909271	293.639695	2611.381283
-68.130000	-22.460000	-154.401001	17.680099	4.543522	293.511283	2569.431189
-68.130000	-22.460000	-154.401001	17.930099	4.502645	293.526441	2572.321777
-68.130000	-22.460000	-154.401001	18.180099	4.026532	293.541546	2575.212365
-68.130000	-22.460000	-154.401001	18.430099	1.889089	293.556783	2578.036928
-68.130000	-22.460000	-154.401001	18.680099	0.398760	293.571970	2580.584368
-68.130000	-22.460000	-154.401001	18.930099	0.842935	293.587289	2583.189408
-68.130000	-22.460000	-154.401001	19.180099	0.992973	293.602559	2585.847869
-68.130000	-22.460000	-154.401001	19.430099	0.655965	293.617964	2588.506329
-68.130000	-22.460000	-154.401001	19.680099	-0.118973	293.633320	2591.144667
-68.130000	-22.460000	-154.401001	19.930099	-0.602252	293.648813	2593.673329
-68.130000	-22.460000	-154.401001	20.180099	-0.067586	293.664259	2596.263102
-68.130000	-22.460000	-154.401001	20.430099	0.221128	293.679844	2598.914502
-68.130000	-22.460000	-154.401001	20.680099	-1.655370	293.695383	2601.565902
-68.130000	-22.460000	-154.401001	20.930099	-7.263771	293.711062	2604.014546
-68.130000	-22.460000	-154.401001	21.180099	-14.389442	293.726697	2605.471433
-68.130000	-22.460000	-154.151001	17.680099	4.657255	293.584449	2563.949392
-68.130000	-22.460000	-154.151001	17.930099	3.406573	293.600569	2566.892023
-68.130000	-22.460000	-154.151001	18.180099	1.163533	293.616712	2569.695194
-68.130000	-22.460000	-154.151001	18.430099	-0.350315	293.632916	2572.242634
-68.130000	-22.460000	-154.151001	18.680099	-0.080208	293.649144	2574.790073
-68.130000	-22.460000	-154.151001	18.930099	0.215707	293.665435	2577.395872
-68.130000	-22.460000	-154.151001	19.180099	-0.312779	293.681752	2580.025849
-68.130000	-22.460000	-154.151001	19.430099	-0.933271	293.698133	2582.554511
-68.130000	-22.460000	-154.151001	19.680099	-1.106101	293.714542	2585.083173
-68.130000	-22.460000	-154.151001	19.930099	-0.773308	293.731017	2587.611835
-68.130000	-22.460000	-154.151001	20.180099	-1.295964	293.747520	2590.220446
-68.130000	-22.460000	-154.151001	20.430099	-4.851843	293.764092	2592.835657
-68.130000	-22.460000	-154.151001	20.680099	-8.221178	293.780694	2594.786486
-68.130000	-22.460000	-154.151001	20.930099	-8.731982	293.797366	2596.737314
-68.130000	-22.460000	-154.151001	21.180099	-9.937319	293.814070	2598.688143
-68.130000	-22.460000	-153.901001	17.680099	1.646563	293.657902	2558.420726
-68.130000	-22.460000	-153.901001	17.930099	-0.613697	293.675055	2561.048480
-68.130000	-22.460000	-153.901001	18.180099	-1.219524	293.692160	2563.622090
-68.130000	-22.460000	-153.901001	18.430099	-1.180002	293.709401	2566.196854
-68.130000	-22.460000	-153.901001	18.680099	-1.054808	293.726596	2568.771617
-68.130000	-22.460000	-153.901001	18.930099	-1.209165	293.743929	2571.363703
-68.130000	-22.460000	-153.901001	19.180099	-1.471147	293.761218	2573.909225
-68.130000	-22.460000	-153.901001	19.430099	-1.429312	293.778646	2576.454747
-68.130000	-22.460000	-153.901001	19.680099	-1.440929	293.796032	2579.000269
-68.130000	-22.460000	-153.901001	19.930099	-4.163423	293.813559	2581.545792
-68.130000	-22.460000	-153.901001	20.180099	-7.225400	293.831045	2583.621458
-68.130000	-22.460000	-153.901001	20.430099	-8.236225	293.848675	2585.587488
-68.130000	-22.460000	-153.901001	20.680099	-8.098386	293.866265	2587.553518
-68.130000	-22.460000	-153.901001	20.930099	-7.946930	293.884001	2589.519549
-68.130000	-22.460000	-153.651001	17.680099	-1.544454	293.731755	2552.106576
-68.130000	-22.460000	-153.651001	17.930099	-1.779363	293.749866	2554.674771
-68.130000	-22.460000	-153.651001	18.180099	-1.737149	293.768004	2557.249111
-68.130000	-22.460000	-153.651001	18.430099	-1.656660	293.786208	2559.828595
-68.130000	-22.460000	-153.651001	18.680099	-1.595949	293.804442	2562.421220
-68.130000	-22.460000	-153.651001	18.930099	-1.560500	293.822742	2565.013845
-68.130000	-22.460000	-153.651001	19.180099	-1.543568	293.841074	2567.606470
-68.130000	-22.460000	-153.651001	19.430099	-1.691912	293.859475	2570.171642
-68.130000	-22.460000	-153.651001	19.680099	-4.736493	293.877909	2572.703848
-68.130000	-22.460000	-153.651001	19.930099	-7.427666	293.896414	2574.669879
-68.130000	-22.460000	-153.651001	20.180099	-6.909049	293.914953	2576.667723
-68.130000	-22.460000	-153.651001	20.430099	-6.380730	293.933566	2578.764404
-68.130000	-22.460000	-153.401001	17.930099	-1.745379	293.825037	2548.301368
-68.130000	-22.460000	-153.401001	18.180099	-1.334312	293.844135	2550.885681
-68.130000	-22.460000	-153.401001	18.430099	-1.231060	293.863372	2553.478306
-68.130000	-22.460000	-153.401001	18.680099	-1.049873	293.882569	2556.070931
-68.130000	-22.460000	-153.401001	18.930099	-0.834227	293.901908	2558.696986
-68.130000	-22.460000	-153.401001	19.180099	-0.837948	293.921208	2561.331656
-68.130000	-22.460000	-153.401001	19.430099	-3.541035	293.940652	2563.943761
-68.130000	-22.460000	-153.401001	19.680099	-6.206590	293.960058	2566.040441
-68.130000	-22.460000	-153.401001	19.930099	-6.058651	293.979611	2568.137122
-68.130000	-22.460000	-153.151001	18.180099	-0.819447	293.920665	2544.756935
-68.130000	-22.460000	-153.151001	18.430099	-0.447935	293.940862	2547.391605
-68.130000	-22.460000	-153.151001	18.680099	-0.395304	293.961093	2550.026275
-68.130000	-22.460000	-153.151001	18.930099	-0.400626	293.981395	2552.660944
-68.130000	-22.460000	-153.151001	19.180099	-2.569425	294.001734	2555.295614
-68.130000	-22.460000	-153.151001	19.430099	-5.500574	294.022147	2557.509840
-68.130000	-22.460000	-153.151001	19.680099	-5.992885	294.042597	2559.606521
-68.130000	-22.460000	-152.901001	18.180099	-1.492751	293.997485	2538.720893
-68.130000	-22.460000	-152.901001	18.430099	-0.437942	294.018711	2541.355563
-68.130000	-22.460000	-152.901001	18.680099	-0.459132	294.039902	2543.990233
-68.130000	-22.460000	-152.901001	18.930099	-1.840099	294.061239	2546.624902
-68.130000	-22.460000	-152.901001	19.180099	-4.838888	294.082542	2548.979239
-68.130000	-22.460000	-152.651001	18.430099	-0.825146	294.096890	2535.319521
-68.130000	-22.460000	-152.651001	18.680099	-1.099912	294.119111	2537.954191
