-155.772995	19.079000	1118.071000
-155.996994	20.771000	1106.096000
-155.710999	20.046000	1106.091000
-159.401001	21.971001	1179.097000
-156.658005	20.891001	1121.102000
-156.755997	21.136000	1121.108000
-153.992294	18.797600	1076.320000
-152.132401	18.481400	1035.506000
-153.290604	17.906200	1070.392000
-154.691299	17.180099	1112.073000
-154.495895	18.401699	1093.064000
-154.797394	18.803101	1096.212000
-157.227295	18.984800	1155.092000
-156.510101	19.477699	1131.979000
-157.627594	20.346100	1150.207000
-155.679398	21.205500	1093.684000
-153.295898	18.800900	1059.922000
-154.030502	17.988400	1086.901000
-155.714996	18.000299	1127.730000
-156.808197	18.404200	1149.868000
-156.167007	18.301001	1135.611000
