-112.510000	28.380000	-158.651001	21.430099	-0.843780	249.590935	1165.506779
-112.510000	28.380000	-158.401001	21.180099	-0.711204	249.353372	1161.630479
-112.510000	28.380000	-158.401001	21.430099	-0.246478	249.598284	1159.285498
-112.510000	28.380000	-158.151001	20.680099	-1.510179	248.868765	1160.403279
-112.510000	28.380000	-158.151001	20.930099	-0.574462	249.112513	1157.754180
-112.510000	28.380000	-158.151001	21.180099	-0.010866	249.357983	1155.409199
-112.510000	28.380000	-158.151001	21.430099	-0.238241	249.604975	1153.064218
-112.510000	28.380000	-157.901001	20.430099	-1.359038	248.623924	1156.570714
-112.510000	28.380000	-157.901001	20.680099	-0.433421	248.868218	1153.877881
-112.510000	28.380000	-157.901001	20.930099	0.232928	249.114190	1151.532900
-112.510000	28.380000	-157.901001	21.180099	-0.014616	249.361734	1149.187919
-112.510000	28.380000	-157.651001	19.930099	-1.635211	248.132539	1155.605391
-112.510000	28.380000	-157.651001	20.180099	-1.646513	248.375824	1152.738149
-112.510000	28.380000	-157.651001	20.430099	-0.394010	248.620603	1150.001582
-112.510000	28.380000	-157.651001	20.680099	0.480001	248.867117	1147.656601
-112.510000	28.380000	-157.651001	20.930099	0.231960	249.115158	1145.311619
-112.510000	28.380000	-157.651001	21.180099	-0.015664	249.364967	1142.966638
-112.510000	28.380000	-157.401001	19.680099	-1.171750	247.880478	1151.835613
-112.510000	28.380000	-157.401001	19.930099	-1.304520	248.124228	1149.118471
-112.510000	28.380000	-157.401001	20.180099	-1.398956	248.369535	1146.407712
-112.510000	28.380000	-157.401001	20.430099	-0.759610	248.616526	1143.848815
-112.510000	28.380000	-157.401001	20.680099	0.145499	248.865104	1141.435320
-112.510000	28.380000	-157.401001	20.930099	0.231715	249.115403	1139.090339
-112.510000	28.380000	-157.401001	21.180099	-0.003086	249.367317	1136.745358
-112.510000	28.380000	-157.151001	19.430099	-1.178786	247.625091	1148.363393
-112.510000	28.380000	-157.151001	19.680099	-1.570925	247.869357	1145.646251
-112.510000	28.380000	-157.151001	19.930099	-1.471462	248.115123	1142.929109
-112.510000	28.380000	-157.151001	20.180099	-1.349128	248.362639	1140.341322
-112.510000	28.380000	-157.151001	20.430099	-1.362245	248.611689	1137.782425
-112.510000	28.380000	-157.151001	20.680099	-0.672356	248.862521	1135.253487
-112.510000	28.380000	-157.151001	20.930099	0.027327	249.114921	1132.869059
-112.510000	28.380000	-157.151001	21.180099	0.010027	249.369135	1130.524077
-112.510000	28.380000	-156.901001	18.930099	2.473048	247.123214	1147.236278
-112.510000	28.380000	-156.901001	19.180099	0.818057	247.366265	1144.852562
-112.510000	28.380000	-156.901001	19.430099	-1.162530	247.610969	1142.174031
-112.510000	28.380000	-156.901001	19.680099	-1.292093	247.857245	1139.456888
-112.510000	28.380000	-156.901001	19.930099	-1.183544	248.105212	1136.833828
-112.510000	28.380000	-156.901001	20.180099	-1.225544	248.354781	1134.274932
-112.510000	28.380000	-156.901001	20.430099	-1.476841	248.606077	1131.716036
-112.510000	28.380000	-156.901001	20.680099	-1.360128	248.859003	1129.157139
-112.510000	28.380000	-156.901001	20.930099	-0.618802	249.113696	1126.677785
-112.510000	28.380000	-156.901001	21.180099	-0.102443	249.370048	1124.302797
-112.510000	28.380000	-156.651001	18.680099	0.828193	246.860623	1143.348363
-112.510000	28.380000	-156.651001	18.930099	1.214815	247.104092	1140.838110
-112.510000	28.380000	-156.651001	19.180099	1.429843	247.349293	1138.434050
-112.510000	28.380000	-156.651001	19.430099	-0.021070	247.596001	1135.984668
-112.510000	28.380000	-156.651001	19.680099	-0.901230	247.844474	1133.326335
-112.510000	28.380000	-156.651001	19.930099	-0.886166	248.094487	1130.767438
-112.510000	28.380000	-156.651001	20.180099	-1.124801	248.346298	1128.208542
-112.510000	28.380000	-156.651001	20.430099	-1.365026	248.599684	1125.649646
-112.510000	28.380000	-156.651001	20.680099	-1.539347	248.854899	1123.090749
-112.510000	28.380000	-156.651001	20.930099	-1.341731	249.111725	1120.548812
-112.510000	28.380000	-156.401001	18.430099	0.374080	246.594521	1139.895789
-112.510000	28.380000	-156.401001	18.680099	0.446372	246.838471	1137.385535
-112.510000	28.380000	-156.401001	18.930099	0.218418	247.084081	1134.875282
-112.510000	28.380000	-156.401001	19.180099	0.030949	247.331279	1132.353146
-112.510000	28.380000	-156.401001	19.430099	-0.204622	247.580174	1129.797159
-112.510000	28.380000	-156.401001	19.680099	-0.343671	247.830687	1127.199638
-112.510000	28.380000	-156.401001	19.930099	-0.509233	248.082934	1124.654129
-112.510000	28.380000	-156.401001	20.180099	-0.954283	248.336827	1122.087386
-112.510000	28.380000	-156.401001	20.430099	-1.295191	248.592494	1119.520643
-112.510000	28.380000	-156.401001	20.680099	-1.368108	248.849836	1116.953900
-112.510000	28.380000	-156.401001	20.930099	-1.584240	249.108991	1114.430251
-112.510000	28.380000	-156.151001	18.430099	0.811107	246.569483	1133.904412
-112.510000	28.380000	-156.151001	18.680099	0.365895	246.815569	1131.355367
-112.510000	28.380000	-156.151001	18.930099	0.199034	247.063169	1128.806322
-112.510000	28.380000	-156.151001	19.180099	-0.328352	247.312550	1126.257277
-112.510000	28.380000	-156.151001	19.430099	-0.933530	247.563478	1123.619034
-112.510000	28.380000	-156.151001	19.680099	-0.620397	247.816219	1120.917916
-112.510000	28.380000	-156.151001	19.930099	0.161770	248.070544	1118.380328
-112.510000	28.380000	-156.151001	20.180099	-0.090675	248.326714	1115.886717
-112.510000	28.380000	-156.151001	20.430099	-0.753387	248.584502	1113.379275
-112.510000	28.380000	-156.151001	20.680099	-1.323804	248.844169	1110.812533
-112.510000	28.380000	-156.151001	20.930099	-1.749071	249.105490	1108.254284
-112.510000	28.380000	-155.901001	18.180099	0.261363	246.297041	1130.397978
-112.510000	28.380000	-155.901001	18.430099	0.700824	246.543505	1127.833305
-112.510000	28.380000	-155.901001	18.680099	0.528475	246.791573	1125.268633
-112.510000	28.380000	-155.901001	18.930099	0.313435	247.041345	1122.710453
-112.510000	28.380000	-155.901001	19.180099	-0.352576	247.292751	1120.142027
-112.510000	28.380000	-155.901001	19.430099	-1.037280	247.545899	1117.440909
-112.510000	28.380000	-155.901001	19.680099	-1.250033	247.800710	1114.739791
-112.510000	28.380000	-155.901001	19.930099	-0.449726	248.057303	1112.054630
-112.510000	28.380000	-155.901001	20.180099	0.116695	248.315587	1109.561018
-112.510000	28.380000	-155.901001	20.430099	-0.163749	248.575692	1107.067407
-112.510000	28.380000	-155.901001	20.680099	-0.598659	248.837519	1104.568626
-112.510000	28.380000	-155.901001	20.930099	-1.379654	249.101205	1102.054563
-112.510000	28.380000	-155.651001	18.180099	0.658409	246.268131	1124.254667
-112.510000	28.380000	-155.651001	18.430099	1.041888	246.516569	1121.675707
-112.510000	28.380000	-155.651001	18.680099	0.814760	246.766804	1119.096747
-112.510000	28.380000	-155.651001	18.930099	0.362721	247.018595	1116.517787
-112.510000	28.380000	-155.651001	19.180099	-0.153488	247.272215	1113.878961
-112.510000	28.380000	-155.651001	19.430099	-0.622282	247.527427	1111.189629
-112.510000	28.380000	-155.651001	19.680099	-0.943924	247.784500	1108.500298
-112.510000	28.380000	-155.651001	19.930099	-0.866094	248.043201	1105.810966
-112.510000	28.380000	-155.651001	20.180099	-0.388397	248.303797	1103.269666
-112.510000	28.380000	-155.651001	20.430099	-0.494545	248.566057	1100.762250
-112.510000	28.380000	-155.651001	20.680099	-0.744981	248.830245	1098.254833
-112.510000	28.380000	-155.651001	20.930099	-1.126226	249.096132	1095.747417
-112.510000	28.380000	-155.401001	17.930099	-1.011333	245.989191	1120.819171
-112.510000	28.380000	-155.401001	18.180099	0.100888	246.238072	1117.973298
-112.510000	28.380000	-155.401001	18.430099	1.102601	246.488666	1115.344961
-112.510000	28.380000	-155.401001	18.680099	1.094550	246.740911	1112.766000
-112.510000	28.380000	-155.401001	18.930099	0.507026	246.994906	1110.187040
-112.510000	28.380000	-155.401001	19.180099	-0.091620	247.250582	1107.517002
-112.510000	28.380000	-155.401001	19.430099	-0.433925	247.508046	1104.827670
-112.510000	28.380000	-155.401001	19.680099	-0.332313	247.767221	1102.165843
-112.510000	28.380000	-155.401001	19.930099	-0.280478	248.028225	1099.625353
-112.510000	28.380000	-155.401001	20.180099	-0.466548	248.290968	1097.117936
-112.510000	28.380000	-155.401001	20.430099	-0.731160	248.555580	1094.610520
-112.510000	28.380000	-155.401001	20.680099	-0.907853	248.821962	1092.103104
-112.510000	28.380000	-155.151001	17.930099	-1.241311	245.956152	1114.667109
-112.510000	28.380000	-155.151001	18.180099	-0.649689	246.207183	1111.760992
-112.510000	28.380000	-155.151001	18.430099	0.487457	246.459779	1109.047320
-112.510000	28.380000	-155.151001	18.680099	0.919899	246.714222	1106.435254
-112.510000	28.380000	-155.151001	18.930099	0.461313	246.970265	1103.844374
-112.510000	28.380000	-155.151001	19.180099	-0.055246	247.228188	1101.155043
-112.510000	28.380000	-155.151001	19.430099	0.001416	247.487747	1098.537607
-112.510000	28.380000	-155.151001	19.680099	-0.066721	247.749219	1095.981039
-112.510000	28.380000	-155.151001	19.930099	-0.187943	248.012363	1093.473623
-112.510000	28.380000	-155.151001	20.180099	-0.561239	248.277455	1090.966207
-112.510000	28.380000	-155.151001	20.430099	-0.429534	248.544255	1088.458790
-112.510000	28.380000	-154.901001	17.680099	-0.955893	245.670734	1111.421165
-112.510000	28.380000	-154.901001	17.930099	-1.207249	245.922090	1108.515048
-112.510000	28.380000	-154.901001	18.180099	-0.972743	246.175114	1105.608931
-112.510000	28.380000	-154.901001	18.430099	-0.243705	246.429898	1102.830362
-112.510000	28.380000	-154.901001	18.680099	0.193979	246.686379	1100.121341
-112.510000	28.380000	-154.901001	18.930099	0.523794	246.944659	1097.482415
-112.510000	28.380000	-154.901001	19.180099	0.348954	247.204668	1094.909371
-112.510000	28.380000	-154.901001	19.430099	0.178372	247.466514	1092.343201
-112.510000	28.380000	-154.901001	19.680099	0.068450	247.730119	1089.829310
-112.510000	28.380000	-154.901001	19.930099	-0.148826	247.995602	1087.321893
-112.510000	28.380000	-154.901001	20.180099	0.055805	248.262874	1084.880648
-112.510000	28.380000	-154.651001	17.680099	-1.269577	245.633643	1105.269103
-112.510000	28.380000	-154.651001	17.930099	-1.454652	245.886984	1102.362986
-112.510000	28.380000	-154.651001	18.180099	-1.402528	246.142189	1099.456869
-112.510000	28.380000	-154.651001	18.430099	-0.555751	246.399003	1096.613405
-112.510000	28.380000	-154.651001	18.680099	0.086172	246.657715	1093.909068
-112.510000	28.380000	-154.651001	18.930099	0.347019	246.918073	1091.281135
-112.510000	28.380000	-154.651001	19.180099	0.427028	247.180363	1088.714965
-112.510000	28.380000	-154.651001	19.430099	0.238436	247.444335	1086.184996
-112.510000	28.380000	-154.651001	19.680099	0.336173	247.710273	1083.677580
-112.510000	28.380000	-154.651001	19.930099	0.548133	247.977930	1081.318941
-112.510000	28.380000	-154.401001	17.680099	-1.981457	245.595318	1099.309008
-112.510000	28.380000	-154.401001	17.930099	-2.126756	245.850826	1096.366391
-112.510000	28.380000	-154.401001	18.180099	-2.363464	246.108052	1093.423774
-112.510000	28.380000	-154.401001	18.430099	-1.600347	246.367085	1090.460981
-112.510000	28.380000	-154.401001	18.680099	-0.076090	246.627866	1087.713797
-112.510000	28.380000	-154.401001	18.930099	0.439220	246.890494	1085.086729
-112.510000	28.380000	-154.401001	19.180099	0.506367	247.154901	1082.540683
-112.510000	28.380000	-154.401001	19.430099	0.828246	247.421195	1080.071300
-112.510000	28.380000	-154.401001	19.680099	0.887397	247.689299	1077.757235
-112.510000	28.380000	-154.401001	19.930099	0.522860	247.959331	1075.442708
-112.510000	28.380000	-154.151001	17.930099	-2.346572	245.813594	1090.442515
-112.510000	28.380000	-154.151001	18.180099	-2.698999	246.073032	1087.484733
-112.510000	28.380000	-154.151001	18.430099	-2.985338	246.334125	1084.497348
-112.510000	28.380000	-154.151001	18.680099	-1.378178	246.597170	1081.518526
-112.510000	28.380000	-154.151001	18.930099	0.715248	246.861907	1078.896370
-112.510000	28.380000	-154.151001	19.180099	1.327213	247.128630	1076.509594
-112.510000	28.380000	-154.151001	19.430099	1.105577	247.397082	1074.195529
-112.510000	28.380000	-154.151001	19.680099	0.814454	247.667555	1071.880930
-112.510000	28.380000	-153.901001	17.930099	-2.392626	245.775279	1084.530870
-112.510000	28.380000	-153.901001	18.180099	-2.784561	246.036767	1081.564978
-112.510000	28.380000	-153.901001	18.430099	-3.194723	246.300112	1078.573294
-112.510000	28.380000	-153.901001	18.680099	-2.035899	246.565255	1075.581609
-112.510000	28.380000	-153.901001	18.930099	0.461129	246.832297	1072.947888
-112.510000	28.380000	-153.901001	19.180099	1.401308	247.101169	1070.633823
-112.510000	28.380000	-153.901001	19.430099	1.109846	247.371980	1068.319152
-112.510000	28.380000	-153.651001	18.180099	-2.640311	245.999590	1075.663985
-112.510000	28.380000	-153.651001	18.430099	-3.088341	246.265025	1072.700734
-112.510000	28.380000	-153.651001	18.680099	-2.136538	246.532466	1069.709049
-112.510000	28.380000	-153.651001	18.930099	0.350861	246.801648	1067.072116
-112.510000	28.380000	-153.651001	19.180099	1.408772	247.072872	1064.757374
-112.510000	28.380000	-153.401001	18.180099	-2.414135	245.961134	1069.756949
-112.510000	28.380000	-153.401001	18.430099	-2.685380	246.228853	1066.796435
-112.510000	28.380000	-153.401001	18.680099	-1.762209	246.498425	1063.835921
-112.510000	28.380000	-153.401001	18.930099	0.352120	246.769947	1061.195597
-112.510000	28.380000	-153.401001	19.180099	1.419521	247.043353	1058.873453
-112.510000	28.380000	-153.151001	18.430099	-2.360064	246.191576	1060.802389
-112.510000	28.380000	-153.151001	18.680099	-0.952461	246.463480	1057.840973
-112.510000	28.380000	-153.151001	18.930099	0.858302	246.737175	1055.311675
-112.510000	28.380000	-152.901001	18.430099	-2.199117	246.153181	1054.742922
-112.510000	28.380000	-152.901001	18.680099	-0.361550	246.427248	1051.781506
