-155.772995	19.079000	2922.167000
-155.996994	20.771000	2914.157000
-155.710999	20.046000	2924.152000
-156.658005	20.891001	2895.148000
-157.270004	21.108999	2878.172000
-159.664993	22.122999	2816.153000
-156.755997	21.136000	2892.163000
-158.903000	21.298401	2843.210000
-160.047501	19.823400	2808.157000
-162.025604	19.986300	2754.140000
-161.314896	21.956301	2773.100000
-161.095001	23.997200	2778.141000
-158.933105	24.573799	2830.213000
-155.765305	26.776699	2893.142000
-152.765793	25.592800	2971.019000
-156.964600	24.312099	2880.193000
-158.185394	22.620199	2854.156000
-155.636200	22.299900	2920.145000
-150.914993	18.914200	3047.248000
-153.868195	17.315399	2974.152000
-156.206604	16.162001	2914.146000
-157.700806	16.348400	2878.225000
-158.982498	15.574000	2846.160000
-158.179504	20.377800	2854.139000
