-155.772995	19.079000	2177.587000
-155.710999	20.046000	2183.573000
-156.658005	20.891001	2161.569000
-157.270004	21.108999	2147.592000
-159.664993	22.122999	2090.569000
-156.755997	21.136000	2161.591000
-158.903000	21.298401	2112.634000
-162.025604	19.986300	2010.565000
-161.095001	23.997200	2068.565000
-158.933105	24.573799	2116.635000
-152.765793	25.592800	2272.570000
-158.185394	22.620199	2131.578000
-155.636200	22.299900	2196.559000
-154.251801	21.168699	2225.563000
-156.206604	16.162001	2154.565000
-157.700806	16.348400	2117.663000
-158.982498	15.574000	2082.579000
-152.765793	25.592800	2272.396000
-155.636200	22.299900	2196.359000
