92.570000	6.310000	-161.525604	19.912001	-3.349412	102.308627	2821.642911
92.570000	6.310000	-161.525604	20.162001	-1.690065	102.385640	2820.519305
92.570000	6.310000	-161.525604	20.412001	-0.202259	102.462868	2819.185560
92.570000	6.310000	-161.525604	20.662001	0.428474	102.540287	2817.653342
92.570000	6.310000	-161.525604	20.912001	0.445134	102.617929	2816.097221
92.570000	6.310000	-161.275604	19.662001	-4.281046	102.331975	2829.019650
92.570000	6.310000	-161.275604	19.912001	-3.635692	102.410060	2828.105529
92.570000	6.310000	-161.275604	20.162001	-1.974402	102.488245	2827.024638
92.570000	6.310000	-161.275604	20.412001	-0.980329	102.566734	2825.690893
92.570000	6.310000	-161.275604	20.662001	-0.316357	102.645330	2824.357149
92.570000	6.310000	-161.275604	20.912001	0.327436	102.724236	2822.803837
92.570000	6.310000	-161.275604	21.162001	0.259806	102.803256	2821.247716
92.570000	6.310000	-161.275604	21.412001	0.180468	102.882594	2819.691594
92.570000	6.310000	-161.275604	21.662001	0.101008	102.962054	2818.135473
92.570000	6.310000	-161.275604	21.912001	0.021223	103.041839	2816.579351
92.570000	6.310000	-161.025604	19.412001	-4.302548	102.353477	2836.396389
92.570000	6.310000	-161.025604	19.662001	-4.381592	102.432521	2835.482269
92.570000	6.310000	-161.025604	19.912001	-3.922440	102.511777	2834.568148
92.570000	6.310000	-161.025604	20.162001	-2.259324	102.591221	2833.529971
92.570000	6.310000	-161.025604	20.412001	-1.084481	102.670885	2832.196226
92.570000	6.310000	-161.025604	20.662001	-1.087093	102.750743	2830.862482
92.570000	6.310000	-161.025604	20.912001	-0.433746	102.830829	2829.510454
92.570000	6.310000	-161.025604	21.162001	0.151946	102.911116	2827.954333
92.570000	6.310000	-161.025604	21.412001	0.071424	102.991639	2826.398211
92.570000	6.310000	-161.025604	21.662001	-0.009307	103.072369	2824.842090
92.570000	6.310000	-161.025604	21.912001	-0.090280	103.153342	2823.285968
92.570000	6.310000	-161.025604	22.162001	-0.171469	103.234531	2821.729847
92.570000	6.310000	-161.025604	22.412001	-0.252908	103.315970	2820.173725
92.570000	6.310000	-161.025604	22.662001	-0.334570	103.397632	2818.617604
92.570000	6.310000	-161.025604	22.912001	-0.416489	103.479552	2817.061482
92.570000	6.310000	-161.025604	23.162001	-0.498640	103.561702	2815.505361
92.570000	6.310000	-160.775604	19.412001	-4.402152	102.453081	2842.859008
92.570000	6.310000	-160.775604	19.662001	-4.482365	102.533295	2841.944888
92.570000	6.310000	-160.775604	19.912001	-4.209684	102.613809	2841.030767
92.570000	6.310000	-160.775604	20.162001	-2.544686	102.694426	2840.035304
92.570000	6.310000	-160.775604	20.412001	-1.188947	102.775352	2838.701559
92.570000	6.310000	-160.775604	20.662001	-1.269984	102.856388	2837.367815
92.570000	6.310000	-160.775604	20.912001	-1.201059	102.937739	2836.034070
92.570000	6.310000	-160.775604	21.162001	-0.554268	103.019208	2834.660949
92.570000	6.310000	-160.775604	21.412001	-0.037937	103.101000	2833.104828
92.570000	6.310000	-160.775604	21.662001	-0.119855	103.182917	2831.548706
92.570000	6.310000	-160.775604	21.912001	-0.202101	103.265163	2829.992585
92.570000	6.310000	-160.775604	22.162001	-0.284481	103.347543	2828.436463
92.570000	6.310000	-160.775604	22.412001	-0.367197	103.430259	2826.880342
92.570000	6.310000	-160.775604	22.662001	-0.450055	103.513117	2825.324220
92.570000	6.310000	-160.775604	22.912001	-0.533257	103.596319	2823.768099
92.570000	6.310000	-160.775604	23.162001	-0.616608	103.679670	2822.211977
92.570000	6.310000	-160.775604	23.412001	0.248781	103.763373	2820.655856
92.570000	6.310000	-160.525604	19.162001	-4.420761	102.471690	2850.235747
92.570000	6.310000	-160.525604	19.412001	-4.502046	102.552976	2849.321627
92.570000	6.310000	-160.525604	19.662001	-4.583516	102.634445	2848.407506
92.570000	6.310000	-160.525604	19.912001	-4.497396	102.716132	2847.493386
92.570000	6.310000	-160.525604	20.162001	-2.827565	102.798009	2846.540637
92.570000	6.310000	-160.525604	20.412001	-1.293707	102.880111	2845.206892
92.570000	6.310000	-160.525604	20.662001	-1.376007	102.962411	2843.873148
92.570000	6.310000	-160.525604	20.912001	-1.458538	103.044942	2842.539403
92.570000	6.310000	-160.525604	21.162001	-1.320684	103.127679	2841.205659
92.570000	6.310000	-160.525604	21.412001	-0.678108	103.210655	2839.811445
92.570000	6.310000	-160.525604	21.662001	-0.230782	103.293844	2838.255323
92.570000	6.310000	-160.525604	21.912001	-0.314217	103.377279	2836.699202
92.570000	6.310000	-160.525604	22.162001	-0.397872	103.460934	2835.143080
92.570000	6.310000	-160.525604	22.412001	-0.481782	103.544844	2833.586959
92.570000	6.310000	-160.525604	22.662001	-0.565920	103.628982	2832.030837
92.570000	6.310000	-160.525604	22.912001	-0.650319	103.713382	2830.474716
92.570000	6.310000	-160.525604	23.162001	0.979607	103.798017	2828.918594
92.570000	6.310000	-160.525604	23.412001	3.441157	103.882923	2827.056154
92.570000	6.310000	-160.275604	18.912001	-4.437478	102.488407	2857.612487
92.570000	6.310000	-160.275604	19.162001	-4.519721	102.570650	2856.698366
92.570000	6.310000	-160.275604	19.412001	-4.602262	102.653191	2855.784246
92.570000	6.310000	-160.275604	19.662001	-4.684903	102.735832	2854.870125
92.570000	6.310000	-160.275604	19.912001	-4.767848	102.818777	2853.956005
92.570000	6.310000	-160.275604	20.162001	-3.082386	102.901830	2853.041884
92.570000	6.310000	-160.275604	20.412001	-1.416057	102.985194	2851.712225
92.570000	6.310000	-160.275604	20.662001	-1.482269	103.068673	2850.378481
92.570000	6.310000	-160.275604	20.912001	-1.566066	103.152471	2849.044736
92.570000	6.310000	-160.275604	21.162001	-1.649986	103.236391	2847.710992
92.570000	6.310000	-160.275604	21.412001	-1.443589	103.320636	2846.377247
92.570000	6.310000	-160.275604	21.662001	-0.805107	103.405012	2844.961940
92.570000	6.310000	-160.275604	21.912001	-0.426659	103.489721	2843.405818
92.570000	6.310000	-160.275604	22.162001	-0.511506	103.574568	2841.849697
92.570000	6.310000	-160.275604	22.412001	-0.596693	103.659755	2840.293575
92.570000	6.310000	-160.275604	22.662001	-0.562231	103.745089	2838.737454
92.570000	6.310000	-160.275604	22.912001	1.724425	103.830771	2837.181332
92.570000	6.310000	-160.275604	23.162001	4.223886	103.916606	2835.171205
92.570000	6.310000	-160.275604	23.412001	4.308728	104.002798	2833.139627
92.570000	6.310000	-160.025604	18.662001	-4.452249	102.503178	2864.989226
92.570000	6.310000	-160.025604	18.912001	-4.535566	102.586495	2864.075106
92.570000	6.310000	-160.025604	19.162001	-4.619064	102.669993	2863.160985
92.570000	6.310000	-160.025604	19.412001	-4.702775	102.753704	2862.246864
92.570000	6.310000	-160.025604	19.662001	-4.786674	102.837603	2861.332744
92.570000	6.310000	-160.025604	19.912001	-4.870793	102.921722	2860.418623
92.570000	6.310000	-160.025604	20.162001	-3.341727	103.006036	2859.504503
92.570000	6.310000	-160.025604	20.412001	-1.702093	103.090578	2858.217558
92.570000	6.310000	-160.025604	20.662001	-1.588917	103.175321	2856.883814
92.570000	6.310000	-160.025604	20.912001	-1.673896	103.260300	2855.550069
92.570000	6.310000	-160.025604	21.162001	-1.759084	103.345488	2854.216325
92.570000	6.310000	-160.025604	21.412001	-1.844515	103.430920	2852.882580
92.570000	6.310000	-160.025604	21.662001	-1.569729	103.516567	2851.548836
92.570000	6.310000	-160.025604	21.912001	-0.935453	103.602466	2850.112435
92.570000	6.310000	-160.025604	22.162001	-0.625526	103.688588	2848.556314
92.570000	6.310000	-160.025604	22.412001	0.070904	103.774970	2847.000192
92.570000	6.310000	-160.025604	22.662001	2.483284	103.861583	2845.317833
92.570000	6.310000	-160.025604	22.912001	4.487996	103.948463	2843.286255
92.570000	6.310000	-160.025604	23.162001	4.431176	104.035583	2841.254678
92.570000	6.310000	-160.025604	23.412001	3.800652	104.122977	2839.223100
92.570000	6.310000	-159.775604	18.412001	-4.465134	102.516063	2872.365965
92.570000	6.310000	-159.775604	18.662001	-4.549411	102.600340	2871.451845
92.570000	6.310000	-159.775604	18.912001	-4.633983	102.684912	2870.537724
92.570000	6.310000	-159.775604	19.162001	-4.718650	102.769579	2869.623604
92.570000	6.310000	-159.775604	19.412001	-4.803618	102.854547	2868.709483
92.570000	6.310000	-159.775604	19.662001	-4.888689	102.939619	2867.795363
92.570000	6.310000	-159.775604	19.912001	-4.974069	103.024998	2866.881242
92.570000	6.310000	-159.775604	20.162001	-3.630289	103.110488	2865.967122
92.570000	6.310000	-159.775604	20.412001	-1.988691	103.196294	2864.722891
92.570000	6.310000	-159.775604	20.662001	-1.695813	103.282217	2863.389146
92.570000	6.310000	-159.775604	20.912001	-1.782059	103.368463	2862.055402
92.570000	6.310000	-159.775604	21.162001	-1.868431	103.454835	2860.721658
92.570000	6.310000	-159.775604	21.412001	-1.955133	103.541537	2859.387913
92.570000	6.310000	-159.775604	21.662001	-2.041968	103.628372	2858.054169
92.570000	6.310000	-159.775604	21.912001	-1.699177	103.715545	2856.720424
92.570000	6.310000	-159.775604	22.162001	0.406449	103.802859	2855.262930
92.570000	6.310000	-159.775604	22.412001	3.256095	103.890519	2853.432884
92.570000	6.310000	-159.775604	22.662001	4.488431	103.978328	2851.401306
92.570000	6.310000	-159.775604	22.912001	4.400269	104.066490	2849.369728
92.570000	6.310000	-159.775604	23.162001	4.196208	104.154810	2847.338151
92.570000	6.310000	-159.525604	18.162001	-4.476078	102.527007	2879.742705
92.570000	6.310000	-159.525604	18.412001	-4.561432	102.612361	2878.828584
92.570000	6.310000	-159.525604	18.662001	-4.646963	102.697892	2877.914464
92.570000	6.310000	-159.525604	18.912001	-4.732703	102.783632	2877.000343
92.570000	6.310000	-159.525604	19.162001	-4.818626	102.869555	2876.086223
92.570000	6.310000	-159.525604	19.412001	-4.904766	102.955695	2875.172102
92.570000	6.310000	-159.525604	19.662001	-4.991097	103.042026	2874.257982
92.570000	6.310000	-159.525604	19.912001	-5.077652	103.128581	2873.343861
92.570000	6.310000	-159.525604	20.162001	-3.919442	103.215333	2872.429740
92.570000	6.310000	-159.525604	20.412001	-2.275825	103.302318	2871.228224
92.570000	6.310000	-159.525604	20.662001	-1.803102	103.389507	2869.894479
92.570000	6.310000	-159.525604	20.912001	-1.890531	103.476935	2868.560735
92.570000	6.310000	-159.525604	21.162001	-1.978172	103.564576	2867.226990
92.570000	6.310000	-159.525604	21.412001	-2.066060	103.652464	2865.893246
92.570000	6.310000	-159.525604	21.662001	-2.154168	103.740572	2864.559502
92.570000	6.310000	-159.525604	21.912001	-0.332967	103.828935	2863.225757
92.570000	6.310000	-159.525604	22.162001	2.901105	103.917526	2861.539676
92.570000	6.310000	-159.525604	22.412001	4.425385	104.006379	2859.516357
92.570000	6.310000	-159.525604	22.662001	4.371291	104.095468	2857.484779
92.570000	6.310000	-159.525604	22.912001	4.281930	104.184828	2855.453201
92.570000	6.310000	-159.525604	23.162001	3.701614	104.274432	2853.421623
92.570000	6.310000	-159.275604	18.162001	-4.571457	102.622386	2886.205324
92.570000	6.310000	-159.275604	18.412001	-4.658065	102.708994	2885.291203
92.570000	6.310000	-159.275604	18.662001	-4.744763	102.795692	2884.377083
92.570000	6.310000	-159.275604	18.912001	-4.831759	102.882688	2883.462962
92.570000	6.310000	-159.275604	19.162001	-4.918853	102.969783	2882.548841
92.570000	6.310000	-159.275604	19.412001	-5.006252	103.057182	2881.634721
92.570000	6.310000	-159.275604	19.662001	-5.093757	103.144686	2880.720600
92.570000	6.310000	-159.275604	19.912001	-5.181574	103.232503	2879.806480
92.570000	6.310000	-159.275604	20.162001	-4.209043	103.320433	2878.892359
92.570000	6.310000	-159.275604	20.412001	-2.563522	103.408682	2877.733557
92.570000	6.310000	-159.275604	20.662001	-1.910648	103.497053	2876.399812
92.570000	6.310000	-159.275604	20.912001	-1.999345	103.585749	2875.066068
92.570000	6.310000	-159.275604	21.162001	-2.088170	103.674575	2873.732323
92.570000	6.310000	-159.275604	21.412001	-2.116526	103.763734	2872.398579
92.570000	6.310000	-159.275604	21.662001	0.050200	103.853030	2871.064834
92.570000	6.310000	-159.275604	21.912001	2.357768	103.942668	2869.302803
92.570000	6.310000	-159.275604	22.162001	3.130362	104.032451	2867.534634
92.570000	6.310000	-159.275604	22.412001	3.933206	104.122583	2865.599830
92.570000	6.310000	-159.275604	22.662001	4.253891	104.212868	2863.568252
92.570000	6.310000	-159.275604	22.912001	4.086982	104.303510	2861.536674
92.570000	6.310000	-159.275604	23.162001	3.119583	104.394314	2859.523090
92.570000	6.310000	-159.025604	17.912001	-4.579662	102.630591	2893.582063
92.570000	6.310000	-159.025604	18.162001	-4.667232	102.718161	2892.667942
92.570000	6.310000	-159.025604	18.412001	-4.755006	102.805936	2891.753822
92.570000	6.310000	-159.025604	18.662001	-4.842960	102.893889	2890.839701
92.570000	6.310000	-159.025604	18.912001	-4.931127	102.982056	2889.925581
92.570000	6.310000	-159.025604	19.162001	-5.019479	103.070408	2889.011460
92.570000	6.310000	-159.025604	19.412001	-5.108052	103.158981	2888.097340
92.570000	6.310000	-159.025604	19.662001	-5.196817	103.247747	2887.183219
92.570000	6.310000	-159.025604	19.912001	-5.285811	103.336740	2886.269099
92.570000	6.310000	-159.025604	20.162001	-4.499236	103.425934	2885.354978
92.570000	6.310000	-159.025604	20.412001	-2.851755	103.515363	2884.238890
92.570000	6.310000	-159.025604	20.662001	-2.018596	103.605000	2882.905145
92.570000	6.310000	-159.025604	20.912001	-2.108476	103.694880	2881.571401
92.570000	6.310000	-159.025604	21.162001	-1.773113	103.784976	2880.237656
92.570000	6.310000	-159.025604	21.412001	0.438694	103.875322	2878.834098
92.570000	6.310000	-159.025604	21.662001	2.459191	103.965891	2877.065929
92.570000	6.310000	-159.025604	21.912001	2.376316	104.056720	2875.297760
92.570000	6.310000	-159.025604	22.162001	2.628082	104.147779	2873.529592
92.570000	6.310000	-159.025604	22.412001	3.453266	104.239105	2871.683303
92.570000	6.310000	-159.025604	22.662001	4.136088	104.330671	2869.651725
92.570000	6.310000	-159.025604	22.912001	3.606000	104.422511	2867.620147
92.570000	6.310000	-158.775604	17.662001	-4.585874	102.636803	2900.958802
92.570000	6.310000	-158.775604	17.912001	-4.674524	102.725454	2900.044682
92.570000	6.310000	-158.775604	18.162001	-4.763261	102.814190	2899.130561
92.570000	6.310000	-158.775604	18.412001	-4.852291	102.903220	2898.216441
92.570000	6.310000	-158.775604	18.662001	-4.941415	102.992344	2897.302320
92.570000	6.310000	-158.775604	18.912001	-5.030839	103.081768	2896.388200
92.570000	6.310000	-158.775604	19.162001	-5.120364	103.171294	2895.474079
92.570000	6.310000	-158.775604	19.412001	-5.210198	103.261127	2894.559959
92.570000	6.310000	-158.775604	19.662001	-5.300139	103.351068	2893.645838
92.570000	6.310000	-158.775604	19.912001	-5.390396	103.441325	2892.731717
92.570000	6.310000	-158.775604	20.162001	-4.789880	103.531698	2891.817597
92.570000	6.310000	-158.775604	20.412001	-3.140555	103.622393	2890.744223
92.570000	6.310000	-158.775604	20.662001	-2.126808	103.713212	2889.410478
92.570000	6.310000	-158.775604	20.912001	-1.398289	103.804361	2888.076734
92.570000	6.310000	-158.775604	21.162001	0.832684	103.895642	2886.597224
92.570000	6.310000	-158.775604	21.412001	2.445775	103.987261	2884.829055
92.570000	6.310000	-158.775604	21.662001	2.354017	104.079020	2883.060887
92.570000	6.310000	-158.775604	21.912001	2.261913	104.171123	2881.292718
92.570000	6.310000	-158.775604	22.162001	2.169661	104.263375	2879.524549
92.570000	6.310000	-158.775604	22.412001	3.076258	104.355980	2877.756381
92.570000	6.310000	-158.775604	22.662001	3.937137	104.448742	2875.735198
92.570000	6.310000	-158.775604	22.912001	3.024064	104.541865	2873.712307
92.570000	6.310000	-158.525604	17.412001	-4.590267	102.641197	2908.335542
92.570000	6.310000	-158.525604	17.662001	-4.679884	102.730813	2907.421421
92.570000	6.310000	-158.525604	17.912001	-4.769701	102.820631	2906.507301
92.570000	6.310000	-158.525604	18.162001	-4.859693	102.910622	2905.593180
92.570000	6.310000	-158.525604	18.412001	-4.949893	103.000822	2904.679059
92.570000	6.310000	-158.525604	18.662001	-5.040274	103.091203	2903.764939
92.570000	6.310000	-158.525604	18.912001	-5.130871	103.181800	2902.850818
92.570000	6.310000	-158.525604	19.162001	-5.221656	103.272585	2901.936698
92.570000	6.310000	-158.525604	19.412001	-5.312664	103.363593	2901.022577
92.570000	6.310000	-158.525604	19.662001	-5.403868	103.454798	2900.108457
92.570000	6.310000	-158.525604	19.912001	-5.495303	103.546232	2899.194336
92.570000	6.310000	-158.525604	20.162001	-5.081116	103.637870	2898.280216
92.570000	6.310000	-158.525604	20.412001	-3.429892	103.729747	2897.249556
92.570000	6.310000	-158.525604	20.662001	-1.018052	103.821834	2895.915811
92.570000	6.310000	-158.525604	20.912001	1.231996	103.914168	2894.360351
92.570000	6.310000	-158.525604	21.162001	2.426316	104.006720	2892.592182
92.570000	6.310000	-158.525604	21.412001	2.333510	104.099526	2890.824013
92.570000	6.310000	-158.525604	21.662001	2.240477	104.192559	2889.055845
92.570000	6.310000	-158.525604	21.912001	2.147183	104.285853	2887.287676
92.570000	6.310000	-158.525604	22.162001	2.053653	104.379383	2885.519507
92.570000	6.310000	-158.525604	22.412001	2.680310	104.473182	2883.751338
92.570000	6.310000	-158.525604	22.662001	3.091017	104.567224	2881.818671
92.570000	6.310000	-158.525604	22.912001	2.456993	104.661545	2879.878139
92.570000	6.310000	-158.275604	17.162001	-4.592669	102.643598	2915.712281
92.570000	6.310000	-158.275604	17.412001	-4.683371	102.734301	2914.798160
92.570000	6.310000	-158.275604	17.662001	-4.774155	102.825084	2913.884040
92.570000	6.310000	-158.275604	17.912001	-4.865228	102.916157	2912.969919
92.570000	6.310000	-158.275604	18.162001	-4.956389	103.007318	2912.055799
92.570000	6.310000	-158.275604	18.412001	-5.047846	103.098775	2911.141678
92.570000	6.310000	-158.275604	18.662001	-5.139399	103.190328	2910.227558
92.570000	6.310000	-158.275604	18.912001	-5.231256	103.282185	2909.313437
92.570000	6.310000	-158.275604	19.162001	-5.328572	103.374145	2908.399317
92.570000	6.310000	-158.275604	19.412001	-5.437611	103.466415	2907.485196
92.570000	6.310000	-158.275604	19.662001	-5.546692	103.558797	2906.571076
92.570000	6.310000	-158.275604	19.912001	-5.656021	103.651497	2905.656955
92.570000	6.310000	-158.275604	20.162001	-5.447608	103.744315	2904.742835
92.570000	6.310000	-158.275604	20.412001	-2.502858	103.837459	2903.754888
92.570000	6.310000	-158.275604	20.662001	0.965805	103.930730	2902.123477
92.570000	6.310000	-158.275604	20.912001	1.689330	104.024334	2900.355308
92.570000	6.310000	-158.275604	21.162001	1.592680	104.118072	2898.587140
92.570000	6.310000	-158.275604	21.412001	1.495690	104.212151	2896.818971
92.570000	6.310000	-158.275604	21.662001	1.398559	104.306374	2895.050802
92.570000	6.310000	-158.275604	21.912001	1.301080	104.400945	2893.282634
92.570000	6.310000	-158.275604	22.162001	1.203450	104.495667	2891.514465
92.570000	6.310000	-158.275604	22.412001	1.558781	104.590745	2889.746296
92.570000	6.310000	-158.275604	22.662001	2.132142	104.685984	2887.902144
92.570000	6.310000	-158.025604	16.912001	-4.593252	102.644181	2923.089020
92.570000	6.310000	-158.025604	17.162001	-4.697290	102.735855	2922.174900
92.570000	6.310000	-158.025604	17.412001	-4.805899	102.827725	2921.260779
92.570000	6.310000	-158.025604	17.662001	-4.914608	102.919763	2920.346659
92.570000	6.310000	-158.025604	17.912001	-5.023452	103.012006	2919.432538
92.570000	6.310000	-158.025604	18.162001	-5.132403	103.104424	2918.518418
92.570000	6.310000	-158.025604	18.412001	-5.241498	103.197053	2917.604297
92.570000	6.310000	-158.025604	18.662001	-5.350709	103.289866	2916.690177
92.570000	6.310000	-158.025604	18.912001	-5.497380	103.382897	2915.776056
92.570000	6.310000	-158.025604	19.162001	-5.723719	103.476119	2914.870655
92.570000	6.310000	-158.025604	19.412001	-5.912612	103.569566	2913.983905
92.570000	6.310000	-158.025604	19.662001	-6.021925	103.663212	2913.097155
92.570000	6.310000	-158.025604	19.912001	-6.131407	103.757092	2912.210406
92.570000	6.310000	-158.025604	20.162001	-5.733189	103.851177	2911.323656
92.570000	6.310000	-158.025604	20.412001	-2.656993	103.945503	2910.317084
92.570000	6.310000	-158.025604	20.662001	0.111227	104.040043	2908.695483
92.570000	6.310000	-158.025604	20.912001	0.522218	104.134832	2906.929765
92.570000	6.310000	-158.025604	21.162001	0.424663	104.229843	2905.164046
92.570000	6.310000	-158.025604	21.412001	0.326851	104.325111	2903.398328
92.570000	6.310000	-158.025604	21.662001	0.228811	104.420608	2901.632609
92.570000	6.310000	-158.025604	21.912001	0.130506	104.516370	2899.866891
92.570000	6.310000	-158.025604	22.162001	0.936825	104.612370	2898.101172
92.570000	6.310000	-158.025604	22.412001	3.049739	104.708644	2896.226037
92.570000	6.310000	-158.025604	22.662001	3.235317	104.805163	2894.067356
92.570000	6.310000	-157.775604	16.662001	-4.710439	102.642772	2930.465760
92.570000	6.310000	-157.775604	16.912001	-4.905643	102.735537	2929.551639
92.570000	6.310000	-157.775604	17.162001	-5.131404	102.828378	2928.657663
92.570000	6.310000	-157.775604	17.412001	-5.271097	102.921504	2927.770913
92.570000	6.310000	-157.775604	17.662001	-5.379945	103.014712	2926.884164
92.570000	6.310000	-157.775604	17.912001	-5.489022	103.108212	2925.997414
92.570000	6.310000	-157.775604	18.162001	-5.598125	103.201802	2925.110664
92.570000	6.310000	-157.775604	18.412001	-5.707465	103.295692	2924.223914
92.570000	6.310000	-157.775604	18.662001	-5.816841	103.389678	2923.337165
92.570000	6.310000	-157.775604	18.912001	-5.926460	103.483971	2922.450415
92.570000	6.310000	-157.775604	19.162001	-6.031267	103.578370	2921.563665
92.570000	6.310000	-157.775604	19.412001	-6.125979	103.673081	2920.676915
92.570000	6.310000	-157.775604	19.662001	-6.220804	103.767906	2919.790166
92.570000	6.310000	-157.775604	19.912001	-6.313708	103.863052	2918.903416
92.570000	6.310000	-157.775604	20.162001	-5.514965	103.958319	2918.016133
92.570000	6.310000	-157.775604	20.412001	-3.511949	104.053915	2916.921350
92.570000	6.310000	-157.775604	20.662001	-1.332715	104.149639	2915.558068
92.570000	6.310000	-157.775604	20.912001	-0.200466	104.245700	2913.857573
92.570000	6.310000	-157.775604	21.162001	-0.043123	104.341898	2912.091854
92.570000	6.310000	-157.775604	21.412001	-0.139664	104.438439	2910.326136
92.570000	6.310000	-157.775604	21.662001	0.023409	104.535127	2908.560417
92.570000	6.310000	-157.775604	21.912001	2.184853	104.632166	2906.794699
92.570000	6.310000	-157.775604	22.162001	4.715591	104.729360	2904.599321
92.570000	6.310000	-157.775604	22.412001	4.818112	104.826913	2902.341588
92.570000	6.310000	-157.775604	22.662001	2.903534	104.924629	2900.233188
92.570000	6.310000	-157.525604	16.662001	-6.507225	102.733285	2937.124173
92.570000	6.310000	-157.525604	16.912001	-5.231159	102.827219	2936.237423
92.570000	6.310000	-157.525604	17.162001	-5.374214	102.921316	2935.350673
92.570000	6.310000	-157.525604	17.412001	-5.468509	103.015611	2934.463924
92.570000	6.310000	-157.525604	17.662001	-5.562975	103.110078	2933.577174
92.570000	6.310000	-157.525604	17.912001	-5.657647	103.204749	2932.690424
92.570000	6.310000	-157.525604	18.162001	-5.752497	103.299600	2931.803674
92.570000	6.310000	-157.525604	18.412001	-5.847561	103.394663	2930.916925
92.570000	6.310000	-157.525604	18.662001	-5.942809	103.489911	2930.030175
92.570000	6.310000	-157.525604	18.912001	-6.038278	103.585381	2929.143425
92.570000	6.310000	-157.525604	19.162001	-6.133941	103.681043	2928.256675
92.570000	6.310000	-157.525604	19.412001	-6.229831	103.776933	2927.369926
92.570000	6.310000	-157.525604	19.662001	-6.325922	103.873024	2926.483176
92.570000	6.310000	-157.525604	19.912001	-6.278691	103.969351	2925.596426
92.570000	6.310000	-157.525604	20.162001	-5.229235	104.065887	2924.676262
92.570000	6.310000	-157.525604	20.412001	-3.386669	104.162666	2923.525615
92.570000	6.310000	-157.525604	20.662001	-2.539368	104.259661	2922.162334
92.570000	6.310000	-157.525604	20.912001	-1.295122	104.356908	2920.785381
92.570000	6.310000	-157.525604	21.162001	-0.069878	104.454379	2919.019662
92.570000	6.310000	-157.525604	21.412001	1.376359	104.552110	2917.253944
92.570000	6.310000	-157.525604	21.662001	3.863550	104.650074	2915.230338
92.570000	6.310000	-157.525604	21.912001	5.420304	104.748305	2912.972605
92.570000	6.310000	-157.525604	22.162001	5.416310	104.846777	2910.714872
92.570000	6.310000	-157.525604	22.412001	4.490310	104.945525	2908.457139
92.570000	6.310000	-157.275604	16.662001	-9.319691	102.824070	2943.219501
92.570000	6.310000	-157.275604	16.912001	-7.576453	102.919261	2942.850376
92.570000	6.310000	-157.275604	17.162001	-5.643393	103.014528	2942.043684
92.570000	6.310000	-157.275604	17.412001	-5.562980	103.110082	2941.156934
92.570000	6.310000	-157.275604	17.662001	-5.658619	103.205721	2940.270184
92.570000	6.310000	-157.275604	17.912001	-5.754551	103.301653	2939.383434
92.570000	6.310000	-157.275604	18.162001	-5.850575	103.397677	2938.496685
92.570000	6.310000	-157.275604	18.412001	-5.946901	103.494003	2937.609935
92.570000	6.310000	-157.275604	18.662001	-6.043325	103.590428	2936.723185
92.570000	6.310000	-157.275604	18.912001	-6.140059	103.687161	2935.836435
92.570000	6.310000	-157.275604	19.162001	-6.236900	103.784002	2934.949686
92.570000	6.310000	-157.275604	19.412001	-6.334056	103.881159	2934.062936
92.570000	6.310000	-157.275604	19.662001	-6.408738	103.978430	2933.176186
92.570000	6.310000	-157.275604	19.912001	-6.228089	104.076026	2932.284066
92.570000	6.310000	-157.275604	20.162001	-4.987269	104.173744	2931.336391
92.570000	6.310000	-157.275604	20.412001	-3.262129	104.271794	2930.129881
92.570000	6.310000	-157.275604	20.662001	-2.706554	104.369975	2928.766600
92.570000	6.310000	-157.275604	20.912001	-2.076117	104.468494	2927.403319
92.570000	6.310000	-157.275604	21.162001	1.828057	104.567154	2925.861354
92.570000	6.310000	-157.275604	21.412001	5.246503	104.666160	2923.603621
92.570000	6.310000	-157.275604	21.662001	5.497773	104.765314	2921.345888
92.570000	6.310000	-157.275604	21.912001	5.398264	104.864823	2919.088156
92.570000	6.310000	-157.275604	22.162001	5.298598	104.964489	2916.830423
92.570000	6.310000	-157.275604	22.412001	4.161587	105.064517	2914.572690
92.570000	6.310000	-157.025604	16.662001	-9.371162	102.915275	2949.179335
92.570000	6.310000	-157.025604	16.912001	-9.467523	103.011637	2948.810209
92.570000	6.310000	-157.025604	17.162001	-8.664709	103.108163	2948.441084
92.570000	6.310000	-157.025604	17.412001	-6.656635	103.204890	2947.849944
92.570000	6.310000	-157.025604	17.662001	-5.754687	103.301789	2946.963194
92.570000	6.310000	-157.025604	17.912001	-5.851794	103.398896	2946.076445
92.570000	6.310000	-157.025604	18.162001	-5.949080	103.496182	2945.189695
92.570000	6.310000	-157.025604	18.412001	-6.046582	103.593684	2944.302945
92.570000	6.310000	-157.025604	18.662001	-6.144271	103.691373	2943.416195
92.570000	6.310000	-157.025604	18.912001	-6.242183	103.789285	2942.529446
92.570000	6.310000	-157.025604	19.162001	-6.340289	103.887392	2941.642696
92.570000	6.310000	-157.025604	19.412001	-6.438627	103.985729	2940.755946
92.570000	6.310000	-157.025604	19.662001	-6.370510	104.084268	2939.869196
92.570000	6.310000	-157.025604	19.912001	-6.180363	104.183047	2938.944195
92.570000	6.310000	-157.025604	20.162001	-4.861551	104.282035	2937.996520
92.570000	6.310000	-157.025604	20.412001	-3.138307	104.381270	2936.734147
92.570000	6.310000	-157.025604	20.662001	-2.817302	104.480723	2935.370866
92.570000	6.310000	-157.025604	20.912001	0.499822	104.580430	2934.007585
92.570000	6.310000	-157.025604	21.162001	4.796731	104.680364	2931.933913
92.570000	6.310000	-157.025604	21.412001	5.334910	104.780560	2929.719172
92.570000	6.310000	-157.025604	21.662001	5.382096	104.880991	2927.461439
92.570000	6.310000	-157.025604	21.912001	5.281394	104.981693	2925.203706
92.570000	6.310000	-157.025604	22.162001	5.180450	105.082637	2922.945973
92.570000	6.310000	-157.025604	22.412001	3.831976	105.183861	2920.688241
92.570000	6.310000	-156.775604	16.662001	-9.462646	103.006760	2955.139168
92.570000	6.310000	-156.775604	16.912001	-9.560268	103.104382	2954.770043
92.570000	6.310000	-156.775604	17.162001	-9.657967	103.202081	2954.400918
92.570000	6.310000	-156.775604	17.412001	-9.790214	103.300070	2954.031793
92.570000	6.310000	-156.775604	17.662001	-7.703650	103.398144	2953.656205
92.570000	6.310000	-156.775604	17.912001	-5.831069	103.496514	2952.769455
92.570000	6.310000	-156.775604	18.162001	-6.047874	103.594977	2951.882705
92.570000	6.310000	-156.775604	18.412001	-6.146641	103.693743	2950.995955
92.570000	6.310000	-156.775604	18.662001	-6.245508	103.792611	2950.109206
92.570000	6.310000	-156.775604	18.912001	-6.344687	103.891789	2949.222456
92.570000	6.310000	-156.775604	19.162001	-6.443974	103.991076	2948.335706
92.570000	6.310000	-156.775604	19.412001	-6.500642	104.090681	2947.448956
92.570000	6.310000	-156.775604	19.662001	-6.319272	104.190404	2946.551998
92.570000	6.310000	-156.775604	19.912001	-6.192156	104.290452	2945.604324
92.570000	6.310000	-156.775604	20.162001	-4.728749	104.390625	2944.656649
92.570000	6.310000	-156.775604	20.412001	-3.015248	104.491132	2943.338413
92.570000	6.310000	-156.775604	20.662001	-0.860345	104.591771	2941.975132
92.570000	6.310000	-156.775604	20.912001	3.404549	104.692753	2940.158710
92.570000	6.310000	-156.775604	21.162001	4.944535	104.793876	2937.986862
92.570000	6.310000	-156.775604	21.412001	5.054971	104.895348	2935.815013
92.570000	6.310000	-156.775604	21.662001	5.184820	104.996971	2933.576990
92.570000	6.310000	-156.775604	21.912001	5.164136	105.098950	2931.319257
92.570000	6.310000	-156.775604	22.162001	5.061998	105.201089	2929.061524
92.570000	6.310000	-156.525604	16.662001	-9.554560	103.098673	2961.099002
92.570000	6.310000	-156.525604	16.912001	-9.653355	103.197469	2960.729877
92.570000	6.310000	-156.525604	17.162001	-9.752317	103.296430	2960.360752
92.570000	6.310000	-156.525604	17.412001	-9.851480	103.395594	2959.991627
92.570000	6.310000	-156.525604	17.662001	-9.952733	103.494931	2959.622502
92.570000	6.310000	-156.525604	17.912001	-8.785998	103.594478	2959.253377
92.570000	6.310000	-156.525604	18.162001	-6.812020	103.694207	2958.575715
92.570000	6.310000	-156.525604	18.412001	-6.247050	103.794152	2957.688966
92.570000	6.310000	-156.525604	18.662001	-6.347184	103.894286	2956.802216
92.570000	6.310000	-156.525604	18.912001	-6.447542	103.994645	2955.915466
92.570000	6.310000	-156.525604	19.162001	-6.548098	104.095200	2955.028716
92.570000	6.310000	-156.525604	19.412001	-6.459116	104.195988	2954.141967
92.570000	6.310000	-156.525604	19.662001	-6.273891	104.296980	2953.212127
92.570000	6.310000	-156.525604	19.912001	-6.254313	104.398212	2952.264452
92.570000	6.310000	-156.525604	20.162001	-4.563355	104.499657	2951.305960
92.570000	6.310000	-156.525604	20.412001	-2.125368	104.601350	2949.942679
92.570000	6.310000	-156.525604	20.662001	1.964856	104.703263	2948.383508
92.570000	6.310000	-156.525604	20.912001	4.932977	104.805434	2946.211659
92.570000	6.310000	-156.525604	21.162001	4.830579	104.907832	2944.039810
92.570000	6.310000	-156.525604	21.412001	4.742894	105.010495	2941.867962
92.570000	6.310000	-156.525604	21.662001	4.898584	105.113395	2939.692541
92.570000	6.310000	-156.525604	21.912001	5.046518	105.216568	2937.434808
92.570000	6.310000	-156.525604	22.162001	4.940791	105.319986	2935.177075
92.570000	6.310000	-156.275604	16.662001	-9.717657	103.190875	2967.058836
92.570000	6.310000	-156.275604	16.912001	-9.793342	103.290934	2966.689711
92.570000	6.310000	-156.275604	17.162001	-9.868761	103.391072	2966.320586
92.570000	6.310000	-156.275604	17.412001	-9.947386	103.491500	2965.951460
92.570000	6.310000	-156.275604	17.662001	-10.047901	103.592015	2965.582335
92.570000	6.310000	-156.275604	17.912001	-10.148714	103.692828	2965.213210
92.570000	6.310000	-156.275604	18.162001	-9.904933	103.793735	2964.844085
92.570000	6.310000	-156.275604	18.412001	-7.853964	103.894948	2964.381976
92.570000	6.310000	-156.275604	18.662001	-6.380232	103.996262	2963.495226
92.570000	6.310000	-156.275604	18.912001	-6.550788	104.097890	2962.608476
92.570000	6.310000	-156.275604	19.162001	-6.589243	104.199627	2961.721727
92.570000	6.310000	-156.275604	19.412001	-6.407344	104.301685	2960.819931
92.570000	6.310000	-156.275604	19.662001	-6.305566	104.403862	2959.872256
92.570000	6.310000	-156.275604	19.912001	-6.127140	104.506366	2958.924581
92.570000	6.310000	-156.275604	20.162001	-4.404600	104.608997	2957.910226
92.570000	6.310000	-156.275604	20.412001	0.564401	104.711964	2956.546945
92.570000	6.310000	-156.275604	20.662001	4.665646	104.815065	2954.436456
92.570000	6.310000	-156.275604	20.912001	4.819900	104.918511	2952.264608
92.570000	6.310000	-156.275604	21.162001	4.716312	105.022099	2950.092759
92.570000	6.310000	-156.275604	21.412001	4.612371	105.126040	2947.920911
92.570000	6.310000	-156.275604	21.662001	4.615403	105.230132	2945.749062
92.570000	6.310000	-156.275604	21.912001	4.738771	105.334584	2943.550359
92.570000	6.310000	-156.275604	22.162001	4.614009	105.439197	2941.292626
92.570000	6.310000	-156.025604	16.662001	-9.204439	103.283514	2973.262589
92.570000	6.310000	-156.025604	16.912001	-9.278368	103.384749	2972.808490
92.570000	6.310000	-156.025604	17.162001	-9.402004	103.486152	2972.354392
92.570000	6.310000	-156.025604	17.412001	-9.864180	103.587759	2971.911294
92.570000	6.310000	-156.025604	17.662001	-10.281103	103.689540	2971.542169
92.570000	6.310000	-156.025604	17.912001	-10.359624	103.791532	2971.173044
92.570000	6.310000	-156.025604	18.162001	-10.438003	103.893707	2970.803919
92.570000	6.310000	-156.025604	18.412001	-10.542654	103.996101	2970.434794
92.570000	6.310000	-156.025604	18.662001	-8.985704	104.098685	2970.065669
92.570000	6.310000	-156.025604	18.912001	-7.017937	104.201495	2969.301487
92.570000	6.310000	-156.025604	19.162001	-6.544504	104.304503	2968.414737
92.570000	6.310000	-156.025604	19.412001	-6.364254	104.407745	2967.480060
92.570000	6.310000	-156.025604	19.662001	-6.412898	104.511193	2966.532385
92.570000	6.310000	-156.025604	19.912001	-6.000614	104.614884	2965.584710
92.570000	6.310000	-156.025604	20.162001	-2.022030	104.718788	2964.514492
92.570000	6.310000	-156.025604	20.412001	3.481944	104.822943	2962.661253
92.570000	6.310000	-156.025604	20.662001	4.811092	104.927319	2960.489405
92.570000	6.310000	-156.025604	20.912001	4.706456	105.031955	2958.317556
92.570000	6.310000	-156.025604	21.162001	4.601591	105.136820	2956.145708
92.570000	6.310000	-156.025604	21.412001	4.496459	105.241952	2953.973859
92.570000	6.310000	-156.025604	21.662001	4.391088	105.347322	2951.802011
92.570000	6.310000	-156.025604	21.912001	4.454709	105.452969	2949.630162
92.570000	6.310000	-156.025604	22.162001	4.156473	105.558862	2947.408177
92.570000	6.310000	-155.775604	16.662001	-9.399377	103.376449	2979.794063
92.570000	6.310000	-155.775604	16.912001	-9.501879	103.478952	2979.339964
92.570000	6.310000	-155.775604	17.162001	-9.604461	103.581534	2978.885865
92.570000	6.310000	-155.775604	17.412001	-9.703994	103.684408	2978.431766
92.570000	6.310000	-155.775604	17.662001	-9.780956	103.787370	2977.977668
92.570000	6.310000	-155.775604	17.912001	-9.857877	103.890631	2977.523569
92.570000	6.310000	-155.775604	18.162001	-9.934545	103.993987	2977.069470
92.570000	6.310000	-155.775604	18.412001	-10.011165	104.097651	2976.615371
92.570000	6.310000	-155.775604	18.662001	-10.087525	104.201418	2976.161273
92.570000	6.310000	-155.775604	18.912001	-9.545301	104.305499	2975.707174
92.570000	6.310000	-155.775604	19.162001	-7.517563	104.409692	2975.087863
92.570000	6.310000	-155.775604	19.412001	-6.203559	104.514206	2974.140189
92.570000	6.310000	-155.775604	19.662001	-6.323614	104.618841	2973.192514
92.570000	6.310000	-155.775604	19.912001	-4.681371	104.723805	2972.244839
92.570000	6.310000	-155.775604	20.162001	1.543278	104.828897	2970.886051
92.570000	6.310000	-155.775604	20.412001	5.405334	104.934327	2968.714202
92.570000	6.310000	-155.775604	20.662001	5.270176	105.039893	2966.542353
92.570000	6.310000	-155.775604	20.912001	5.134756	105.145804	2964.370505
92.570000	6.310000	-155.775604	21.162001	4.999272	105.251861	2962.198656
92.570000	6.310000	-155.775604	21.412001	4.863516	105.358271	2960.026808
92.570000	6.310000	-155.775604	21.662001	4.727688	105.464835	2957.854959
92.570000	6.310000	-155.775604	21.912001	4.591579	105.571761	2955.683111
92.570000	6.310000	-155.525604	16.662001	-9.731954	103.469830	2986.325536
92.570000	6.310000	-155.525604	16.912001	-9.596440	103.573513	2985.871438
92.570000	6.310000	-155.525604	17.162001	-9.700291	103.677363	2985.417339
92.570000	6.310000	-155.525604	17.412001	-9.804346	103.781419	2984.963240
92.570000	6.310000	-155.525604	17.662001	-9.908577	103.885650	2984.509141
92.570000	6.310000	-155.525604	17.912001	-10.013021	103.990093	2984.055043
92.570000	6.310000	-155.525604	18.162001	-10.117648	104.094720	2983.600944
92.570000	6.310000	-155.525604	18.412001	-10.222495	104.199567	2983.146845
92.570000	6.310000	-155.525604	18.662001	-10.112409	104.304606	2982.692746
92.570000	6.310000	-155.525604	18.912001	-8.566378	104.409872	2982.191761
92.570000	6.310000	-155.525604	19.162001	-6.649742	104.515337	2981.378539
92.570000	6.310000	-155.525604	19.412001	-6.280054	104.621038	2980.455326
92.570000	6.310000	-155.525604	19.662001	-6.401905	104.726946	2979.532114
92.570000	6.310000	-155.525604	19.912001	-0.721370	104.833098	2978.608901
92.570000	6.310000	-155.525604	20.162001	5.855352	104.939465	2976.532113
92.570000	6.310000	-155.525604	20.412001	6.059572	105.046085	2974.378859
92.570000	6.310000	-155.525604	20.662001	5.920699	105.152927	2972.225605
92.570000	6.310000	-155.525604	20.912001	5.781657	105.260030	2970.072351
92.570000	6.310000	-155.525604	21.162001	5.642476	105.367364	2967.919097
92.570000	6.310000	-155.525604	21.412001	5.503118	105.474967	2965.765843
92.570000	6.310000	-155.525604	21.662001	5.363613	105.582810	2963.612590
92.570000	6.310000	-155.525604	21.912001	4.306679	105.690931	2961.459336
92.570000	6.310000	-155.275604	16.662001	-10.155552	103.563518	2992.857010
92.570000	6.310000	-155.275604	16.912001	-9.691398	103.668471	2992.402911
92.570000	6.310000	-155.275604	17.162001	-9.796430	103.773503	2991.948812
92.570000	6.310000	-155.275604	17.412001	-9.901757	103.878830	2991.494714
92.570000	6.310000	-155.275604	17.662001	-10.007171	103.984244	2991.040615
92.570000	6.310000	-155.275604	17.912001	-10.112887	104.089959	2990.586516
92.570000	6.310000	-155.275604	18.162001	-10.218698	104.195770	2990.132417
92.570000	6.310000	-155.275604	18.412001	-10.175360	104.301890	2989.678319
92.570000	6.310000	-155.275604	18.662001	-9.384696	104.408114	2989.191336
92.570000	6.310000	-155.275604	18.912001	-7.608707	104.514653	2988.548342
92.570000	6.310000	-155.275604	19.162001	-6.399259	104.621305	2987.657110
92.570000	6.310000	-155.275604	19.412001	-6.363351	104.728281	2986.733898
92.570000	6.310000	-155.275604	19.662001	-3.088961	104.835377	2985.810686
92.570000	6.310000	-155.275604	19.912001	3.950951	104.942804	2984.178005
92.570000	6.310000	-155.275604	20.162001	6.356079	105.050361	2982.024752
92.570000	6.310000	-155.275604	20.412001	6.248183	105.158257	2979.871498
92.570000	6.310000	-155.275604	20.662001	6.140150	105.266290	2977.718244
92.570000	6.310000	-155.275604	20.912001	6.031769	105.374671	2975.564990
92.570000	6.310000	-155.275604	21.162001	5.923243	105.483197	2973.411736
92.570000	6.310000	-155.275604	21.412001	5.679986	105.592080	2971.258482
92.570000	6.310000	-155.275604	21.662001	2.925713	105.701117	2969.105228
92.570000	6.310000	-155.025604	16.662001	-10.576337	103.657659	2999.335856
92.570000	6.310000	-155.025604	16.912001	-10.016505	103.763795	2998.934385
92.570000	6.310000	-155.025604	17.162001	-9.893027	103.870100	2998.480286
92.570000	6.310000	-155.025604	17.412001	-9.999537	103.976610	2998.026187
92.570000	6.310000	-155.025604	17.662001	-10.106224	104.083297	2997.572088
92.570000	6.310000	-155.025604	17.912001	-10.213125	104.190197	2997.117990
92.570000	6.310000	-155.025604	18.162001	-10.236287	104.297282	2996.663891
92.570000	6.310000	-155.025604	18.412001	-9.448478	104.404588	2996.190911
92.570000	6.310000	-155.025604	18.662001	-8.530769	104.512085	2995.547917
92.570000	6.310000	-155.025604	18.912001	-7.321913	104.619812	2994.858895
92.570000	6.310000	-155.025604	19.162001	-6.362809	104.727739	2993.935682
92.570000	6.310000	-155.025604	19.412001	-5.289576	104.835903	2993.012470
92.570000	6.310000	-155.025604	19.662001	1.251440	104.944275	2991.823898
92.570000	6.310000	-155.025604	19.912001	6.353548	105.052892	2989.670644
92.570000	6.310000	-155.025604	20.162001	6.244715	105.161725	2987.517390
92.570000	6.310000	-155.025604	20.412001	6.135628	105.270812	2985.364137
92.570000	6.310000	-155.025604	20.662001	6.026317	105.380123	2983.210883
92.570000	6.310000	-155.025604	20.912001	5.916744	105.489696	2981.057629
92.570000	6.310000	-155.025604	21.162001	4.813289	105.599502	2978.904375
92.570000	6.310000	-155.025604	21.412001	1.144278	105.709578	2976.827396
92.570000	6.310000	-154.775604	16.662001	-11.012838	103.752116	3005.788686
92.570000	6.310000	-154.775604	16.912001	-10.442666	103.859526	3005.465858
92.570000	6.310000	-154.775604	17.162001	-9.989943	103.967016	3005.011760
92.570000	6.310000	-154.775604	17.412001	-10.097728	104.074801	3004.557661
92.570000	6.310000	-154.775604	17.662001	-10.205601	104.182673	3004.103562
92.570000	6.310000	-154.775604	17.912001	-10.292479	104.290849	3003.649463
92.570000	6.310000	-154.775604	18.162001	-9.510185	104.399120	3003.190485
92.570000	6.310000	-154.775604	18.412001	-8.731652	104.507701	3002.547492
92.570000	6.310000	-154.775604	18.662001	-8.287540	104.616386	3001.904498
92.570000	6.310000	-154.775604	18.912001	-7.059215	104.725389	3001.137467
92.570000	6.310000	-154.775604	19.162001	-6.469575	104.834505	3000.214254
92.570000	6.310000	-154.775604	19.412001	-1.313522	104.943946	2999.291042
92.570000	6.310000	-154.775604	19.662001	5.540388	105.053508	2997.316537
92.570000	6.310000	-154.775604	19.912001	6.243038	105.163402	2995.163283
92.570000	6.310000	-154.775604	20.162001	6.133014	105.273427	2993.010029
92.570000	6.310000	-154.775604	20.412001	6.022648	105.383792	2990.856775
92.570000	6.310000	-154.775604	20.662001	5.765352	105.494295	2988.703522
92.570000	6.310000	-154.775604	20.912001	2.979853	105.605147	2986.550268
92.570000	6.310000	-154.775604	21.162001	-0.578461	105.716146	2984.778721
92.570000	6.310000	-154.775604	21.412001	-2.221430	105.827502	2983.229235
92.570000	6.310000	-154.525604	16.662001	-11.232559	103.847036	3012.241515
92.570000	6.310000	-154.525604	16.912001	-10.865301	103.955632	3011.946860
92.570000	6.310000	-154.525604	17.162001	-10.307693	104.064397	3011.543233
92.570000	6.310000	-154.525604	17.412001	-10.196297	104.173369	3011.089134
92.570000	6.310000	-154.525604	17.662001	-10.305445	104.282518	3010.635036
92.570000	6.310000	-154.525604	17.912001	-9.569989	104.391881	3010.180937
92.570000	6.310000	-154.525604	18.162001	-8.766083	104.501429	3009.547067
92.570000	6.310000	-154.525604	18.412001	-8.835149	104.611198	3008.904073
92.570000	6.310000	-154.525604	18.662001	-8.045250	104.721161	3008.261080
92.570000	6.310000	-154.525604	18.912001	-6.815863	104.831353	3007.416038
92.570000	6.310000	-154.525604	19.162001	-3.743894	104.941746	3006.492826
92.570000	6.310000	-154.525604	19.412001	3.208297	105.052377	3004.962430
92.570000	6.310000	-154.525604	19.662001	6.243223	105.163217	3002.809176
92.570000	6.310000	-154.525604	19.912001	6.132137	105.274303	3000.655922
92.570000	6.310000	-154.525604	20.162001	6.020834	105.385606	2998.502668
92.570000	6.310000	-154.525604	20.412001	4.872534	105.497163	2996.349414
92.570000	6.310000	-154.525604	20.662001	1.204393	105.608946	2994.279532
92.570000	6.310000	-154.525604	20.912001	-1.883931	105.720992	2992.730046
92.570000	6.310000	-154.525604	21.162001	-2.227198	105.833271	2991.180560
92.570000	6.310000	-154.275604	16.662001	-11.327804	103.942281	3018.694345
92.570000	6.310000	-154.275604	16.912001	-11.303329	104.052155	3018.399690
92.570000	6.310000	-154.275604	17.162001	-10.736357	104.162108	3018.074707
92.570000	6.310000	-154.275604	17.412001	-10.295285	104.272358	3017.620608
92.570000	6.310000	-154.275604	17.662001	-9.627714	104.382695	3017.166509
92.570000	6.310000	-154.275604	17.912001	-8.824515	104.493336	3016.546641
92.570000	6.310000	-154.275604	18.162001	-8.828024	104.604073	3015.903648
92.570000	6.310000	-154.275604	18.412001	-8.939072	104.715122	3015.260654
92.570000	6.310000	-154.275604	18.662001	-7.760961	104.826274	3014.617661
92.570000	6.310000	-154.275604	18.912001	-5.846599	104.937745	3013.694610
92.570000	6.310000	-154.275604	19.162001	0.543766	105.049329	3012.608323
92.570000	6.310000	-154.275604	19.412001	6.245201	105.161239	3010.455069
92.570000	6.310000	-154.275604	19.662001	6.133169	105.273271	3008.301815
92.570000	6.310000	-154.275604	19.912001	5.861605	105.385636	3006.148561
92.570000	6.310000	-154.275604	20.162001	3.045068	105.498132	3003.995307
92.570000	6.310000	-154.275604	20.412001	-0.512476	105.610969	3002.230856
92.570000	6.310000	-154.275604	20.662001	-2.117873	105.723946	3000.681370
92.570000	6.310000	-154.275604	20.912001	-2.231200	105.837272	2999.131884
92.570000	6.310000	-154.025604	16.912001	-11.534584	104.149061	3024.852519
92.570000	6.310000	-154.025604	17.162001	-11.160958	104.260294	3024.557864
92.570000	6.310000	-154.025604	17.412001	-9.896887	104.371734	3024.152082
92.570000	6.310000	-154.025604	17.662001	-8.883105	104.483350	3023.546216
92.570000	6.310000	-154.025604	17.912001	-8.819133	104.595182	3022.903223
92.570000	6.310000	-154.025604	18.162001	-8.931149	104.707198	3022.260229
92.570000	6.310000	-154.025604	18.412001	-8.696315	104.819438	3021.617236
92.570000	6.310000	-154.025604	18.662001	-7.472899	104.931870	3020.896395
92.570000	6.310000	-154.025604	18.912001	-1.986082	105.044533	3019.973182
92.570000	6.310000	-154.025604	19.162001	4.967594	105.157396	3018.100961
92.570000	6.310000	-154.025604	19.412001	6.135941	105.270499	3015.947708
92.570000	6.310000	-154.025604	19.662001	4.942825	105.383810	3013.794454
92.570000	6.310000	-154.025604	19.912001	1.275484	105.497369	3011.731667
92.570000	6.310000	-154.025604	20.162001	-1.781585	105.611145	3010.182181
92.570000	6.310000	-154.025604	20.412001	-2.119105	105.725177	3008.632695
92.570000	6.310000	-154.025604	20.662001	-2.233362	105.839434	3007.083209
92.570000	6.310000	-153.775604	16.912001	-11.631917	104.246394	3031.305349
92.570000	6.310000	-153.775604	17.162001	-10.997546	104.358818	3031.010694
92.570000	6.310000	-153.775604	17.412001	-9.532579	104.471539	3030.547365
92.570000	6.310000	-153.775604	17.662001	-8.805115	104.584348	3029.902798
92.570000	6.310000	-153.775604	17.912001	-8.921411	104.697461	3029.259804
92.570000	6.310000	-153.775604	18.162001	-9.034620	104.810669	3028.616810
92.570000	6.310000	-153.775604	18.412001	-8.453724	104.924190	3027.973817
92.570000	6.310000	-153.775604	18.662001	-4.933266	105.037815	3027.174967
92.570000	6.310000	-153.775604	18.912001	2.482806	105.151759	3025.746854
92.570000	6.310000	-153.775604	19.162001	5.969035	105.265816	3023.593600
92.570000	6.310000	-153.775604	19.412001	3.121231	105.380200	3021.440346
92.570000	6.310000	-153.775604	19.662001	-0.435373	105.494705	3019.682991
92.570000	6.310000	-153.775604	19.912001	-2.003473	105.609545	3018.133505
92.570000	6.310000	-153.775604	20.162001	-2.118443	105.724516	3016.584019
92.570000	6.310000	-153.775604	20.412001	-2.233757	105.839829	3015.034533
92.570000	6.310000	-153.775604	20.662001	-2.349209	105.955281	3013.485047
92.570000	6.310000	-153.525604	16.912001	-11.729643	104.344120	3037.758178
92.570000	6.310000	-153.525604	17.162001	-10.974879	104.457827	3037.463523
92.570000	6.310000	-153.525604	17.412001	-9.256164	104.571741	3036.972690
92.570000	6.310000	-153.525604	17.662001	-8.632765	104.685832	3036.267881
92.570000	6.310000	-153.525604	17.912001	-8.993163	104.800139	3035.616385
92.570000	6.310000	-153.525604	18.162001	-9.138580	104.914630	3034.973392
92.570000	6.310000	-153.525604	18.412001	-7.924540	105.029344	3034.330398
92.570000	6.310000	-153.525604	18.662001	-0.358526	105.144251	3033.392747
92.570000	6.310000	-153.525604	18.912001	5.024213	105.259390	3031.239493
92.570000	6.310000	-153.525604	19.162001	1.357670	105.374729	3029.183802
92.570000	6.310000	-153.525604	19.412001	-1.668239	105.490307	3027.634316
92.570000	6.310000	-153.525604	19.662001	-2.000023	105.606095	3026.084830
92.570000	6.310000	-153.525604	19.912001	-2.116058	105.722130	3024.535344
92.570000	6.310000	-153.525604	20.162001	-2.232310	105.838383	3022.985858
92.570000	6.310000	-153.525604	20.412001	-2.348819	105.954892	3021.436372
92.570000	6.310000	-153.275604	16.912001	-11.827805	104.442283	3044.211008
92.570000	6.310000	-153.275604	17.162001	-10.952594	104.557184	3043.916353
92.570000	6.310000	-153.275604	17.412001	-9.235250	104.672383	3043.398015
92.570000	6.310000	-153.275604	17.662001	-8.527786	104.787669	3042.693205
92.570000	6.310000	-153.275604	17.912001	-8.822775	104.903260	3041.988396
92.570000	6.310000	-153.275604	18.162001	-9.043348	105.018946	3041.329973
92.570000	6.310000	-153.275604	18.412001	-3.898994	105.134945	3040.655323
92.570000	6.310000	-153.275604	18.662001	1.502506	105.251047	3038.885386
92.570000	6.310000	-153.275604	18.912001	-0.347268	105.367469	3037.135126
92.570000	6.310000	-153.275604	19.162001	-1.877932	105.484004	3035.585641
92.570000	6.310000	-153.275604	19.412001	-1.994794	105.600866	3034.036155
92.570000	6.310000	-153.275604	19.662001	-2.111777	105.717850	3032.486669
92.570000	6.310000	-153.275604	19.912001	-2.229096	105.835168	3030.937183
92.570000	6.310000	-153.275604	20.162001	-2.346545	105.952617	3029.387697
92.570000	6.310000	-153.025604	16.912001	-11.926370	104.540847	3050.663837
92.570000	6.310000	-153.025604	17.162001	-10.930834	104.657035	3050.369182
92.570000	6.310000	-153.025604	17.412001	-9.214791	104.773431	3049.823339
92.570000	6.310000	-153.025604	17.662001	-8.630119	104.890003	3049.118530
92.570000	6.310000	-153.025604	17.912001	-8.746907	105.006790	3048.413721
92.570000	6.310000	-153.025604	18.162001	-7.219172	105.123762	3047.708912
92.570000	6.310000	-153.025604	18.412001	-3.283070	105.240957	3046.635937
92.570000	6.310000	-153.025604	18.662001	-1.543760	105.358344	3045.086451
92.570000	6.310000	-153.025604	18.912001	-1.869891	105.475963	3043.536965
92.570000	6.310000	-153.025604	19.162001	-1.987710	105.593783	3041.987479
92.570000	6.310000	-153.025604	19.412001	-2.105769	105.711842	3040.437993
92.570000	6.310000	-153.025604	19.662001	-2.224037	105.830109	3038.888507
92.570000	6.310000	-153.025604	19.912001	-2.342553	105.948625	3037.339021
92.570000	6.310000	-153.025604	20.162001	-2.461286	106.067358	3035.789535
92.570000	6.310000	-152.775604	16.912001	-12.025382	104.639859	3057.116667
92.570000	6.310000	-152.775604	17.162001	-10.909467	104.757245	3056.822012
92.570000	6.310000	-152.775604	17.412001	-9.194832	104.874929	3056.248664
92.570000	6.310000	-152.775604	17.662001	-8.732816	104.992699	3055.543855
92.570000	6.310000	-152.775604	17.912001	-8.850891	105.110774	3054.839046
92.570000	6.310000	-152.775604	18.162001	-7.238566	105.228944	3054.134236
92.570000	6.310000	-152.775604	18.412001	-3.635319	105.347426	3053.037776
92.570000	6.310000	-152.775604	18.662001	-1.859939	105.466011	3051.488290
92.570000	6.310000	-152.775604	18.912001	-1.978844	105.584917	3049.938804
92.570000	6.310000	-152.775604	19.162001	-2.097862	105.703934	3048.389318
92.570000	6.310000	-152.775604	19.412001	-2.217207	105.823279	3046.839832
92.570000	6.310000	-152.775604	19.662001	-2.336672	105.942745	3045.290346
92.570000	6.310000	-152.775604	19.912001	-2.456474	106.062546	3043.740860
92.570000	6.310000	-152.525604	16.912001	-12.124805	104.739282	3063.569497
92.570000	6.310000	-152.525604	17.162001	-10.888637	104.857959	3063.274841
92.570000	6.310000	-152.525604	17.412001	-9.175340	104.976842	3062.673989
92.570000	6.310000	-152.525604	17.662001	-8.836018	105.095902	3061.969180
92.570000	6.310000	-152.525604	17.912001	-8.874638	105.215176	3061.264370
92.570000	6.310000	-152.525604	18.162001	-6.971740	105.334635	3060.541251
92.570000	6.310000	-152.525604	18.412001	-3.611013	105.454316	3059.399149
92.570000	6.310000	-152.525604	18.662001	-2.139301	105.574189	3057.890128
92.570000	6.310000	-152.525604	18.912001	-2.088222	105.694294	3056.340642
92.570000	6.310000	-152.525604	19.162001	-2.208526	105.814598	3054.791156
92.570000	6.310000	-152.525604	19.412001	-2.329070	105.935143	3053.241670
92.570000	6.310000	-152.525604	19.662001	-2.449822	106.055895	3051.692184
92.570000	6.310000	-152.275604	16.912001	-12.224685	104.839163	3070.022326
92.570000	6.310000	-152.275604	17.162001	-10.868213	104.959041	3069.727671
92.570000	6.310000	-152.275604	17.412001	-9.156361	105.079217	3069.099314
92.570000	6.310000	-152.275604	17.662001	-8.939594	105.199477	3068.394504
92.570000	6.310000	-152.275604	17.912001	-8.345093	105.320043	3067.689695
92.570000	6.310000	-152.275604	18.162001	-6.352643	105.440702	3066.822346
92.570000	6.310000	-152.275604	18.412001	-4.173083	105.561674	3065.680243
92.570000	6.310000	-152.275604	18.662001	-2.760092	105.682748	3064.291967
92.570000	6.310000	-152.275604	18.912001	-2.198069	105.804142	3062.742481
92.570000	6.310000	-152.275604	19.162001	-2.319574	105.925646	3061.192995
92.570000	6.310000	-152.275604	19.412001	-2.441407	106.047479	3059.643509
92.570000	6.310000	-152.025604	16.912001	-12.324987	104.939464	3076.475156
92.570000	6.310000	-152.025604	17.162001	-10.848339	105.060637	3076.180500
92.570000	6.310000	-152.025604	17.412001	-9.137860	105.182016	3075.524638
92.570000	6.310000	-152.025604	17.662001	-9.043686	105.303569	3074.819829
92.570000	6.310000	-152.025604	17.912001	-7.809663	105.425338	3074.115020
92.570000	6.310000	-152.025604	18.162001	-5.818987	105.547289	3073.103441
92.570000	6.310000	-152.025604	18.412001	-4.811079	105.669463	3071.961338
92.570000	6.310000	-152.025604	18.662001	-3.383514	105.791827	3070.693806
92.570000	6.310000	-152.025604	18.912001	-2.308351	105.914423	3069.144320
92.570000	6.310000	-152.025604	19.162001	-2.431145	106.037217	3067.594834
92.570000	6.310000	-152.025604	19.412001	-2.554179	106.160251	3066.045348
92.570000	6.310000	-151.775604	17.162001	-10.826854	105.162612	3082.633330
92.570000	6.310000	-151.775604	17.412001	-9.119886	105.285287	3081.949963
92.570000	6.310000	-151.775604	17.662001	-9.087782	105.408045	3081.245154
92.570000	6.310000	-151.775604	17.912001	-7.191545	105.531108	3080.526638
92.570000	6.310000	-151.775604	18.162001	-5.348666	105.654263	3079.384535
92.570000	6.310000	-151.775604	18.412001	-5.451442	105.777730	3078.242433
92.570000	6.310000	-151.775604	18.662001	-3.903726	105.901298	3077.095644
92.570000	6.310000	-151.775604	18.912001	-2.419113	106.025185	3075.546158
92.570000	6.310000	-151.775604	19.162001	-2.543110	106.149183	3073.996672
92.570000	6.310000	-151.525604	17.162001	-10.798418	105.265111	3089.080097
92.570000	6.310000	-151.525604	17.412001	-9.129109	105.388993	3088.375288
92.570000	6.310000	-151.525604	17.662001	-8.558321	105.513047	3087.670479
92.570000	6.310000	-151.525604	17.912001	-6.569731	105.637316	3086.807733
92.570000	6.310000	-151.525604	18.162001	-5.456169	105.761766	3085.665630
92.570000	6.310000	-151.525604	18.412001	-5.580841	105.886438	3084.523528
92.570000	6.310000	-151.525604	18.662001	-4.429142	106.011300	3083.381426
92.570000	6.310000	-151.525604	18.912001	-3.021935	106.136392	3081.947997
92.570000	6.310000	-151.275604	17.162001	-10.772019	105.368001	3095.505422
92.570000	6.310000	-151.275604	17.412001	-9.233298	105.493181	3094.800612
92.570000	6.310000	-151.275604	17.662001	-8.025647	105.618444	3094.095803
92.570000	6.310000	-151.275604	17.912001	-6.036107	105.744011	3093.088827
92.570000	6.310000	-151.275604	18.162001	-5.564071	105.869668	3091.946725
92.570000	6.310000	-151.275604	18.412001	-5.690039	105.995636	3090.804623
92.570000	6.310000	-151.275604	18.662001	-5.064823	106.121704	3089.662521
92.570000	6.310000	-151.275604	18.912001	-3.647195	106.248090	3088.349836
92.570000	6.310000	-151.025604	17.162001	-10.753618	105.471424	3101.930746
92.570000	6.310000	-151.025604	17.412001	-9.297829	105.597815	3101.225937
92.570000	6.310000	-151.025604	17.662001	-7.408133	105.724378	3100.512025
92.570000	6.310000	-151.025604	17.912001	-5.545556	105.851154	3099.369922
92.570000	6.310000	-151.025604	18.162001	-5.672512	105.978109	3098.227820
92.570000	6.310000	-151.025604	18.412001	-5.799688	106.105285	3097.085718
92.570000	6.310000	-151.025604	18.662001	-5.707168	106.232650	3095.943615
92.570000	6.310000	-150.775604	17.162001	-10.735662	105.575249	3108.356071
92.570000	6.310000	-150.775604	17.412001	-8.768441	105.702943	3107.651262
92.570000	6.310000	-150.775604	17.662001	-6.783608	105.830717	3106.793119
92.570000	6.310000	-150.775604	17.912001	-5.653197	105.958794	3105.651017
92.570000	6.310000	-150.775604	18.162001	-5.781363	106.086960	3104.508915
92.570000	6.310000	-150.775604	18.412001	-5.909838	106.215436	3103.366813
92.570000	6.310000	-150.525604	17.162001	-10.718293	105.679618	3114.781396
92.570000	6.310000	-150.525604	17.412001	-8.238593	105.808526	3114.076587
92.570000	6.310000	-150.525604	17.662001	-6.250100	105.937604	3113.074214
92.570000	6.310000	-150.525604	17.912001	-5.761296	106.066894	3111.932112
92.570000	6.310000	-150.525604	18.162001	-5.890764	106.196361	3110.790010
92.570000	6.310000	-150.275604	17.162001	-10.681477	105.784400	3121.206721
92.570000	6.310000	-150.275604	17.412001	-7.621675	105.914615	3120.497411
92.570000	6.310000	-150.275604	17.662001	-5.739311	106.044908	3119.355309
92.570000	6.310000	-150.275604	17.912001	-5.869905	106.175502	3118.213207
92.570000	6.310000	-150.025604	17.162001	-10.028120	105.889738	3127.632045
92.570000	6.310000	-150.025604	17.412001	-6.994539	106.021170	3126.778506
92.570000	6.310000	-150.025604	17.662001	-5.847173	106.152771	3125.636404
92.570000	6.310000	-149.775604	17.162001	-9.377245	105.995499	3134.057370
92.570000	6.310000	-149.775604	17.412001	-6.461142	106.128243	3133.059601
