-111.360000	26.870000	-159.164993	19.731300	0.400865	250.265851	1222.522838
-111.360000	26.870000	-159.164993	19.981300	0.183061	250.493121	1220.520647
-111.360000	26.870000	-159.164993	20.231300	-0.162801	250.721849	1218.506312
-111.360000	26.870000	-159.164993	20.481300	-0.455384	250.951866	1216.463452
-111.360000	26.870000	-159.164993	20.731300	-0.623512	251.183368	1214.420591
-111.360000	26.870000	-159.164993	20.981300	-0.793354	251.416187	1212.377731
-111.360000	26.870000	-159.164993	21.231300	-0.987952	251.650517	1210.334870
-111.360000	26.870000	-159.164993	21.481300	-13.146299	251.886195	1208.292009
-111.360000	26.870000	-159.164993	21.731300	-14.921965	252.123411	1202.639347
-111.360000	26.870000	-159.164993	21.981300	0.373961	252.362005	1199.264418
-111.360000	26.870000	-158.914993	17.481300	2.805526	248.268874	1234.881202
-111.360000	26.870000	-158.914993	17.731300	2.531214	248.486343	1232.879010
-111.360000	26.870000	-158.914993	17.981300	2.255256	248.705127	1230.876819
-111.360000	26.870000	-158.914993	18.231300	1.977744	248.925134	1228.874628
-111.360000	26.870000	-158.914993	18.481300	1.705193	249.146486	1226.872436
-111.360000	26.870000	-158.914993	18.731300	1.629408	249.369083	1224.870245
-111.360000	26.870000	-158.914993	18.981300	1.558339	249.593055	1222.868054
-111.360000	26.870000	-158.914993	19.231300	1.267598	249.818295	1220.856456
-111.360000	26.870000	-158.914993	19.481300	1.016807	250.044941	1218.813596
-111.360000	26.870000	-158.914993	19.731300	0.898847	250.272878	1216.770735
-111.360000	26.870000	-158.914993	19.981300	0.778226	250.502252	1214.727874
-111.360000	26.870000	-158.914993	20.231300	0.637724	250.732942	1212.685014
-111.360000	26.870000	-158.914993	20.481300	0.454389	250.965099	1210.642153
-111.360000	26.870000	-158.914993	20.731300	0.269468	251.198596	1208.599293
-111.360000	26.870000	-158.914993	20.981300	0.082803	251.433593	1206.556432
-111.360000	26.870000	-158.914993	21.231300	-4.500682	251.669953	1204.513571
-111.360000	26.870000	-158.914993	21.481300	-9.318024	251.907846	1201.436520
-111.360000	26.870000	-158.914993	21.731300	-18.481665	252.147127	1198.061590
-111.360000	26.870000	-158.914993	21.981300	-18.702805	252.387973	1194.686661
-111.360000	26.870000	-158.914993	22.231300	12.175034	252.630233	1191.332548
-111.360000	26.870000	-158.664993	15.981300	5.347350	246.967709	1240.650958
-111.360000	26.870000	-158.664993	16.231300	5.153236	247.179726	1238.686422
-111.360000	26.870000	-158.664993	16.481300	4.940117	247.392845	1236.721887
-111.360000	26.870000	-158.664993	16.731300	4.675138	247.607282	1234.757352
-111.360000	26.870000	-158.664993	16.981300	4.408576	247.822846	1232.792817
-111.360000	26.870000	-158.664993	17.231300	4.140387	248.039752	1230.828281
-111.360000	26.870000	-158.664993	17.481300	3.870757	248.257812	1228.863746
-111.360000	26.870000	-158.664993	17.731300	3.599469	248.477240	1226.899211
-111.360000	26.870000	-158.664993	17.981300	3.333888	248.697848	1224.934676
-111.360000	26.870000	-158.664993	18.231300	3.053983	248.919849	1222.970140
-111.360000	26.870000	-158.664993	18.481300	2.218741	249.143057	1221.001292
-111.360000	26.870000	-158.664993	18.731300	1.393036	249.367684	1218.903027
-111.360000	26.870000	-158.664993	18.981300	1.515017	249.593546	1216.771691
-111.360000	26.870000	-158.664993	19.231300	1.750631	249.820852	1214.694626
-111.360000	26.870000	-158.664993	19.481300	1.710471	250.049422	1212.617562
-111.360000	26.870000	-158.664993	19.731300	1.616166	250.279461	1210.540497
-111.360000	26.870000	-158.664993	19.981300	1.430278	250.510794	1208.463432
-111.360000	26.870000	-158.664993	20.231300	1.242674	250.743622	1206.386368
-111.360000	26.870000	-158.664993	20.481300	1.053530	250.977772	1204.309303
-111.360000	26.870000	-158.664993	20.731300	0.834183	251.213445	1202.232239
-111.360000	26.870000	-158.664993	20.981300	0.896850	251.450470	1200.155174
-111.360000	26.870000	-158.664993	21.231300	-0.430814	251.689044	1198.173342
-111.360000	26.870000	-158.664993	21.481300	-3.393990	251.929000	1195.850286
-111.360000	26.870000	-158.664993	21.731300	-9.743659	252.170533	1193.462128
-111.360000	26.870000	-158.664993	21.981300	-16.325433	252.413478	1190.108905
-111.360000	26.870000	-158.664993	22.231300	-5.015622	252.658027	1186.733976
-111.360000	26.870000	-158.414993	15.731300	1.701803	246.732321	1236.470359
-111.360000	26.870000	-158.414993	15.981300	5.277520	246.944893	1234.483006
-111.360000	26.870000	-158.414993	16.231300	5.174331	247.158632	1232.518471
-111.360000	26.870000	-158.414993	16.481300	4.959329	247.373633	1230.553936
-111.360000	26.870000	-158.414993	16.731300	4.743139	247.589823	1228.589401
-111.360000	26.870000	-158.414993	16.981300	4.525657	247.807305	1226.624865
-111.360000	26.870000	-158.414993	17.231300	4.306965	248.025997	1224.660330
-111.360000	26.870000	-158.414993	17.481300	4.095044	248.246011	1222.695795
-111.360000	26.870000	-158.414993	17.731300	3.864510	248.467257	1220.731260
-111.360000	26.870000	-158.414993	17.981300	3.615206	248.689854	1218.761554
-111.360000	26.870000	-158.414993	18.231300	3.386427	248.913706	1216.787705
-111.360000	26.870000	-158.414993	18.481300	2.795655	249.138939	1214.813856
-111.360000	26.870000	-158.414993	18.731300	1.605104	249.365452	1212.751242
-111.360000	26.870000	-158.414993	18.981300	0.958751	249.593375	1210.570323
-111.360000	26.870000	-158.414993	19.231300	0.879631	249.822601	1208.389404
-111.360000	26.870000	-158.414993	19.481300	0.947107	250.053268	1206.208486
-111.360000	26.870000	-158.414993	19.731300	1.281689	250.285263	1204.064445
-111.360000	26.870000	-158.414993	19.981300	1.459480	250.518730	1201.987380
-111.360000	26.870000	-158.414993	20.231300	1.360763	250.753548	1199.910316
-111.360000	26.870000	-158.414993	20.481300	1.251496	250.989871	1197.833251
-111.360000	26.870000	-158.414993	20.731300	1.292879	251.227569	1195.777942
-111.360000	26.870000	-158.414993	20.981300	1.248521	251.466804	1193.801867
-111.360000	26.870000	-158.414993	21.231300	-0.567063	251.707439	1191.825793
-111.360000	26.870000	-158.414993	21.481300	-2.358278	251.949644	1189.454942
-111.360000	26.870000	-158.414993	21.731300	-2.669977	252.193273	1187.066784
-111.360000	26.870000	-158.414993	21.981300	-4.989067	252.438505	1184.678626
-111.360000	26.870000	-158.414993	22.231300	-11.235455	252.685187	1182.156219
-111.360000	26.870000	-158.414993	22.481300	4.965778	252.933505	1178.781290
-111.360000	26.870000	-158.164993	15.731300	0.485087	246.706968	1230.384563
-111.360000	26.870000	-158.164993	15.981300	4.929965	246.921257	1228.325707
-111.360000	26.870000	-158.164993	16.231300	5.151183	247.136875	1226.350520
-111.360000	26.870000	-158.164993	16.481300	4.979338	247.353625	1224.385984
-111.360000	26.870000	-158.164993	16.731300	4.761233	247.571729	1222.421449
-111.360000	26.870000	-158.164993	16.981300	4.551213	247.790992	1220.456914
-111.360000	26.870000	-158.164993	17.231300	4.317672	248.011634	1218.492379
-111.360000	26.870000	-158.164993	17.481300	4.069142	248.233462	1216.521816
-111.360000	26.870000	-158.164993	17.731300	3.844589	248.456694	1214.547967
-111.360000	26.870000	-158.164993	17.981300	3.625701	248.681139	1212.574118
-111.360000	26.870000	-158.164993	18.231300	3.399826	248.907013	1210.600269
-111.360000	26.870000	-158.164993	18.481300	2.949783	249.134129	1208.626420
-111.360000	26.870000	-158.164993	18.731300	1.756358	249.362700	1206.599456
-111.360000	26.870000	-158.164993	18.981300	0.887128	249.592539	1204.418537
-111.360000	26.870000	-158.164993	19.231300	0.655806	249.823861	1202.237619
-111.360000	26.870000	-158.164993	19.481300	0.423187	250.056480	1200.056700
-111.360000	26.870000	-158.164993	19.731300	0.243001	250.290608	1197.875781
-111.360000	26.870000	-158.164993	19.981300	0.157927	250.526062	1195.694863
-111.360000	26.870000	-158.164993	20.231300	0.368832	250.763051	1193.513944
-111.360000	26.870000	-158.164993	20.481300	1.199644	251.001397	1191.406468
-111.360000	26.870000	-158.164993	20.731300	1.466650	251.241304	1189.430393
-111.360000	26.870000	-158.164993	20.981300	1.100000	251.482598	1187.454318
-111.360000	26.870000	-158.164993	21.231300	-0.711415	251.725480	1185.447755
-111.360000	26.870000	-158.164993	21.481300	-2.446484	251.969780	1183.059597
-111.360000	26.870000	-158.164993	21.731300	-2.692400	252.215695	1180.671439
-111.360000	26.870000	-158.164993	21.981300	-2.939763	252.463059	1178.283281
-111.360000	26.870000	-158.164993	22.231300	-3.329497	252.712066	1175.895123
-111.360000	26.870000	-158.164993	22.481300	-0.440529	252.962553	1173.506965
-111.360000	26.870000	-157.914993	15.731300	-0.605544	246.680630	1224.447392
-111.360000	26.870000	-157.914993	15.981300	3.978269	246.896791	1222.176326
-111.360000	26.870000	-157.914993	16.231300	5.072591	247.114152	1220.182568
-111.360000	26.870000	-157.914993	16.481300	5.010546	247.332810	1218.218033
-111.360000	26.870000	-157.914993	16.731300	4.774156	247.552690	1216.253498
-111.360000	26.870000	-157.914993	16.981300	4.526252	247.773896	1214.282078
-111.360000	26.870000	-157.914993	17.231300	4.306086	247.996348	1212.308228
-111.360000	26.870000	-157.914993	17.481300	4.086685	248.220155	1210.334379
-111.360000	26.870000	-157.914993	17.731300	3.861610	248.445230	1208.360530
-111.360000	26.870000	-157.914993	17.981300	3.635149	248.671691	1206.386681
-111.360000	26.870000	-157.914993	18.231300	3.407396	248.899443	1204.412832
-111.360000	26.870000	-157.914993	18.481300	3.104870	249.128611	1202.438983
-111.360000	26.870000	-157.914993	18.731300	1.934454	249.359095	1200.447671
-111.360000	26.870000	-157.914993	18.981300	0.888642	249.591025	1198.266752
-111.360000	26.870000	-157.914993	19.231300	0.655373	249.824295	1196.085833
-111.360000	26.870000	-157.914993	19.481300	0.420625	250.059043	1193.904915
-111.360000	26.870000	-157.914993	19.731300	0.184514	250.295153	1191.723996
-111.360000	26.870000	-157.914993	19.981300	-0.053107	250.532774	1189.543077
-111.360000	26.870000	-157.914993	20.231300	-0.370170	250.771783	1187.362159
-111.360000	26.870000	-157.914993	20.481300	0.144585	251.012334	1185.113685
-111.360000	26.870000	-157.914993	20.731300	1.189425	251.254297	1183.082844
-111.360000	26.870000	-157.914993	20.981300	0.888591	251.497835	1181.106769
-111.360000	26.870000	-157.914993	21.231300	-0.896162	251.742810	1179.052411
-111.360000	26.870000	-157.914993	21.481300	-2.466097	251.989393	1176.664253
-111.360000	26.870000	-157.914993	21.731300	-2.714142	252.237438	1174.276095
-111.360000	26.870000	-157.914993	21.981300	-2.898588	252.487125	1171.887937
-111.360000	26.870000	-157.914993	22.231300	-3.024077	252.738298	1169.460765
-111.360000	26.870000	-157.914993	22.481300	-1.147570	252.991148	1167.132941
-111.360000	26.870000	-157.914993	22.731300	8.777522	253.245510	1165.319322
-111.360000	26.870000	-157.664993	15.731300	-1.428357	246.653585	1218.510222
-111.360000	26.870000	-157.664993	15.981300	3.119609	246.871484	1216.026946
-111.360000	26.870000	-157.664993	16.231300	4.959805	247.090748	1214.031674
-111.360000	26.870000	-157.664993	16.481300	4.875996	247.311177	1212.042339
-111.360000	26.870000	-157.664993	16.731300	4.767476	247.532997	1210.068490
-111.360000	26.870000	-157.664993	16.981300	4.550831	247.756008	1208.094641
-111.360000	26.870000	-157.664993	17.231300	4.326404	247.980436	1206.120792
-111.360000	26.870000	-157.664993	17.481300	4.100758	248.206082	1204.146943
-111.360000	26.870000	-157.664993	17.731300	3.873670	248.433170	1202.173094
-111.360000	26.870000	-157.664993	17.981300	3.645335	248.661504	1200.199245
-111.360000	26.870000	-157.664993	18.231300	3.415532	248.891307	1198.225396
-111.360000	26.870000	-157.664993	18.481300	3.184455	249.122384	1196.251547
-111.360000	26.870000	-157.664993	18.731300	2.137333	249.354956	1194.277698
-111.360000	26.870000	-157.664993	18.981300	0.966110	249.588831	1192.114966
-111.360000	26.870000	-157.664993	19.231300	0.655441	249.824226	1189.934048
-111.360000	26.870000	-157.664993	19.481300	0.418713	250.060954	1187.753129
-111.360000	26.870000	-157.664993	19.731300	0.180437	250.299230	1185.572210
-111.360000	26.870000	-157.664993	19.981300	-0.597610	250.538868	1183.391292
-111.360000	26.870000	-157.664993	20.231300	-0.559558	250.780080	1181.073656
-111.360000	26.870000	-157.664993	20.481300	-0.048746	251.022684	1178.866977
-111.360000	26.870000	-157.664993	20.731300	0.628239	251.266890	1176.765471
-111.360000	26.870000	-157.664993	20.981300	0.547408	251.512518	1174.759220
-111.360000	26.870000	-157.664993	21.231300	-1.103957	251.759776	1172.657066
-111.360000	26.870000	-157.664993	21.481300	-2.353590	252.008487	1170.268908
-111.360000	26.870000	-157.664993	21.731300	-2.937171	252.258854	1167.880750
-111.360000	26.870000	-157.664993	21.981300	-3.028754	252.510706	1165.343175
-111.360000	26.870000	-157.664993	22.231300	-2.155921	252.764242	1163.030886
-111.360000	26.870000	-157.664993	22.481300	-0.305094	253.019295	1160.878332
-111.360000	26.870000	-157.664993	22.731300	4.146163	253.276059	1159.138100
-111.360000	26.870000	-157.414993	15.731300	-2.238684	246.625532	1212.573052
-111.360000	26.870000	-157.414993	15.981300	2.277777	246.845326	1209.877565
-111.360000	26.870000	-157.414993	16.231300	4.942884	247.066356	1207.882294
-111.360000	26.870000	-157.414993	16.481300	4.713036	247.288717	1205.883648
-111.360000	26.870000	-157.414993	16.731300	4.620026	247.512336	1203.883372
-111.360000	26.870000	-157.414993	16.981300	4.541893	247.737317	1201.907205
-111.360000	26.870000	-157.414993	17.231300	4.343262	247.963578	1199.933356
-111.360000	26.870000	-157.414993	17.481300	4.115609	248.191231	1197.959507
-111.360000	26.870000	-157.414993	17.731300	3.886652	248.420187	1195.985658
-111.360000	26.870000	-157.414993	17.981300	3.656273	248.650566	1194.011809
-111.360000	26.870000	-157.414993	18.231300	3.424566	248.882273	1192.037960
-111.360000	26.870000	-157.414993	18.481300	3.191407	249.115433	1190.064111
-111.360000	26.870000	-157.414993	18.731300	2.315290	249.349944	1188.090262
-111.360000	26.870000	-157.414993	18.981300	1.116756	249.585940	1185.963181
-111.360000	26.870000	-157.414993	19.231300	0.656355	249.823312	1183.782262
-111.360000	26.870000	-157.414993	19.481300	0.417467	250.062200	1181.601344
-111.360000	26.870000	-157.414993	19.731300	0.107757	250.302488	1179.420425
-111.360000	26.870000	-157.414993	19.981300	-0.964422	250.544326	1177.222718
-111.360000	26.870000	-157.414993	20.231300	-0.875799	250.787588	1174.781253
-111.360000	26.870000	-157.414993	20.481300	0.129007	251.032431	1172.620269
-111.360000	26.870000	-157.414993	20.731300	0.127401	251.278724	1170.518763
-111.360000	26.870000	-157.414993	20.981300	-0.210340	251.526632	1168.417257
-111.360000	26.870000	-157.414993	21.231300	-1.406933	251.776014	1166.261722
-111.360000	26.870000	-157.414993	21.481300	-2.966827	252.027045	1163.783365
-111.360000	26.870000	-157.414993	21.731300	-2.678818	252.279575	1161.225584
-111.360000	26.870000	-157.414993	21.981300	-1.884945	252.533788	1158.928832
-111.360000	26.870000	-157.414993	22.231300	-1.780678	252.789525	1156.776278
-111.360000	26.870000	-157.414993	22.481300	-0.025817	253.046979	1154.623723
-111.360000	26.870000	-157.414993	22.731300	2.028246	253.305983	1152.956877
-111.360000	26.870000	-157.414993	22.981300	8.648053	253.566738	1151.388389
-111.360000	26.870000	-157.164993	15.731300	-3.036686	246.596752	1206.635882
-111.360000	26.870000	-157.164993	15.981300	1.248204	246.818306	1203.728185
-111.360000	26.870000	-157.164993	16.231300	4.965345	247.041264	1201.732913
-111.360000	26.870000	-157.164993	16.481300	4.721814	247.265419	1199.733643
-111.360000	26.870000	-157.164993	16.731300	4.491991	247.491004	1197.733368
-111.360000	26.870000	-157.164993	16.981300	4.353284	247.717813	1195.733092
-111.360000	26.870000	-157.164993	17.231300	4.272029	247.946077	1193.745919
-111.360000	26.870000	-157.164993	17.481300	4.131245	248.175594	1191.772070
-111.360000	26.870000	-157.164993	17.731300	3.900247	248.406592	1189.798221
-111.360000	26.870000	-157.164993	17.981300	3.667968	248.638871	1187.824372
-111.360000	26.870000	-157.164993	18.231300	3.434182	248.872657	1185.850523
-111.360000	26.870000	-157.164993	18.481300	3.199086	249.107753	1183.876674
-111.360000	26.870000	-157.164993	18.731300	2.469709	249.344383	1181.902825
-111.360000	26.870000	-157.164993	18.981300	1.268367	249.582352	1179.811395
-111.360000	26.870000	-157.164993	19.231300	0.657786	249.821881	1177.630477
-111.360000	26.870000	-157.164993	19.481300	0.416888	250.062779	1175.449558
-111.360000	26.870000	-157.164993	19.731300	-0.417796	250.305265	1173.268639
-111.360000	26.870000	-157.164993	19.981300	-1.346243	250.549149	1170.930315
-111.360000	26.870000	-157.164993	20.231300	-0.745761	250.794648	1168.488851
-111.360000	26.870000	-157.164993	20.481300	0.307781	251.041577	1166.373561
-111.360000	26.870000	-157.164993	20.731300	0.115977	251.290148	1164.272055
-111.360000	26.870000	-157.164993	20.981300	-1.367433	251.540179	1162.170549
-111.360000	26.870000	-157.164993	21.231300	-2.672025	251.791879	1159.665774
-111.360000	26.870000	-157.164993	21.481300	-2.377710	252.045071	1157.107994
-111.360000	26.870000	-157.164993	21.731300	-1.610477	252.299961	1154.826778
-111.360000	26.870000	-157.164993	21.981300	-1.547527	252.556374	1152.674223
-111.360000	26.870000	-157.164993	22.231300	-1.805665	252.814511	1150.521669
-111.360000	26.870000	-157.164993	22.481300	0.193766	253.074204	1148.369115
-111.360000	26.870000	-157.164993	22.731300	2.317357	253.335650	1146.775655
-111.360000	26.870000	-157.164993	22.981300	3.803117	253.598684	1145.207167
-111.360000	26.870000	-156.914993	15.481300	-3.129538	246.344802	1203.695807
-111.360000	26.870000	-156.914993	15.731300	-3.351675	246.566939	1200.698712
-111.360000	26.870000	-156.914993	15.981300	0.060120	246.790414	1197.701617
-111.360000	26.870000	-156.914993	16.231300	4.473157	247.015160	1195.583533
-111.360000	26.870000	-156.914993	16.481300	4.743330	247.241273	1193.583639
-111.360000	26.870000	-156.914993	16.731300	4.514315	247.468681	1191.583363
-111.360000	26.870000	-156.914993	16.981300	4.285510	247.697486	1189.583087
-111.360000	26.870000	-156.914993	17.231300	4.082157	247.927609	1187.582811
-111.360000	26.870000	-156.914993	17.481300	3.997775	248.159160	1185.584634
-111.360000	26.870000	-156.914993	17.731300	3.902840	248.392052	1183.610785
-111.360000	26.870000	-156.914993	17.981300	3.680435	248.626404	1181.636936
-111.360000	26.870000	-156.914993	18.231300	3.444718	248.862122	1179.663087
-111.360000	26.870000	-156.914993	18.481300	3.207509	249.099330	1177.689238
-111.360000	26.870000	-156.914993	18.731300	2.625276	249.337928	1175.715389
-111.360000	26.870000	-156.914993	18.981300	1.420958	249.578049	1173.659610
-111.360000	26.870000	-156.914993	19.231300	0.660083	249.819584	1171.478691
-111.360000	26.870000	-156.914993	19.481300	0.262102	250.062675	1169.297773
-111.360000	26.870000	-156.914993	19.731300	-0.779639	250.307204	1167.079377
-111.360000	26.870000	-156.914993	19.981300	-1.633288	250.553321	1164.637912
-111.360000	26.870000	-156.914993	20.231300	-0.634110	250.800902	1162.228359
-111.360000	26.870000	-156.914993	20.481300	0.356021	251.050104	1160.126853
-111.360000	26.870000	-156.914993	20.731300	-0.923775	251.300795	1158.025347
-111.360000	26.870000	-156.914993	20.981300	-2.438081	251.553141	1155.641890
-111.360000	26.870000	-156.914993	21.231300	-2.463121	251.807000	1152.990403
-111.360000	26.870000	-156.914993	21.481300	-1.332304	252.062549	1150.724723
-111.360000	26.870000	-156.914993	21.731300	-1.310790	252.319637	1148.572169
-111.360000	26.870000	-156.914993	21.981300	-1.569601	252.578448	1146.419615
-111.360000	26.870000	-156.914993	22.231300	-1.631469	252.838823	1144.267060
-111.360000	26.870000	-156.914993	22.481300	0.384979	253.100956	1142.162921
-111.360000	26.870000	-156.914993	22.731300	2.397008	253.364678	1140.594433
-111.360000	26.870000	-156.914993	22.981300	2.131492	253.630194	1139.025944
-111.360000	26.870000	-156.914993	23.231300	7.434070	253.897325	1137.457456
-111.360000	26.870000	-156.664993	15.481300	-3.097062	246.312326	1197.758637
-111.360000	26.870000	-156.664993	15.731300	-3.321115	246.536379	1194.761542
-111.360000	26.870000	-156.664993	15.981300	-0.925866	246.761636	1191.764446
-111.360000	26.870000	-156.664993	16.231300	3.614027	246.988336	1189.433910
-111.360000	26.870000	-156.664993	16.481300	4.766729	247.216266	1187.433634
-111.360000	26.870000	-156.664993	16.731300	4.537329	247.445666	1185.433358
-111.360000	26.870000	-156.664993	16.981300	4.306670	247.676325	1183.433082
-111.360000	26.870000	-156.664993	17.231300	4.074517	247.908478	1181.432806
-111.360000	26.870000	-156.664993	17.481300	3.843951	248.141920	1179.432531
-111.360000	26.870000	-156.664993	17.731300	3.718815	248.376882	1177.432255
-111.360000	26.870000	-156.664993	17.981300	3.629480	248.613161	1175.449500
-111.360000	26.870000	-156.664993	18.231300	3.455851	248.850988	1173.475651
-111.360000	26.870000	-156.664993	18.481300	3.216679	249.090160	1171.501802
-111.360000	26.870000	-156.664993	18.731300	2.781661	249.330908	1169.527953
-111.360000	26.870000	-156.664993	18.981300	1.574530	249.573031	1167.507824
-111.360000	26.870000	-156.664993	19.231300	0.662911	249.816756	1165.326906
-111.360000	26.870000	-156.664993	19.481300	-0.227989	250.061887	1163.145987
-111.360000	26.870000	-156.664993	19.731300	-1.188013	250.308647	1160.786974
-111.360000	26.870000	-156.664993	19.981300	-1.455463	250.556843	1158.345509
-111.360000	26.870000	-156.664993	20.231300	-0.474469	250.806696	1155.981651
-111.360000	26.870000	-156.664993	20.481300	-0.004863	251.058015	1153.880145
-111.360000	26.870000	-156.664993	20.731300	-1.984425	251.311020	1151.692783
-111.360000	26.870000	-156.664993	20.981300	-3.246218	251.565522	1148.974928
-111.360000	26.870000	-156.664993	21.231300	-1.735652	251.821737	1146.622669
-111.360000	26.870000	-156.664993	21.481300	-1.079948	252.079482	1144.470114
-111.360000	26.870000	-156.664993	21.731300	-1.330120	252.338967	1142.317560
-111.360000	26.870000	-156.664993	21.981300	-1.591167	252.600014	1140.165006
-111.360000	26.870000	-156.664993	22.231300	-1.353691	252.862829	1138.012452
-111.360000	26.870000	-156.664993	22.481300	0.640203	253.127238	1135.981698
-111.360000	26.870000	-156.664993	22.731300	2.368243	253.393444	1134.413210
-111.360000	26.870000	-156.664993	22.981300	2.100411	253.661276	1132.844722
-111.360000	26.870000	-156.664993	23.231300	2.694747	253.930931	1131.276233
-111.360000	26.870000	-156.414993	15.481300	-3.063668	246.278932	1191.821467
-111.360000	26.870000	-156.414993	15.731300	-3.289496	246.504761	1188.824372
-111.360000	26.870000	-156.414993	15.981300	-1.745322	246.731963	1185.827276
-111.360000	26.870000	-156.414993	16.231300	2.727232	246.960474	1183.283905
-111.360000	26.870000	-156.414993	16.481300	4.792606	247.190389	1181.283629
-111.360000	26.870000	-156.414993	16.731300	4.561359	247.421636	1179.283353
-111.360000	26.870000	-156.414993	16.981300	4.328677	247.654318	1177.283077
-111.360000	26.870000	-156.414993	17.231300	4.094639	247.888356	1175.282802
-111.360000	26.870000	-156.414993	17.481300	3.859135	248.123860	1173.282526
-111.360000	26.870000	-156.414993	17.731300	3.622251	248.360744	1171.282250
-111.360000	26.870000	-156.414993	17.981300	3.435266	248.599126	1169.281974
-111.360000	26.870000	-156.414993	18.231300	3.342585	248.838912	1167.288214
-111.360000	26.870000	-156.414993	18.481300	3.220592	249.080228	1165.314365
-111.360000	26.870000	-156.414993	18.731300	2.939214	249.322973	1163.340516
-111.360000	26.870000	-156.414993	18.981300	1.764426	249.567280	1161.356039
-111.360000	26.870000	-156.414993	19.231300	0.426358	249.813041	1159.175120
-111.360000	26.870000	-156.414993	19.481300	-0.584962	250.060398	1156.936036
-111.360000	26.870000	-156.414993	19.731300	-1.515582	250.309232	1154.494571
-111.360000	26.870000	-156.414993	19.981300	-1.276530	250.559696	1152.053106
-111.360000	26.870000	-156.414993	20.231300	-0.293399	250.811662	1149.734943
-111.360000	26.870000	-156.414993	20.481300	-1.258895	251.065292	1147.633437
-111.360000	26.870000	-156.414993	20.731300	-1.793938	251.320450	1145.025821
-111.360000	26.870000	-156.414993	20.981300	-1.773125	251.577305	1142.888750
-111.360000	26.870000	-156.414993	21.231300	-2.872116	251.835713	1140.555430
-111.360000	26.870000	-156.414993	21.481300	-2.138093	252.095853	1138.222110
-111.360000	26.870000	-156.414993	21.731300	-1.395153	252.357571	1136.062951
-111.360000	26.870000	-156.414993	21.981300	-1.612210	252.621056	1133.910397
-111.360000	26.870000	-156.414993	22.231300	-1.074156	252.886145	1131.757843
-111.360000	26.870000	-156.414993	22.481300	0.928446	253.153036	1129.800476
-111.360000	26.870000	-156.414993	22.731300	2.340132	253.421555	1128.231988
-111.360000	26.870000	-156.414993	22.981300	2.069775	253.691912	1126.663499
-111.360000	26.870000	-156.414993	23.231300	1.797764	253.963923	1125.095011
-111.360000	26.870000	-156.414993	23.481300	6.189696	254.237806	1123.526522
-111.360000	26.870000	-156.164993	15.481300	-3.029340	246.244604	1185.884297
-111.360000	26.870000	-156.164993	15.731300	-3.257109	246.472374	1182.887202
-111.360000	26.870000	-156.164993	15.981300	-2.471823	246.701382	1179.890106
-111.360000	26.870000	-156.164993	16.231300	1.296212	246.931872	1177.158931
-111.360000	26.870000	-156.164993	16.481300	4.441306	247.163629	1175.133624
-111.360000	26.870000	-156.164993	16.731300	4.356590	247.396895	1173.133348
-111.360000	26.870000	-156.164993	16.981300	4.163650	247.631456	1171.133073
-111.360000	26.870000	-156.164993	17.231300	3.968992	247.867553	1169.132797
-111.360000	26.870000	-156.164993	17.481300	3.772828	248.104974	1167.132521
-111.360000	26.870000	-156.164993	17.731300	3.574920	248.343957	1165.132245
-111.360000	26.870000	-156.164993	17.981300	3.375480	248.584293	1163.131969
-111.360000	26.870000	-156.164993	18.231300	3.165699	248.826220	1161.131694
-111.360000	26.870000	-156.164993	18.481300	3.050757	249.069529	1159.131418
-111.360000	26.870000	-156.164993	18.731300	2.952709	249.314455	1157.153080
-111.360000	26.870000	-156.164993	18.981300	1.969521	249.560795	1155.179231
-111.360000	26.870000	-156.164993	19.231300	0.073783	249.808779	1153.023335
-111.360000	26.870000	-156.164993	19.481300	-1.019755	250.058206	1150.643633
-111.360000	26.870000	-156.164993	19.731300	-1.515656	250.309307	1148.202168
-111.360000	26.870000	-156.164993	19.981300	-1.096492	250.561881	1145.760704
-111.360000	26.870000	-156.164993	20.231300	-1.197642	250.816156	1143.488235
-111.360000	26.870000	-156.164993	20.481300	-0.789309	251.071936	1141.076714
-111.360000	26.870000	-156.164993	20.731300	-0.751485	251.329445	1138.984616
-111.360000	26.870000	-156.164993	20.981300	-1.861187	251.588491	1136.822026
-111.360000	26.870000	-156.164993	21.231300	-2.886511	251.849293	1134.488706
-111.360000	26.870000	-156.164993	21.481300	-3.148882	252.111665	1132.155386
-111.360000	26.870000	-156.164993	21.731300	-2.457972	252.375821	1129.822067
-111.360000	26.870000	-156.164993	21.981300	-1.718411	252.641579	1127.655788
-111.360000	26.870000	-156.164993	22.231300	-0.793252	252.909148	1125.503234
-111.360000	26.870000	-156.164993	22.481300	1.218155	253.178352	1123.619254
-111.360000	26.870000	-156.164993	22.731300	2.312290	253.449397	1122.050765
-111.360000	26.870000	-156.164993	22.981300	2.039579	253.722108	1120.482277
-111.360000	26.870000	-156.164993	23.231300	1.764999	253.996688	1118.913788
-111.360000	26.870000	-156.164993	23.481300	1.581556	254.272967	1117.345300
-111.360000	26.870000	-155.914993	15.481300	-2.994070	246.209335	1179.947127
-111.360000	26.870000	-155.914993	15.731300	-3.188153	246.438903	1176.950031
-111.360000	26.870000	-155.914993	15.981300	-2.333175	246.669881	1173.962161
-111.360000	26.870000	-155.914993	16.231300	0.441064	246.902207	1171.374926
-111.360000	26.870000	-155.914993	16.481300	3.319819	247.135975	1169.178802
-111.360000	26.870000	-155.914993	16.731300	3.841470	247.371114	1167.148817
-111.360000	26.870000	-155.914993	16.981300	3.648248	247.607726	1165.118832
-111.360000	26.870000	-155.914993	17.231300	3.453438	247.845733	1163.088847
-111.360000	26.870000	-155.914993	17.481300	3.256931	248.085246	1161.058862
-111.360000	26.870000	-155.914993	17.731300	3.058814	248.326178	1159.028877
-111.360000	26.870000	-155.914993	17.981300	2.913447	248.568648	1156.998892
-111.360000	26.870000	-155.914993	18.231300	2.838373	248.812562	1154.981689
-111.360000	26.870000	-155.914993	18.481300	2.706808	249.058047	1152.981413
-111.360000	26.870000	-155.914993	18.731300	2.578398	249.305000	1150.981137
-111.360000	26.870000	-155.914993	18.981300	1.575339	249.553557	1148.991795
-111.360000	26.870000	-155.914993	19.231300	-0.208066	249.803608	1146.792694
-111.360000	26.870000	-155.914993	19.481300	-1.323376	250.055296	1144.351230
-111.360000	26.870000	-155.914993	19.731300	-1.564521	250.308503	1141.909765
-111.360000	26.870000	-155.914993	19.981300	-1.406943	250.563381	1139.468301
-111.360000	26.870000	-155.914993	20.231300	-0.114986	250.819803	1137.127607
-111.360000	26.870000	-155.914993	20.481300	0.242357	251.077930	1135.067324
-111.360000	26.870000	-155.914993	20.731300	-0.656129	251.337626	1132.958797
-111.360000	26.870000	-155.914993	20.981300	-1.593758	251.599063	1130.716901
-111.360000	26.870000	-155.914993	21.231300	-2.332344	251.862094	1128.421982
-111.360000	26.870000	-155.914993	21.481300	-2.859889	252.126901	1126.088663
-111.360000	26.870000	-155.914993	21.731300	-3.234528	252.393327	1123.755343
-111.360000	26.870000	-155.914993	21.981300	-2.701180	252.661563	1121.422023
-111.360000	26.870000	-155.914993	22.231300	-0.634427	252.931445	1119.248625
-111.360000	26.870000	-155.914993	22.481300	1.509331	253.203172	1117.438031
-111.360000	26.870000	-155.914993	22.731300	2.285117	253.476570	1115.869543
-111.360000	26.870000	-155.914993	22.981300	2.009838	253.751849	1114.301054
-111.360000	26.870000	-155.914993	23.231300	1.732863	254.028824	1112.732566
-111.360000	26.870000	-155.914993	23.481300	1.453971	254.307716	1111.164077
-111.360000	26.870000	-155.914993	23.731300	4.914528	254.588329	1109.595589
-111.360000	26.870000	-155.664993	15.481300	-2.957842	246.173106	1174.009957
-111.360000	26.870000	-155.664993	15.731300	-2.371681	246.404640	1171.012861
-111.360000	26.870000	-155.664993	15.981300	-1.721817	246.637447	1168.286876
-111.360000	26.870000	-155.664993	16.231300	-0.891231	246.871779	1165.699641
-111.360000	26.870000	-155.664993	16.481300	1.919136	247.107414	1163.228658
-111.360000	26.870000	-155.664993	16.731300	3.817519	247.344600	1161.198673
-111.360000	26.870000	-155.664993	16.981300	3.579002	247.583117	1159.168688
-111.360000	26.870000	-155.664993	17.231300	3.338906	247.823213	1157.138703
-111.360000	26.870000	-155.664993	17.481300	3.097450	248.064669	1155.108718
-111.360000	26.870000	-155.664993	17.731300	2.854387	248.307731	1153.078733
-111.360000	26.870000	-155.664993	17.981300	2.609935	248.552184	1151.048748
-111.360000	26.870000	-155.664993	18.231300	2.382637	248.798270	1149.018763
-111.360000	26.870000	-155.664993	18.481300	2.178661	249.045777	1146.988778
-111.360000	26.870000	-155.664993	18.731300	1.959180	249.294945	1144.958793
-111.360000	26.870000	-155.664993	18.981300	0.781899	249.545565	1142.925628
-111.360000	26.870000	-155.664993	19.231300	-0.889563	249.797874	1140.548203
-111.360000	26.870000	-155.664993	19.481300	-1.530960	250.051665	1138.098922
-111.360000	26.870000	-155.664993	19.731300	-1.815231	250.307173	1135.649640
-111.360000	26.870000	-155.664993	19.981300	-1.392761	250.564195	1133.200359
-111.360000	26.870000	-155.664993	20.231300	-0.368037	250.822962	1130.917631
-111.360000	26.870000	-155.664993	20.481300	0.045005	251.083274	1128.746120
-111.360000	26.870000	-155.664993	20.731300	-0.329214	251.345360	1126.574608
-111.360000	26.870000	-155.664993	20.981300	-1.019410	251.609023	1124.353639
-111.360000	26.870000	-155.664993	21.231300	-1.499381	251.874488	1122.090297
-111.360000	26.870000	-155.664993	21.481300	-1.866860	252.141563	1119.826956
-111.360000	26.870000	-155.664993	21.731300	-2.237160	252.410468	1117.563614
-111.360000	26.870000	-155.664993	21.981300	-2.670725	252.681015	1115.300272
-111.360000	26.870000	-155.664993	22.231300	-1.080339	252.953419	1113.021980
-111.360000	26.870000	-155.664993	22.481300	1.614562	253.227500	1111.256809
-111.360000	26.870000	-155.664993	22.731300	2.258222	253.503465	1109.688320
-111.360000	26.870000	-155.664993	22.981300	1.980547	253.781140	1108.119832
-111.360000	26.870000	-155.664993	23.231300	1.700959	254.060728	1106.551343
-111.360000	26.870000	-155.664993	23.481300	1.419629	254.342057	1104.982855
-111.360000	26.870000	-155.664993	23.731300	1.136359	254.625328	1103.414366
-111.360000	26.870000	-155.414993	15.231300	-2.688653	245.903918	1171.069882
-111.360000	26.870000	-155.414993	15.481300	-2.445184	246.135910	1168.072786
-111.360000	26.870000	-155.414993	15.731300	-1.792315	246.369266	1165.198826
-111.360000	26.870000	-155.414993	15.981300	-1.111247	246.604070	1162.611591
-111.360000	26.870000	-155.414993	16.231300	-1.347439	246.840262	1160.024356
-111.360000	26.870000	-155.414993	16.481300	0.310788	247.077935	1157.437121
-111.360000	26.870000	-155.414993	16.731300	3.163889	247.317019	1155.248530
-111.360000	26.870000	-155.414993	16.981300	3.604502	247.557616	1153.218545
-111.360000	26.870000	-155.414993	17.231300	3.362469	247.799649	1151.188560
-111.360000	26.870000	-155.414993	17.481300	3.118890	248.043228	1149.158575
-111.360000	26.870000	-155.414993	17.731300	2.873851	248.288267	1147.128590
-111.360000	26.870000	-155.414993	17.981300	2.627233	248.534885	1145.098605
-111.360000	26.870000	-155.414993	18.231300	2.379130	248.782988	1143.068620
-111.360000	26.870000	-155.414993	18.481300	2.129415	249.032703	1141.038635
-111.360000	26.870000	-155.414993	18.731300	0.949050	249.283929	1139.008650
-111.360000	26.870000	-155.414993	18.981300	-0.200865	249.536801	1136.654864
-111.360000	26.870000	-155.414993	19.231300	-0.546906	249.791208	1134.278588
-111.360000	26.870000	-155.414993	19.481300	-1.101933	250.047294	1131.902312
-111.360000	26.870000	-155.414993	19.731300	-1.765542	250.304942	1129.479166
-111.360000	26.870000	-155.414993	19.981300	-2.214199	250.564304	1127.029884
-111.360000	26.870000	-155.414993	20.231300	-1.291444	250.825253	1124.580603
-111.360000	26.870000	-155.414993	20.481300	-0.062588	251.087950	1122.361931
-111.360000	26.870000	-155.414993	20.731300	-0.252104	251.352260	1120.190419
-111.360000	26.870000	-155.414993	20.981300	-0.944890	251.618353	1117.990376
-111.360000	26.870000	-155.414993	21.231300	-1.465990	251.886084	1115.727035
-111.360000	26.870000	-155.414993	21.481300	-1.735540	252.155634	1113.463693
-111.360000	26.870000	-155.414993	21.731300	-2.006753	252.426847	1111.200351
-111.360000	26.870000	-155.414993	21.981300	-1.563863	252.699915	1108.937010
-111.360000	26.870000	-155.414993	22.231300	-0.455556	252.974670	1106.897287
-111.360000	26.870000	-155.414993	22.481300	1.072589	253.251317	1105.132428
-111.360000	26.870000	-155.414993	22.731300	1.887900	253.529677	1103.507098
-111.360000	26.870000	-155.414993	22.981300	1.951723	253.809964	1101.938609
-111.360000	26.870000	-155.414993	23.231300	1.669698	254.091989	1100.370121
-111.360000	26.870000	-155.414993	23.481300	1.385710	254.375976	1098.801632
-111.360000	26.870000	-155.414993	23.731300	1.099959	254.661728	1097.233144
-111.360000	26.870000	-155.414993	23.981300	3.747562	254.949477	1095.664655
-111.360000	26.870000	-155.164993	15.231300	-2.648657	245.863921	1165.132712
-111.360000	26.870000	-155.164993	15.481300	-1.831774	246.097729	1162.135616
-111.360000	26.870000	-155.164993	15.731300	-0.943984	246.333076	1159.523540
-111.360000	26.870000	-155.164993	15.981300	-1.076911	246.569734	1156.936305
-111.360000	26.870000	-155.164993	16.231300	-1.315136	246.807959	1154.349070
-111.360000	26.870000	-155.164993	16.481300	-1.035241	247.047524	1151.761835
-111.360000	26.870000	-155.164993	16.731300	1.782189	247.288684	1149.298386
-111.360000	26.870000	-155.164993	16.981300	3.630906	247.531213	1147.268401
-111.360000	26.870000	-155.164993	17.231300	3.386755	247.775364	1145.238416
-111.360000	26.870000	-155.164993	17.481300	3.141204	248.020914	1143.208431
-111.360000	26.870000	-155.164993	17.731300	2.894004	248.268114	1141.178446
-111.360000	26.870000	-155.164993	17.981300	2.645374	248.516744	1139.148461
-111.360000	26.870000	-155.164993	18.231300	2.395066	248.767052	1137.118476
-111.360000	26.870000	-155.164993	18.481300	1.282739	249.018820	1135.088491
-111.360000	26.870000	-155.164993	18.731300	0.132540	249.272295	1132.760375
-111.360000	26.870000	-155.164993	18.981300	-0.281220	249.527260	1130.384099
-111.360000	26.870000	-155.164993	19.231300	-0.537920	249.783961	1128.007824
-111.360000	26.870000	-155.164993	19.481300	-0.796143	250.042184	1125.631548
-111.360000	26.870000	-155.164993	19.731300	-1.205741	250.302169	1123.255272
-111.360000	26.870000	-155.164993	19.981300	-1.872296	250.563710	1120.859410
-111.360000	26.870000	-155.164993	20.231300	-2.396925	250.827041	1118.410128
-111.360000	26.870000	-155.164993	20.481300	-1.205469	251.091960	1115.977742
-111.360000	26.870000	-155.164993	20.731300	-0.174449	251.358698	1113.806230
-111.360000	26.870000	-155.164993	20.981300	-0.851010	251.627055	1111.627114
-111.360000	26.870000	-155.164993	21.231300	-1.477166	251.897260	1109.363772
-111.360000	26.870000	-155.164993	21.481300	-1.749023	252.169117	1107.100430
-111.360000	26.870000	-155.164993	21.731300	-1.549198	252.442850	1104.837089
-111.360000	26.870000	-155.164993	21.981300	-0.445823	252.718268	1102.706196
-111.360000	26.870000	-155.164993	22.231300	0.498873	252.995590	1100.941338
-111.360000	26.870000	-155.164993	22.481300	0.219833	253.274630	1099.176479
-111.360000	26.870000	-155.164993	22.731300	0.605303	253.555603	1097.411621
-111.360000	26.870000	-155.164993	22.981300	1.419779	253.838327	1095.757387
-111.360000	26.870000	-155.164993	23.231300	1.638676	254.123010	1094.188898
-111.360000	26.870000	-155.164993	23.481300	1.352208	254.409479	1092.620410
-111.360000	26.870000	-155.164993	23.731300	1.063752	254.697935	1091.051921
-111.360000	26.870000	-155.164993	23.981300	0.773477	254.988210	1089.483433
-111.360000	26.870000	-154.914993	15.231300	-1.858437	245.822765	1159.195542
-111.360000	26.870000	-154.914993	15.481300	-1.235557	246.058554	1156.435490
-111.360000	26.870000	-154.914993	15.731300	-0.802924	246.295747	1153.848255
-111.360000	26.870000	-154.914993	15.981300	-1.041605	246.534429	1151.261020
-111.360000	26.870000	-154.914993	16.231300	-1.281715	246.774539	1148.673785
-111.360000	26.870000	-154.914993	16.481300	-1.523347	247.016171	1146.086550
-111.360000	26.870000	-154.914993	16.731300	0.174892	247.259255	1143.499315
-111.360000	26.870000	-154.914993	16.981300	3.009244	247.503893	1141.318258
-111.360000	26.870000	-154.914993	17.231300	3.412109	247.750009	1139.288273
-111.360000	26.870000	-154.914993	17.481300	3.164406	247.997713	1137.258288
-111.360000	26.870000	-154.914993	17.731300	2.915200	248.246919	1135.228303
-111.360000	26.870000	-154.914993	17.981300	2.664373	248.497746	1133.198318
-111.360000	26.870000	-154.914993	18.231300	1.620387	248.750101	1131.168333
-111.360000	26.870000	-154.914993	18.481300	0.465144	249.004111	1128.865886
-111.360000	26.870000	-154.914993	18.731300	-0.013633	249.259674	1126.489610
-111.360000	26.870000	-154.914993	18.981300	-0.270886	249.516927	1124.113335
-111.360000	26.870000	-154.914993	19.231300	-0.529717	249.775758	1121.737059
-111.360000	26.870000	-154.914993	19.481300	-0.790273	250.036314	1119.360784
-111.360000	26.870000	-154.914993	19.731300	-1.052432	250.298473	1116.984508
-111.360000	26.870000	-154.914993	19.981300	-1.346043	250.562392	1114.608232
-111.360000	26.870000	-154.914993	20.231300	-1.984867	250.827940	1112.231957
-111.360000	26.870000	-154.914993	20.481300	-2.307563	251.095283	1109.790372
-111.360000	26.870000	-154.914993	20.731300	-1.127111	251.364281	1107.422041
-111.360000	26.870000	-154.914993	20.981300	-0.746002	251.635109	1105.250529
-111.360000	26.870000	-154.914993	21.231300	-1.434264	251.907618	1103.000510
-111.360000	26.870000	-154.914993	21.481300	-1.596756	252.181992	1100.737168
-111.360000	26.870000	-154.914993	21.731300	-0.447851	252.458073	1098.515106
-111.360000	26.870000	-154.914993	21.981300	0.758408	252.736055	1096.750248
-111.360000	26.870000	-154.914993	22.231300	0.478694	253.015769	1094.985389
-111.360000	26.870000	-154.914993	22.481300	0.197043	253.297420	1093.220531
-111.360000	26.870000	-154.914993	22.731300	-0.086366	253.580829	1091.455672
-111.360000	26.870000	-154.914993	22.981300	0.131175	253.866211	1089.690813
-111.360000	26.870000	-154.914993	23.231300	0.944740	254.153375	1088.007676
-111.360000	26.870000	-154.914993	23.481300	1.319138	254.442549	1086.439187
-111.360000	26.870000	-154.914993	23.731300	1.028157	254.733530	1084.870699
-111.360000	26.870000	-154.914993	23.981300	0.735131	255.026556	1083.302210
-111.360000	26.870000	-154.914993	24.231300	2.591811	255.321414	1081.733722
-111.360000	26.870000	-154.664993	15.231300	-1.276236	245.780739	1153.347440
-111.360000	26.870000	-154.664993	15.481300	-0.525543	246.018367	1150.760205
-111.360000	26.870000	-154.664993	15.731300	-0.764754	246.257578	1148.172970
-111.360000	26.870000	-154.664993	15.981300	-1.005314	246.498138	1145.585735
-111.360000	26.870000	-154.664993	16.231300	-1.247486	246.740309	1142.998500
-111.360000	26.870000	-154.664993	16.481300	-1.491035	246.983859	1140.411265
-111.360000	26.870000	-154.664993	16.731300	-1.185014	247.229048	1137.824030
-111.360000	26.870000	-154.664993	16.981300	1.639519	247.475645	1135.368114
-111.360000	26.870000	-154.664993	17.231300	3.438209	247.723910	1133.338129
-111.360000	26.870000	-154.664993	17.481300	3.188505	247.973614	1131.308144
-111.360000	26.870000	-154.664993	17.731300	2.937106	248.225013	1129.278159
-111.360000	26.870000	-154.664993	17.981300	1.961887	248.477882	1127.248174
-111.360000	26.870000	-154.664993	18.231300	0.801520	248.732475	1124.971397
-111.360000	26.870000	-154.664993	18.481300	0.257471	248.988570	1122.595122
-111.360000	26.870000	-154.664993	18.731300	-0.000376	249.246417	1120.218846
-111.360000	26.870000	-154.664993	18.981300	-0.259755	249.505796	1117.842570
-111.360000	26.870000	-154.664993	19.231300	-0.520916	249.766957	1115.466295
-111.360000	26.870000	-154.664993	19.481300	-0.783642	250.029683	1113.090019
-111.360000	26.870000	-154.664993	19.731300	-1.048177	250.294218	1110.713744
-111.360000	26.870000	-154.664993	19.981300	-1.314309	250.560350	1108.337468
-111.360000	26.870000	-154.664993	20.231300	-1.582280	250.828321	1105.961192
-111.360000	26.870000	-154.664993	20.481300	-2.103542	251.097921	1103.584917
-111.360000	26.870000	-154.664993	20.731300	-2.074225	251.369388	1101.170616
-111.360000	26.870000	-154.664993	20.981300	-1.287431	251.642518	1098.866340
-111.360000	26.870000	-154.664993	21.231300	-1.360459	251.917543	1096.637247
-111.360000	26.870000	-154.664993	21.481300	-0.441639	252.194263	1094.373905
-111.360000	26.870000	-154.664993	21.731300	0.801210	252.472908	1092.559157
-111.360000	26.870000	-154.664993	21.981300	0.741183	252.753281	1090.794299
-111.360000	26.870000	-154.664993	22.231300	0.458857	253.035606	1089.029440
-111.360000	26.870000	-154.664993	22.481300	0.174770	253.319693	1087.264582
-111.360000	26.870000	-154.664993	22.731300	-0.111297	253.605760	1085.499723
-111.360000	26.870000	-154.664993	22.981300	-0.399159	253.893623	1083.734865
-111.360000	26.870000	-154.664993	23.231300	-0.350146	254.183493	1081.970006
-111.360000	26.870000	-154.664993	23.481300	0.462412	254.475192	1080.257965
-111.360000	26.870000	-154.664993	23.731300	0.992760	254.768927	1078.689476
-111.360000	26.870000	-154.664993	23.981300	0.697163	255.064524	1077.120988
-111.360000	26.870000	-154.664993	24.231300	0.399504	255.362183	1075.552499
-111.360000	26.870000	-154.414993	15.231300	-0.490407	245.737524	1147.672154
-111.360000	26.870000	-154.414993	15.481300	-0.484335	245.977159	1145.084919
-111.360000	26.870000	-154.414993	15.731300	-0.725417	246.218240	1142.497684
-111.360000	26.870000	-154.414993	15.981300	-0.968028	246.460851	1139.910449
-111.360000	26.870000	-154.414993	16.231300	-1.212109	246.704933	1137.323214
-111.360000	26.870000	-154.414993	16.481300	-1.457754	246.950578	1134.735979
-111.360000	26.870000	-154.414993	16.731300	-1.704895	247.197719	1132.148744
-111.360000	26.870000	-154.414993	16.981300	0.033084	247.446456	1129.561509
-111.360000	26.870000	-154.414993	17.231300	2.848664	247.696714	1127.387985
-111.360000	26.870000	-154.414993	17.481300	3.213516	247.948602	1125.358000
-111.360000	26.870000	-154.414993	17.731300	2.307367	248.202037	1123.328015
-111.360000	26.870000	-154.414993	17.981300	1.141921	248.457137	1121.076909
-111.360000	26.870000	-154.414993	18.231300	0.532233	248.713808	1118.700633
-111.360000	26.870000	-154.414993	18.481300	0.273862	248.972179	1116.324357
-111.360000	26.870000	-154.414993	18.731300	0.013894	249.232147	1113.948082
-111.360000	26.870000	-154.414993	18.981300	-0.247809	249.493850	1111.571806
-111.360000	26.870000	-154.414993	19.231300	-0.511135	249.757176	1109.195530
-111.360000	26.870000	-154.414993	19.481300	-0.776230	250.022271	1106.819255
-111.360000	26.870000	-154.414993	19.731300	-1.042974	250.289015	1104.442979
-111.360000	26.870000	-154.414993	19.981300	-1.311524	250.557565	1102.066704
-111.360000	26.870000	-154.414993	20.231300	-1.581748	250.827789	1099.690428
-111.360000	26.870000	-154.414993	20.481300	-1.865296	251.099854	1097.314152
-111.360000	26.870000	-154.414993	20.731300	-2.255533	251.373619	1094.937877
-111.360000	26.870000	-154.414993	20.981300	-2.039479	251.649261	1092.550860
-111.360000	26.870000	-154.414993	21.231300	-0.541075	251.926629	1090.273984
-111.360000	26.870000	-154.414993	21.481300	0.734137	252.205911	1088.368067
-111.360000	26.870000	-154.414993	21.731300	1.007520	252.486943	1086.603208
-111.360000	26.870000	-154.414993	21.981300	0.724538	252.769925	1084.838350
-111.360000	26.870000	-154.414993	22.231300	0.439779	253.054684	1083.073491
-111.360000	26.870000	-154.414993	22.481300	0.153035	253.341429	1081.308633
-111.360000	26.870000	-154.414993	22.731300	-0.135512	253.629975	1079.543774
-111.360000	26.870000	-154.414993	22.981300	-0.426080	253.920543	1077.778916
-111.360000	26.870000	-154.414993	23.231300	-0.718475	254.212939	1076.014057
-111.360000	26.870000	-154.414993	23.481300	-0.838603	254.507392	1074.249199
-111.360000	26.870000	-154.414993	23.731300	-0.027123	254.803697	1072.508254
-111.360000	26.870000	-154.414993	23.981300	0.654075	255.102096	1070.939765
-111.360000	26.870000	-154.414993	24.231300	0.359316	255.402371	1069.371277
-111.360000	26.870000	-154.414993	24.481300	1.429200	255.704776	1067.802788
-111.360000	26.870000	-154.164993	15.231300	-0.104410	245.693412	1141.996869
-111.360000	26.870000	-154.164993	15.481300	-0.373590	245.934910	1139.409634
-111.360000	26.870000	-154.164993	15.731300	-0.644458	246.178036	1136.822399
-111.360000	26.870000	-154.164993	15.981300	-0.916772	246.422551	1134.235164
-111.360000	26.870000	-154.164993	16.231300	-1.175899	246.668722	1131.647929
-111.360000	26.870000	-154.164993	16.481300	-1.423488	246.916312	1129.060694
-111.360000	26.870000	-154.164993	16.731300	-1.672764	247.165587	1126.473459
-111.360000	26.870000	-154.164993	16.981300	-1.340511	247.416311	1123.886224
-111.360000	26.870000	-154.164993	17.231300	1.490676	247.668750	1121.437842
-111.360000	26.870000	-154.164993	17.481300	2.656727	247.922668	1119.407857
-111.360000	26.870000	-154.164993	17.731300	1.486115	248.178329	1117.182420
-111.360000	26.870000	-154.164993	17.981300	0.798358	248.435501	1114.806144
-111.360000	26.870000	-154.164993	18.231300	0.523840	248.694445	1112.429868
-111.360000	26.870000	-154.164993	18.481300	0.247758	248.954932	1110.053593
-111.360000	26.870000	-154.164993	18.731300	-0.030148	249.217220	1107.677317
-111.360000	26.870000	-154.164993	18.981300	-0.309651	249.481083	1105.301042
-111.360000	26.870000	-154.164993	19.231300	-0.591007	249.746776	1102.924766
-111.360000	26.870000	-154.164993	19.481300	-0.873992	250.014077	1100.548490
-111.360000	26.870000	-154.164993	19.731300	-1.158859	250.283236	1098.172215
-111.360000	26.870000	-154.164993	19.981300	-1.445389	250.554035	1095.795939
-111.360000	26.870000	-154.164993	20.231300	-1.703354	250.826722	1093.419663
-111.360000	26.870000	-154.164993	20.481300	-1.952150	251.101082	1091.050969
-111.360000	26.870000	-154.164993	20.731300	-2.233358	251.377359	1088.684962
-111.360000	26.870000	-154.164993	20.981300	-1.594728	251.655341	1086.318955
-111.360000	26.870000	-154.164993	21.231300	-0.178264	251.935269	1084.218686
-111.360000	26.870000	-154.164993	21.481300	0.896560	252.216937	1082.412118
-111.360000	26.870000	-154.164993	21.731300	0.870169	252.500579	1080.647259
-111.360000	26.870000	-154.164993	21.981300	0.655246	252.785993	1078.882401
-111.360000	26.870000	-154.164993	22.231300	0.421054	253.073410	1077.117542
-111.360000	26.870000	-154.164993	22.481300	0.131830	253.362633	1075.352684
-111.360000	26.870000	-154.164993	22.731300	-0.159423	253.653886	1073.587825
-111.360000	26.870000	-154.164993	22.981300	-0.452516	253.946979	1071.822967
-111.360000	26.870000	-154.164993	23.231300	-0.747667	254.242130	1070.058108
-111.360000	26.870000	-154.164993	23.481300	-1.044691	254.539155	1068.293250
-111.360000	26.870000	-154.164993	23.731300	-1.312526	254.838264	1066.528391
-111.360000	26.870000	-154.164993	23.981300	-0.524256	255.139280	1064.763533
-111.360000	26.870000	-154.164993	24.231300	0.259954	255.442408	1063.190054
-111.360000	26.870000	-154.164993	24.481300	0.014210	255.747477	1061.621566
-111.360000	26.870000	-153.914993	15.231300	0.760414	245.648079	1136.270916
-111.360000	26.870000	-153.914993	15.481300	0.490775	245.891611	1133.698303
-111.360000	26.870000	-153.914993	15.731300	0.219593	246.136633	1131.125689
-111.360000	26.870000	-153.914993	15.981300	-0.085222	246.383227	1128.553076
-111.360000	26.870000	-153.914993	16.231300	-0.419489	246.631335	1125.972644
-111.360000	26.870000	-153.914993	16.481300	-0.723463	246.881049	1123.385409
-111.360000	26.870000	-153.914993	16.731300	-1.001199	247.132304	1120.798174
-111.360000	26.870000	-153.914993	16.981300	-1.280631	247.385199	1118.210939
-111.360000	26.870000	-153.914993	17.231300	-0.279543	247.639659	1115.623704
-111.360000	26.870000	-153.914993	17.481300	1.142762	247.895795	1113.287931
-111.360000	26.870000	-153.914993	17.731300	0.970994	248.153522	1110.911655
-111.360000	26.870000	-153.914993	17.981300	0.737124	248.412959	1108.543423
-111.360000	26.870000	-153.914993	18.231300	0.469280	248.674013	1106.177415
-111.360000	26.870000	-153.914993	18.481300	0.190709	248.936812	1103.811408
-111.360000	26.870000	-153.914993	18.731300	-0.089528	249.201255	1101.445401
-111.360000	26.870000	-153.914993	18.981300	-0.371568	249.467478	1099.079394
-111.360000	26.870000	-153.914993	19.231300	-0.655301	249.735370	1096.713386
-111.360000	26.870000	-153.914993	19.481300	-0.940872	250.005079	1094.347379
-111.360000	26.870000	-153.914993	19.731300	-1.228162	250.276484	1091.981372
-111.360000	26.870000	-153.914993	19.981300	-1.517328	250.549740	1089.615365
-111.360000	26.870000	-153.914993	20.231300	-1.808238	250.824718	1087.249357
-111.360000	26.870000	-153.914993	20.481300	-2.089277	251.101585	1084.883350
-111.360000	26.870000	-153.914993	20.731300	-2.010634	251.380199	1082.517343
-111.360000	26.870000	-153.914993	20.981300	-0.688761	251.660737	1080.239359
-111.360000	26.870000	-153.914993	21.231300	0.645265	251.943049	1078.421256
-111.360000	26.870000	-153.914993	21.481300	0.377251	252.227322	1076.603153
-111.360000	26.870000	-153.914993	21.731300	0.165855	252.513394	1074.785050
-111.360000	26.870000	-153.914993	21.981300	0.008747	252.801464	1072.966946
-111.360000	26.870000	-153.914993	22.231300	0.029205	253.091357	1071.161593
-111.360000	26.870000	-153.914993	22.481300	-0.010922	253.383286	1069.396735
-111.360000	26.870000	-153.914993	22.731300	-0.234221	253.677063	1067.631876
-111.360000	26.870000	-153.914993	22.981300	-0.478448	253.972911	1065.867018
-111.360000	26.870000	-153.914993	23.231300	-0.776169	254.270633	1064.102159
-111.360000	26.870000	-153.914993	23.481300	-1.075999	254.570462	1062.337301
-111.360000	26.870000	-153.914993	23.731300	-1.377726	254.872189	1060.572442
-111.360000	26.870000	-153.914993	23.981300	-1.681597	255.176060	1058.807584
-111.360000	26.870000	-153.914993	24.231300	-1.028897	255.481852	1057.042725
-111.360000	26.870000	-153.914993	24.481300	-0.246001	255.789824	1055.440343
-111.360000	26.870000	-153.914993	24.731300	0.259797	256.099741	1053.871855
-111.360000	26.870000	-153.664993	15.731300	0.888886	246.094336	1125.069922
-111.360000	26.870000	-153.664993	15.981300	0.640363	246.342859	1122.497309
-111.360000	26.870000	-153.664993	16.231300	0.376818	246.593086	1119.924695
-111.360000	26.870000	-153.664993	16.481300	0.100186	246.844773	1117.352082
-111.360000	26.870000	-153.664993	16.731300	-0.178230	247.098193	1114.779468
-111.360000	26.870000	-153.664993	16.981300	-0.458188	247.353104	1112.206855
-111.360000	26.870000	-153.664993	17.231300	-0.553892	247.609777	1109.634241
-111.360000	26.870000	-153.664993	17.481300	0.412695	247.867972	1107.107818
-111.360000	26.870000	-153.664993	17.731300	0.887805	248.127959	1104.741811
-111.360000	26.870000	-153.664993	17.981300	0.622807	248.389500	1102.375803
-111.360000	26.870000	-153.664993	18.231300	0.359445	248.652862	1100.009796
-111.360000	26.870000	-153.664993	18.481300	0.094496	248.917811	1097.643789
-111.360000	26.870000	-153.664993	18.731300	-0.172303	249.184610	1095.277782
-111.360000	26.870000	-153.664993	18.981300	-0.440721	249.453029	1092.911774
-111.360000	26.870000	-153.664993	19.231300	-0.711019	249.723327	1090.545767
-111.360000	26.870000	-153.664993	19.481300	-0.982969	249.995277	1088.179760
-111.360000	26.870000	-153.664993	19.731300	-1.256828	250.269136	1085.813753
-111.360000	26.870000	-153.664993	19.981300	-1.532372	250.544680	1083.447745
-111.360000	26.870000	-153.664993	20.231300	-1.809855	250.822162	1081.081738
-111.360000	26.870000	-153.664993	20.481300	-2.089056	251.101363	1078.715731
-111.360000	26.870000	-153.664993	20.731300	-0.903622	251.382531	1076.349724
-111.360000	26.870000	-153.664993	20.981300	0.520235	251.665452	1074.441929
-111.360000	26.870000	-153.664993	21.231300	0.637946	251.950368	1072.623826
-111.360000	26.870000	-153.664993	21.481300	0.351244	252.237070	1070.805723
-111.360000	26.870000	-153.664993	21.731300	0.062518	252.525796	1068.987619
-111.360000	26.870000	-153.664993	21.981300	-0.228028	252.816342	1067.169516
-111.360000	26.870000	-153.664993	22.231300	-0.502656	253.108941	1065.351413
-111.360000	26.870000	-153.664993	22.481300	-0.722446	253.403393	1063.533310
-111.360000	26.870000	-153.664993	22.731300	-0.882611	253.699926	1061.715207
-111.360000	26.870000	-153.664993	22.981300	-0.870719	253.998345	1059.911069
-111.360000	26.870000	-153.664993	23.231300	-0.924894	254.298873	1058.146210
-111.360000	26.870000	-153.664993	23.481300	-1.156877	254.601321	1056.381352
-111.360000	26.870000	-153.664993	23.731300	-1.411442	254.905905	1054.616493
-111.360000	26.870000	-153.664993	23.981300	-1.717979	255.212442	1052.851635
-111.360000	26.870000	-153.664993	24.231300	-2.026677	255.521141	1051.086776
-111.360000	26.870000	-153.664993	24.481300	-1.541459	255.831826	1049.321918
-111.360000	26.870000	-153.664993	24.731300	-0.759935	256.144699	1047.690632
-111.360000	26.870000	-153.414993	15.981300	0.681783	246.301439	1116.441542
-111.360000	26.870000	-153.414993	16.231300	0.429592	246.553630	1113.868928
-111.360000	26.870000	-153.414993	16.481300	0.175751	246.807472	1111.296315
-111.360000	26.870000	-153.414993	16.731300	-0.079677	247.062899	1108.723701
-111.360000	26.870000	-153.414993	16.981300	-0.336790	247.320012	1106.151088
-111.360000	26.870000	-153.414993	17.231300	-0.595515	247.578738	1103.578474
-111.360000	26.870000	-153.414993	17.481300	-0.211908	247.839184	1101.005861
-111.360000	26.870000	-153.414993	17.731300	0.645647	248.101268	1098.574192
-111.360000	26.870000	-153.414993	17.981300	0.647199	248.365109	1096.208184
-111.360000	26.870000	-153.414993	18.231300	0.381694	248.630614	1093.842177
-111.360000	26.870000	-153.414993	18.481300	0.114396	248.897911	1091.476170
-111.360000	26.870000	-153.414993	18.731300	-0.154592	249.166899	1089.110163
-111.360000	26.870000	-153.414993	18.981300	-0.425408	249.437716	1086.744155
-111.360000	26.870000	-153.414993	19.231300	-0.697942	249.710250	1084.378148
-111.360000	26.870000	-153.414993	19.481300	-0.972340	249.984648	1082.012141
-111.360000	26.870000	-153.414993	19.731300	-1.248482	250.260790	1079.646134
-111.360000	26.870000	-153.414993	19.981300	-1.526525	250.538832	1077.280126
-111.360000	26.870000	-153.414993	20.231300	-1.806337	250.818645	1074.914119
-111.360000	26.870000	-153.414993	20.481300	-1.097365	251.100395	1072.548112
-111.360000	26.870000	-153.414993	20.731300	0.142449	251.383941	1070.462602
-111.360000	26.870000	-153.414993	20.981300	0.918852	251.669462	1068.644499
-111.360000	26.870000	-153.414993	21.231300	0.631510	251.956803	1066.826395
-111.360000	26.870000	-153.414993	21.481300	0.342157	252.246157	1065.008292
-111.360000	26.870000	-153.414993	21.731300	0.050957	252.537357	1063.190189
-111.360000	26.870000	-153.414993	21.981300	-0.242293	252.830606	1061.372086
-111.360000	26.870000	-153.414993	22.231300	-0.537413	253.125727	1059.553983
-111.360000	26.870000	-153.414993	22.481300	-0.834620	253.422934	1057.735879
-111.360000	26.870000	-153.414993	22.731300	-1.133723	253.722036	1055.917776
-111.360000	26.870000	-153.414993	22.981300	-1.415266	254.023262	1054.099673
-111.360000	26.870000	-153.414993	23.231300	-1.643764	254.326408	1052.281570
-111.360000	26.870000	-153.414993	23.481300	-1.807295	254.631714	1050.463467
-111.360000	26.870000	-153.414993	23.731300	-1.804275	254.938964	1048.660545
-111.360000	26.870000	-153.414993	23.981300	-1.872815	255.248409	1046.895686
-111.360000	26.870000	-153.414993	24.231300	-2.113776	255.559822	1045.130828
-111.360000	26.870000	-153.414993	24.481300	-2.379004	255.873467	1043.365969
-111.360000	26.870000	-153.414993	24.731300	-2.061843	256.189102	1041.601111
-111.360000	26.870000	-153.414993	24.981300	-1.281818	256.507004	1039.940921
-111.360000	26.870000	-153.164993	16.231300	0.469937	246.513285	1107.813162
-111.360000	26.870000	-153.164993	16.481300	0.214095	246.769127	1105.240548
-111.360000	26.870000	-153.164993	16.731300	-0.043529	247.026752	1102.667934
-111.360000	26.870000	-153.164993	16.981300	-0.302687	247.285910	1100.095321
-111.360000	26.870000	-153.164993	17.231300	-0.563658	247.546881	1097.522707
-111.360000	26.870000	-153.164993	17.481300	-0.709509	247.809418	1094.950094
-111.360000	26.870000	-153.164993	17.731300	0.090386	248.073797	1092.406572
-111.360000	26.870000	-153.164993	17.981300	0.672533	248.339774	1090.040565
-111.360000	26.870000	-153.164993	18.231300	0.404684	248.607624	1087.674558
-111.360000	26.870000	-153.164993	18.481300	0.135203	248.877105	1085.308551
-111.360000	26.870000	-153.164993	18.731300	-0.136180	249.148487	1082.942543
-111.360000	26.870000	-153.164993	18.981300	-0.409227	249.421535	1080.576536
-111.360000	26.870000	-153.164993	19.231300	-0.684206	249.696513	1078.210529
-111.360000	26.870000	-153.164993	19.481300	-0.960882	249.973190	1075.844522
-111.360000	26.870000	-153.164993	19.731300	-1.239520	250.251828	1073.478514
-111.360000	26.870000	-153.164993	19.981300	-1.519889	250.532197	1071.112507
-111.360000	26.870000	-153.164993	20.231300	-1.384927	250.814557	1068.746500
-111.360000	26.870000	-153.164993	20.481300	-0.084958	251.098682	1066.483275
-111.360000	26.870000	-153.164993	20.731300	1.203487	251.384826	1064.665172
-111.360000	26.870000	-153.164993	20.981300	0.915544	251.672770	1062.847068
-111.360000	26.870000	-153.164993	21.231300	0.625551	251.962763	1061.028965
-111.360000	26.870000	-153.164993	21.481300	0.333725	252.254588	1059.210862
-111.360000	26.870000	-153.164993	21.731300	0.039822	252.548491	1057.392759
-111.360000	26.870000	-153.164993	21.981300	-0.255947	252.844261	1055.574656
-111.360000	26.870000	-153.164993	22.231300	-0.553823	253.142137	1053.756552
-111.360000	26.870000	-153.164993	22.481300	-0.853599	253.441913	1051.938449
-111.360000	26.870000	-153.164993	22.731300	-1.155509	253.743823	1050.120346
-111.360000	26.870000	-153.164993	22.981300	-1.459354	254.047668	1048.302243
-111.360000	26.870000	-153.164993	23.231300	-1.765359	254.353673	1046.484140
-111.360000	26.870000	-153.164993	23.481300	-2.073332	254.661646	1044.666036
-111.360000	26.870000	-153.164993	23.731300	-2.362099	254.971807	1042.847933
-111.360000	26.870000	-153.164993	23.981300	-2.599628	255.283969	1041.029830
-111.360000	26.870000	-153.164993	24.231300	-2.766822	255.598344	1039.211727
-111.360000	26.870000	-153.164993	24.481300	-2.773003	255.914754	1037.410020
-111.360000	26.870000	-153.164993	24.731300	-2.856193	256.233402	1035.645162
-111.360000	26.870000	-153.164993	24.981300	-2.635717	256.554117	1033.880303
-111.360000	26.870000	-152.914993	16.731300	-0.006166	246.989389	1096.612168
-111.360000	26.870000	-152.914993	16.981300	-0.267560	247.250782	1094.039554
-111.360000	26.870000	-152.914993	17.231300	-0.530613	247.513836	1091.466940
-111.360000	26.870000	-152.914993	17.481300	-0.795435	247.778657	1088.894327
-111.360000	26.870000	-152.914993	17.731300	-0.515226	248.045166	1086.321713
-111.360000	26.870000	-152.914993	17.981300	0.364485	248.313479	1083.872946
-111.360000	26.870000	-152.914993	18.231300	0.428802	248.583505	1081.506939
-111.360000	26.870000	-152.914993	18.481300	0.156935	248.855372	1079.140931
-111.360000	26.870000	-152.914993	18.731300	-0.116672	249.128979	1076.774924
-111.360000	26.870000	-152.914993	18.981300	-0.392157	249.404464	1074.408917
-111.360000	26.870000	-152.914993	19.231300	-0.669408	249.681715	1072.042910
-111.360000	26.870000	-152.914993	19.481300	-0.948574	249.960881	1069.676902
-111.360000	26.870000	-152.914993	19.731300	-1.229533	250.241840	1067.310895
-111.360000	26.870000	-152.914993	19.981300	-1.512443	250.524751	1064.944888
-111.360000	26.870000	-152.914993	20.231300	-0.290290	250.809481	1062.578881
-111.360000	26.870000	-152.914993	20.481300	1.155614	251.096200	1060.685844
-111.360000	26.870000	-152.914993	20.731300	1.203550	251.384763	1058.867741
-111.360000	26.870000	-152.914993	20.981300	0.912960	251.675354	1057.049638
-111.360000	26.870000	-152.914993	21.231300	0.620499	251.967815	1055.231535
-111.360000	26.870000	-152.914993	21.481300	0.325973	252.262341	1053.413432
-111.360000	26.870000	-152.914993	21.731300	0.029552	252.558762	1051.595328
-111.360000	26.870000	-152.914993	21.981300	-0.268971	252.857284	1049.777225
-111.360000	26.870000	-152.914993	22.231300	-0.569414	253.157728	1047.959122
-111.360000	26.870000	-152.914993	22.481300	-0.871996	253.460310	1046.141019
-111.360000	26.870000	-152.914993	22.731300	-1.176524	253.764838	1044.322916
-111.360000	26.870000	-152.914993	22.981300	-1.483227	254.071541	1042.504812
-111.360000	26.870000	-152.914993	23.231300	-1.791900	254.380214	1040.686709
-111.360000	26.870000	-152.914993	23.481300	-2.102785	254.691099	1038.868606
-111.360000	26.870000	-152.914993	23.731300	-2.415663	255.003976	1037.050503
-111.360000	26.870000	-152.914993	23.981300	-2.730789	255.319103	1035.232400
-111.360000	26.870000	-152.914993	24.231300	-3.047931	255.636245	1033.414296
-111.360000	26.870000	-152.914993	24.481300	-3.344253	255.955671	1031.596193
-111.360000	26.870000	-152.914993	24.731300	-3.591097	256.277135	1029.778090
-111.360000	26.870000	-152.914993	24.981300	-3.762294	256.600918	1027.959987
-111.360000	26.870000	-152.664993	16.981300	-0.231390	247.214613	1087.983787
-111.360000	26.870000	-152.664993	17.231300	-0.496723	247.479946	1085.411174
-111.360000	26.870000	-152.664993	17.481300	-0.763668	247.746890	1082.838560
-111.360000	26.870000	-152.664993	17.731300	-0.984425	248.015729	1080.265946
-111.360000	26.870000	-152.664993	17.981300	-0.218600	248.286212	1077.705327
-111.360000	26.870000	-152.664993	18.231300	0.453687	248.558620	1075.339320
-111.360000	26.870000	-152.664993	18.481300	0.179601	248.832706	1072.973312
-111.360000	26.870000	-152.664993	18.731300	-0.096439	249.108747	1070.607305
-111.360000	26.870000	-152.664993	18.981300	-0.374192	249.386499	1068.241298
-111.360000	26.870000	-152.664993	19.231300	-0.653929	249.666236	1065.875291
-111.360000	26.870000	-152.664993	19.481300	-0.935411	249.947719	1063.509283
-111.360000	26.870000	-152.664993	19.731300	-1.218909	250.231216	1061.143276
-111.360000	26.870000	-152.664993	19.981300	-0.474577	250.516493	1058.777269
-111.360000	26.870000	-152.664993	20.231300	0.765994	250.803815	1056.706517
-111.360000	26.870000	-152.664993	20.481300	1.495364	251.092950	1054.888414
-111.360000	26.870000	-152.664993	20.731300	1.204155	251.384159	1053.070311
-111.360000	26.870000	-152.664993	20.981300	0.911098	251.677215	1051.252208
-111.360000	26.870000	-152.664993	21.231300	0.615938	251.972375	1049.434104
-111.360000	26.870000	-152.664993	21.481300	0.318897	252.269417	1047.616001
-111.360000	26.870000	-152.664993	21.731300	0.019723	252.568591	1045.797898
-111.360000	26.870000	-152.664993	21.981300	-0.281367	252.869681	1043.979795
-111.360000	26.870000	-152.664993	22.231300	-0.584617	253.172930	1042.161692
-111.360000	26.870000	-152.664993	22.481300	-0.889816	253.478130	1040.343589
-111.360000	26.870000	-152.664993	22.731300	-1.197204	253.785518	1038.525485
-111.360000	26.870000	-152.664993	22.981300	-1.506575	254.094889	1036.707382
-111.360000	26.870000	-152.664993	23.231300	-1.818161	254.406475	1034.889279
-111.360000	26.870000	-152.664993	23.481300	-2.131765	254.720079	1033.071176
-111.360000	26.870000	-152.664993	23.731300	-2.447609	255.035923	1031.253073
-111.360000	26.870000	-152.664993	23.981300	-2.765505	255.353819	1029.434969
-111.360000	26.870000	-152.664993	24.231300	-3.085666	255.673980	1027.616866
-111.360000	26.870000	-152.414993	17.231300	-0.461613	247.444835	1079.355407
-111.360000	26.870000	-152.414993	17.481300	-0.730877	247.714100	1076.782793
-111.360000	26.870000	-152.414993	17.731300	-1.001879	247.985101	1074.210180
-111.360000	26.870000	-152.414993	17.981300	-0.825490	248.257956	1071.637566
-111.360000	26.870000	-152.414993	18.231300	0.068446	248.532576	1069.171700
-111.360000	26.870000	-152.414993	18.481300	0.203221	248.809086	1066.805693
-111.360000	26.870000	-152.414993	18.731300	-0.075080	249.087388	1064.439686
-111.360000	26.870000	-152.414993	18.981300	-0.355311	249.367618	1062.073679
-111.360000	26.870000	-152.414993	19.231300	-0.637358	249.649666	1059.707671
-111.360000	26.870000	-152.414993	19.481300	-0.921372	249.933680	1057.341664
-111.360000	26.870000	-152.414993	19.731300	-0.729796	250.219538	1054.975657
-111.360000	26.870000	-152.414993	19.981300	0.548195	250.507401	1052.727190
-111.360000	26.870000	-152.414993	20.231300	1.791180	250.797133	1050.909087
-111.360000	26.870000	-152.414993	20.481300	1.499406	251.088908	1049.090984
-111.360000	26.870000	-152.414993	20.731300	1.205734	251.382579	1047.272881
-111.360000	26.870000	-152.414993	20.981300	0.909983	251.678331	1045.454777
-111.360000	26.870000	-152.414993	21.231300	0.612310	251.976004	1043.636674
-111.360000	26.870000	-152.414993	21.481300	0.312519	252.275795	1041.818571
-111.360000	26.870000	-152.414993	21.731300	0.010781	252.577533	1040.000468
-111.360000	26.870000	-152.414993	21.981300	-0.293113	252.881426	1038.182365
-111.360000	26.870000	-152.414993	22.231300	-0.598978	253.187292	1036.364261
-111.360000	26.870000	-152.414993	22.481300	-0.907037	253.495351	1034.546158
-111.360000	26.870000	-152.414993	22.731300	-1.217091	253.805405	1032.728055
-111.360000	26.870000	-152.414993	22.981300	-1.529376	254.117690	1030.909952
-111.360000	26.870000	-152.414993	23.231300	-1.843681	254.431995	1029.091849
-111.360000	26.870000	-152.164993	17.731300	-0.970417	247.953639	1068.154413
-111.360000	26.870000	-152.164993	17.981300	-1.245477	248.228700	1065.581799
-111.360000	26.870000	-152.164993	18.231300	-0.534835	248.505739	1063.009186
-111.360000	26.870000	-152.164993	18.481300	0.207138	248.784504	1060.638074
-111.360000	26.870000	-152.164993	18.731300	-0.052972	249.065280	1058.272067
-111.360000	26.870000	-152.164993	18.981300	-0.335508	249.347815	1055.906059
-111.360000	26.870000	-152.164993	19.231300	-0.620084	249.632391	1053.540052
-111.360000	26.870000	-152.164993	19.481300	-0.906454	249.918761	1051.174045
-111.360000	26.870000	-152.164993	19.731300	0.352389	250.207202	1048.808038
-111.360000	26.870000	-152.164993	19.981300	1.820518	250.497472	1046.929760
-111.360000	26.870000	-152.164993	20.231300	1.798472	250.789842	1045.111657
-111.360000	26.870000	-152.164993	20.481300	1.504238	251.084076	1043.293553
-111.360000	26.870000	-152.164993	20.731300	1.207874	251.380440	1041.475450
-111.360000	26.870000	-152.164993	20.981300	0.909612	251.678701	1039.657347
-111.360000	26.870000	-152.164993	21.231300	0.609191	251.979123	1037.839244
-111.360000	26.870000	-152.164993	21.481300	0.306837	252.281477	1036.021141
-111.360000	26.870000	-152.164993	21.731300	0.002295	252.586018	1034.203037
-111.360000	26.870000	-152.164993	21.981300	-0.304213	252.892527	1032.384934
-111.360000	26.870000	-152.164993	22.231300	-0.612938	253.201252	1030.566831
-111.360000	26.870000	-152.164993	22.481300	-0.923664	253.511977	1028.748728
-111.360000	26.870000	-151.914993	17.981300	-1.215200	248.198423	1059.526032
-111.360000	26.870000	-151.914993	18.231300	-1.134266	248.477710	1056.953419
-111.360000	26.870000	-151.914993	18.481300	-0.253854	248.758940	1054.470455
-111.360000	26.870000	-151.914993	18.731300	-0.029706	249.042013	1052.104448
-111.360000	26.870000	-151.914993	18.981300	-0.314761	249.327068	1049.738440
-111.360000	26.870000	-151.914993	19.231300	-0.601686	249.613994	1047.372433
-111.360000	26.870000	-151.914993	19.481300	0.177976	249.902939	1045.006426
-111.360000	26.870000	-151.914993	19.731300	1.419577	250.193782	1042.950433
-111.360000	26.870000	-151.914993	19.981300	2.101632	250.486682	1041.132330
-111.360000	26.870000	-151.914993	20.231300	1.806807	250.781507	1039.314226
-111.360000	26.870000	-151.914993	20.481300	1.509886	251.078427	1037.496123
-111.360000	26.870000	-151.914993	20.731300	1.211016	251.377298	1035.678020
-111.360000	26.870000	-151.914993	20.981300	0.910010	251.678303	1033.859917
-111.360000	26.870000	-151.914993	21.231300	0.607030	251.981284	1032.041814
-111.360000	26.870000	-151.914993	21.481300	0.301876	252.286438	1030.223710
-111.360000	26.870000	-151.664993	18.231300	-1.465639	248.448861	1050.897652
-111.360000	26.870000	-151.664993	18.481300	-0.858326	248.732383	1048.325038
-111.360000	26.870000	-151.664993	18.731300	-0.095509	249.017972	1045.936828
-111.360000	26.870000	-151.664993	18.981300	-0.293063	249.305371	1043.570821
-111.360000	26.870000	-151.664993	19.231300	-0.044966	249.594868	1041.204814
-111.360000	26.870000	-151.664993	19.481300	1.211383	249.886209	1038.971106
-111.360000	26.870000	-151.664993	19.731300	2.408634	250.179680	1037.153002
-111.360000	26.870000	-151.664993	19.981300	2.113284	250.475030	1035.334899
-111.360000	26.870000	-151.664993	20.231300	1.815774	250.772540	1033.516796
-111.360000	26.870000	-151.664993	20.481300	1.516350	251.071963	1031.698693
-111.360000	26.870000	-151.414993	18.731300	-0.583728	248.992738	1039.769209
-111.360000	26.870000	-151.414993	18.981300	-0.270392	249.282700	1037.403202
-111.360000	26.870000	-151.414993	19.231300	1.025524	249.574587	1035.037195
-111.360000	26.870000	-151.414993	19.481300	2.515666	249.868549	1033.173675
-111.360000	26.870000	-151.414993	19.731300	2.423851	250.164463	1031.355572
