167.630000	-15.760000	-158.482498	15.659600	2.466806	47.276644	1252.743217
167.630000	-15.760000	-158.482498	15.909600	1.160571	47.060424	1257.064990
167.630000	-15.760000	-158.482498	16.159600	0.204364	46.845258	1261.634341
167.630000	-15.760000	-158.482498	16.409600	0.418641	46.630980	1266.203693
167.630000	-15.760000	-158.482498	16.659600	0.631886	46.417735	1270.773045
167.630000	-15.760000	-158.482498	16.909600	0.844256	46.205365	1275.342397
167.630000	-15.760000	-158.482498	17.159600	1.055614	45.994008	1279.911748
167.630000	-15.760000	-158.482498	17.409600	1.266110	45.783511	1284.481100
167.630000	-15.760000	-158.482498	17.659600	1.334305	45.574007	1289.050452
167.630000	-15.760000	-158.482498	17.909600	1.498530	45.365351	1293.619804
167.630000	-15.760000	-158.482498	18.159600	1.718351	45.157666	1298.146339
167.630000	-15.760000	-158.482498	18.409600	2.403265	44.950815	1302.654822
167.630000	-15.760000	-158.482498	18.659600	2.379399	44.744917	1306.902526
167.630000	-15.760000	-158.482498	18.909600	1.737788	44.539840	1311.215209
167.630000	-15.760000	-158.482498	19.159600	1.296486	44.335695	1315.527892
167.630000	-15.760000	-158.482498	19.409600	0.237027	44.132357	1319.840575
167.630000	-15.760000	-158.482498	19.659600	-0.881890	43.929933	1324.336484
167.630000	-15.760000	-158.482498	19.909600	-1.427029	43.728304	1328.850208
167.630000	-15.760000	-158.482498	20.159600	-1.932081	43.527568	1333.363931
167.630000	-15.760000	-158.482498	20.409600	-1.883013	43.327615	1337.877655
167.630000	-15.760000	-158.482498	20.659600	-1.020795	43.128536	1342.391379
167.630000	-15.760000	-158.482498	20.909600	-0.648435	42.930227	1347.239492
167.630000	-15.760000	-158.482498	21.159600	0.531478	42.732774	1352.324780
167.630000	-15.760000	-158.482498	21.409600	1.259781	42.536078	1357.254442
167.630000	-15.760000	-158.232498	15.409600	2.153622	47.715851	1253.541033
167.630000	-15.760000	-158.232498	15.659600	2.370262	47.499211	1257.824497
167.630000	-15.760000	-158.232498	15.909600	1.983479	47.283488	1262.107961
167.630000	-15.760000	-158.232498	16.159600	0.465821	47.068771	1266.542887
167.630000	-15.760000	-158.232498	16.409600	0.194666	46.854955	1271.112239
167.630000	-15.760000	-158.232498	16.659600	0.407494	46.642127	1275.681591
167.630000	-15.760000	-158.232498	16.909600	0.619437	46.430185	1280.250942
167.630000	-15.760000	-158.232498	17.159600	0.672699	46.219212	1284.820294
167.630000	-15.760000	-158.232498	17.409600	0.855882	46.009109	1289.389646
167.630000	-15.760000	-158.232498	17.659600	1.077183	45.799959	1293.910578
167.630000	-15.760000	-158.232498	17.909600	1.143849	45.591663	1298.419060
167.630000	-15.760000	-158.232498	18.159600	1.549145	45.384302	1302.927543
167.630000	-15.760000	-158.232498	18.409600	2.230267	45.177780	1307.356940
167.630000	-15.760000	-158.232498	18.659600	2.546102	44.972176	1311.515874
167.630000	-15.760000	-158.232498	18.909600	2.161829	44.767395	1315.828557
167.630000	-15.760000	-158.232498	19.159600	2.365708	44.563515	1320.141240
167.630000	-15.760000	-158.232498	19.409600	2.568780	44.360443	1324.453922
167.630000	-15.760000	-158.232498	19.659600	2.197299	44.158257	1328.766605
167.630000	-15.760000	-158.232498	19.909600	1.755084	43.956862	1333.079288
167.630000	-15.760000	-158.232498	20.159600	0.774758	43.756337	1337.391971
167.630000	-15.760000	-158.232498	20.409600	-3.256560	43.556589	1341.863287
167.630000	-15.760000	-158.232498	20.659600	-1.032053	43.357693	1346.867113
167.630000	-15.760000	-158.232498	20.909600	-0.336025	43.159560	1351.952402
167.630000	-15.760000	-158.232498	21.159600	0.382653	42.962264	1357.037691
167.630000	-15.760000	-158.232498	21.409600	1.112894	42.765716	1361.939143
167.630000	-15.760000	-158.232498	21.659600	1.483619	42.569988	1366.781219
167.630000	-15.760000	-158.232498	21.909600	1.678613	42.374994	1371.623295
167.630000	-15.760000	-157.982498	15.159600	1.500081	48.153429	1254.338849
167.630000	-15.760000	-157.982498	15.409600	1.780899	47.936278	1258.622313
167.630000	-15.760000	-157.982498	15.659600	2.060510	47.720168	1262.905777
167.630000	-15.760000	-157.982498	15.909600	2.339087	47.504925	1267.189241
167.630000	-15.760000	-157.982498	16.159600	1.291351	47.290702	1271.472705
167.630000	-15.760000	-157.982498	16.409600	0.038872	47.077333	1276.020785
167.630000	-15.760000	-157.982498	16.659600	0.010535	46.864965	1280.590137
167.630000	-15.760000	-157.982498	16.909600	0.212666	46.653437	1285.159488
167.630000	-15.760000	-157.982498	17.159600	0.435379	46.442891	1289.674817
167.630000	-15.760000	-157.982498	17.409600	0.485610	46.233172	1294.183299
167.630000	-15.760000	-157.982498	17.659600	0.657162	46.024414	1298.691782
167.630000	-15.760000	-157.982498	17.909600	0.865105	45.816471	1303.200265
167.630000	-15.760000	-157.982498	18.159600	1.751448	45.609470	1307.708748
167.630000	-15.760000	-157.982498	18.409600	2.295930	45.403272	1311.997194
167.630000	-15.760000	-157.982498	18.659600	2.493894	45.197996	1316.153597
167.630000	-15.760000	-157.982498	18.909600	2.016597	44.993509	1320.441904
167.630000	-15.760000	-157.982498	19.159600	2.139297	44.789927	1324.754587
167.630000	-15.760000	-157.982498	19.409600	2.342102	44.587121	1329.067270
167.630000	-15.760000	-157.982498	19.659600	2.544022	44.385201	1333.379953
167.630000	-15.760000	-157.982498	19.909600	2.745178	44.184045	1337.692636
167.630000	-15.760000	-157.982498	20.159600	4.107548	43.983756	1342.005319
167.630000	-15.760000	-157.982498	20.409600	-2.973565	43.784219	1345.913168
167.630000	-15.760000	-157.982498	20.659600	-4.418143	43.585532	1351.580024
167.630000	-15.760000	-157.982498	20.909600	-0.564049	43.387584	1356.665313
167.630000	-15.760000	-157.982498	21.159600	0.235355	43.190466	1361.750601
167.630000	-15.760000	-157.982498	21.409600	0.967533	42.994077	1366.623845
167.630000	-15.760000	-157.982498	21.659600	1.255106	42.798501	1371.465921
167.630000	-15.760000	-157.982498	21.909600	1.449967	42.603641	1376.307997
167.630000	-15.760000	-157.982498	22.159600	1.644031	42.409576	1381.150073
167.630000	-15.760000	-157.982498	22.409600	1.837392	42.216215	1385.992149
167.630000	-15.760000	-157.732498	15.159600	0.441695	48.371773	1259.342744
167.630000	-15.760000	-157.732498	15.409600	0.723804	48.155186	1263.648949
167.630000	-15.760000	-157.732498	15.659600	1.004755	47.939586	1267.955155
167.630000	-15.760000	-157.732498	15.909600	1.329420	47.724870	1272.261361
167.630000	-15.760000	-157.732498	16.159600	1.380972	47.511125	1276.553984
167.630000	-15.760000	-157.732498	16.409600	0.319182	47.298248	1280.929331
167.630000	-15.760000	-157.732498	16.659600	-0.206929	47.086326	1285.439056
167.630000	-15.760000	-157.732498	16.909600	-0.173215	46.875257	1289.947538
167.630000	-15.760000	-157.732498	17.159600	0.016452	46.665124	1294.456021
167.630000	-15.760000	-157.732498	17.409600	0.225746	46.455830	1298.964504
167.630000	-15.760000	-157.732498	17.659600	0.434120	46.247456	1303.472987
167.630000	-15.760000	-157.732498	17.909600	0.669935	46.039905	1307.981469
167.630000	-15.760000	-157.732498	18.159600	1.564452	45.833258	1312.481044
167.630000	-15.760000	-157.732498	18.409600	2.520902	45.627419	1316.637448
167.630000	-15.760000	-157.732498	18.659600	2.368205	45.422468	1320.793851
167.630000	-15.760000	-157.732498	18.909600	1.881325	45.218310	1325.055252
167.630000	-15.760000	-157.732498	19.159600	1.914200	45.015024	1329.367935
167.630000	-15.760000	-157.732498	19.409600	2.116708	44.812516	1333.680618
167.630000	-15.760000	-157.732498	19.659600	2.318360	44.610863	1337.993301
167.630000	-15.760000	-157.732498	19.909600	2.743947	44.409975	1342.305984
167.630000	-15.760000	-157.732498	20.159600	4.028457	44.209927	1346.551107
167.630000	-15.760000	-157.732498	20.409600	-1.101419	44.010628	1350.131058
167.630000	-15.760000	-157.732498	20.659600	-11.799446	43.812154	1355.626162
167.630000	-15.760000	-157.732498	20.909600	-3.346499	43.614416	1361.378223
167.630000	-15.760000	-157.732498	21.159600	0.012747	43.417486	1366.463512
167.630000	-15.760000	-157.732498	21.409600	0.823583	43.221278	1371.308546
167.630000	-15.760000	-157.732498	21.659600	1.027744	43.025864	1376.150622
167.630000	-15.760000	-157.732498	21.909600	1.222450	42.831157	1380.992698
167.630000	-15.760000	-157.732498	22.159600	1.416378	42.637229	1385.834774
167.630000	-15.760000	-157.732498	22.409600	1.609611	42.443996	1390.676850
167.630000	-15.760000	-157.732498	22.659600	1.802082	42.251525	1395.518926
167.630000	-15.760000	-157.482498	15.159600	0.374508	48.588512	1264.181395
167.630000	-15.760000	-157.482498	15.409600	-0.040266	48.372464	1268.487601
167.630000	-15.760000	-157.482498	15.659600	0.174775	48.157422	1272.793807
167.630000	-15.760000	-157.482498	15.909600	0.388984	47.943214	1277.100013
167.630000	-15.760000	-157.482498	16.159600	0.494785	47.729993	1281.406218
167.630000	-15.760000	-157.482498	16.409600	0.169763	47.517591	1285.757126
167.630000	-15.760000	-157.482498	16.659600	-0.353185	47.306158	1290.220260
167.630000	-15.760000	-157.482498	16.909600	-0.413957	47.095532	1294.728743
167.630000	-15.760000	-157.482498	17.159600	-0.204280	46.885856	1299.237225
167.630000	-15.760000	-157.482498	17.409600	0.004601	46.676975	1303.745708
167.630000	-15.760000	-157.482498	17.659600	0.212552	46.469024	1308.254191
167.630000	-15.760000	-157.482498	17.909600	0.898751	46.261856	1312.762674
167.630000	-15.760000	-157.482498	18.159600	1.407476	46.055600	1317.121298
167.630000	-15.760000	-157.482498	18.409600	2.298207	45.850114	1321.277702
167.630000	-15.760000	-157.482498	18.659600	2.236417	45.645522	1325.434105
167.630000	-15.760000	-157.482498	18.909600	1.747736	45.441689	1329.668600
167.630000	-15.760000	-157.482498	19.159600	1.690493	45.238731	1333.981282
167.630000	-15.760000	-157.482498	19.409600	1.892704	45.036519	1338.293965
167.630000	-15.760000	-157.482498	19.659600	2.094058	44.835165	1342.606648
167.630000	-15.760000	-157.482498	19.909600	3.477555	44.634546	1346.919331
167.630000	-15.760000	-157.482498	20.159600	4.193998	44.434766	1350.768997
167.630000	-15.760000	-157.482498	20.409600	2.851561	44.235709	1354.348949
167.630000	-15.760000	-157.482498	20.659600	-14.476652	44.037475	1358.611501
167.630000	-15.760000	-157.482498	20.909600	-13.115534	43.839952	1365.845625
167.630000	-15.760000	-157.482498	21.159600	-1.609095	43.643234	1371.151172
167.630000	-15.760000	-157.482498	21.409600	0.606392	43.447215	1375.993248
167.630000	-15.760000	-157.482498	21.659600	0.801622	43.251985	1380.835324
167.630000	-15.760000	-157.482498	21.909600	0.996165	43.057442	1385.677400
167.630000	-15.760000	-157.482498	22.159600	1.189936	42.863671	1390.519476
167.630000	-15.760000	-157.482498	22.409600	1.383031	42.670577	1395.361552
167.630000	-15.760000	-157.482498	22.659600	1.575370	42.478237	1400.203628
167.630000	-15.760000	-157.482498	22.909600	1.767045	42.286563	1405.045704
167.630000	-15.760000	-157.482498	23.159600	1.957981	42.095627	1409.887780
167.630000	-15.760000	-157.232498	15.159600	1.908708	48.803702	1269.106142
167.630000	-15.760000	-157.232498	15.409600	0.199543	48.588245	1273.326252
167.630000	-15.760000	-157.232498	15.659600	-0.041543	48.373741	1277.632458
167.630000	-15.760000	-157.232498	15.909600	0.172109	48.160089	1281.938664
167.630000	-15.760000	-157.232498	16.159600	0.185672	47.947372	1286.244870
167.630000	-15.760000	-157.232498	16.409600	0.078054	47.735492	1290.611542
167.630000	-15.760000	-157.232498	16.659600	-0.120604	47.524532	1295.044119
167.630000	-15.760000	-157.232498	16.909600	-0.378022	47.314395	1299.509947
167.630000	-15.760000	-157.232498	17.159600	-0.423585	47.105161	1304.018430
167.630000	-15.760000	-157.232498	17.409600	-0.215158	46.896734	1308.526913
167.630000	-15.760000	-157.232498	17.659600	-0.007620	46.689196	1313.035395
167.630000	-15.760000	-157.232498	17.909600	0.896800	46.482450	1317.543878
167.630000	-15.760000	-157.232498	18.159600	1.662551	46.276576	1321.761553
167.630000	-15.760000	-157.232498	18.409600	2.076840	46.071481	1325.917956
167.630000	-15.760000	-157.232498	18.659600	2.106227	45.867243	1330.074359
167.630000	-15.760000	-157.232498	18.909600	1.615706	45.663769	1334.281947
167.630000	-15.760000	-157.232498	19.159600	1.468087	45.461136	1338.594630
167.630000	-15.760000	-157.232498	19.409600	1.669970	45.259254	1342.907313
167.630000	-15.760000	-157.232498	19.659600	2.290559	45.058197	1347.219996
167.630000	-15.760000	-157.232498	19.909600	3.403335	44.857877	1351.406937
167.630000	-15.760000	-157.232498	20.159600	5.018567	44.658368	1354.986888
167.630000	-15.760000	-157.232498	20.409600	5.217354	44.459581	1358.566839
167.630000	-15.760000	-157.232498	20.659600	-7.195407	44.261590	1362.146790
167.630000	-15.760000	-157.232498	20.909600	-20.150180	44.064309	1368.830964
167.630000	-15.760000	-157.232498	21.159600	-13.961814	43.867808	1375.611426
167.630000	-15.760000	-157.232498	21.409600	-6.797056	43.672003	1380.677949
167.630000	-15.760000	-157.232498	21.659600	-3.735932	43.476964	1385.520025
167.630000	-15.760000	-157.232498	21.909600	-1.443585	43.282608	1390.362101
167.630000	-15.760000	-157.232498	22.159600	0.718964	43.089003	1395.204177
167.630000	-15.760000	-157.232498	22.409600	1.157539	42.896069	1400.046253
167.630000	-15.760000	-157.232498	22.659600	1.349736	42.703871	1404.888329
167.630000	-15.760000	-157.232498	22.909600	1.541277	42.512330	1409.730405
167.630000	-15.760000	-157.232498	23.159600	1.732095	42.321512	1414.572481
167.630000	-15.760000	-157.232498	23.409600	1.922269	42.131338	1419.414557
167.630000	-15.760000	-157.232498	23.659600	2.111735	41.941873	1424.256633
167.630000	-15.760000	-156.982498	15.159600	2.999469	49.017315	1274.225601
167.630000	-15.760000	-156.982498	15.409600	1.735641	48.802424	1278.222946
167.630000	-15.760000	-156.982498	15.659600	0.023979	48.588507	1282.471109
167.630000	-15.760000	-156.982498	15.909600	-0.043190	48.375387	1286.777315
167.630000	-15.760000	-156.982498	16.159600	-0.081899	48.163223	1291.083521
167.630000	-15.760000	-156.982498	16.409600	-0.189335	47.951845	1295.465958
167.630000	-15.760000	-156.982498	16.659600	-0.140671	47.741404	1299.898535
167.630000	-15.760000	-156.982498	16.909600	-0.144399	47.531737	1304.331112
167.630000	-15.760000	-156.982498	17.159600	-0.403217	47.322988	1308.799634
167.630000	-15.760000	-156.982498	17.409600	-0.433426	47.115002	1313.308117
167.630000	-15.760000	-156.982498	17.659600	0.027427	46.907916	1317.816600
167.630000	-15.760000	-156.982498	17.909600	0.715039	46.701581	1322.245403
167.630000	-15.760000	-156.982498	18.159600	1.652193	46.496128	1326.401807
167.630000	-15.760000	-156.982498	18.409600	1.856906	46.291415	1330.558210
167.630000	-15.760000	-156.982498	18.659600	1.977698	46.087567	1334.714613
167.630000	-15.760000	-156.982498	18.909600	1.493473	45.884445	1338.895295
167.630000	-15.760000	-156.982498	19.159600	1.247051	45.682172	1343.207978
167.630000	-15.760000	-156.982498	19.409600	1.448609	45.480615	1347.520661
167.630000	-15.760000	-156.982498	19.659600	2.853291	45.279888	1351.833344
167.630000	-15.760000	-156.982498	19.909600	3.772214	45.079865	1355.624827
167.630000	-15.760000	-156.982498	20.159600	4.796279	44.880656	1359.204778
167.630000	-15.760000	-156.982498	20.409600	4.994795	44.682140	1362.784729
167.630000	-15.760000	-156.982498	20.659600	-1.437967	44.484421	1366.364680
167.630000	-15.760000	-156.982498	20.909600	-17.052809	44.287383	1371.816303
167.630000	-15.760000	-156.982498	21.159600	-22.019972	44.091126	1377.965139
167.630000	-15.760000	-156.982498	21.409600	-18.857262	43.895540	1383.426062
167.630000	-15.760000	-156.982498	21.659600	-16.055953	43.700717	1388.886984
167.630000	-15.760000	-156.982498	21.909600	-13.373792	43.506554	1394.347907
167.630000	-15.760000	-156.982498	22.159600	-9.484493	43.313138	1399.808829
167.630000	-15.760000	-156.982498	22.409600	-5.308211	43.120372	1404.730955
167.630000	-15.760000	-156.982498	22.659600	-2.685858	42.928337	1409.573031
167.630000	-15.760000	-156.982498	22.909600	-0.427220	42.736940	1414.415107
167.630000	-15.760000	-156.982498	23.159600	1.507348	42.546259	1419.257183
167.630000	-15.760000	-156.982498	23.409600	1.697402	42.356205	1424.099259
167.630000	-15.760000	-156.982498	23.659600	1.886756	42.166852	1428.941335
167.630000	-15.760000	-156.982498	23.909600	2.075492	41.978115	1433.783411
167.630000	-15.760000	-156.982498	24.159600	2.263544	41.790063	1438.625487
167.630000	-15.760000	-156.732498	15.159600	2.787382	49.229402	1279.345059
167.630000	-15.760000	-156.732498	15.409600	3.001654	49.015130	1283.342404
167.630000	-15.760000	-156.732498	15.659600	1.561844	48.801774	1287.339749
167.630000	-15.760000	-156.732498	15.909600	-0.152124	48.589239	1291.615967
167.630000	-15.760000	-156.732498	16.159600	-0.347918	48.377605	1295.922172
167.630000	-15.760000	-156.732498	16.409600	-0.455221	48.166777	1300.320374
167.630000	-15.760000	-156.732498	16.659600	-0.356102	47.956835	1304.752951
167.630000	-15.760000	-156.732498	16.909600	-0.146952	47.747685	1309.185528
167.630000	-15.760000	-156.732498	17.159600	-0.168659	47.539405	1313.618105
167.630000	-15.760000	-156.732498	17.409600	-0.428734	47.331903	1318.089321
167.630000	-15.760000	-156.732498	17.659600	0.235815	47.125256	1322.597804
167.630000	-15.760000	-156.732498	17.909600	0.781830	46.919373	1326.885657
167.630000	-15.760000	-156.732498	18.159600	1.433990	46.714331	1331.042061
167.630000	-15.760000	-156.732498	18.409600	1.638283	46.510038	1335.198464
167.630000	-15.760000	-156.732498	18.659600	1.841750	46.306571	1339.354867
167.630000	-15.760000	-156.732498	18.909600	1.447729	46.103840	1343.511270
167.630000	-15.760000	-156.732498	19.159600	1.036014	45.901919	1347.821325
167.630000	-15.760000	-156.732498	19.409600	1.844098	45.700722	1352.134008
167.630000	-15.760000	-156.732498	19.659600	2.784043	45.500320	1356.262766
167.630000	-15.760000	-156.732498	19.909600	4.376307	45.300628	1359.842717
167.630000	-15.760000	-156.732498	20.159600	4.575218	45.101717	1363.422668
167.630000	-15.760000	-156.732498	20.409600	4.773432	44.903502	1367.002619
167.630000	-15.760000	-156.732498	20.659600	4.485865	44.706055	1370.582570
167.630000	-15.760000	-156.732498	20.909600	-1.593917	44.509291	1374.801642
167.630000	-15.760000	-156.732498	21.159600	-9.755194	44.313280	1380.318853
167.630000	-15.760000	-156.732498	21.409600	-12.368666	44.117938	1385.779775
167.630000	-15.760000	-156.732498	21.659600	-15.320672	43.923336	1391.240697
167.630000	-15.760000	-156.732498	21.909600	-18.473568	43.729391	1396.701620
167.630000	-15.760000	-156.732498	22.159600	-20.219636	43.536172	1402.162542
167.630000	-15.760000	-156.732498	22.409600	-17.686657	43.343596	1407.623465
167.630000	-15.760000	-156.732498	22.659600	-14.915776	43.151732	1413.084387
167.630000	-15.760000	-156.732498	22.909600	-12.115558	42.960501	1418.545309
167.630000	-15.760000	-156.732498	23.159600	-8.020128	42.769967	1423.941884
167.630000	-15.760000	-156.732498	23.409600	-4.013127	42.580053	1428.783961
167.630000	-15.760000	-156.732498	23.659600	-1.654218	42.390823	1433.626037
167.630000	-15.760000	-156.732498	23.909600	0.571282	42.202200	1438.468113
167.630000	-15.760000	-156.732498	24.159600	2.039359	42.014249	1443.310189
167.630000	-15.760000	-156.732498	24.409600	2.226714	41.826893	1448.152265
167.630000	-15.760000	-156.482498	15.159600	2.576841	49.439942	1284.464518
167.630000	-15.760000	-156.482498	15.409600	2.790524	49.226260	1288.461863
167.630000	-15.760000	-156.482498	15.659600	3.003266	49.013518	1292.459208
167.630000	-15.760000	-156.482498	15.909600	1.387530	48.801541	1296.456553
167.630000	-15.760000	-156.482498	16.159600	-0.606028	48.590486	1300.760824
167.630000	-15.760000	-156.482498	16.409600	-0.685076	48.380185	1305.174790
167.630000	-15.760000	-156.482498	16.659600	-0.320652	48.170790	1309.607367
167.630000	-15.760000	-156.482498	16.909600	0.101207	47.962136	1314.039943
167.630000	-15.760000	-156.482498	17.159600	0.520427	47.754370	1318.472520
167.630000	-15.760000	-156.482498	17.409600	0.725230	47.547334	1322.905097
167.630000	-15.760000	-156.482498	17.659600	0.594977	47.341169	1327.369508
167.630000	-15.760000	-156.482498	17.909600	1.112187	47.135723	1331.525911
167.630000	-15.760000	-156.482498	18.159600	1.217190	46.931131	1335.682315
167.630000	-15.760000	-156.482498	18.409600	1.421075	46.727246	1339.838718
167.630000	-15.760000	-156.482498	18.659600	1.624122	46.524199	1343.995121
167.630000	-15.760000	-156.482498	18.909600	1.395249	46.321848	1348.151524
167.630000	-15.760000	-156.482498	19.159600	0.906935	46.120317	1352.434673
167.630000	-15.760000	-156.482498	19.409600	2.235072	45.919472	1356.747356
167.630000	-15.760000	-156.482498	19.659600	3.357495	45.719430	1360.480656
167.630000	-15.760000	-156.482498	19.909600	4.156872	45.520063	1364.060607
167.630000	-15.760000	-156.482498	20.159600	6.446042	45.321483	1367.640558
167.630000	-15.760000	-156.482498	20.409600	7.771220	45.123567	1371.220509
167.630000	-15.760000	-156.482498	20.659600	6.971260	44.926422	1375.397360
167.630000	-15.760000	-156.482498	20.909600	8.822492	44.729930	1380.868685
167.630000	-15.760000	-156.482498	21.159600	9.537237	44.534193	1385.526599
167.630000	-15.760000	-156.482498	21.409600	7.959818	44.339099	1390.184513
167.630000	-15.760000	-156.482498	21.659600	6.227481	44.144744	1394.842426
167.630000	-15.760000	-156.482498	21.909600	3.248975	43.951021	1399.500340
167.630000	-15.760000	-156.482498	22.159600	-1.128910	43.758021	1404.516256
167.630000	-15.760000	-156.482498	22.409600	-4.576953	43.565643	1409.977178
167.630000	-15.760000	-156.482498	22.659600	-7.023355	43.373973	1415.438100
167.630000	-15.760000	-156.482498	22.909600	-9.661989	43.182915	1420.899023
167.630000	-15.760000	-156.482498	23.159600	-12.249241	42.992549	1426.359945
167.630000	-15.760000	-156.482498	23.409600	-12.778414	42.802784	1431.820868
167.630000	-15.760000	-156.482498	23.659600	-13.318844	42.613697	1437.281790
167.630000	-15.760000	-156.482498	23.909600	-10.679665	42.425201	1442.742712
167.630000	-15.760000	-156.482498	24.159600	-6.560947	42.237367	1447.994890
167.630000	-15.760000	-156.482498	24.409600	-2.964694	42.050114	1452.836966
167.630000	-15.760000	-156.482498	24.659600	-0.640011	41.863509	1457.679042
167.630000	-15.760000	-156.482498	24.909600	1.552926	41.677476	1462.521118
167.630000	-15.760000	-156.232498	15.159600	2.367806	49.648978	1289.583977
167.630000	-15.760000	-156.232498	15.409600	2.580844	49.435940	1293.581322
167.630000	-15.760000	-156.232498	15.659600	2.793000	49.223784	1297.578667
167.630000	-15.760000	-156.232498	15.909600	2.913680	49.012417	1301.576011
167.630000	-15.760000	-156.232498	16.159600	1.560097	48.801918	1305.599475
167.630000	-15.760000	-156.232498	16.409600	0.456467	48.592194	1310.040930
167.630000	-15.760000	-156.232498	16.659600	0.662676	48.383323	1314.547063
167.630000	-15.760000	-156.232498	16.909600	1.070879	48.175213	1319.053195
167.630000	-15.760000	-156.232498	17.159600	1.340896	47.967941	1323.559327
167.630000	-15.760000	-156.232498	17.409600	1.842649	47.761418	1328.065460
167.630000	-15.760000	-156.232498	17.659600	2.406600	47.555718	1332.150757
167.630000	-15.760000	-156.232498	17.909600	2.159387	47.350752	1336.198686
167.630000	-15.760000	-156.232498	18.159600	1.666683	47.146596	1340.322569
167.630000	-15.760000	-156.232498	18.409600	1.431019	46.943161	1344.478972
167.630000	-15.760000	-156.232498	18.659600	1.407799	46.740522	1348.635375
167.630000	-15.760000	-156.232498	18.909600	1.269561	46.538590	1352.791779
167.630000	-15.760000	-156.232498	19.159600	1.597255	46.337439	1357.048021
167.630000	-15.760000	-156.232498	19.409600	2.170863	46.136983	1361.118595
167.630000	-15.760000	-156.232498	19.659600	5.999161	45.937294	1364.698546
167.630000	-15.760000	-156.232498	19.909600	7.108895	45.738287	1368.278497
167.630000	-15.760000	-156.232498	20.159600	6.421546	45.540033	1372.510676
167.630000	-15.760000	-156.232498	20.409600	6.834520	45.342449	1377.257011
167.630000	-15.760000	-156.232498	20.659600	8.723270	45.145604	1382.886320
167.630000	-15.760000	-156.232498	20.909600	10.942897	44.949415	1388.516749
167.630000	-15.760000	-156.232498	21.159600	13.903306	44.753952	1393.174663
167.630000	-15.760000	-156.232498	21.409600	14.098124	44.559134	1397.832576
167.630000	-15.760000	-156.232498	21.659600	14.292231	44.365027	1402.490490
167.630000	-15.760000	-156.232498	21.909600	14.485705	44.171553	1407.148404
167.630000	-15.760000	-156.232498	22.159600	14.072420	43.978777	1411.806317
167.630000	-15.760000	-156.232498	22.409600	12.826277	43.786621	1416.464231
167.630000	-15.760000	-156.232498	22.659600	11.460876	43.595151	1421.122145
167.630000	-15.760000	-156.232498	22.909600	9.963608	43.404288	1425.780059
167.630000	-15.760000	-156.232498	23.159600	8.320413	43.214098	1430.437972
167.630000	-15.760000	-156.232498	23.409600	6.516060	43.024504	1435.095886
167.630000	-15.760000	-156.232498	23.659600	2.504814	42.835569	1439.753800
167.630000	-15.760000	-156.232498	23.909600	-1.872476	42.647218	1445.096426
167.630000	-15.760000	-156.232498	24.159600	-3.846678	42.459513	1450.557348
167.630000	-15.760000	-156.232498	24.409600	-4.254280	42.272382	1456.018271
167.630000	-15.760000	-156.232498	24.659600	-4.672327	42.085884	1461.479193
167.630000	-15.760000	-156.232498	24.909600	-4.193525	41.899947	1466.940115
167.630000	-15.760000	-156.232498	25.159600	-2.962713	41.714631	1472.047896
167.630000	-15.760000	-156.232498	25.409600	-1.933462	41.529865	1476.889972
167.630000	-15.760000	-155.982498	15.159600	2.160288	49.856495	1294.703435
167.630000	-15.760000	-155.982498	15.409600	2.372713	49.644070	1298.700780
167.630000	-15.760000	-155.982498	15.659600	2.584230	49.432553	1302.698125
167.630000	-15.760000	-155.982498	15.909600	2.092025	49.221769	1306.695470
167.630000	-15.760000	-155.982498	16.159600	1.909688	49.011875	1310.979352
167.630000	-15.760000	-155.982498	16.409600	1.584770	48.802702	1315.485484
167.630000	-15.760000	-155.982498	16.659600	1.793068	48.594404	1319.991617
167.630000	-15.760000	-155.982498	16.909600	1.799043	48.386815	1324.497749
167.630000	-15.760000	-155.982498	17.159600	2.257125	48.180085	1328.953514
167.630000	-15.760000	-155.982498	17.409600	2.564682	47.974053	1333.001444
167.630000	-15.760000	-155.982498	17.659600	2.662810	47.768862	1337.049374
167.630000	-15.760000	-155.982498	17.909600	2.867313	47.564360	1341.097304
167.630000	-15.760000	-155.982498	18.159600	2.851870	47.360682	1345.145233
167.630000	-15.760000	-155.982498	18.409600	2.618186	47.157681	1349.193163
167.630000	-15.760000	-155.982498	18.659600	2.124003	46.955489	1353.275629
167.630000	-15.760000	-155.982498	18.909600	1.497353	46.753964	1357.432033
167.630000	-15.760000	-155.982498	19.159600	3.500313	46.553231	1361.661368
167.630000	-15.760000	-155.982498	19.409600	5.745086	46.353155	1365.336485
167.630000	-15.760000	-155.982498	19.659600	5.714408	46.153854	1369.623992
167.630000	-15.760000	-155.982498	19.909600	7.263640	45.955200	1374.370327
167.630000	-15.760000	-155.982498	20.159600	7.079969	45.757306	1379.116661
167.630000	-15.760000	-155.982498	20.409600	3.942655	45.560048	1384.585611
167.630000	-15.760000	-155.982498	20.659600	3.313646	45.363534	1390.820708
167.630000	-15.760000	-155.982498	20.909600	5.784654	45.167646	1396.060112
167.630000	-15.760000	-155.982498	21.159600	7.893539	44.972487	1400.822726
167.630000	-15.760000	-155.982498	21.409600	8.638294	44.777944	1405.480640
167.630000	-15.760000	-155.982498	21.659600	9.071889	44.584114	1410.138554
167.630000	-15.760000	-155.982498	21.909600	9.502182	44.390889	1414.796468
167.630000	-15.760000	-155.982498	22.159600	9.929117	44.198364	1419.454381
167.630000	-15.760000	-155.982498	22.409600	10.352834	44.006433	1424.112295
167.630000	-15.760000	-155.982498	22.659600	10.773281	43.815187	1428.770209
167.630000	-15.760000	-155.982498	22.909600	11.190592	43.624526	1433.428122
167.630000	-15.760000	-155.982498	23.159600	11.604718	43.434534	1438.086036
167.630000	-15.760000	-155.982498	23.409600	12.015789	43.245117	1442.743950
167.630000	-15.760000	-155.982498	23.659600	12.423760	43.056355	1447.401864
167.630000	-15.760000	-155.982498	23.909600	11.444096	42.868159	1452.059777
167.630000	-15.760000	-155.982498	24.159600	10.129313	42.680603	1456.717691
167.630000	-15.760000	-155.982498	24.409600	8.702462	42.493603	1461.375605
167.630000	-15.760000	-155.982498	24.659600	7.153446	42.307229	1466.033518
167.630000	-15.760000	-155.982498	24.909600	5.471648	42.121402	1470.691432
167.630000	-15.760000	-155.982498	25.159600	4.056589	41.936186	1475.349346
167.630000	-15.760000	-155.982498	25.409600	1.708082	41.751508	1480.215673
167.630000	-15.760000	-155.982498	25.659600	0.078602	41.567427	1485.676596
167.630000	-15.760000	-155.982498	25.909600	1.373976	41.383874	1491.137518
167.630000	-15.760000	-155.732498	15.159600	1.954254	50.062530	1299.822894
167.630000	-15.760000	-155.732498	15.409600	2.166010	49.850774	1303.820239
167.630000	-15.760000	-155.732498	15.659600	2.021124	49.639866	1307.817584
167.630000	-15.760000	-155.732498	15.909600	1.672712	49.429717	1311.917774
167.630000	-15.760000	-155.732498	16.159600	1.167070	49.220402	1316.423906
167.630000	-15.760000	-155.732498	16.409600	1.375640	49.011832	1320.930038
167.630000	-15.760000	-155.732498	16.659600	1.428094	48.804082	1325.436171
167.630000	-15.760000	-155.732498	16.909600	1.891070	48.597064	1329.804202
167.630000	-15.760000	-155.732498	17.159600	2.040820	48.390853	1333.852132
167.630000	-15.760000	-155.732498	17.409600	2.246313	48.185360	1337.900062
167.630000	-15.760000	-155.732498	17.659600	2.451013	47.980659	1341.947991
167.630000	-15.760000	-155.732498	17.909600	2.655008	47.776664	1345.995921
167.630000	-15.760000	-155.732498	18.159600	2.858224	47.573448	1350.043851
167.630000	-15.760000	-155.732498	18.409600	3.066953	47.370925	1354.091781
167.630000	-15.760000	-155.732498	18.659600	3.221003	47.169167	1358.139710
167.630000	-15.760000	-155.732498	18.909600	2.298930	46.968088	1362.187640
167.630000	-15.760000	-155.732498	19.159600	0.111369	46.767762	1366.486078
167.630000	-15.760000	-155.732498	19.409600	1.614991	46.568103	1371.346388
167.630000	-15.760000	-155.732498	19.659600	3.469093	46.369182	1376.206697
167.630000	-15.760000	-155.732498	19.909600	3.510335	46.170916	1380.976312
167.630000	-15.760000	-155.732498	20.159600	3.398370	45.973375	1385.987013
167.630000	-15.760000	-155.732498	20.409600	2.392661	45.776477	1390.961998
167.630000	-15.760000	-155.732498	20.659600	-0.664289	45.580291	1395.936984
167.630000	-15.760000	-155.732498	20.909600	-0.695175	45.384735	1400.847209
167.630000	-15.760000	-155.732498	21.159600	-0.060115	45.189877	1405.615494
167.630000	-15.760000	-155.732498	21.409600	0.462275	44.995639	1410.383778
167.630000	-15.760000	-155.732498	21.659600	0.980203	44.802085	1415.152063
167.630000	-15.760000	-155.732498	21.909600	1.493793	44.609139	1419.920347
167.630000	-15.760000	-155.732498	22.159600	2.003024	44.416865	1424.688632
167.630000	-15.760000	-155.732498	22.409600	2.508017	44.225186	1429.456917
167.630000	-15.760000	-155.732498	22.659600	3.008752	44.034168	1434.225201
167.630000	-15.760000	-155.732498	22.909600	3.505348	43.843732	1438.993486
167.630000	-15.760000	-155.732498	23.159600	3.997786	43.653944	1443.761771
167.630000	-15.760000	-155.732498	23.409600	4.486185	43.464728	1448.530055
167.630000	-15.760000	-155.732498	23.659600	4.970524	43.276146	1453.298340
167.630000	-15.760000	-155.732498	23.909600	5.450921	43.088126	1458.066625
167.630000	-15.760000	-155.732498	24.159600	5.927357	42.900727	1462.834909
167.630000	-15.760000	-155.732498	24.409600	6.399947	42.713878	1467.603194
167.630000	-15.760000	-155.732498	24.659600	6.868673	42.527639	1472.371479
167.630000	-15.760000	-155.732498	24.909600	7.333648	42.341938	1477.139763
167.630000	-15.760000	-155.732498	25.159600	7.794855	42.156835	1481.908048
167.630000	-15.760000	-155.732498	25.409600	7.734323	41.972260	1486.676332
167.630000	-15.760000	-155.732498	25.659600	6.113857	41.788270	1491.444617
167.630000	-15.760000	-155.732498	25.909600	4.484600	41.604797	1496.212902
167.630000	-15.760000	-155.732498	26.159600	4.276027	41.421898	1500.981186
167.630000	-15.760000	-155.482498	15.159600	1.749708	50.267075	1304.942353
167.630000	-15.760000	-155.482498	15.409600	1.960829	50.055955	1308.939697
167.630000	-15.760000	-155.482498	15.659600	1.374383	49.845710	1312.937042
167.630000	-15.760000	-155.482498	15.909600	1.004692	49.636166	1317.362328
167.630000	-15.760000	-155.482498	16.159600	0.959991	49.427481	1321.868460
167.630000	-15.760000	-155.482498	16.409600	1.059840	49.219486	1326.374592
167.630000	-15.760000	-155.482498	16.659600	1.527684	49.012334	1330.654890
167.630000	-15.760000	-155.482498	16.909600	1.625811	48.805861	1334.702820
167.630000	-15.760000	-155.482498	17.159600	1.831456	48.600216	1338.750749
167.630000	-15.760000	-155.482498	17.409600	2.036433	48.395240	1342.798679
167.630000	-15.760000	-155.482498	17.659600	2.240598	48.191075	1346.846609
167.630000	-15.760000	-155.482498	17.909600	2.471312	47.987567	1350.894538
167.630000	-15.760000	-155.482498	18.159600	2.717906	47.784856	1354.942468
167.630000	-15.760000	-155.482498	18.409600	2.909045	47.582793	1358.992559
167.630000	-15.760000	-155.482498	18.659600	3.106922	47.381509	1363.058424
167.630000	-15.760000	-155.482498	18.909600	2.500542	47.180863	1367.124289
167.630000	-15.760000	-155.482498	19.159600	0.560004	46.980982	1371.441477
167.630000	-15.760000	-155.482498	19.409600	-1.110393	46.781729	1376.201952
167.630000	-15.760000	-155.482498	19.659600	-1.501124	46.583224	1381.034922
167.630000	-15.760000	-155.482498	19.909600	-1.307272	46.385337	1385.895231
167.630000	-15.760000	-155.482498	20.159600	-1.808283	46.188185	1390.755541
167.630000	-15.760000	-155.482498	20.409600	-2.288782	45.991639	1395.701992
167.630000	-15.760000	-155.482498	20.659600	-2.130624	45.795813	1400.676977
167.630000	-15.760000	-155.482498	20.909600	-1.138331	45.600584	1405.634306
167.630000	-15.760000	-155.482498	21.159600	-0.293258	45.406059	1410.402590
167.630000	-15.760000	-155.482498	21.409600	-0.099321	45.212122	1415.170875
167.630000	-15.760000	-155.482498	21.659600	0.093926	45.018875	1419.939160
167.630000	-15.760000	-155.482498	21.909600	0.286596	44.826206	1424.707444
167.630000	-15.760000	-155.482498	22.159600	0.478590	44.634211	1429.475729
167.630000	-15.760000	-155.482498	22.409600	0.670016	44.442785	1434.244014
167.630000	-15.760000	-155.482498	22.659600	0.860781	44.252020	1439.012298
167.630000	-15.760000	-155.482498	22.909600	1.050988	44.061814	1443.780583
167.630000	-15.760000	-155.482498	23.159600	1.240548	43.872253	1448.548868
167.630000	-15.760000	-155.482498	23.409600	1.429559	43.683242	1453.317152
167.630000	-15.760000	-155.482498	23.659600	1.617938	43.494864	1458.085437
167.630000	-15.760000	-155.482498	23.909600	1.805776	43.307025	1462.853722
167.630000	-15.760000	-155.482498	24.159600	1.992997	43.119805	1467.622006
167.630000	-15.760000	-155.482498	24.409600	2.179686	42.933115	1472.390291
167.630000	-15.760000	-155.482498	24.659600	2.365771	42.747030	1477.158575
167.630000	-15.760000	-155.482498	24.909600	2.628900	42.561467	1481.926860
167.630000	-15.760000	-155.482498	25.159600	2.994086	42.376494	1486.695145
167.630000	-15.760000	-155.482498	25.409600	3.357617	42.192034	1491.463429
167.630000	-15.760000	-155.482498	25.659600	3.588164	42.008151	1496.231714
167.630000	-15.760000	-155.482498	25.909600	3.767835	41.824772	1501.043810
167.630000	-15.760000	-155.232498	15.159600	1.546624	50.470159	1310.061811
167.630000	-15.760000	-155.232498	15.409600	1.082634	50.259731	1314.059156
167.630000	-15.760000	-155.232498	15.659600	0.964714	50.050118	1318.300749
167.630000	-15.760000	-155.232498	15.909600	0.546239	49.841233	1322.806882
167.630000	-15.760000	-155.232498	16.159600	0.694181	49.633150	1327.313014
167.630000	-15.760000	-155.232498	16.409600	1.167107	49.425782	1331.505577
167.630000	-15.760000	-155.232498	16.659600	1.212470	49.219202	1335.553507
167.630000	-15.760000	-155.232498	16.909600	1.418348	49.013325	1339.601437
167.630000	-15.760000	-155.232498	17.159600	1.623450	48.808222	1343.649367
167.630000	-15.760000	-155.232498	17.409600	1.876051	48.603810	1347.697296
167.630000	-15.760000	-155.232498	17.659600	2.098140	48.400159	1351.745226
167.630000	-15.760000	-155.232498	17.909600	2.290207	48.197186	1355.802636
167.630000	-15.760000	-155.232498	18.159600	2.514334	47.994961	1359.868501
167.630000	-15.760000	-155.232498	18.409600	2.760802	47.793401	1363.934366
167.630000	-15.760000	-155.232498	18.659600	2.961626	47.592576	1368.000231
167.630000	-15.760000	-155.232498	18.909600	2.224400	47.392404	1372.066096
167.630000	-15.760000	-155.232498	19.159600	0.302718	47.192955	1376.406847
167.630000	-15.760000	-155.232498	19.409600	-0.787270	46.994146	1381.167322
167.630000	-15.760000	-155.232498	19.659600	-0.904530	46.796047	1385.927796
167.630000	-15.760000	-155.232498	19.909600	-1.296256	46.598576	1390.723456
167.630000	-15.760000	-155.232498	20.159600	-1.585240	46.401802	1395.583765
167.630000	-15.760000	-155.232498	20.409600	-1.981896	46.205645	1400.444075
167.630000	-15.760000	-155.232498	20.659600	-2.389797	46.010171	1405.416970
167.630000	-15.760000	-155.232498	20.909600	-1.633112	45.815303	1410.391956
167.630000	-15.760000	-155.232498	21.159600	-0.596627	45.621107	1415.189687
167.630000	-15.760000	-155.232498	21.409600	-0.314702	45.427503	1419.957972
167.630000	-15.760000	-155.232498	21.659600	-0.121758	45.234559	1424.726257
167.630000	-15.760000	-155.232498	21.909600	0.070605	45.042197	1429.494541
167.630000	-15.760000	-155.232498	22.159600	0.262321	44.850481	1434.262826
167.630000	-15.760000	-155.232498	22.409600	0.453466	44.659336	1439.031111
167.630000	-15.760000	-155.232498	22.659600	0.643977	44.468825	1443.799395
167.630000	-15.760000	-155.232498	22.909600	0.833928	44.278873	1448.567680
167.630000	-15.760000	-155.232498	23.159600	1.023258	44.089544	1453.335964
167.630000	-15.760000	-155.232498	23.409600	1.212039	43.900763	1458.104249
167.630000	-15.760000	-155.232498	23.659600	1.400210	43.712592	1462.872534
167.630000	-15.760000	-155.232498	23.909600	1.612083	43.524958	1467.640818
167.630000	-15.760000	-155.232498	24.159600	1.979669	43.337922	1472.409103
167.630000	-15.760000	-155.232498	24.409600	2.345585	43.151413	1477.177388
167.630000	-15.760000	-155.232498	24.659600	2.631926	42.965491	1481.945672
167.630000	-15.760000	-155.232498	24.909600	2.813611	42.780084	1486.739915
167.630000	-15.760000	-155.232498	25.159600	3.071646	42.595251	1491.568784
167.630000	-15.760000	-155.232498	25.409600	3.430952	42.410924	1496.397653
167.630000	-15.760000	-154.982498	15.159600	1.135086	50.671783	1315.181270
167.630000	-15.760000	-154.982498	15.409600	0.667112	50.462011	1319.239171
167.630000	-15.760000	-154.982498	15.659600	0.054563	50.253084	1323.745303
167.630000	-15.760000	-154.982498	15.909600	0.331389	50.044825	1328.251436
167.630000	-15.760000	-154.982498	16.159600	0.809380	49.837396	1332.356265
167.630000	-15.760000	-154.982498	16.409600	0.801047	49.630625	1336.404195
167.630000	-15.760000	-154.982498	16.659600	1.024747	49.424668	1340.452125
167.630000	-15.760000	-154.982498	16.909600	1.281466	49.219359	1344.500054
167.630000	-15.760000	-154.982498	17.159600	1.478996	49.014848	1348.547984
167.630000	-15.760000	-154.982498	17.409600	1.671980	48.810975	1352.612712
167.630000	-15.760000	-154.982498	17.659600	1.922255	48.607885	1356.678577
167.630000	-15.760000	-154.982498	17.909600	2.148779	48.405423	1360.744442
167.630000	-15.760000	-154.982498	18.159600	2.350473	48.203729	1364.810307
167.630000	-15.760000	-154.982498	18.409600	2.551549	48.002653	1368.876172
167.630000	-15.760000	-154.982498	18.659600	2.751873	47.802329	1372.942037
167.630000	-15.760000	-154.982498	18.909600	1.935025	47.602614	1377.007902
167.630000	-15.760000	-154.982498	19.159600	0.018234	47.403637	1381.372217
167.630000	-15.760000	-154.982498	19.409600	-0.998383	47.205258	1386.132691
167.630000	-15.760000	-154.982498	19.659600	-0.800727	47.007603	1390.893166
167.630000	-15.760000	-154.982498	19.909600	-0.705257	46.810536	1395.653641
167.630000	-15.760000	-154.982498	20.159600	-1.091647	46.614178	1400.414116
167.630000	-15.760000	-154.982498	20.409600	-1.556822	46.418399	1405.272299
167.630000	-15.760000	-154.982498	20.659600	-2.155705	46.223313	1410.156964
167.630000	-15.760000	-154.982498	20.909600	-2.037565	46.028798	1415.131949
167.630000	-15.760000	-154.982498	21.159600	-0.951199	45.834962	1419.976784
167.630000	-15.760000	-154.982498	21.409600	-0.528885	45.641687	1424.745069
167.630000	-15.760000	-154.982498	21.659600	-0.336275	45.449076	1429.513353
167.630000	-15.760000	-154.982498	21.909600	-0.144216	45.257017	1434.281638
167.630000	-15.760000	-154.982498	22.159600	0.047192	45.065609	1439.049923
167.630000	-15.760000	-154.982498	22.409600	0.238058	44.874744	1443.818207
167.630000	-15.760000	-154.982498	22.659600	0.428287	44.684515	1448.586492
167.630000	-15.760000	-154.982498	22.909600	0.617983	44.494819	1453.354777
167.630000	-15.760000	-154.982498	23.159600	0.958758	44.305746	1458.123061
167.630000	-15.760000	-154.982498	23.409600	1.327050	44.117197	1462.891346
167.630000	-15.760000	-154.982498	23.659600	1.669264	43.929258	1467.659631
167.630000	-15.760000	-154.982498	23.909600	1.852953	43.741834	1472.436020
167.630000	-15.760000	-154.982498	24.159600	2.060117	43.555005	1477.264888
167.630000	-15.760000	-154.982498	24.409600	2.421742	43.368683	1482.093757
167.630000	-15.760000	-154.982498	24.659600	2.781689	43.182943	1486.922626
167.630000	-15.760000	-154.982498	24.909600	3.066008	42.997701	1491.751495
167.630000	-15.760000	-154.732498	15.159600	0.375858	50.871966	1320.300728
167.630000	-15.760000	-154.732498	15.409600	-0.098701	50.662909	1324.683725
167.630000	-15.760000	-154.732498	15.659600	-0.028634	50.454634	1329.159023
167.630000	-15.760000	-154.732498	15.909600	0.347449	50.247058	1333.206953
167.630000	-15.760000	-154.732498	16.159600	0.430154	50.040252	1337.254883
167.630000	-15.760000	-154.732498	16.409600	0.666178	49.834132	1341.302812
167.630000	-15.760000	-154.732498	16.659600	0.860628	49.628768	1345.356923
167.630000	-15.760000	-154.732498	16.909600	1.075814	49.424079	1349.422788
167.630000	-15.760000	-154.732498	17.159600	1.330834	49.220133	1353.488653
167.630000	-15.760000	-154.732498	17.409600	1.537353	49.016849	1357.554518
167.630000	-15.760000	-154.732498	17.659600	1.739906	48.814296	1361.620383
167.630000	-15.760000	-154.732498	17.909600	1.941809	48.612393	1365.686248
167.630000	-15.760000	-154.732498	18.159600	2.142993	48.411209	1369.752113
167.630000	-15.760000	-154.732498	18.409600	2.343540	48.210662	1373.817978
167.630000	-15.760000	-154.732498	18.659600	2.543381	48.010821	1377.883843
167.630000	-15.760000	-154.732498	18.909600	1.647053	47.811606	1381.949708
167.630000	-15.760000	-154.732498	19.159600	-0.264842	47.613085	1386.337586
167.630000	-15.760000	-154.732498	19.409600	-1.208302	47.415177	1391.098061
167.630000	-15.760000	-154.732498	19.659600	-1.011076	47.217951	1395.858536
167.630000	-15.760000	-154.732498	19.909600	-0.814452	47.021328	1400.619011
167.630000	-15.760000	-154.732498	20.159600	-0.618498	46.825373	1405.379485
167.630000	-15.760000	-154.732498	20.409600	-0.887284	46.630010	1410.139960
167.630000	-15.760000	-154.732498	20.659600	-1.503506	46.435303	1414.960833
167.630000	-15.760000	-154.732498	20.909600	-2.088164	46.241175	1419.871943
167.630000	-15.760000	-154.732498	21.159600	-1.303957	46.047693	1424.763881
167.630000	-15.760000	-154.732498	21.409600	-0.741977	45.854779	1429.532166
167.630000	-15.760000	-154.732498	21.659600	-0.549696	45.662497	1434.300450
167.630000	-15.760000	-154.732498	21.909600	-0.357972	45.470773	1439.068735
167.630000	-15.760000	-154.732498	22.159600	-0.068353	45.279670	1443.837020
167.630000	-15.760000	-154.732498	22.409600	0.302284	45.089113	1448.605304
167.630000	-15.760000	-154.732498	22.659600	0.671172	44.899165	1453.373589
167.630000	-15.760000	-154.732498	22.909600	0.886130	44.709752	1458.141874
167.630000	-15.760000	-154.732498	23.159600	1.071243	44.520937	1462.960993
167.630000	-15.760000	-154.732498	23.409600	1.406233	44.332646	1467.789862
167.630000	-15.760000	-154.732498	23.659600	1.768467	44.144941	1472.618731
167.630000	-15.760000	-154.732498	23.909600	2.105958	43.957751	1477.447600
167.630000	-15.760000	-154.732498	24.159600	2.292575	43.771134	1482.276468
167.630000	-15.760000	-154.732498	24.409600	2.478688	43.585021	1487.105337
167.630000	-15.760000	-154.732498	24.659600	2.664239	43.399470	1491.934206
167.630000	-15.760000	-154.482498	15.159600	-0.187894	51.070717	1325.622147
167.630000	-15.760000	-154.482498	15.409600	-0.377696	50.862337	1330.009711
167.630000	-15.760000	-154.482498	15.659600	-0.163393	50.654770	1334.057640
167.630000	-15.760000	-154.482498	15.909600	0.048010	50.447841	1338.105570
167.630000	-15.760000	-154.482498	16.159600	0.243243	50.241711	1342.166999
167.630000	-15.760000	-154.482498	16.409600	0.484537	50.036210	1346.232864
167.630000	-15.760000	-154.482498	16.659600	0.722710	49.831492	1350.298729
167.630000	-15.760000	-154.482498	16.909600	0.926810	49.627392	1354.364594
167.630000	-15.760000	-154.482498	17.159600	1.130141	49.424062	1358.430459
167.630000	-15.760000	-154.482498	17.409600	1.332863	49.221340	1362.496324
167.630000	-15.760000	-154.482498	17.659600	1.534830	49.019372	1366.562189
167.630000	-15.760000	-154.482498	17.909600	1.736199	48.818003	1370.628054
167.630000	-15.760000	-154.482498	18.159600	1.936828	48.617374	1374.693919
167.630000	-15.760000	-154.482498	18.409600	2.136867	48.417335	1378.759784
167.630000	-15.760000	-154.482498	18.659600	2.336182	48.218020	1382.825649
167.630000	-15.760000	-154.482498	18.909600	1.360580	48.019286	1386.891514
167.630000	-15.760000	-154.482498	19.159600	-0.546474	47.821262	1391.302956
167.630000	-15.760000	-154.482498	19.409600	-1.416934	47.623809	1396.063431
167.630000	-15.760000	-154.482498	19.659600	-1.220177	47.427053	1400.823906
167.630000	-15.760000	-154.482498	19.909600	-1.023982	47.230858	1405.584380
167.630000	-15.760000	-154.482498	20.159600	-0.828470	47.035345	1410.344855
167.630000	-15.760000	-154.482498	20.409600	-0.633509	46.840384	1415.105330
167.630000	-15.760000	-154.482498	20.659600	-0.683193	46.646092	1419.865805
167.630000	-15.760000	-154.482498	20.909600	-1.350379	46.452343	1424.649367
167.630000	-15.760000	-154.482498	21.159600	-1.498953	46.259248	1429.550978
167.630000	-15.760000	-154.482498	21.409600	-0.728239	46.066687	1434.319263
167.630000	-15.760000	-154.482498	21.659600	-0.357044	45.874767	1439.087547
167.630000	-15.760000	-154.482498	21.909600	-0.086389	45.683372	1443.855832
167.630000	-15.760000	-154.482498	22.159600	0.100662	45.492604	1448.657098
167.630000	-15.760000	-154.482498	22.409600	0.384885	45.302352	1453.485967
167.630000	-15.760000	-154.482498	22.659600	0.749376	45.112714	1458.314835
167.630000	-15.760000	-154.482498	22.909600	1.112266	44.923583	1463.143704
167.630000	-15.760000	-154.482498	23.159600	1.328656	44.735052	1467.972573
167.630000	-15.760000	-154.482498	23.409600	1.516688	44.547020	1472.801442
167.630000	-15.760000	-154.482498	23.659600	1.704134	44.359575	1477.630311
167.630000	-15.760000	-154.482498	23.909600	1.891089	44.172620	1482.459179
167.630000	-15.760000	-154.482498	24.159600	2.077470	43.986239	1487.288048
167.630000	-15.760000	-154.232498	15.159600	-0.671459	51.268050	1330.860398
167.630000	-15.760000	-154.232498	15.409600	-0.569005	51.060405	1334.911210
167.630000	-15.760000	-154.232498	15.659600	-0.363024	50.853510	1338.977075
167.630000	-15.760000	-154.232498	15.909600	-0.105705	50.647286	1343.042940
167.630000	-15.760000	-154.232498	16.159600	0.112403	50.441799	1347.108805
167.630000	-15.760000	-154.232498	16.409600	0.317231	50.236971	1351.174670
167.630000	-15.760000	-154.232498	16.659600	0.521334	50.032868	1355.240535
167.630000	-15.760000	-154.232498	16.909600	0.724791	49.829411	1359.306400
167.630000	-15.760000	-154.232498	17.159600	0.927535	49.626667	1363.372265
167.630000	-15.760000	-154.232498	17.409600	1.129644	49.424558	1367.438130
167.630000	-15.760000	-154.232498	17.659600	1.331052	49.223150	1371.503995
167.630000	-15.760000	-154.232498	17.909600	1.531838	49.022364	1375.569860
167.630000	-15.760000	-154.232498	18.159600	1.731935	48.822267	1379.635725
167.630000	-15.760000	-154.232498	18.409600	1.931421	48.622781	1383.701590
167.630000	-15.760000	-154.232498	18.659600	2.130230	48.423973	1387.767456
167.630000	-15.760000	-154.232498	18.909600	1.075494	48.225763	1391.833321
167.630000	-15.760000	-154.232498	19.159600	-0.826711	48.028219	1396.268326
167.630000	-15.760000	-154.232498	19.409600	-1.624387	47.831263	1401.028801
167.630000	-15.760000	-154.232498	19.659600	-1.428084	47.634960	1405.789275
167.630000	-15.760000	-154.232498	19.909600	-1.232358	47.439234	1410.549750
167.630000	-15.760000	-154.232498	20.159600	-1.037273	47.244149	1415.310225
167.630000	-15.760000	-154.232498	20.409600	-0.842754	47.049630	1420.070700
167.630000	-15.760000	-154.232498	20.659600	-0.648865	46.855740	1424.831174
167.630000	-15.760000	-154.232498	20.909600	-0.525398	46.662406	1429.591649
167.630000	-15.760000	-154.232498	21.159600	-0.810127	46.469689	1434.353203
167.630000	-15.760000	-154.232498	21.409600	-0.642016	46.277516	1439.182071
167.630000	-15.760000	-154.232498	21.659600	-0.275274	46.085950	1444.010940
167.630000	-15.760000	-154.232498	21.909600	0.089840	45.894917	1448.839809
167.630000	-15.760000	-154.232498	22.159600	0.359230	45.704479	1453.668678
167.630000	-15.760000	-154.232498	22.409600	0.549145	45.514564	1458.497547
167.630000	-15.760000	-154.232498	22.659600	0.738477	45.325232	1463.326415
167.630000	-15.760000	-154.232498	22.909600	0.927297	45.136412	1468.155284
167.630000	-15.760000	-154.232498	23.159600	1.115545	44.948164	1472.984153
167.630000	-15.760000	-154.232498	23.409600	1.303291	44.760418	1477.813022
167.630000	-15.760000	-154.232498	23.659600	1.490476	44.573233	1482.641891
167.630000	-15.760000	-153.982498	15.159600	-0.952629	51.463977	1335.787151
167.630000	-15.760000	-153.982498	15.409600	-0.702826	51.257028	1339.853016
167.630000	-15.760000	-153.982498	15.659600	-0.496661	51.050863	1343.918881
167.630000	-15.760000	-153.982498	15.909600	-0.291103	50.845305	1347.984746
167.630000	-15.760000	-153.982498	16.159600	-0.086315	50.640517	1352.050611
167.630000	-15.760000	-153.982498	16.409600	0.117875	50.436327	1356.116477
167.630000	-15.760000	-153.982498	16.659600	0.321310	50.232892	1360.182342
167.630000	-15.760000	-153.982498	16.909600	0.524156	50.030046	1364.248207
167.630000	-15.760000	-153.982498	17.159600	0.726262	49.827940	1368.314072
167.630000	-15.760000	-153.982498	17.409600	0.927788	49.626414	1372.379937
167.630000	-15.760000	-153.982498	17.659600	1.128588	49.425614	1376.445802
167.630000	-15.760000	-153.982498	17.909600	1.328817	49.225385	1380.511667
167.630000	-15.760000	-153.982498	18.159600	1.528335	49.025868	1384.577532
167.630000	-15.760000	-153.982498	18.409600	1.727291	48.826911	1388.643397
167.630000	-15.760000	-153.982498	18.659600	1.925549	48.628653	1392.709262
167.630000	-15.760000	-153.982498	18.909600	0.791887	48.430947	1396.775127
167.630000	-15.760000	-153.982498	19.159600	-1.105525	48.233926	1401.233696
167.630000	-15.760000	-153.982498	19.409600	-1.830571	48.037447	1405.994170
167.630000	-15.760000	-153.982498	19.659600	-1.634763	47.841639	1410.754645
167.630000	-15.760000	-153.982498	19.909600	-1.439489	47.646364	1415.515120
167.630000	-15.760000	-153.982498	20.159600	-1.244871	47.451747	1420.275595
167.630000	-15.760000	-153.982498	20.409600	-1.050779	47.257655	1425.036069
167.630000	-15.760000	-153.982498	20.659600	-0.857330	47.064206	1429.796544
167.630000	-15.760000	-153.982498	20.909600	-0.733946	46.871273	1434.557019
167.630000	-15.760000	-153.982498	21.159600	-0.552635	46.678971	1439.364782
167.630000	-15.760000	-153.982498	21.409600	-0.423467	46.487176	1444.193651
167.630000	-15.760000	-153.982498	21.659600	-0.232289	46.295998	1449.022520
167.630000	-15.760000	-153.982498	21.909600	-0.041610	46.105318	1453.851389
167.630000	-15.760000	-153.982498	22.159600	0.148466	45.915242	1458.680258
167.630000	-15.760000	-153.982498	22.409600	0.338052	45.725657	1463.509126
167.630000	-15.760000	-153.982498	22.659600	0.527047	45.536662	1468.337995
167.630000	-15.760000	-153.982498	22.909600	0.715560	45.348149	1473.166864
167.630000	-15.760000	-153.982498	23.159600	0.903496	45.160213	1477.995733
167.630000	-15.760000	-153.982498	23.409600	1.090958	44.972751	1482.824602
167.630000	-15.760000	-153.732498	15.159600	-1.085755	51.658508	1340.728958
167.630000	-15.760000	-153.732498	15.409600	-0.898113	51.452315	1344.794823
167.630000	-15.760000	-153.732498	15.659600	-0.692638	51.246840	1348.860688
167.630000	-15.760000	-153.732498	15.909600	-0.487806	51.042008	1352.926553
167.630000	-15.760000	-153.732498	16.159600	-0.283680	50.837883	1356.992418
167.630000	-15.760000	-153.732498	16.409600	-0.080185	50.634388	1361.058283
167.630000	-15.760000	-153.732498	16.659600	0.122615	50.431587	1365.124148
167.630000	-15.760000	-153.732498	16.909600	0.324796	50.229406	1369.190013
167.630000	-15.760000	-153.732498	17.159600	0.526294	50.027908	1373.255878
167.630000	-15.760000	-153.732498	17.409600	0.727185	49.827017	1377.321743
167.630000	-15.760000	-153.732498	17.659600	0.927405	49.626798	1381.387608
167.630000	-15.760000	-153.732498	17.909600	1.127028	49.427174	1385.453473
167.630000	-15.760000	-153.732498	18.159600	1.325991	49.228211	1389.519338
167.630000	-15.760000	-153.732498	18.409600	1.524370	49.029832	1393.585203
167.630000	-15.760000	-153.732498	18.659600	1.722101	48.832102	1397.651068
167.630000	-15.760000	-153.732498	18.909600	0.509651	48.634945	1401.716933
167.630000	-15.760000	-153.732498	19.159600	-1.382959	48.438425	1406.199065
167.630000	-15.760000	-153.732498	19.409600	-2.035592	48.242467	1410.959540
167.630000	-15.760000	-153.732498	19.659600	-1.840260	48.047135	1415.720015
167.630000	-15.760000	-153.732498	19.909600	-1.645480	47.852355	1420.480490
167.630000	-15.760000	-153.732498	20.159600	-1.451314	47.658189	1425.240964
167.630000	-15.760000	-153.732498	20.409600	-1.257688	47.464564	1430.001439
167.630000	-15.760000	-153.732498	20.659600	-1.131624	47.271542	1434.761914
167.630000	-15.760000	-153.732498	20.909600	-0.947079	47.079049	1439.547494
167.630000	-15.760000	-153.732498	21.159600	-0.823440	46.887149	1444.376362
167.630000	-15.760000	-153.732498	21.409600	-0.632059	46.695768	1449.205231
167.630000	-15.760000	-153.732498	21.659600	-0.441259	46.504968	1454.034100
167.630000	-15.760000	-153.732498	21.909600	-0.250968	46.314677	1458.862969
167.630000	-15.760000	-153.732498	22.159600	-0.061247	46.124955	1463.691838
167.630000	-15.760000	-153.732498	22.409600	0.127976	45.935733	1468.520706
167.630000	-15.760000	-153.732498	22.659600	0.316640	45.747069	1473.349575
167.630000	-15.760000	-153.732498	22.909600	0.504815	45.558894	1478.178444
167.630000	-15.760000	-153.482498	15.159600	-1.244655	51.851660	1345.674514
167.630000	-15.760000	-153.482498	15.409600	-1.064172	51.646181	1349.736629
167.630000	-15.760000	-153.482498	15.659600	-0.883693	51.441456	1353.802494
167.630000	-15.760000	-153.482498	15.909600	-0.683107	51.237310	1357.868359
167.630000	-15.760000	-153.482498	16.159600	-0.479701	51.033903	1361.934224
167.630000	-15.760000	-153.482498	16.409600	-0.276864	50.831066	1366.000089
167.630000	-15.760000	-153.482498	16.659600	-0.074753	50.628955	1370.065954
167.630000	-15.760000	-153.482498	16.909600	0.126798	50.427404	1374.131819
167.630000	-15.760000	-153.482498	17.159600	0.327636	50.226566	1378.197684
167.630000	-15.760000	-153.482498	17.409600	0.527923	50.026279	1382.263549
167.630000	-15.760000	-153.482498	17.659600	0.727512	49.826690	1386.329414
167.630000	-15.760000	-153.482498	17.909600	0.926558	49.627644	1390.395279
167.630000	-15.760000	-153.482498	18.159600	1.124919	49.429283	1394.461144
167.630000	-15.760000	-153.482498	18.409600	1.322747	49.231455	1398.527009
167.630000	-15.760000	-153.482498	18.659600	1.519903	49.034299	1402.592874
167.630000	-15.760000	-153.482498	18.909600	0.228875	48.837667	1406.658739
167.630000	-15.760000	-153.482498	19.159600	-1.658990	48.641694	1411.164435
167.630000	-15.760000	-153.482498	19.409600	-2.239360	48.446236	1415.924910
167.630000	-15.760000	-153.482498	19.659600	-2.044548	48.251423	1420.685385
167.630000	-15.760000	-153.482498	19.909600	-1.850242	48.057118	1425.445859
167.630000	-15.760000	-153.482498	20.159600	-1.656568	47.863444	1430.206334
167.630000	-15.760000	-153.482498	20.409600	-1.472173	47.670268	1434.966809
167.630000	-15.760000	-153.482498	20.659600	-1.343175	47.477711	1439.730205
167.630000	-15.760000	-153.482498	20.909600	-1.221936	47.285645	1444.559073
167.630000	-15.760000	-153.482498	21.159600	-1.030475	47.094184	1449.387942
167.630000	-15.760000	-153.482498	21.409600	-0.839496	46.903205	1454.216811
167.630000	-15.760000	-153.482498	21.659600	-0.649109	46.712818	1459.045680
167.630000	-15.760000	-153.482498	21.909600	-0.459196	46.522905	1463.874549
167.630000	-15.760000	-153.482498	22.159600	-0.269863	46.333571	1468.703417
167.630000	-15.760000	-153.482498	22.409600	-0.080995	46.144703	1473.532286
167.630000	-15.760000	-153.482498	22.659600	0.107306	45.956403	1478.361155
167.630000	-15.760000	-153.232498	15.159600	-1.430890	52.043437	1350.621757
167.630000	-15.760000	-153.232498	15.409600	-1.226803	51.838733	1354.683655
167.630000	-15.760000	-153.232498	15.659600	-1.043451	51.634717	1358.745552
167.630000	-15.760000	-153.232498	15.909600	-0.865047	51.431316	1362.810165
167.630000	-15.760000	-153.232498	16.159600	-0.674388	51.228590	1366.876030
167.630000	-15.760000	-153.232498	16.409600	-0.472266	51.026469	1370.941895
167.630000	-15.760000	-153.232498	16.659600	-0.270809	50.825012	1375.007760
167.630000	-15.760000	-153.232498	16.909600	-0.069945	50.624147	1379.073625
167.630000	-15.760000	-153.232498	17.159600	0.130266	50.423936	1383.139490
167.630000	-15.760000	-153.232498	17.409600	0.329897	50.224306	1387.205355
167.630000	-15.760000	-153.232498	17.659600	0.528884	50.025318	1391.271220
167.630000	-15.760000	-153.232498	17.909600	0.727302	49.826900	1395.337085
167.630000	-15.760000	-153.232498	18.159600	0.925089	49.629113	1399.402950
167.630000	-15.760000	-153.232498	18.409600	1.122316	49.431886	1403.468815
167.630000	-15.760000	-153.232498	18.659600	1.318924	49.235278	1407.534680
167.630000	-15.760000	-153.232498	18.909600	-0.050547	49.039219	1411.600545
167.630000	-15.760000	-153.232498	19.159600	-1.933655	48.843769	1416.129805
167.630000	-15.760000	-153.232498	19.409600	-2.441981	48.648856	1420.890280
167.630000	-15.760000	-153.232498	19.659600	-2.247667	48.454542	1425.650754
167.630000	-15.760000	-153.232498	19.909600	-2.053879	48.260754	1430.411229
167.630000	-15.760000	-153.232498	20.159600	-1.860679	48.067554	1435.171704
167.630000	-15.760000	-153.232498	20.409600	-1.737757	47.874870	1439.932179
167.630000	-15.760000	-153.232498	20.659600	-1.561899	47.682763	1444.741785
167.630000	-15.760000	-153.232498	20.909600	-1.427453	47.491161	1449.570653
167.630000	-15.760000	-153.232498	21.159600	-1.236417	47.300126	1454.399522
167.630000	-15.760000	-153.232498	21.409600	-1.045877	47.109586	1459.228391
167.630000	-15.760000	-153.232498	21.659600	-0.855892	46.919601	1464.057260
167.630000	-15.760000	-153.232498	21.909600	-0.666393	46.730101	1468.886129
167.630000	-15.760000	-153.232498	22.159600	-0.477438	46.541146	1473.714997
167.630000	-15.760000	-152.982498	15.159600	-1.621315	52.233862	1355.569001
167.630000	-15.760000	-152.982498	15.409600	-1.417343	52.029890	1359.630898
167.630000	-15.760000	-152.982498	15.659600	-1.214095	51.826642	1363.692795
167.630000	-15.760000	-152.982498	15.909600	-1.023422	51.623944	1367.754693
167.630000	-15.760000	-152.982498	16.159600	-0.846432	51.421958	1371.817836
167.630000	-15.760000	-152.982498	16.409600	-0.665676	51.220513	1375.883701
167.630000	-15.760000	-152.982498	16.659600	-0.465563	51.019765	1379.949566
167.630000	-15.760000	-152.982498	16.909600	-0.265348	50.819550	1384.015431
167.630000	-15.760000	-152.982498	17.159600	-0.065817	50.620020	1388.081297
167.630000	-15.760000	-152.982498	17.409600	0.133189	50.421013	1392.147162
167.630000	-15.760000	-152.982498	17.659600	0.331525	50.222677	1396.213027
167.630000	-15.760000	-152.982498	17.909600	0.529345	50.024857	1400.278892
167.630000	-15.760000	-152.982498	18.159600	0.726508	49.827694	1404.344757
167.630000	-15.760000	-152.982498	18.409600	0.923164	49.631038	1408.410622
167.630000	-15.760000	-152.982498	18.659600	1.119175	49.435028	1412.476487
167.630000	-15.760000	-152.982498	18.909600	-0.328529	49.239515	1416.542352
167.630000	-15.760000	-152.982498	19.159600	-2.206939	49.044634	1421.095175
167.630000	-15.760000	-152.982498	19.409600	-2.643367	48.850242	1425.855650
167.630000	-15.760000	-152.982498	19.659600	-2.449595	48.656470	1430.616124
167.630000	-15.760000	-152.982498	19.909600	-2.256304	48.463179	1435.376599
167.630000	-15.760000	-152.982498	20.159600	-2.130793	48.270495	1440.137074
167.630000	-15.760000	-152.982498	20.409600	-1.946525	48.078283	1444.924496
167.630000	-15.760000	-152.982498	20.659600	-1.822957	47.886666	1449.753364
167.630000	-15.760000	-152.982498	20.909600	-1.631804	47.695513	1454.582233
167.630000	-15.760000	-152.982498	21.159600	-1.441232	47.504941	1459.411102
167.630000	-15.760000	-152.982498	21.409600	-1.251117	47.314825	1464.239971
167.630000	-15.760000	-152.982498	21.659600	-1.061570	47.125279	1469.068840
167.630000	-15.760000	-152.732498	15.159600	-1.810386	52.422933	1360.516244
167.630000	-15.760000	-152.732498	15.409600	-1.607207	52.219754	1364.578141
167.630000	-15.760000	-152.732498	15.659600	-1.404685	52.017232	1368.640038
167.630000	-15.760000	-152.732498	15.909600	-1.202752	51.815299	1372.701936
167.630000	-15.760000	-152.732498	16.159600	-1.005004	51.614011	1376.763833
167.630000	-15.760000	-152.732498	16.409600	-0.828518	51.413301	1380.825731
167.630000	-15.760000	-152.732498	16.659600	-0.653441	51.213226	1384.891373
167.630000	-15.760000	-152.732498	16.909600	-0.459514	51.013717	1388.957238
167.630000	-15.760000	-152.732498	17.159600	-0.260630	50.814832	1393.023103
167.630000	-15.760000	-152.732498	17.409600	-0.062301	50.616503	1397.088968
167.630000	-15.760000	-152.732498	17.659600	0.135414	50.418788	1401.154833
167.630000	-15.760000	-152.732498	17.909600	0.332585	50.221617	1405.220698
167.630000	-15.760000	-152.732498	18.159600	0.529153	50.025049	1409.286563
167.630000	-15.760000	-152.732498	18.409600	0.725187	49.829015	1413.352428
167.630000	-15.760000	-152.732498	18.659600	0.920628	49.633574	1417.418293
167.630000	-15.760000	-152.732498	18.909600	-0.605173	49.438655	1421.484158
167.630000	-15.760000	-152.732498	19.159600	-2.478871	49.244319	1426.060545
167.630000	-15.760000	-152.732498	19.409600	-2.843620	49.050495	1430.821019
167.630000	-15.760000	-152.732498	19.659600	-2.650368	48.857243	1435.581494
167.630000	-15.760000	-152.732498	19.909600	-2.471934	48.664493	1440.341969
167.630000	-15.760000	-152.732498	20.159600	-2.337982	48.472304	1445.107207
167.630000	-15.760000	-152.732498	20.409600	-2.216899	48.280608	1449.936076
167.630000	-15.760000	-152.732498	20.659600	-2.025753	48.089462	1454.764944
167.630000	-15.760000	-152.732498	20.909600	-1.835089	47.898798	1459.593813
167.630000	-15.760000	-152.732498	21.159600	-1.644965	47.708674	1464.422682
167.630000	-15.760000	-152.732498	21.409600	-1.455313	47.519022	1469.251551
167.630000	-15.760000	-152.482498	15.159600	-1.998132	52.610679	1365.463487
167.630000	-15.760000	-152.482498	15.409600	-1.795701	52.408248	1369.525384
167.630000	-15.760000	-152.482498	15.659600	-1.593965	52.206512	1373.587282
167.630000	-15.760000	-152.482498	15.909600	-1.392752	52.005299	1377.649179
167.630000	-15.760000	-152.482498	16.159600	-1.192222	51.804769	1381.711076
167.630000	-15.760000	-152.482498	16.409600	-0.992206	51.604753	1385.772974
167.630000	-15.760000	-152.482498	16.659600	-0.811368	51.405407	1389.834871
167.630000	-15.760000	-152.482498	16.909600	-0.637524	51.206566	1393.899044
167.630000	-15.760000	-152.482498	17.159600	-0.454180	51.008382	1397.964909
167.630000	-15.760000	-152.482498	17.409600	-0.256493	50.810695	1402.030774
167.630000	-15.760000	-152.482498	17.659600	-0.059450	50.613653	1406.096639
167.630000	-15.760000	-152.482498	17.909600	0.137104	50.417098	1410.162504
167.630000	-15.760000	-152.482498	18.159600	0.333026	50.221176	1414.228369
167.630000	-15.760000	-152.482498	18.409600	0.528469	50.025733	1418.294234
167.630000	-15.760000	-152.482498	18.659600	0.723292	49.830910	1422.360099
167.630000	-15.760000	-152.482498	18.909600	-0.880396	49.636558	1426.425964
167.630000	-15.760000	-152.482498	19.159600	-2.749442	49.442813	1431.025914
167.630000	-15.760000	-152.482498	19.409600	-3.042656	49.249531	1435.786389
167.630000	-15.760000	-152.482498	19.659600	-2.849969	49.056844	1440.546864
167.630000	-15.760000	-152.482498	19.909600	-2.727713	48.864612	1445.307339
167.630000	-15.760000	-152.482498	20.159600	-2.557569	48.672962	1450.118787
167.630000	-15.760000	-152.482498	20.409600	-2.418050	48.481759	1454.947655
167.630000	-15.760000	-152.482498	20.659600	-2.227417	48.291126	1459.776524
167.630000	-15.760000	-152.482498	20.909600	-2.037223	48.100932	1464.605393
167.630000	-15.760000	-152.232498	15.159600	-2.184544	52.797091	1370.410730
167.630000	-15.760000	-152.232498	15.409600	-1.982924	52.595471	1374.472628
167.630000	-15.760000	-152.232498	15.659600	-1.781931	52.394478	1378.534525
167.630000	-15.760000	-152.232498	15.909600	-1.581499	52.194046	1382.596422
167.630000	-15.760000	-152.232498	16.159600	-1.381685	51.994232	1386.658320
167.630000	-15.760000	-152.232498	16.409600	-1.182423	51.794970	1390.720217
167.630000	-15.760000	-152.232498	16.659600	-0.983766	51.596313	1394.782114
167.630000	-15.760000	-152.232498	16.909600	-0.794903	51.398198	1398.844012
167.630000	-15.760000	-152.232498	17.159600	-0.622379	51.200678	1402.906715
167.630000	-15.760000	-152.232498	17.409600	-0.447600	51.003689	1406.972580
167.630000	-15.760000	-152.232498	17.659600	-0.253083	50.807285	1411.038445
167.630000	-15.760000	-152.232498	17.909600	-0.057198	50.611400	1415.104310
167.630000	-15.760000	-152.232498	18.159600	0.138110	50.416092	1419.170175
167.630000	-15.760000	-152.232498	18.409600	0.332910	50.221292	1423.236040
167.630000	-15.760000	-152.232498	18.659600	0.527145	50.027058	1427.301905
167.630000	-15.760000	-152.232498	18.909600	-1.154297	49.833322	1431.367770
167.630000	-15.760000	-152.232498	19.159600	-3.018676	49.640141	1435.991284
167.630000	-15.760000	-152.232498	19.409600	-3.240574	49.447449	1440.751759
167.630000	-15.760000	-152.232498	19.659600	-3.115816	49.255302	1445.512234
167.630000	-15.760000	-152.232498	19.909600	-2.932088	49.063634	1450.301498
167.630000	-15.760000	-152.232498	20.159600	-2.808791	48.872500	1455.130367
167.630000	-15.760000	-152.232498	20.409600	-2.618126	48.681835	1459.959235
167.630000	-15.760000	-151.982498	15.159600	-2.369658	52.982205	1375.357973
167.630000	-15.760000	-151.982498	15.409600	-2.168800	52.781347	1379.419871
167.630000	-15.760000	-151.982498	15.659600	-1.968611	52.581158	1383.481768
167.630000	-15.760000	-151.982498	15.909600	-1.768917	52.381464	1387.543665
167.630000	-15.760000	-151.982498	16.159600	-1.569878	52.182425	1391.605563
167.630000	-15.760000	-151.982498	16.409600	-1.371326	51.983873	1395.667460
167.630000	-15.760000	-151.982498	16.659600	-1.173417	51.785964	1399.729357
167.630000	-15.760000	-151.982498	16.909600	-0.975987	51.588534	1403.791255
167.630000	-15.760000	-151.982498	17.159600	-0.781477	51.391734	1407.853152
167.630000	-15.760000	-151.982498	17.409600	-0.607848	51.195404	1411.915050
167.630000	-15.760000	-151.982498	17.659600	-0.437134	50.999693	1415.980251
167.630000	-15.760000	-151.982498	17.909600	-0.250242	50.804444	1420.046117
167.630000	-15.760000	-151.982498	18.159600	-0.055598	50.609801	1424.111982
167.630000	-15.760000	-151.982498	18.409600	0.138591	50.415611	1428.177847
167.630000	-15.760000	-151.982498	18.659600	0.332187	50.222016	1432.243712
167.630000	-15.760000	-151.982498	18.909600	-1.426797	50.028866	1436.309577
167.630000	-15.760000	-151.982498	19.159600	-3.286568	49.836298	1440.956654
167.630000	-15.760000	-151.982498	19.409600	-3.457144	49.644168	1445.717129
167.630000	-15.760000	-151.982498	19.659600	-3.318498	49.452608	1450.484209
167.630000	-15.760000	-151.982498	19.909600	-3.197768	49.261477	1455.313078
167.630000	-15.760000	-151.982498	20.159600	-3.007196	49.070904	1460.141946
167.630000	-15.760000	-151.732498	15.909600	-1.955100	52.567647	1392.490909
167.630000	-15.760000	-151.732498	16.159600	-1.756794	52.369341	1396.552806
167.630000	-15.760000	-151.732498	16.409600	-1.559013	52.171560	1400.614703
167.630000	-15.760000	-151.732498	16.659600	-1.361811	51.974358	1404.676601
167.630000	-15.760000	-151.732498	16.909600	-1.165124	51.777671	1408.738498
167.630000	-15.760000	-151.732498	17.159600	-0.969006	51.581553	1412.800395
167.630000	-15.760000	-151.732498	17.409600	-0.773393	51.385940	1416.862293
167.630000	-15.760000	-151.732498	17.659600	-0.594073	51.190885	1420.924190
167.630000	-15.760000	-151.732498	17.909600	-0.424510	50.996325	1424.987923
167.630000	-15.760000	-151.732498	18.159600	-0.248112	50.802314	1429.053788
167.630000	-15.760000	-151.732498	18.409600	-0.054586	50.608788	1433.119653
167.630000	-15.760000	-151.732498	18.659600	0.138402	50.415800	1437.185518
167.630000	-15.760000	-151.732498	18.909600	-1.697992	50.223287	1441.251383
167.630000	-15.760000	-151.732498	19.159600	-3.553139	50.031303	1445.922024
167.630000	-15.760000	-151.732498	19.409600	-3.703099	49.839784	1450.682498
167.630000	-15.760000	-151.732498	19.659600	-3.538860	49.648783	1455.495789
167.630000	-15.760000	-151.482498	17.409600	-0.962671	51.575218	1421.809536
167.630000	-15.760000	-151.482498	17.659600	-0.768328	51.380875	1425.871433
167.630000	-15.760000	-151.482498	17.909600	-0.580900	51.186968	1429.933331
167.630000	-15.760000	-151.482498	18.159600	-0.412569	50.993641	1433.995594
167.630000	-15.760000	-151.482498	18.409600	-0.243404	50.800744	1438.061459
167.630000	-15.760000	-151.482498	18.659600	-0.054213	50.608415	1442.127324
167.630000	-15.760000	-151.482498	18.909600	-1.967803	50.416506	1446.193189
167.630000	-15.760000	-151.482498	19.159600	-3.886614	50.225155	1450.887393
167.630000	-15.760000	-151.482498	19.409600	-3.902884	50.034217	1455.678500
167.630000	-15.760000	-151.232498	18.659600	-0.234538	50.799870	1447.069130
167.630000	-15.760000	-151.232498	18.909600	-2.263677	50.608619	1451.134995
