153.730000	46.140000	-159.164993	21.159600	-1.426918	136.690003	1248.813068
153.730000	46.140000	-159.164993	21.409600	-1.502812	136.563835	1244.065834
153.730000	46.140000	-159.164993	21.659600	0.179983	136.436630	1239.420513
153.730000	46.140000	-159.164993	21.909600	2.600815	136.308396	1234.421878
153.730000	46.140000	-159.164993	22.159600	2.851787	136.179092	1229.340483
153.730000	46.140000	-159.164993	22.409600	3.125748	136.048726	1224.193792
153.730000	46.140000	-159.164993	22.659600	2.746292	135.917255	1219.227536
153.730000	46.140000	-159.164993	22.909600	2.878858	135.784689	1214.261281
153.730000	46.140000	-158.914993	20.159600	-1.988903	137.111894	1272.486577
153.730000	46.140000	-158.914993	20.409600	-1.735063	136.990437	1267.739343
153.730000	46.140000	-158.914993	20.659600	-1.487313	136.867953	1262.992109
153.730000	46.140000	-158.914993	20.909600	-1.363937	136.744577	1258.244875
153.730000	46.140000	-158.914993	21.159600	-0.937236	136.620141	1253.497642
153.730000	46.140000	-158.914993	21.409600	0.763225	136.494786	1248.753831
153.730000	46.140000	-158.914993	21.659600	2.803378	136.368337	1243.748568
153.730000	46.140000	-158.914993	21.909600	2.952503	136.240940	1238.743305
153.730000	46.140000	-158.914993	22.159600	3.310772	136.112413	1233.738042
153.730000	46.140000	-158.914993	22.409600	3.053320	135.982910	1228.562355
153.730000	46.140000	-158.914993	22.659600	2.811308	135.852239	1223.596100
153.730000	46.140000	-158.914993	22.909600	2.942986	135.720561	1218.629844
153.730000	46.140000	-158.914993	23.159600	3.075869	135.587678	1213.663589
153.730000	46.140000	-158.914993	23.409600	3.209792	135.453755	1208.697333
153.730000	46.140000	-158.914993	23.659600	3.344960	135.318587	1203.731077
153.730000	46.140000	-158.664993	19.159600	-2.661426	137.514043	1296.156129
153.730000	46.140000	-158.664993	19.409600	-2.289243	137.396917	1291.412852
153.730000	46.140000	-158.664993	19.659600	-2.031232	137.278898	1286.665618
153.730000	46.140000	-158.664993	19.909600	-1.783699	137.159987	1281.918384
153.730000	46.140000	-158.664993	20.159600	-1.659513	137.040154	1277.171150
153.730000	46.140000	-158.664993	20.409600	-1.538761	136.919401	1272.423916
153.730000	46.140000	-158.664993	20.659600	-1.429969	136.797698	1267.676683
153.730000	46.140000	-158.664993	20.909600	-0.350207	136.675047	1262.929449
153.730000	46.140000	-158.664993	21.159600	1.347430	136.551414	1258.080521
153.730000	46.140000	-158.664993	21.409600	2.766637	136.426805	1253.075258
153.730000	46.140000	-158.664993	21.659600	2.892260	136.301182	1248.069995
153.730000	46.140000	-158.664993	21.909600	3.018889	136.174554	1243.064732
153.730000	46.140000	-158.664993	22.159600	3.302947	136.046877	1238.059469
153.730000	46.140000	-158.664993	22.409600	2.959227	135.918165	1232.998794
153.730000	46.140000	-158.664993	22.659600	3.068603	135.788370	1227.964663
153.730000	46.140000	-158.664993	22.909600	3.006041	135.657506	1222.998408
153.730000	46.140000	-158.664993	23.159600	3.138023	135.525524	1218.032152
153.730000	46.140000	-158.664993	23.409600	3.150739	135.392441	1213.065897
153.730000	46.140000	-158.664993	23.659600	3.106512	135.258202	1208.099641
153.730000	46.140000	-158.664993	23.909600	2.943850	135.122826	1203.140491
153.730000	46.140000	-158.664993	24.159600	2.802826	134.986257	1198.223152
153.730000	46.140000	-158.414993	18.159600	-3.295722	137.897730	1319.784937
153.730000	46.140000	-158.414993	18.409600	-2.947408	137.784707	1315.079872
153.730000	46.140000	-158.414993	18.659600	-2.578440	137.670797	1310.339127
153.730000	46.140000	-158.414993	18.909600	-2.316153	137.556113	1305.591893
153.730000	46.140000	-158.414993	19.159600	-2.071966	137.440513	1300.844659
153.730000	46.140000	-158.414993	19.409600	-1.943476	137.324117	1296.097425
153.730000	46.140000	-158.414993	19.659600	-1.826135	137.206776	1291.350191
153.730000	46.140000	-158.414993	19.909600	-1.707975	137.088615	1286.602958
153.730000	46.140000	-158.414993	20.159600	-1.588839	136.969479	1281.855724
153.730000	46.140000	-158.414993	20.409600	-1.433849	136.849499	1277.108490
153.730000	46.140000	-158.414993	20.659600	0.111919	136.728512	1272.365480
153.730000	46.140000	-158.414993	20.909600	1.809783	136.606655	1267.407211
153.730000	46.140000	-158.414993	21.159600	2.567470	136.483759	1262.401948
153.730000	46.140000	-158.414993	21.409600	2.685637	136.359967	1257.396684
153.730000	46.140000	-158.414993	21.659600	2.804877	136.235103	1252.391421
153.730000	46.140000	-158.414993	21.909600	2.925042	136.109314	1247.386158
153.730000	46.140000	-158.414993	22.159600	3.046315	135.982419	1242.380895
153.730000	46.140000	-158.414993	22.409600	3.093384	135.854571	1237.375632
153.730000	46.140000	-158.414993	22.659600	3.095994	135.725579	1232.333227
153.730000	46.140000	-158.414993	22.909600	2.850599	135.595606	1227.366971
153.730000	46.140000	-158.414993	23.159600	2.717653	135.464451	1222.400716
153.730000	46.140000	-158.414993	23.409600	2.551679	135.332284	1217.471541
153.730000	46.140000	-158.414993	23.659600	2.494528	135.198897	1212.554202
153.730000	46.140000	-158.414993	23.909600	2.496016	135.064466	1207.636862
153.730000	46.140000	-158.414993	24.159600	2.631709	134.928773	1202.719523
153.730000	46.140000	-158.164993	17.159600	-3.796097	138.264227	1343.413745
153.730000	46.140000	-158.164993	17.409600	-3.560576	138.154982	1338.708680
153.730000	46.140000	-158.164993	17.659600	-3.222985	138.044966	1334.003614
153.730000	46.140000	-158.164993	17.909600	-2.857136	137.934174	1329.265402
153.730000	46.140000	-158.164993	18.159600	-2.597224	137.822586	1324.518168
153.730000	46.140000	-158.164993	18.409600	-2.564093	137.710198	1319.770934
153.730000	46.140000	-158.164993	18.659600	-2.637631	137.596990	1315.023700
153.730000	46.140000	-158.164993	18.909600	-2.728553	137.482959	1310.276466
153.730000	46.140000	-158.164993	19.159600	-2.817159	137.368081	1305.529233
153.730000	46.140000	-158.164993	19.409600	-2.903461	137.252356	1300.781999
153.730000	46.140000	-158.164993	19.659600	-2.987442	137.135757	1296.034765
153.730000	46.140000	-158.164993	19.909600	-3.069114	137.018286	1291.287531
153.730000	46.140000	-158.164993	20.159600	-2.434316	136.899913	1286.540297
153.730000	46.140000	-158.164993	20.409600	-1.274250	136.780641	1281.777456
153.730000	46.140000	-158.164993	20.659600	0.174454	136.660439	1276.773916
153.730000	46.140000	-158.164993	20.909600	0.433788	136.539310	1271.770376
153.730000	46.140000	-158.164993	21.159600	0.550606	136.417221	1266.766836
153.730000	46.140000	-158.164993	21.409600	0.668378	136.294179	1261.763296
153.730000	46.140000	-158.164993	21.659600	0.787143	136.170144	1256.759756
153.730000	46.140000	-158.164993	21.909600	0.906892	136.045127	1251.756216
153.730000	46.140000	-158.164993	22.159600	1.027666	135.919085	1246.752676
153.730000	46.140000	-158.164993	22.409600	1.847614	135.792030	1241.749136
153.730000	46.140000	-158.164993	22.659600	2.403956	135.663917	1236.719930
153.730000	46.140000	-158.164993	22.909600	2.219080	135.534760	1231.802590
153.730000	46.140000	-158.164993	23.159600	2.193549	135.404510	1226.885251
153.730000	46.140000	-158.164993	23.409600	2.287299	135.273183	1221.967912
153.730000	46.140000	-158.164993	23.659600	2.419755	135.140727	1217.050573
153.730000	46.140000	-158.164993	23.909600	2.553321	135.007161	1212.133234
153.730000	46.140000	-158.164993	24.159600	2.688055	134.872427	1207.215894
153.730000	46.140000	-158.164993	24.409600	2.823934	134.736548	1202.298555
153.730000	46.140000	-157.914993	16.159600	-4.265850	138.614612	1367.042552
153.730000	46.140000	-157.914993	16.409600	-4.342643	138.508955	1362.337487
153.730000	46.140000	-157.914993	16.659600	-4.313249	138.402528	1357.632422
153.730000	46.140000	-157.914993	16.909600	-4.189970	138.295430	1352.927357
153.730000	46.140000	-157.914993	17.159600	-4.031081	138.187537	1348.191677
153.730000	46.140000	-157.914993	17.409600	-3.964047	138.078952	1343.444443
153.730000	46.140000	-157.914993	17.659600	-3.930853	137.969549	1338.697209
153.730000	46.140000	-157.914993	17.909600	-3.999799	137.859435	1333.949975
153.730000	46.140000	-157.914993	18.159600	-4.292478	137.748476	1329.205007
153.730000	46.140000	-157.914993	18.409600	-4.577350	137.636784	1324.526040
153.730000	46.140000	-157.914993	18.659600	-4.658923	137.524222	1319.847073
153.730000	46.140000	-157.914993	18.909600	-4.738334	137.410906	1315.168106
153.730000	46.140000	-157.914993	19.159600	-4.815452	137.296692	1310.489139
153.730000	46.140000	-157.914993	19.409600	-4.890408	137.181701	1305.810172
153.730000	46.140000	-157.914993	19.659600	-4.712774	137.065784	1301.131204
153.730000	46.140000	-157.914993	19.909600	-3.251462	136.949068	1296.452237
153.730000	46.140000	-157.914993	20.159600	-2.119140	136.831396	1291.544876
153.730000	46.140000	-157.914993	20.409600	-1.815250	136.712900	1286.703744
153.730000	46.140000	-157.914993	20.659600	-1.589845	136.593417	1281.751292
153.730000	46.140000	-157.914993	20.909600	-1.322888	136.473087	1276.747752
153.730000	46.140000	-157.914993	21.159600	-1.201540	136.351738	1271.744212
153.730000	46.140000	-157.914993	21.409600	-1.079317	136.229516	1266.740672
153.730000	46.140000	-157.914993	21.659600	-0.956044	136.106243	1261.737132
153.730000	46.140000	-157.914993	21.909600	-0.831870	135.982068	1256.733591
153.730000	46.140000	-157.914993	22.159600	0.661417	135.856810	1251.730051
153.730000	46.140000	-157.914993	22.409600	3.089468	135.730622	1246.524067
153.730000	46.140000	-157.914993	22.659600	2.700126	135.603315	1241.267824
153.730000	46.140000	-157.914993	22.909600	2.234492	135.475050	1236.298961
153.730000	46.140000	-157.914993	23.159600	2.214853	135.345629	1231.381622
153.730000	46.140000	-157.914993	23.409600	2.345261	135.215221	1226.464283
153.730000	46.140000	-157.914993	23.659600	2.476864	135.083618	1221.546944
153.730000	46.140000	-157.914993	23.909600	2.609485	134.950997	1216.629605
153.730000	46.140000	-157.914993	24.159600	2.743340	134.817142	1211.712265
153.730000	46.140000	-157.914993	24.409600	2.878245	134.682237	1206.794926
153.730000	46.140000	-157.664993	15.159600	-4.755589	138.949968	1390.697285
153.730000	46.140000	-157.664993	15.409600	-4.641041	138.847619	1385.988094
153.730000	46.140000	-157.664993	15.659600	-4.525820	138.744603	1381.278903
153.730000	46.140000	-157.664993	15.909600	-4.409915	138.640909	1376.569712
153.730000	46.140000	-157.664993	16.159600	-4.493616	138.536526	1371.860521
153.730000	46.140000	-157.664993	16.409600	-4.924259	138.431446	1367.216980
153.730000	46.140000	-157.664993	16.659600	-5.692299	138.325656	1362.538013
153.730000	46.140000	-157.664993	16.909600	-5.658992	138.219149	1357.859046
153.730000	46.140000	-157.664993	17.159600	-5.710124	138.111909	1353.180079
153.730000	46.140000	-157.664993	17.409600	-5.791518	138.003932	1348.501111
153.730000	46.140000	-157.664993	17.659600	-5.870787	137.895200	1343.822144
153.730000	46.140000	-157.664993	17.909600	-5.947938	137.785709	1339.143177
153.730000	46.140000	-157.664993	18.159600	-6.016832	137.675439	1334.464210
153.730000	46.140000	-157.664993	18.409600	-5.905781	137.564387	1329.785243
153.730000	46.140000	-157.664993	18.659600	-5.793926	137.452533	1325.106276
153.730000	46.140000	-157.664993	18.909600	-5.681267	137.339873	1320.427308
153.730000	46.140000	-157.664993	19.159600	-5.567779	137.226386	1315.748341
153.730000	46.140000	-157.664993	19.409600	-4.483297	137.112070	1311.069374
153.730000	46.140000	-157.664993	19.659600	-2.619482	136.996899	1306.299905
153.730000	46.140000	-157.664993	19.909600	-1.149026	136.880876	1301.319890
153.730000	46.140000	-157.664993	20.159600	-1.854889	136.763970	1296.387201
153.730000	46.140000	-157.664993	20.409600	-2.076457	136.646187	1291.606093
153.730000	46.140000	-157.664993	20.659600	-1.740620	136.527493	1286.728667
153.730000	46.140000	-157.664993	20.909600	-1.257695	136.407894	1281.725127
153.730000	46.140000	-157.664993	21.159600	-1.137157	136.287356	1276.721587
153.730000	46.140000	-157.664993	21.409600	-1.015687	136.165885	1271.718047
153.730000	46.140000	-157.664993	21.659600	-0.893246	136.043445	1266.714507
153.730000	46.140000	-157.664993	21.909600	1.001071	135.920044	1261.710967
153.730000	46.140000	-157.664993	22.159600	4.165774	135.795642	1256.434982
153.730000	46.140000	-157.664993	22.409600	4.322062	135.670250	1250.901645
153.730000	46.140000	-157.664993	22.659600	2.385132	135.543824	1245.829065
153.730000	46.140000	-157.664993	22.909600	2.280607	135.416378	1240.795333
153.730000	46.140000	-157.664993	23.159600	2.272619	135.287863	1235.877993
153.730000	46.140000	-157.664993	23.409600	2.402186	135.158296	1230.960654
153.730000	46.140000	-157.664993	23.659600	2.532856	135.027626	1226.043315
153.730000	46.140000	-157.664993	23.909600	2.664611	134.895871	1221.125976
153.730000	46.140000	-157.664993	24.159600	2.797507	134.762975	1216.208637
153.730000	46.140000	-157.664993	24.409600	2.931520	134.628962	1211.291297
153.730000	46.140000	-157.414993	15.159600	-4.864557	138.870536	1395.549849
153.730000	46.140000	-157.414993	15.409600	-4.627844	138.768789	1390.840658
153.730000	46.140000	-157.414993	15.659600	-4.525385	138.666329	1386.131467
153.730000	46.140000	-157.414993	15.909600	-4.422306	138.563251	1381.422276
153.730000	46.140000	-157.414993	16.159600	-4.793524	138.459440	1376.713085
153.730000	46.140000	-157.414993	16.409600	-6.188467	138.354992	1372.158893
153.730000	46.140000	-157.414993	16.659600	-6.737692	138.249789	1367.797215
153.730000	46.140000	-157.414993	16.909600	-6.485323	138.143930	1363.118248
153.730000	46.140000	-157.414993	17.159600	-6.378686	138.037292	1358.439281
153.730000	46.140000	-157.414993	17.409600	-6.271374	137.929980	1353.760314
153.730000	46.140000	-157.414993	17.659600	-6.163259	137.821866	1349.081347
153.730000	46.140000	-157.414993	17.909600	-6.054450	137.713057	1344.402380
153.730000	46.140000	-157.414993	18.159600	-5.944814	137.603420	1339.723412
153.730000	46.140000	-157.414993	18.409600	-5.834463	137.493070	1335.044445
153.730000	46.140000	-157.414993	18.659600	-5.723259	137.381865	1330.365478
153.730000	46.140000	-157.414993	18.909600	-5.296228	137.269926	1325.686511
153.730000	46.140000	-157.414993	19.159600	-3.580977	137.157106	1321.007544
153.730000	46.140000	-157.414993	19.409600	-1.717722	137.043529	1316.074918
153.730000	46.140000	-157.414993	19.659600	-0.844704	136.929044	1311.094903
153.730000	46.140000	-157.414993	19.909600	-1.365528	136.813779	1306.114888
153.730000	46.140000	-157.414993	20.159600	-2.282740	136.697578	1301.289550
153.730000	46.140000	-157.414993	20.409600	-2.234206	136.580574	1296.508442
153.730000	46.140000	-157.414993	20.659600	-1.739026	136.462603	1291.706043
153.730000	46.140000	-157.414993	20.909600	-1.193607	136.343806	1286.702503
153.730000	46.140000	-157.414993	21.159600	-1.073812	136.224011	1281.698963
153.730000	46.140000	-157.414993	21.409600	-0.953165	136.103363	1276.695423
153.730000	46.140000	-157.414993	21.659600	1.342126	135.981687	1271.691882
153.730000	46.140000	-157.414993	21.909600	4.502271	135.859133	1266.345897
153.730000	46.140000	-157.414993	22.159600	5.543398	135.735516	1260.812561
153.730000	46.140000	-157.414993	22.409600	3.309003	135.610994	1255.425914
153.730000	46.140000	-157.414993	22.659600	2.344425	135.485375	1250.390306
153.730000	46.140000	-157.414993	22.909600	2.319904	135.358823	1245.354697
153.730000	46.140000	-157.414993	23.159600	2.481063	135.231139	1240.374365
153.730000	46.140000	-157.414993	23.409600	2.457990	135.102492	1235.457025
153.730000	46.140000	-157.414993	23.659600	2.587806	134.972676	1230.539686
153.730000	46.140000	-157.414993	23.909600	2.718614	134.841868	1225.622347
153.730000	46.140000	-157.414993	24.159600	2.850630	134.709852	1220.705008
153.730000	46.140000	-157.414993	24.409600	2.983671	134.576811	1215.787669
153.730000	46.140000	-157.164993	15.159600	-4.827240	138.792131	1400.188827
153.730000	46.140000	-157.164993	15.409600	-4.681031	138.690937	1395.693223
153.730000	46.140000	-157.164993	15.659600	-4.448143	138.589088	1390.984032
153.730000	46.140000	-157.164993	15.909600	-4.345632	138.486577	1386.274841
153.730000	46.140000	-157.164993	16.159600	-4.872055	138.383392	1381.565650
153.730000	46.140000	-157.164993	16.409600	-6.328040	138.279526	1377.061367
153.730000	46.140000	-157.164993	16.659600	-6.796729	138.174965	1372.752257
153.730000	46.140000	-157.164993	16.909600	-6.552867	138.069702	1368.377451
153.730000	46.140000	-157.164993	17.159600	-6.305117	137.963724	1363.698484
153.730000	46.140000	-157.164993	17.409600	-6.198417	137.857023	1359.019516
153.730000	46.140000	-157.164993	17.659600	-6.090978	137.749585	1354.340549
153.730000	46.140000	-157.164993	17.909600	-5.982797	137.641403	1349.661582
153.730000	46.140000	-157.164993	18.159600	-5.873854	137.532461	1344.982615
153.730000	46.140000	-157.164993	18.409600	-5.764147	137.422754	1340.303648
153.730000	46.140000	-157.164993	18.659600	-4.536865	137.312262	1335.624681
153.730000	46.140000	-157.164993	18.909600	-2.676719	137.200983	1330.829947
153.730000	46.140000	-157.164993	19.159600	-1.145684	137.088894	1325.849932
153.730000	46.140000	-157.164993	19.409600	-0.891656	136.975995	1320.869917
153.730000	46.140000	-157.164993	19.659600	-0.959943	136.862261	1315.889901
153.730000	46.140000	-157.164993	19.909600	-1.931625	136.747693	1310.973007
153.730000	46.140000	-157.164993	20.159600	-2.349595	136.632262	1306.191899
153.730000	46.140000	-157.164993	20.409600	-2.233306	136.515974	1301.410792
153.730000	46.140000	-157.164993	20.659600	-1.677338	136.398794	1296.629684
153.730000	46.140000	-157.164993	20.909600	-1.284776	136.280732	1291.679878
153.730000	46.140000	-157.164993	21.159600	-1.011551	136.161750	1286.676338
153.730000	46.140000	-157.164993	21.409600	1.684425	136.041858	1281.672798
153.730000	46.140000	-157.164993	21.659600	4.839852	135.921017	1276.256813
153.730000	46.140000	-157.164993	21.909600	5.852250	135.799238	1270.723476
153.730000	46.140000	-157.164993	22.159600	5.075118	135.676480	1265.190139
153.730000	46.140000	-157.164993	22.409600	2.746533	135.552756	1259.987155
153.730000	46.140000	-157.164993	22.659600	2.401781	135.428019	1254.951546
153.730000	46.140000	-157.164993	22.909600	2.527513	135.302287	1249.915938
153.730000	46.140000	-157.164993	23.159600	2.518228	135.175511	1244.880329
153.730000	46.140000	-157.164993	23.409600	2.540594	135.047707	1239.953396
153.730000	46.140000	-157.164993	23.659600	2.641657	134.918825	1235.036057
153.730000	46.140000	-157.164993	23.909600	2.771598	134.788884	1230.118718
153.730000	46.140000	-157.164993	24.159600	2.902655	134.657827	1225.201379
153.730000	46.140000	-157.164993	24.409600	3.034802	134.525680	1220.284040
153.730000	46.140000	-156.914993	15.409600	-4.644967	138.614115	1400.369206
153.730000	46.140000	-156.914993	15.659600	-4.499028	138.512829	1395.836596
153.730000	46.140000	-156.914993	15.909600	-4.269995	138.410940	1391.127405
153.730000	46.140000	-156.914993	16.159600	-4.952369	138.308332	1386.418214
153.730000	46.140000	-156.914993	16.409600	-6.415338	138.205102	1381.963840
153.730000	46.140000	-156.914993	16.659600	-6.786745	138.101132	1377.654730
153.730000	46.140000	-156.914993	16.909600	-6.613179	137.996523	1373.345620
153.730000	46.140000	-156.914993	17.159600	-6.369591	137.891151	1368.957686
153.730000	46.140000	-156.914993	17.409600	-6.126514	137.785121	1364.278719
153.730000	46.140000	-156.914993	17.659600	-6.019697	137.678304	1359.599752
153.730000	46.140000	-156.914993	17.909600	-5.912204	137.570810	1354.920784
153.730000	46.140000	-156.914993	18.159600	-5.419527	137.462505	1350.241817
153.730000	46.140000	-156.914993	18.409600	-3.630596	137.353503	1345.562850
153.730000	46.140000	-156.914993	18.659600	-1.771006	137.243666	1340.604960
153.730000	46.140000	-156.914993	18.909600	-1.048771	137.133110	1335.624945
153.730000	46.140000	-156.914993	19.159600	-0.937353	137.021693	1330.644930
153.730000	46.140000	-156.914993	19.409600	-0.825197	136.909537	1325.664915
153.730000	46.140000	-156.914993	19.659600	-1.441250	136.796492	1320.684899
153.730000	46.140000	-156.914993	19.909600	-2.314977	136.682686	1315.875356
153.730000	46.140000	-156.914993	20.159600	-2.285295	136.567963	1311.094248
153.730000	46.140000	-156.914993	20.409600	-2.169789	136.452457	1306.313141
153.730000	46.140000	-156.914993	20.659600	-1.774125	136.336005	1301.532033
153.730000	46.140000	-156.914993	20.909600	-1.374294	136.218745	1296.657254
153.730000	46.140000	-156.914993	21.159600	2.027973	136.100510	1291.653714
153.730000	46.140000	-156.914993	21.409600	5.178329	135.981443	1286.167728
153.730000	46.140000	-156.914993	21.659600	5.790119	135.861369	1280.634391
153.730000	46.140000	-156.914993	21.909600	5.869984	135.740439	1275.101054
153.730000	46.140000	-156.914993	22.159600	4.063220	135.618468	1269.584004
153.730000	46.140000	-156.914993	22.409600	2.334185	135.495615	1264.548395
153.730000	46.140000	-156.914993	22.659600	2.458111	135.371689	1259.512787
153.730000	46.140000	-156.914993	22.909600	2.582948	135.246852	1254.477178
153.730000	46.140000	-156.914993	23.159600	2.584596	135.120908	1249.441570
153.730000	46.140000	-156.914993	23.409600	2.714894	134.994025	1244.449768
153.730000	46.140000	-156.914993	23.659600	2.694484	134.865998	1239.532428
153.730000	46.140000	-156.914993	23.909600	2.823478	134.737004	1234.615089
153.730000	46.140000	-156.914993	24.159600	2.953654	134.606828	1229.697750
153.730000	46.140000	-156.914993	24.409600	3.084828	134.475654	1224.780411
153.730000	46.140000	-156.664993	15.409600	-4.714667	138.538259	1404.851360
153.730000	46.140000	-156.664993	15.659600	-4.464219	138.437589	1400.549585
153.730000	46.140000	-156.664993	15.909600	-4.318606	138.336272	1395.979969
153.730000	46.140000	-156.664993	16.159600	-5.034507	138.234295	1391.270778
153.730000	46.140000	-156.664993	16.409600	-6.504429	138.131652	1386.866314
153.730000	46.140000	-156.664993	16.659600	-6.713943	138.028330	1382.557204
153.730000	46.140000	-156.664993	16.909600	-6.609934	137.924322	1378.248094
153.730000	46.140000	-156.664993	17.159600	-6.431175	137.819613	1373.938984
153.730000	46.140000	-156.664993	17.409600	-6.187927	137.714199	1369.537921
153.730000	46.140000	-156.664993	17.659600	-5.940964	137.608063	1364.858954
153.730000	46.140000	-156.664993	17.909600	-4.579151	137.501201	1360.179987
153.730000	46.140000	-156.664993	18.159600	-2.722477	137.393594	1355.359989
153.730000	46.140000	-156.664993	18.409600	-1.266875	137.285240	1350.379974
153.730000	46.140000	-156.664993	18.659600	-1.091779	137.176118	1345.399959
153.730000	46.140000	-156.664993	18.909600	-0.981888	137.066228	1340.419943
153.730000	46.140000	-156.664993	19.159600	-0.871206	136.955545	1335.439928
153.730000	46.140000	-156.664993	19.409600	-0.987488	136.844071	1330.459913
153.730000	46.140000	-156.664993	19.659600	-2.008724	136.731780	1325.558813
153.730000	46.140000	-156.664993	19.909600	-2.336007	136.618674	1320.777705
153.730000	46.140000	-156.664993	20.159600	-2.222057	136.504725	1315.996597
153.730000	46.140000	-156.664993	20.409600	-2.073992	136.389937	1311.215490
153.730000	46.140000	-156.664993	20.659600	-1.314673	136.274279	1306.434382
153.730000	46.140000	-156.664993	20.909600	1.854402	136.157758	1301.611980
153.730000	46.140000	-156.664993	21.159600	5.460683	136.040338	1296.078643
153.730000	46.140000	-156.664993	21.409600	5.729459	135.922029	1290.545306
153.730000	46.140000	-156.664993	21.659600	5.848695	135.802792	1285.011969
153.730000	46.140000	-156.664993	21.909600	5.459490	135.682640	1279.478633
153.730000	46.140000	-156.664993	22.159600	3.097655	135.561530	1274.145244
153.730000	46.140000	-156.664993	22.409600	2.390324	135.439477	1269.109636
153.730000	46.140000	-156.664993	22.659600	2.513366	135.316434	1264.074028
153.730000	46.140000	-156.664993	22.909600	2.637381	135.192419	1259.038419
153.730000	46.140000	-156.664993	23.159600	2.762417	135.067383	1254.002811
153.730000	46.140000	-156.664993	23.409600	2.749155	134.941345	1248.967202
153.730000	46.140000	-156.664993	23.659600	2.807271	134.814252	1244.028799
153.730000	46.140000	-156.664993	23.909600	2.874356	134.686126	1239.111460
153.730000	46.140000	-156.664993	24.159600	3.003572	134.556910	1234.194121
153.730000	46.140000	-156.664993	24.409600	3.133853	134.426629	1229.276782
153.730000	46.140000	-156.664993	24.659600	3.265260	134.295221	1224.359443
153.730000	46.140000	-156.414993	15.409600	-4.639829	138.463421	1409.333514
153.730000	46.140000	-156.414993	15.659600	-4.539727	138.363319	1405.031739
153.730000	46.140000	-156.414993	15.909600	-4.285070	138.262628	1400.729963
153.730000	46.140000	-156.414993	16.159600	-5.249944	138.161233	1396.123343
153.730000	46.140000	-156.414993	16.409600	-6.435078	138.059232	1391.768788
153.730000	46.140000	-156.414993	16.659600	-6.412736	137.956505	1387.459678
153.730000	46.140000	-156.414993	16.909600	-6.240007	137.853156	1383.150568
153.730000	46.140000	-156.414993	17.159600	-6.066340	137.749057	1378.841458
153.730000	46.140000	-156.414993	17.409600	-5.806429	137.644318	1374.532348
153.730000	46.140000	-156.414993	17.659600	-4.109065	137.538808	1370.115018
153.730000	46.140000	-156.414993	17.909600	-1.644875	137.432637	1365.135002
153.730000	46.140000	-156.414993	18.159600	-1.241333	137.325672	1360.154987
153.730000	46.140000	-156.414993	18.409600	-1.133688	137.218028	1355.174972
153.730000	46.140000	-156.414993	18.659600	-1.025224	137.109564	1350.194957
153.730000	46.140000	-156.414993	18.909600	-0.916061	137.000401	1345.214941
153.730000	46.140000	-156.414993	19.159600	-0.806054	136.890393	1340.234926
153.730000	46.140000	-156.414993	19.409600	-1.517435	136.779666	1335.254911
153.730000	46.140000	-156.414993	19.659600	-2.347563	136.668067	1330.461162
153.730000	46.140000	-156.414993	19.909600	-2.215320	136.555726	1325.680054
153.730000	46.140000	-156.414993	20.159600	-1.547323	136.442488	1320.898947
153.730000	46.140000	-156.414993	20.409600	-0.380513	136.328486	1316.106453
153.730000	46.140000	-156.414993	20.659600	1.843210	136.213557	1311.149093
153.730000	46.140000	-156.414993	20.909600	4.747624	136.097842	1305.977624
153.730000	46.140000	-156.414993	21.159600	5.640232	135.981171	1300.456221
153.730000	46.140000	-156.414993	21.409600	5.787798	135.863690	1294.922885
153.730000	46.140000	-156.414993	21.659600	5.906266	135.745222	1289.389548
153.730000	46.140000	-156.414993	21.909600	4.815806	135.625920	1283.856211
153.730000	46.140000	-156.414993	22.159600	2.645228	135.505599	1278.706485
153.730000	46.140000	-156.414993	22.409600	2.445382	135.384419	1273.670877
153.730000	46.140000	-156.414993	22.659600	2.567613	135.262187	1268.635268
153.730000	46.140000	-156.414993	22.909600	2.690731	135.139069	1263.599660
153.730000	46.140000	-156.414993	23.159600	2.814933	135.014867	1258.564051
153.730000	46.140000	-156.414993	23.409600	2.848356	134.889750	1253.528443
153.730000	46.140000	-156.414993	23.659600	2.942130	134.763514	1248.525171
153.730000	46.140000	-156.414993	23.909600	2.924148	134.636334	1243.607831
153.730000	46.140000	-156.414993	24.159600	3.052483	134.507999	1238.690492
153.730000	46.140000	-156.414993	24.409600	3.181791	134.378691	1233.773153
153.730000	46.140000	-156.414993	24.659600	3.312293	134.248189	1228.855814
153.730000	46.140000	-156.164993	15.659600	-4.466463	138.290055	1409.513893
153.730000	46.140000	-156.164993	15.909600	-4.366349	138.189941	1405.212117
153.730000	46.140000	-156.164993	16.159600	-5.247167	138.089183	1400.910342
153.730000	46.140000	-156.164993	16.409600	-5.923724	137.987773	1396.616153
153.730000	46.140000	-156.164993	16.659600	-5.623583	137.885698	1392.283348
153.730000	46.140000	-156.164993	16.909600	-5.449884	137.782953	1387.950543
153.730000	46.140000	-156.164993	17.159600	-5.275306	137.679523	1383.617738
153.730000	46.140000	-156.164993	17.409600	-4.557653	137.575404	1379.284934
153.730000	46.140000	-156.164993	17.659600	-2.161424	137.470579	1374.786040
153.730000	46.140000	-156.164993	17.909600	-0.998937	137.365044	1369.869833
153.730000	46.140000	-156.164993	18.159600	-0.901684	137.258781	1364.949985
153.730000	46.140000	-156.164993	18.409600	-0.814043	137.151788	1359.969970
153.730000	46.140000	-156.164993	18.659600	-0.897783	137.044044	1354.989955
153.730000	46.140000	-156.164993	18.909600	-0.851210	136.935549	1350.009940
153.730000	46.140000	-156.164993	19.159600	-1.024920	136.826280	1345.029924
153.730000	46.140000	-156.164993	19.409600	-2.003848	136.716237	1340.144619
153.730000	46.140000	-156.164993	19.659600	-1.660286	136.605396	1335.363511
153.730000	46.140000	-156.164993	19.909600	-0.495855	136.493758	1330.562657
153.730000	46.140000	-156.164993	20.159600	0.611869	136.381297	1325.605297
153.730000	46.140000	-156.164993	20.409600	1.977238	136.268016	1320.647938
153.730000	46.140000	-156.164993	20.659600	3.647853	136.153884	1315.536265
153.730000	46.140000	-156.164993	20.909600	4.910775	136.038909	1310.318753
153.730000	46.140000	-156.164993	21.159600	5.606216	135.923056	1304.833800
153.730000	46.140000	-156.164993	21.409600	5.845153	135.806334	1299.300463
153.730000	46.140000	-156.164993	21.659600	5.786905	135.688706	1293.767126
153.730000	46.140000	-156.164993	21.909600	3.800605	135.570184	1288.303334
153.730000	46.140000	-156.164993	22.159600	2.379075	135.450726	1283.267726
153.730000	46.140000	-156.164993	22.409600	2.499454	135.330346	1278.232117
153.730000	46.140000	-156.164993	22.659600	2.620800	135.209000	1273.196509
153.730000	46.140000	-156.164993	22.909600	2.743095	135.086705	1268.160901
153.730000	46.140000	-156.164993	23.159600	2.866389	134.963412	1263.125292
153.730000	46.140000	-156.164993	23.409600	2.990660	134.839140	1258.089684
153.730000	46.140000	-156.164993	23.659600	2.973431	134.713838	1253.054075
153.730000	46.140000	-156.164993	23.909600	3.067175	134.587527	1248.104203
153.730000	46.140000	-156.164993	24.159600	3.100330	134.460152	1243.186863
153.730000	46.140000	-156.164993	24.409600	3.228745	134.331737	1238.269524
153.730000	46.140000	-156.164993	24.659600	3.358260	134.202222	1233.352185
153.730000	46.140000	-155.914993	15.659600	-4.394156	138.217748	1413.996047
153.730000	46.140000	-155.914993	15.909600	-4.294673	138.118266	1409.694272
153.730000	46.140000	-155.914993	16.159600	-4.996236	138.018093	1405.392496
153.730000	46.140000	-155.914993	16.409600	-6.072649	137.917330	1401.328523
153.730000	46.140000	-155.914993	16.659600	-5.218764	137.815855	1396.995718
153.730000	46.140000	-155.914993	16.909600	-5.116682	137.713773	1392.662913
153.730000	46.140000	-155.914993	17.159600	-5.013866	137.610958	1388.330109
153.730000	46.140000	-155.914993	17.409600	-4.144397	137.507517	1383.997304
153.730000	46.140000	-155.914993	17.659600	-1.797699	137.403322	1379.429059
153.730000	46.140000	-155.914993	17.909600	-0.661502	137.298483	1374.512852
153.730000	46.140000	-155.914993	18.159600	-0.567097	137.192865	1369.596645
153.730000	46.140000	-155.914993	18.409600	-0.656640	137.086585	1364.680438
153.730000	46.140000	-155.914993	18.659600	-0.618980	136.979503	1359.764231
153.730000	46.140000	-155.914993	18.909600	-0.529233	136.871739	1354.804938
153.730000	46.140000	-155.914993	19.159600	-0.876467	136.763147	1349.828076
153.730000	46.140000	-155.914993	19.409600	-0.606022	136.653854	1345.018861
153.730000	46.140000	-155.914993	19.659600	0.475305	136.543708	1340.061501
153.730000	46.140000	-155.914993	19.909600	1.074057	136.432839	1335.104142
153.730000	46.140000	-155.914993	20.159600	1.565640	136.321091	1330.146783
153.730000	46.140000	-155.914993	20.409600	3.235923	136.208598	1325.094906
153.730000	46.140000	-155.914993	20.659600	4.143311	136.095198	1319.877394
153.730000	46.140000	-155.914993	20.909600	4.872987	135.981032	1314.659883
153.730000	46.140000	-155.914993	21.159600	5.570837	135.865930	1309.211378
153.730000	46.140000	-155.914993	21.409600	5.901450	135.750038	1303.678041
153.730000	46.140000	-155.914993	21.659600	5.371350	135.633181	1298.144704
153.730000	46.140000	-155.914993	21.909600	2.997306	135.515510	1292.864575
153.730000	46.140000	-155.914993	22.159600	2.432957	135.396843	1287.828966
153.730000	46.140000	-155.914993	22.409600	2.552463	135.277337	1282.793358
153.730000	46.140000	-155.914993	22.659600	2.672996	135.156804	1277.757750
153.730000	46.140000	-155.914993	22.909600	2.794394	135.035406	1272.722141
153.730000	46.140000	-155.914993	23.159600	2.916853	134.912947	1267.686533
153.730000	46.140000	-155.914993	23.409600	3.040202	134.789598	1262.650924
153.730000	46.140000	-155.914993	23.659600	3.105516	134.665152	1257.615316
153.730000	46.140000	-155.914993	23.909600	3.162588	134.539789	1252.600574
153.730000	46.140000	-155.914993	24.159600	3.147188	134.413294	1247.683234
153.730000	46.140000	-155.914993	24.409600	3.274630	134.285852	1242.765895
153.730000	46.140000	-155.914993	24.659600	3.403240	134.157242	1237.848556
153.730000	46.140000	-155.664993	15.659600	-4.322843	138.146435	1418.478201
153.730000	46.140000	-155.664993	15.909600	-4.223942	138.047534	1414.176426
153.730000	46.140000	-155.664993	16.159600	-5.554362	137.948002	1409.874650
153.730000	46.140000	-155.664993	16.409600	-5.856323	137.847834	1405.992712
153.730000	46.140000	-155.664993	16.659600	-5.309053	137.747016	1401.708088
153.730000	46.140000	-155.664993	16.909600	-5.048452	137.645543	1397.375283
153.730000	46.140000	-155.664993	17.159600	-4.946309	137.543400	1393.042479
153.730000	46.140000	-155.664993	17.409600	-3.855439	137.440584	1388.709674
153.730000	46.140000	-155.664993	17.659600	-1.522805	137.337077	1384.072078
153.730000	46.140000	-155.664993	17.909600	-0.595897	137.232877	1379.155871
153.730000	46.140000	-155.664993	18.159600	-0.490985	137.127966	1374.239664
153.730000	46.140000	-155.664993	18.409600	-0.385361	137.022341	1369.323457
153.730000	46.140000	-155.664993	18.659600	-0.279002	136.915982	1364.407250
153.730000	46.140000	-155.664993	18.909600	0.023054	136.808889	1359.491043
153.730000	46.140000	-155.664993	19.159600	0.312760	136.701039	1354.517705
153.730000	46.140000	-155.664993	19.409600	0.914462	136.592435	1349.560346
153.730000	46.140000	-155.664993	19.659600	1.023848	136.483048	1344.602987
153.730000	46.140000	-155.664993	19.909600	1.233760	136.372885	1339.645627
153.730000	46.140000	-155.664993	20.159600	2.825044	136.261916	1334.653547
153.730000	46.140000	-155.664993	20.409600	4.088362	136.150147	1329.436035
153.730000	46.140000	-155.664993	20.659600	4.200962	136.037547	1324.218524
153.730000	46.140000	-155.664993	20.909600	4.833837	135.924123	1319.001012
153.730000	46.140000	-155.664993	21.159600	5.534045	135.809840	1313.588956
153.730000	46.140000	-155.664993	21.409600	5.956778	135.694710	1308.055620
153.730000	46.140000	-155.664993	21.659600	4.552840	135.578694	1302.522283
153.730000	46.140000	-155.664993	21.909600	2.539696	135.461805	1297.425815
153.730000	46.140000	-155.664993	22.159600	2.485799	135.344001	1292.390207
153.730000	46.140000	-155.664993	22.409600	2.604502	135.225298	1287.354599
153.730000	46.140000	-155.664993	22.659600	2.724149	135.105651	1282.318990
153.730000	46.140000	-155.664993	22.909600	2.844723	134.985077	1277.283382
153.730000	46.140000	-155.664993	23.159600	2.966272	134.863528	1272.247773
153.730000	46.140000	-155.664993	23.409600	3.088776	134.741024	1267.212165
153.730000	46.140000	-155.664993	23.659600	3.212287	134.617513	1262.176557
153.730000	46.140000	-155.664993	23.909600	3.191027	134.493019	1257.140948
153.730000	46.140000	-155.664993	24.159600	3.320356	134.367483	1252.179606
153.730000	46.140000	-155.664993	24.409600	3.319548	134.240934	1247.262266
153.730000	46.140000	-155.664993	24.659600	3.447172	134.113310	1242.344927
153.730000	46.140000	-155.414993	15.909600	-4.154209	137.977801	1418.658580
153.730000	46.140000	-155.414993	16.159600	-5.229154	137.878859	1414.356804
153.730000	46.140000	-155.414993	16.409600	-5.787729	137.779342	1410.401112
153.730000	46.140000	-155.414993	16.659600	-6.143501	137.679128	1406.420458
153.730000	46.140000	-155.414993	16.909600	-4.981231	137.578322	1402.087653
153.730000	46.140000	-155.414993	17.159600	-4.879707	137.476798	1397.754849
153.730000	46.140000	-155.414993	17.409600	-3.569120	137.374664	1393.422044
153.730000	46.140000	-155.414993	17.659600	-1.250422	137.271791	1388.715097
153.730000	46.140000	-155.414993	17.909600	-0.531310	137.168291	1383.798890
153.730000	46.140000	-155.414993	18.159600	-0.427047	137.064027	1378.882683
153.730000	46.140000	-155.414993	18.409600	-0.322139	136.959119	1373.966476
153.730000	46.140000	-155.414993	18.659600	0.079870	136.853425	1369.050269
153.730000	46.140000	-155.414993	18.909600	0.671653	136.747067	1364.081468
153.730000	46.140000	-155.414993	19.159600	0.892344	136.639898	1359.084130
153.730000	46.140000	-155.414993	19.409600	1.010820	136.532045	1354.101831
153.730000	46.140000	-155.414993	19.659600	1.083540	136.423357	1349.144472
153.730000	46.140000	-155.414993	19.909600	2.415113	136.313965	1344.187113
153.730000	46.140000	-155.414993	20.159600	3.967007	136.203712	1338.994677
153.730000	46.140000	-155.414993	20.409600	4.145775	136.092734	1333.777165
153.730000	46.140000	-155.414993	20.659600	4.257642	135.980867	1328.559653
153.730000	46.140000	-155.414993	20.909600	4.793251	135.868254	1323.342141
153.730000	46.140000	-155.414993	21.159600	5.495901	135.754724	1317.966535
153.730000	46.140000	-155.414993	21.409600	5.699573	135.640426	1312.433198
153.730000	46.140000	-155.414993	21.659600	3.534449	135.525182	1307.022665
153.730000	46.140000	-155.414993	21.909600	2.420655	135.409146	1301.987056
153.730000	46.140000	-155.414993	22.159600	2.537666	135.292134	1296.951448
153.730000	46.140000	-155.414993	22.409600	2.655494	135.174306	1291.915839
153.730000	46.140000	-155.414993	22.659600	2.774328	135.055472	1286.880231
153.730000	46.140000	-155.414993	22.909600	2.894004	134.935797	1281.844623
153.730000	46.140000	-155.414993	23.159600	3.014718	134.815082	1276.809014
153.730000	46.140000	-155.414993	23.409600	3.136299	134.693501	1271.773406
153.730000	46.140000	-155.414993	23.659600	3.258953	134.570847	1266.737797
153.730000	46.140000	-155.414993	23.909600	3.355890	134.447299	1261.702189
153.730000	46.140000	-155.414993	24.159600	3.376473	134.322645	1256.675977
153.730000	46.140000	-155.414993	24.409600	3.363414	134.197068	1251.758637
153.730000	46.140000	-155.414993	24.659600	3.490134	134.070348	1246.841298
153.730000	46.140000	-155.164993	15.909600	-4.085408	137.909000	1423.140734
153.730000	46.140000	-155.164993	16.159600	-4.907025	137.810703	1418.838959
153.730000	46.140000	-155.164993	16.409600	-6.410935	137.711785	1414.809512
153.730000	46.140000	-155.164993	16.659600	-6.199523	137.612232	1411.092978
153.730000	46.140000	-155.164993	16.909600	-5.046502	137.512039	1406.800023
153.730000	46.140000	-155.164993	17.159600	-4.814099	137.411191	1402.467219
153.730000	46.140000	-155.164993	17.409600	-3.285357	137.309685	1398.134414
153.730000	46.140000	-155.164993	17.659600	-0.980577	137.207504	1393.358116
153.730000	46.140000	-155.164993	17.909600	-0.467666	137.104647	1388.441909
153.730000	46.140000	-155.164993	18.159600	-0.364112	137.001093	1383.525702
153.730000	46.140000	-155.164993	18.409600	0.000456	136.896843	1378.609495
153.730000	46.140000	-155.164993	18.659600	0.590872	136.791875	1373.646708
153.730000	46.140000	-155.164993	18.909600	0.884406	136.686191	1368.649370
153.730000	46.140000	-155.164993	19.159600	0.990830	136.579766	1363.652032
153.730000	46.140000	-155.164993	19.409600	1.063231	136.472605	1358.654694
153.730000	46.140000	-155.164993	19.659600	2.097606	136.364679	1353.685957
153.730000	46.140000	-155.164993	19.909600	3.670906	136.255996	1348.553318
153.730000	46.140000	-155.164993	20.159600	4.091985	136.146524	1343.335806
153.730000	46.140000	-155.164993	20.409600	4.202237	136.036272	1338.118294
153.730000	46.140000	-155.164993	20.659600	4.313303	135.925206	1332.900782
153.730000	46.140000	-155.164993	20.909600	4.751314	135.813337	1327.683270
153.730000	46.140000	-155.164993	21.159600	5.456356	135.700630	1322.344113
153.730000	46.140000	-155.164993	21.409600	5.279016	135.587094	1316.810776
153.730000	46.140000	-155.164993	21.659600	2.892903	135.472693	1311.583905
153.730000	46.140000	-155.164993	21.909600	2.472360	135.357440	1306.548297
153.730000	46.140000	-155.164993	22.159600	2.588507	135.241293	1301.512688
153.730000	46.140000	-155.164993	22.409600	2.705532	135.124268	1296.477080
153.730000	46.140000	-155.164993	22.659600	2.823479	135.006321	1291.441472
153.730000	46.140000	-155.164993	22.909600	2.942330	134.887470	1286.405863
153.730000	46.140000	-155.164993	23.159600	3.062134	134.767666	1281.370255
153.730000	46.140000	-155.164993	23.409600	3.182870	134.646930	1276.334646
153.730000	46.140000	-155.164993	23.659600	3.304589	134.525211	1271.299038
153.730000	46.140000	-155.164993	23.909600	3.427268	134.402532	1266.263430
153.730000	46.140000	-155.164993	24.159600	3.401994	134.278836	1261.227821
153.730000	46.140000	-155.164993	24.409600	3.560207	134.154152	1256.255009
153.730000	46.140000	-155.164993	24.659600	3.532065	134.028417	1251.337669
153.730000	46.140000	-155.164993	24.909600	3.658820	133.901662	1246.420330
153.730000	46.140000	-154.914993	15.909600	-4.017593	137.841185	1427.622888
153.730000	46.140000	-154.914993	16.159600	-4.587906	137.743483	1423.321113
153.730000	46.140000	-154.914993	16.409600	-6.074986	137.645220	1419.217912
153.730000	46.140000	-154.914993	16.659600	-6.394159	137.546274	1415.501379
153.730000	46.140000	-154.914993	16.909600	-5.907874	137.446752	1411.512393
153.730000	46.140000	-154.914993	17.159600	-4.749434	137.346526	1407.179589
153.730000	46.140000	-154.914993	17.409600	-3.004197	137.245706	1402.846784
153.730000	46.140000	-154.914993	17.659600	-0.713206	137.144162	1398.001135
153.730000	46.140000	-154.914993	17.909600	-0.405027	137.042007	1393.084928
153.730000	46.140000	-154.914993	18.159600	-0.077803	136.939105	1388.168721
153.730000	46.140000	-154.914993	18.409600	0.511197	136.835575	1383.211948
153.730000	46.140000	-154.914993	18.659600	0.839322	136.731275	1378.214610
153.730000	46.140000	-154.914993	18.909600	0.944269	136.626328	1373.217272
153.730000	46.140000	-154.914993	19.159600	1.491424	136.520587	1368.219934
153.730000	46.140000	-154.914993	19.409600	2.502563	136.414181	1363.222596
153.730000	46.140000	-154.914993	19.659600	3.799748	136.306956	1358.093275
153.730000	46.140000	-154.914993	19.909600	4.249453	136.199046	1352.894447
153.730000	46.140000	-154.914993	20.159600	4.233967	136.090292	1347.676935
153.730000	46.140000	-154.914993	20.409600	4.257677	135.980832	1342.459423
153.730000	46.140000	-154.914993	20.659600	4.368006	135.870503	1337.241911
153.730000	46.140000	-154.914993	20.909600	4.707952	135.759446	1332.024400
153.730000	46.140000	-154.914993	21.159600	5.415472	135.647493	1326.721692
153.730000	46.140000	-154.914993	21.409600	4.286249	135.534790	1321.188355
153.730000	46.140000	-154.914993	21.659600	2.430143	135.421163	1316.145146
153.730000	46.140000	-154.914993	21.909600	2.523036	135.306764	1311.109537
153.730000	46.140000	-154.914993	22.159600	2.638390	135.191410	1306.073929
153.730000	46.140000	-154.914993	22.409600	2.754538	135.075262	1301.038321
153.730000	46.140000	-154.914993	22.659600	2.871672	134.958128	1296.002712
153.730000	46.140000	-154.914993	22.909600	2.989624	134.840176	1290.967104
153.730000	46.140000	-154.914993	23.159600	3.108593	134.721207	1285.931496
153.730000	46.140000	-154.914993	23.409600	3.228407	134.601394	1280.895887
153.730000	46.140000	-154.914993	23.659600	3.349269	134.480531	1275.860279
153.730000	46.140000	-154.914993	23.909600	3.471002	134.358799	1270.824670
153.730000	46.140000	-154.914993	24.159600	3.593817	134.235983	1265.789062
153.730000	46.140000	-154.914993	24.409600	3.583596	134.112270	1260.753454
153.730000	46.140000	-154.914993	24.659600	3.579059	133.987439	1255.834041
153.730000	46.140000	-154.914993	24.909600	3.698801	133.861681	1250.916701
153.730000	46.140000	-154.664993	16.159600	-4.271821	137.677236	1427.803267
153.730000	46.140000	-154.664993	16.409600	-5.742187	137.579576	1423.626312
153.730000	46.140000	-154.664993	16.659600	-7.348489	137.481295	1419.909779
153.730000	46.140000	-154.664993	16.909600	-5.966195	137.382389	1416.193245
153.730000	46.140000	-154.664993	17.159600	-4.789756	137.282843	1411.891959
153.730000	46.140000	-154.664993	17.409600	-2.517694	137.182655	1407.559154
153.730000	46.140000	-154.664993	17.659600	-0.448337	137.081806	1402.644154
153.730000	46.140000	-154.664993	17.909600	-0.154994	136.980297	1397.727947
153.730000	46.140000	-154.664993	18.159600	0.432688	136.878108	1392.777188
153.730000	46.140000	-154.664993	18.409600	0.795358	136.775239	1387.779850
153.730000	46.140000	-154.664993	18.659600	1.366856	136.671668	1382.782512
153.730000	46.140000	-154.664993	18.909600	2.399691	136.567398	1377.785174
153.730000	46.140000	-154.664993	19.159600	3.505791	136.462404	1372.647486
153.730000	46.140000	-154.664993	19.409600	4.230731	136.356691	1367.483531
153.730000	46.140000	-154.664993	19.659600	4.452067	136.250232	1362.319577
153.730000	46.140000	-154.664993	19.909600	4.443595	136.143032	1357.155623
153.730000	46.140000	-154.664993	20.159600	4.448556	136.035062	1351.991668
153.730000	46.140000	-154.664993	20.409600	4.526565	135.926330	1346.800552
153.730000	46.140000	-154.664993	20.659600	4.532551	135.816804	1341.583041
153.730000	46.140000	-154.664993	20.909600	4.663250	135.706493	1336.365529
153.730000	46.140000	-154.664993	21.159600	4.911730	135.595363	1331.099270
153.730000	46.140000	-154.664993	21.409600	3.264808	135.483425	1325.741995
153.730000	46.140000	-154.664993	21.659600	2.459158	135.370642	1320.706387
153.730000	46.140000	-154.664993	21.909600	2.572774	135.257027	1315.670778
153.730000	46.140000	-154.664993	22.159600	2.687262	135.142538	1310.635170
153.730000	46.140000	-154.664993	22.409600	2.802606	135.027194	1305.599561
153.730000	46.140000	-154.664993	22.659600	2.918852	134.910948	1300.563953
153.730000	46.140000	-154.664993	22.909600	3.035980	134.793820	1295.528345
153.730000	46.140000	-154.664993	23.159600	3.154039	134.675761	1290.492736
153.730000	46.140000	-154.664993	23.409600	3.273006	134.556794	1285.457128
153.730000	46.140000	-154.664993	23.659600	3.392934	134.436866	1280.421519
153.730000	46.140000	-154.664993	23.909600	3.513799	134.316001	1275.385911
153.730000	46.140000	-154.664993	24.159600	3.635656	134.194144	1270.350303
153.730000	46.140000	-154.664993	24.409600	3.612784	134.071322	1265.314694
153.730000	46.140000	-154.664993	24.659600	3.763595	133.947475	1260.330412
153.730000	46.140000	-154.664993	24.909600	3.737849	133.822633	1255.413072
153.730000	46.140000	-154.414993	16.159600	-3.958703	137.611913	1432.285421
153.730000	46.140000	-154.414993	16.409600	-5.485815	137.514912	1428.034712
153.730000	46.140000	-154.414993	16.659600	-7.284436	137.417242	1424.318179
153.730000	46.140000	-154.414993	16.909600	-6.136214	137.319010	1420.601645
153.730000	46.140000	-154.414993	17.159600	-5.446155	137.220089	1416.604329
153.730000	46.140000	-154.414993	17.409600	-2.028474	137.120591	1412.203380
153.730000	46.140000	-154.414993	17.659600	-0.231079	137.020382	1407.287173
153.730000	46.140000	-154.414993	17.909600	0.355239	136.919579	1402.342428
153.730000	46.140000	-154.414993	18.159600	1.247014	136.818045	1397.345090
153.730000	46.140000	-154.414993	18.409600	2.301531	136.715898	1392.347752
153.730000	46.140000	-154.414993	18.659600	3.405400	136.612998	1387.201696
153.730000	46.140000	-154.414993	18.909600	4.105675	136.509467	1382.037742
153.730000	46.140000	-154.414993	19.159600	4.297138	136.405160	1376.873788
153.730000	46.140000	-154.414993	19.409600	4.402094	136.300204	1371.709833
153.730000	46.140000	-154.414993	19.659600	4.507851	136.194447	1366.545879
153.730000	46.140000	-154.414993	19.909600	4.614275	136.088023	1361.381924
153.730000	46.140000	-154.414993	20.159600	4.721525	135.980773	1356.217970
153.730000	46.140000	-154.414993	20.409600	4.768816	135.872836	1351.054016
153.730000	46.140000	-154.414993	20.659600	4.818354	135.764047	1345.890061
153.730000	46.140000	-154.414993	20.909600	4.994452	135.654551	1340.706658
153.730000	46.140000	-154.414993	21.159600	4.434004	135.544176	1335.476848
153.730000	46.140000	-154.414993	21.409600	2.797657	135.433073	1330.303236
153.730000	46.140000	-154.414993	21.659600	2.508737	135.321064	1325.267627
153.730000	46.140000	-154.414993	21.909600	2.621497	135.208303	1320.232019
153.730000	46.140000	-154.414993	22.159600	2.735191	135.094609	1315.196410
153.730000	46.140000	-154.414993	22.409600	2.849659	134.980141	1310.160802
153.730000	46.140000	-154.414993	22.659600	2.965090	134.864710	1305.125194
153.730000	46.140000	-154.414993	22.909600	3.081320	134.748481	1300.089585
153.730000	46.140000	-154.414993	23.159600	3.198543	134.631257	1295.053977
153.730000	46.140000	-154.414993	23.409600	3.316588	134.513212	1290.018368
153.730000	46.140000	-154.414993	23.659600	3.435659	134.394141	1284.982760
153.730000	46.140000	-154.414993	23.909600	3.555578	134.274222	1279.947152
153.730000	46.140000	-154.414993	24.159600	3.676556	134.153244	1274.911543
153.730000	46.140000	-154.414993	24.409600	3.798408	134.031393	1269.875935
153.730000	46.140000	-154.414993	24.659600	3.784174	133.908448	1264.840326
153.730000	46.140000	-154.414993	24.909600	3.815145	133.784602	1259.909444
153.730000	46.140000	-154.164993	16.159600	-3.723960	137.547552	1436.767575
153.730000	46.140000	-154.164993	16.409600	-5.396258	137.451157	1432.465800
153.730000	46.140000	-154.164993	16.659600	-7.135278	137.354155	1428.726579
153.730000	46.140000	-154.164993	16.909600	-7.123737	137.256543	1425.010045
153.730000	46.140000	-154.164993	17.159600	-5.255333	137.158306	1421.293512
153.730000	46.140000	-154.164993	17.409600	-1.702212	137.059442	1416.846399
153.730000	46.140000	-154.164993	17.659600	0.797477	136.959932	1411.907668
153.730000	46.140000	-154.164993	17.909600	2.239492	136.859778	1406.910330
153.730000	46.140000	-154.164993	18.159600	3.405983	136.758958	1401.755907
153.730000	46.140000	-154.164993	18.409600	4.148836	136.657476	1396.591952
153.730000	46.140000	-154.164993	18.659600	4.376486	136.555307	1391.427998
153.730000	46.140000	-154.164993	18.909600	4.545248	136.452456	1386.264044
153.730000	46.140000	-154.164993	19.159600	4.714842	136.348898	1381.100089
153.730000	46.140000	-154.164993	19.409600	4.885260	136.244638	1375.936135
153.730000	46.140000	-154.164993	19.659600	5.056531	136.139649	1370.772181
153.730000	46.140000	-154.164993	19.909600	5.228648	136.033937	1365.608226
153.730000	46.140000	-154.164993	20.159600	5.425692	135.927473	1360.444272
153.730000	46.140000	-154.164993	20.409600	5.652688	135.820265	1355.271426
153.730000	46.140000	-154.164993	20.659600	5.682322	135.712281	1350.087780
153.730000	46.140000	-154.164993	20.909600	4.781814	135.603532	1344.904134
153.730000	46.140000	-154.164993	21.159600	3.475758	135.493982	1339.835531
153.730000	46.140000	-154.164993	21.409600	2.842862	135.383644	1334.860244
153.730000	46.140000	-154.164993	21.659600	2.933653	135.272480	1329.828868
153.730000	46.140000	-154.164993	21.909600	2.867343	135.160504	1324.793260
153.730000	46.140000	-154.164993	22.159600	2.791049	135.047676	1319.757651
153.730000	46.140000	-154.164993	22.409600	2.895788	134.934013	1314.722043
153.730000	46.140000	-154.164993	22.659600	3.010332	134.819469	1309.686434
153.730000	46.140000	-154.164993	22.909600	3.125736	134.704064	1304.650826
153.730000	46.140000	-154.164993	23.159600	3.242049	134.587751	1299.615218
153.730000	46.140000	-154.164993	23.409600	3.359248	134.470552	1294.579609
153.730000	46.140000	-154.164993	23.659600	3.477386	134.352414	1289.544001
153.730000	46.140000	-154.164993	23.909600	3.596437	134.233363	1284.508392
153.730000	46.140000	-154.164993	24.159600	3.716457	134.113343	1279.472784
153.730000	46.140000	-154.164993	24.409600	3.837419	133.992382	1274.437176
153.730000	46.140000	-154.164993	24.659600	3.846316	133.870419	1269.401567
153.730000	46.140000	-154.164993	24.909600	3.960303	133.747487	1264.405815
153.730000	46.140000	-153.914993	16.409600	-5.236067	137.388369	1436.947954
153.730000	46.140000	-153.914993	16.659600	-6.794801	137.291982	1433.134979
153.730000	46.140000	-153.914993	16.909600	-7.062242	137.195048	1429.418445
153.730000	46.140000	-153.914993	17.159600	-5.072848	137.097439	1425.701912
153.730000	46.140000	-153.914993	17.409600	0.237266	136.999267	1421.472908
153.730000	46.140000	-153.914993	17.659600	3.864322	136.900400	1416.310117
153.730000	46.140000	-153.914993	17.909600	4.645122	136.800955	1411.136386
153.730000	46.140000	-153.914993	18.159600	4.870979	136.700793	1405.952740
153.730000	46.140000	-153.914993	18.409600	5.038585	136.600035	1400.769094
153.730000	46.140000	-153.914993	18.659600	5.207053	136.498540	1395.585448
153.730000	46.140000	-153.914993	18.909600	5.376259	136.396431	1390.401802
153.730000	46.140000	-153.914993	19.159600	5.546348	136.293562	1385.218156
153.730000	46.140000	-153.914993	19.409600	5.717194	136.190061	1380.034510
153.730000	46.140000	-153.914993	19.659600	5.888947	136.085776	1374.850864
153.730000	46.140000	-153.914993	19.909600	6.061475	135.980842	1369.667218
153.730000	46.140000	-153.914993	20.159600	6.234936	135.875099	1364.483572
153.730000	46.140000	-153.914993	20.409600	5.569378	135.768687	1359.299926
153.730000	46.140000	-153.914993	20.659600	4.403567	135.661443	1354.167761
153.730000	46.140000	-153.914993	20.909600	3.380663	135.553509	1349.192474
153.730000	46.140000	-153.914993	21.159600	3.185436	135.444716	1344.217186
153.730000	46.140000	-153.914993	21.409600	3.294939	135.335213	1339.241899
153.730000	46.140000	-153.914993	21.659600	3.223948	135.224824	1334.266611
153.730000	46.140000	-153.914993	21.909600	3.141131	135.113704	1329.291324
153.730000	46.140000	-153.914993	22.159600	3.224367	135.001671	1324.316036
153.730000	46.140000	-153.914993	22.409600	3.316787	134.888884	1319.283283
153.730000	46.140000	-153.914993	22.659600	3.248362	134.775155	1314.247675
153.730000	46.140000	-153.914993	22.909600	3.173771	134.660649	1309.212067
153.730000	46.140000	-153.914993	23.159600	3.284629	134.545171	1304.176458
153.730000	46.140000	-153.914993	23.409600	3.400907	134.428893	1299.140850
153.730000	46.140000	-153.914993	23.659600	3.518188	134.311612	1294.105241
153.730000	46.140000	-153.914993	23.909600	3.636295	134.193505	1289.069633
153.730000	46.140000	-153.914993	24.159600	3.755436	134.074364	1284.034025
153.730000	46.140000	-153.914993	24.409600	3.875429	133.954372	1278.998416
153.730000	46.140000	-153.914993	24.659600	3.996489	133.833311	1273.962808
153.730000	46.140000	-153.914993	24.909600	3.978014	133.711373	1268.927199
153.730000	46.140000	-153.664993	16.409600	-4.916143	137.326479	1441.430108
153.730000	46.140000	-153.664993	16.659600	-6.457568	137.230763	1437.543379
153.730000	46.140000	-153.664993	16.909600	-7.001646	137.134452	1433.826845
153.730000	46.140000	-153.664993	17.159600	-3.785291	137.037529	1430.110312
153.730000	46.140000	-153.664993	17.409600	3.417781	136.939995	1425.532179
153.730000	46.140000	-153.664993	17.659600	5.271252	136.841830	1420.348533
153.730000	46.140000	-153.664993	17.909600	5.404194	136.743036	1415.164887
153.730000	46.140000	-153.664993	18.159600	5.503638	136.643592	1409.981241
153.730000	46.140000	-153.664993	18.409600	5.603729	136.543501	1404.797595
153.730000	46.140000	-153.664993	18.659600	5.704490	136.442739	1399.613949
153.730000	46.140000	-153.664993	18.909600	5.805917	136.341312	1394.430303
153.730000	46.140000	-153.664993	19.159600	5.908035	136.239194	1389.246657
153.730000	46.140000	-153.664993	19.409600	6.010838	136.136391	1384.063011
153.730000	46.140000	-153.664993	19.659600	6.114353	136.032876	1378.879365
153.730000	46.140000	-153.664993	19.909600	5.764127	135.928656	1373.695719
153.730000	46.140000	-153.664993	20.159600	4.630263	135.823700	1368.512073
153.730000	46.140000	-153.664993	20.409600	3.459259	135.718019	1363.524703
153.730000	46.140000	-153.664993	20.659600	3.018571	135.611581	1358.549416
153.730000	46.140000	-153.664993	20.909600	3.125756	135.504395	1353.574128
153.730000	46.140000	-153.664993	21.159600	3.233724	135.396428	1348.598841
153.730000	46.140000	-153.664993	21.409600	3.342460	135.287692	1343.623554
153.730000	46.140000	-153.664993	21.659600	3.452003	135.178148	1338.648266
153.730000	46.140000	-153.664993	21.909600	3.562338	135.067814	1333.672979
153.730000	46.140000	-153.664993	22.159600	3.673505	134.956647	1328.697691
153.730000	46.140000	-153.664993	22.409600	3.599667	134.844665	1323.722404
153.730000	46.140000	-153.664993	22.659600	3.518598	134.731823	1318.747116
153.730000	46.140000	-153.664993	22.909600	3.607428	134.618142	1313.771829
153.730000	46.140000	-153.664993	23.159600	3.701635	134.503574	1308.737699
153.730000	46.140000	-153.664993	23.409600	3.631046	134.388141	1303.702091
153.730000	46.140000	-153.664993	23.659600	3.558324	134.271793	1298.666482
153.730000	46.140000	-153.664993	23.909600	3.675247	134.154553	1293.630874
153.730000	46.140000	-153.664993	24.159600	3.793432	134.036368	1288.595265
153.730000	46.140000	-153.664993	24.409600	3.912535	133.917265	1283.559657
153.730000	46.140000	-153.664993	24.659600	4.032615	133.797185	1278.524049
153.730000	46.140000	-153.664993	24.909600	4.073165	133.676159	1273.488440
153.730000	46.140000	-153.664993	25.159600	4.150394	133.554124	1268.481218
153.730000	46.140000	-153.414993	16.409600	-4.599279	137.265544	1445.912262
153.730000	46.140000	-153.414993	16.659600	-6.123511	137.170445	1441.951779
153.730000	46.140000	-153.414993	16.909600	-6.942009	137.074815	1438.235246
153.730000	46.140000	-153.414993	17.159600	-1.938690	136.978523	1434.518712
153.730000	46.140000	-153.414993	17.409600	4.653125	136.881685	1429.560679
153.730000	46.140000	-153.414993	17.659600	5.363064	136.784165	1424.377033
153.730000	46.140000	-153.414993	17.909600	5.461147	136.686083	1419.193387
153.730000	46.140000	-153.414993	18.159600	5.559931	136.587299	1414.009741
153.730000	46.140000	-153.414993	18.409600	5.659294	136.487935	1408.826095
153.730000	46.140000	-153.414993	18.659600	5.759381	136.387849	1403.642449
153.730000	46.140000	-153.414993	18.909600	5.860064	136.287166	1398.458803
153.730000	46.140000	-153.414993	19.159600	5.961491	136.185739	1393.275157
153.730000	46.140000	-153.414993	19.409600	5.826036	136.083697	1388.091511
153.730000	46.140000	-153.414993	19.659600	4.861524	135.980888	1382.907865
153.730000	46.140000	-153.414993	19.909600	3.689801	135.877447	1377.856933
153.730000	46.140000	-153.414993	20.159600	2.896141	135.773214	1372.881645
153.730000	46.140000	-153.414993	20.409600	2.961821	135.668331	1367.906358
153.730000	46.140000	-153.414993	20.659600	3.067519	135.562633	1362.931071
153.730000	46.140000	-153.414993	20.909600	3.173888	135.456263	1357.955783
153.730000	46.140000	-153.414993	21.159600	3.281098	135.349054	1352.980496
153.730000	46.140000	-153.414993	21.409600	3.388998	135.241153	1348.005208
153.730000	46.140000	-153.414993	21.659600	3.497765	135.132386	1343.029921
153.730000	46.140000	-153.414993	21.909600	3.607244	135.022908	1338.054633
153.730000	46.140000	-153.414993	22.159600	3.717616	134.912536	1333.079346
153.730000	46.140000	-153.414993	22.409600	3.828721	134.801430	1328.104059
153.730000	46.140000	-153.414993	22.659600	3.940748	134.689404	1323.128771
153.730000	46.140000	-153.414993	22.909600	4.053531	134.576621	1318.153484
153.730000	46.140000	-153.414993	23.159600	3.977004	134.462888	1313.178196
153.730000	46.140000	-153.414993	23.409600	3.897633	134.348376	1308.202909
153.730000	46.140000	-153.414993	23.659600	3.992220	134.232883	1303.227621
153.730000	46.140000	-153.414993	23.909600	4.088160	134.116587	1298.192114
153.730000	46.140000	-153.414993	24.159600	4.015580	133.999279	1293.156506
153.730000	46.140000	-153.414993	24.409600	3.948656	133.881144	1288.120898
153.730000	46.140000	-153.414993	24.659600	4.067836	133.761964	1283.085289
153.730000	46.140000	-153.414993	24.909600	4.187870	133.641930	1278.049681
153.730000	46.140000	-153.414993	25.159600	4.165340	133.520818	1273.014072
153.730000	46.140000	-153.414993	25.409600	4.372505	133.398826	1268.060250
153.730000	46.140000	-153.164993	16.659600	-5.792655	137.111070	1446.360179
153.730000	46.140000	-153.164993	16.909600	-6.302213	137.016066	1442.643646
153.730000	46.140000	-153.164993	17.159600	0.628681	136.920463	1438.772825
153.730000	46.140000	-153.164993	17.409600	5.322965	136.824264	1433.589179
153.730000	46.140000	-153.164993	17.659600	5.419780	136.727450	1428.405533
153.730000	46.140000	-153.164993	17.909600	5.517209	136.630021	1423.221887
153.730000	46.140000	-153.164993	18.159600	5.615272	136.531957	1418.038241
153.730000	46.140000	-153.164993	18.409600	5.713967	136.433262	1412.854595
153.730000	46.140000	-153.164993	18.659600	5.813317	136.333913	1407.670949
153.730000	46.140000	-153.164993	18.909600	5.894065	136.233913	1402.487303
153.730000	46.140000	-153.164993	19.159600	5.097084	136.133239	1397.303657
153.730000	46.140000	-153.164993	19.409600	3.924896	136.031897	1392.189163
153.730000	46.140000	-153.164993	19.659600	2.946525	135.929859	1387.213875
153.730000	46.140000	-153.164993	19.909600	2.803019	135.827133	1382.238588
153.730000	46.140000	-153.164993	20.159600	2.906462	135.723690	1377.263300
153.730000	46.140000	-153.164993	20.409600	3.010613	135.619539	1372.288013
153.730000	46.140000	-153.164993	20.659600	3.115505	135.514647	1367.312725
153.730000	46.140000	-153.164993	20.909600	3.221124	135.409028	1362.337438
153.730000	46.140000	-153.164993	21.159600	3.327508	135.302644	1357.362151
153.730000	46.140000	-153.164993	21.409600	3.434641	135.195511	1352.386863
153.730000	46.140000	-153.164993	21.659600	3.542562	135.087590	1347.411576
153.730000	46.140000	-153.164993	21.909600	3.651254	134.978897	1342.436288
153.730000	46.140000	-153.164993	22.159600	3.760760	134.869392	1337.461001
153.730000	46.140000	-153.164993	22.409600	3.871060	134.759091	1332.485713
153.730000	46.140000	-153.164993	22.659600	3.982200	134.647952	1327.510426
153.730000	46.140000	-153.164993	22.909600	4.094158	134.535994	1322.535139
153.730000	46.140000	-153.164993	23.159600	4.206982	134.423170	1317.559851
153.730000	46.140000	-153.164993	23.409600	4.320649	134.309503	1312.584564
153.730000	46.140000	-153.164993	23.659600	4.435210	134.194941	1307.609276
153.730000	46.140000	-153.164993	23.909600	4.355941	134.079512	1302.633989
153.730000	46.140000	-153.164993	24.159600	4.282086	133.963159	1297.658701
153.730000	46.140000	-153.164993	24.409600	4.378724	133.845911	1292.682138
153.730000	46.140000	-153.164993	24.659600	4.472969	133.727710	1287.646530
153.730000	46.140000	-153.164993	24.909600	4.401944	133.608587	1282.610922
153.730000	46.140000	-153.164993	25.159600	4.293393	133.488479	1277.575313
153.730000	46.140000	-153.164993	25.409600	4.623142	133.367421	1272.556621
153.730000	46.140000	-152.914993	16.659600	-5.464931	137.052585	1450.768579
153.730000	46.140000	-152.914993	16.909600	-4.855889	136.958263	1447.052046
153.730000	46.140000	-152.914993	17.159600	2.639196	136.863295	1442.801325
153.730000	46.140000	-152.914993	17.409600	5.379435	136.767794	1437.617679
153.730000	46.140000	-152.914993	17.659600	5.475602	136.671627	1432.434033
153.730000	46.140000	-152.914993	17.909600	5.572317	136.574912	1427.250388
153.730000	46.140000	-152.914993	18.159600	5.669718	136.477511	1422.066742
153.730000	46.140000	-152.914993	18.409600	5.767684	136.379546	1416.883096
153.730000	46.140000	-152.914993	18.659600	5.336789	136.280873	1411.699450
153.730000	46.140000	-152.914993	18.909600	4.164260	136.181620	1406.521392
153.730000	46.140000	-152.914993	19.159600	3.003088	136.081638	1401.546105
153.730000	46.140000	-152.914993	19.409600	2.649093	135.981059	1396.570817
153.730000	46.140000	-152.914993	19.659600	2.750423	135.879729	1391.595530
153.730000	46.140000	-152.914993	19.909600	2.852368	135.777784	1386.620243
153.730000	46.140000	-152.914993	20.159600	2.955087	135.675065	1381.644955
153.730000	46.140000	-152.914993	20.409600	3.058440	135.571712	1376.669668
153.730000	46.140000	-152.914993	20.659600	3.162590	135.467562	1371.694380
153.730000	46.140000	-152.914993	20.909600	3.267393	135.362759	1366.719093
153.730000	46.140000	-152.914993	21.159600	3.373017	135.257135	1361.743805
153.730000	46.140000	-152.914993	21.409600	3.479314	135.150838	1356.768518
153.730000	46.140000	-152.914993	21.659600	3.586458	135.043693	1351.793231
153.730000	46.140000	-152.914993	21.909600	3.694295	134.935857	1346.817943
153.730000	46.140000	-152.914993	22.159600	3.803005	134.827146	1341.842656
153.730000	46.140000	-152.914993	22.409600	3.912429	134.717722	1336.867368
153.730000	46.140000	-152.914993	22.659600	4.022754	134.607397	1331.892081
153.730000	46.140000	-152.914993	22.909600	4.133815	134.496337	1326.916793
153.730000	46.140000	-152.914993	23.159600	4.245804	134.384347	1321.941506
153.730000	46.140000	-152.914993	23.409600	4.358552	134.271600	1316.966218
153.730000	46.140000	-152.914993	23.659600	4.472258	134.157894	1311.990931
153.730000	46.140000	-152.914993	23.909600	4.586745	134.043407	1307.015644
153.730000	46.140000	-152.914993	24.159600	4.702222	133.927930	1302.040356
153.730000	46.140000	-152.914993	24.409600	4.814367	133.811648	1297.065069
153.730000	46.140000	-152.914993	24.659600	4.736669	133.694345	1292.089781
153.730000	46.140000	-152.664993	16.659600	-5.140365	136.995030	1455.176979
153.730000	46.140000	-152.664993	16.909600	-3.468694	136.901337	1451.460446
153.730000	46.140000	-152.664993	17.159600	3.808729	136.807061	1446.829826
153.730000	46.140000	-152.664993	17.409600	5.435028	136.712202	1441.646180
153.730000	46.140000	-152.664993	17.659600	5.530487	136.616742	1436.462534
153.730000	46.140000	-152.664993	17.909600	5.626546	136.520683	1431.278888
153.730000	46.140000	-152.664993	18.159600	5.425285	136.424004	1426.095242
153.730000	46.140000	-152.664993	18.409600	4.407764	136.326709	1420.911596
153.730000	46.140000	-152.664993	18.659600	3.230099	136.228775	1415.878335
153.730000	46.140000	-152.664993	18.909600	2.499944	136.130208	1410.903047
153.730000	46.140000	-152.664993	19.159600	2.599170	136.030981	1405.927760
153.730000	46.140000	-152.664993	19.409600	2.699049	135.931103	1400.952472
153.730000	46.140000	-152.664993	19.659600	2.799607	135.830545	1395.977185
153.730000	46.140000	-152.664993	19.909600	2.900835	135.729317	1391.001897
153.730000	46.140000	-152.664993	20.159600	3.002764	135.627387	1386.026610
153.730000	46.140000	-152.664993	20.409600	3.105384	135.524768	1381.051322
153.730000	46.140000	-152.664993	20.659600	3.208726	135.421426	1376.076035
153.730000	46.140000	-152.664993	20.909600	3.312778	135.317374	1371.100748
153.730000	46.140000	-152.664993	21.159600	3.417576	135.212576	1366.125460
153.730000	46.140000	-152.664993	21.409600	3.523105	135.107047	1361.150173
153.730000	46.140000	-152.664993	21.659600	3.629403	135.000749	1356.174885
153.730000	46.140000	-152.664993	21.909600	3.736454	134.893698	1351.199598
153.730000	46.140000	-152.664993	22.159600	3.844298	134.785854	1346.224310
153.730000	46.140000	-152.664993	22.409600	3.952917	134.677235	1341.249023
153.730000	46.140000	-152.664993	22.659600	4.062355	134.567796	1336.273736
153.730000	46.140000	-152.414993	16.909600	-1.458599	136.845346	1455.868846
153.730000	46.140000	-152.414993	17.159600	4.927070	136.751706	1450.858326
153.730000	46.140000	-152.414993	17.409600	5.489682	136.657548	1445.674680
153.730000	46.140000	-152.414993	17.659600	5.504436	136.562738	1440.491034
153.730000	46.140000	-152.414993	17.909600	4.655143	136.467395	1435.307388
153.730000	46.140000	-152.414993	18.159600	3.477162	136.371380	1430.210564
153.730000	46.140000	-152.414993	18.409600	2.543880	136.274817	1425.235277
153.730000	46.140000	-152.414993	18.659600	2.452590	136.177562	1420.259989
153.730000	46.140000	-152.414993	18.909600	2.550410	136.079742	1415.284702
153.730000	46.140000	-152.414993	19.159600	2.648942	135.981210	1410.309414
153.730000	46.140000	-152.414993	19.409600	2.748056	135.882096	1405.334127
153.730000	46.140000	-152.414993	19.659600	2.847904	135.782247	1400.358840
153.730000	46.140000	-152.414993	19.909600	2.948351	135.681800	1395.383552
153.730000	46.140000	-152.414993	20.159600	3.049555	135.580597	1390.408265
153.730000	46.140000	-152.414993	20.409600	3.151375	135.478776	1385.432977
153.730000	46.140000	-152.414993	20.659600	3.253975	135.376177	1380.457690
153.730000	46.140000	-152.164993	16.909600	1.190915	136.790219	1460.070472
153.730000	46.140000	-152.164993	17.159600	5.449956	136.697273	1454.886826
153.730000	46.140000	-152.164993	17.409600	4.906280	136.603759	1449.703180
153.730000	46.140000	-152.164993	17.659600	3.728101	136.509659	1444.542794
153.730000	46.140000	-152.164993	17.909600	2.611699	136.414974	1439.567506
153.730000	46.140000	-152.164993	18.159600	2.310468	136.319684	1434.592219
153.730000	46.140000	-152.164993	18.409600	2.406359	136.223793	1429.616932
153.730000	46.140000	-152.164993	18.659600	2.502874	136.127278	1424.641644
153.730000	46.140000	-152.164993	18.909600	2.600006	136.030145	1419.666357
153.730000	46.140000	-151.914993	16.909600	2.859155	136.736015	1464.098973
