-152.765793	25.592800	1261.972000
-155.772995	19.079000	1339.553000
-155.996994	20.771000	1302.531000
-156.658005	20.891001	1288.520000
-160.047501	19.823400	1245.260000
-161.095001	23.997200	1143.536000
-158.185394	22.620199	1223.520000
-154.251801	21.168699	1323.507000
-150.914993	18.914200	1422.254000
-151.686600	14.689100	1498.455000
-153.967499	14.731300	1455.534000
-156.206604	16.162001	1385.512000
-157.859100	14.659600	1383.807000
-157.700806	16.348400	1354.158000
-158.982498	15.574000	1344.530000
-158.760193	18.564699	1293.521000
-158.179504	20.377800	1269.166000
