146.260000	-55.120000	-160.814896	21.324000	-2.483903	25.537991	2441.176372
146.260000	-55.120000	-160.814896	21.574000	-1.105755	25.497528	2447.443440
146.260000	-55.120000	-160.814896	21.824000	-1.023720	25.457036	2453.710509
146.260000	-55.120000	-160.814896	22.074000	-0.758295	25.416532	2459.953454
146.260000	-55.120000	-160.814896	22.324000	-0.602429	25.375996	2466.130749
146.260000	-55.120000	-160.814896	22.574000	-0.561878	25.335445	2472.308045
146.260000	-55.120000	-160.814896	22.824000	-0.521292	25.294859	2478.485341
146.260000	-55.120000	-160.814896	23.074000	-0.480688	25.254255	2484.662636
146.260000	-55.120000	-160.814896	23.324000	-0.459413	25.213612	2490.839932
146.260000	-55.120000	-160.814896	23.574000	-0.563678	25.172949	2497.017227
146.260000	-55.120000	-160.814896	23.824000	-0.653992	25.132244	2503.148986
146.260000	-55.120000	-160.564896	20.824000	-2.979249	25.710126	2431.484018
146.260000	-55.120000	-160.564896	21.074000	-1.557134	25.669794	2437.751086
146.260000	-55.120000	-160.564896	21.324000	-1.237667	25.629440	2444.018155
146.260000	-55.120000	-160.564896	21.574000	-1.197299	25.589072	2450.285224
146.260000	-55.120000	-160.564896	21.824000	-1.130998	25.548679	2456.552293
146.260000	-55.120000	-160.564896	22.074000	-0.865886	25.508268	2462.804307
146.260000	-55.120000	-160.564896	22.324000	-0.694263	25.467830	2468.981603
146.260000	-55.120000	-160.564896	22.574000	-0.653803	25.427370	2475.158899
146.260000	-55.120000	-160.564896	22.824000	-0.613314	25.386881	2481.336194
146.260000	-55.120000	-160.564896	23.074000	-0.653034	25.346367	2487.513490
146.260000	-55.120000	-160.564896	23.324000	-0.734643	25.305819	2493.685721
146.260000	-55.120000	-160.564896	23.574000	-0.826575	25.265244	2499.804308
146.260000	-55.120000	-160.564896	23.824000	-0.837098	25.224633	2505.922896
146.260000	-55.120000	-160.314896	20.074000	-4.635520	25.921608	2415.883133
146.260000	-55.120000	-160.314896	20.324000	-3.482907	25.881416	2421.791664
146.260000	-55.120000	-160.314896	20.574000	-2.273696	25.841221	2428.058732
146.260000	-55.120000	-160.314896	20.824000	-1.409227	25.801000	2434.325801
146.260000	-55.120000	-160.314896	21.074000	-1.369000	25.760773	2440.592870
146.260000	-55.120000	-160.314896	21.324000	-1.328744	25.720517	2446.859939
146.260000	-55.120000	-160.314896	21.574000	-1.288479	25.680252	2453.127007
146.260000	-55.120000	-160.314896	21.824000	-1.237890	25.639956	2459.394076
146.260000	-55.120000	-160.314896	22.074000	-0.984850	25.599646	2465.655161
146.260000	-55.120000	-160.314896	22.324000	-0.785736	25.559303	2471.832457
146.260000	-55.120000	-160.314896	22.574000	-0.745377	25.518944	2478.009752
146.260000	-55.120000	-160.314896	22.824000	-0.823010	25.478548	2484.187048
146.260000	-55.120000	-160.314896	23.074000	-0.905188	25.438132	2490.341043
146.260000	-55.120000	-160.314896	23.324000	-1.010143	25.397677	2496.459630
146.260000	-55.120000	-160.314896	23.574000	-0.969665	25.357199	2502.578218
146.260000	-55.120000	-160.314896	23.824000	-0.929145	25.316679	2508.696805
146.260000	-55.120000	-160.314896	24.074000	-1.327837	25.276133	2514.815392
146.260000	-55.120000	-160.064896	19.324000	-4.435083	26.131984	2400.515776
146.260000	-55.120000	-160.064896	19.574000	-3.273114	26.091939	2406.333322
146.260000	-55.120000	-160.064896	19.824000	-2.845928	26.051882	2412.150868
146.260000	-55.120000	-160.064896	20.074000	-0.825958	26.011816	2418.366378
146.260000	-55.120000	-160.064896	20.324000	0.340901	25.971734	2424.633447
146.260000	-55.120000	-160.064896	20.574000	-0.147746	25.931641	2430.900516
146.260000	-55.120000	-160.064896	20.824000	-0.641130	25.891529	2437.167585
146.260000	-55.120000	-160.064896	21.074000	-1.139227	25.851403	2443.434653
146.260000	-55.120000	-160.064896	21.324000	-1.419481	25.811254	2449.701722
146.260000	-55.120000	-160.064896	21.574000	-1.379315	25.771088	2455.968791
146.260000	-55.120000	-160.064896	21.824000	-1.339124	25.730897	2462.235860
146.260000	-55.120000	-160.064896	22.074000	-1.126227	25.690686	2468.502929
146.260000	-55.120000	-160.064896	22.324000	-0.886395	25.650447	2474.683311
146.260000	-55.120000	-160.064896	22.574000	-0.992576	25.610185	2480.860606
146.260000	-55.120000	-160.064896	22.824000	-1.075315	25.569891	2486.996365
146.260000	-55.120000	-160.064896	23.074000	-1.142037	25.529571	2493.114952
146.260000	-55.120000	-160.064896	23.324000	-1.101682	25.489217	2499.233540
146.260000	-55.120000	-160.064896	23.574000	-1.061299	25.448833	2505.352127
146.260000	-55.120000	-160.064896	23.824000	-1.020878	25.408412	2511.470714
146.260000	-55.120000	-160.064896	24.074000	-1.174858	25.367959	2517.589302
146.260000	-55.120000	-159.814896	18.574000	-3.526912	26.341233	2385.148419
146.260000	-55.120000	-159.814896	18.824000	-2.721071	26.301316	2390.965965
146.260000	-55.120000	-159.814896	19.074000	-2.083834	26.261404	2396.974790
146.260000	-55.120000	-159.814896	19.324000	-1.147284	26.221473	2403.059931
146.260000	-55.120000	-159.814896	19.574000	-0.090549	26.181544	2409.143482
146.260000	-55.120000	-159.814896	19.824000	0.115487	26.141594	2415.224442
146.260000	-55.120000	-159.814896	20.074000	0.348160	26.101642	2421.753226
146.260000	-55.120000	-159.814896	20.324000	2.688351	26.061666	2427.989860
146.260000	-55.120000	-159.814896	20.574000	3.432572	26.021685	2434.113625
146.260000	-55.120000	-159.814896	20.824000	2.961739	25.981677	2440.237391
146.260000	-55.120000	-159.814896	21.074000	2.371514	25.941662	2446.361156
146.260000	-55.120000	-159.814896	21.324000	1.619204	25.901616	2452.543506
146.260000	-55.120000	-159.814896	21.574000	0.981238	25.861560	2458.810575
146.260000	-55.120000	-159.814896	21.824000	0.497427	25.821471	2465.077643
146.260000	-55.120000	-159.814896	22.074000	-0.279753	25.781368	2471.344712
146.260000	-55.120000	-159.814896	22.324000	-1.016913	25.741229	2477.533099
146.260000	-55.120000	-159.814896	22.574000	-1.246883	25.701072	2483.651687
146.260000	-55.120000	-159.814896	22.824000	-1.273343	25.660878	2489.770274
146.260000	-55.120000	-159.814896	23.074000	-1.233128	25.620663	2495.888862
146.260000	-55.120000	-159.814896	23.324000	-1.192871	25.580406	2502.007449
146.260000	-55.120000	-159.814896	23.574000	-1.152591	25.540126	2508.126036
146.260000	-55.120000	-159.814896	23.824000	-1.112267	25.499801	2514.244624
146.260000	-55.120000	-159.814896	24.074000	-1.071915	25.459450	2520.363211
146.260000	-55.120000	-159.814896	24.324000	-2.309916	25.419051	2526.481799
146.260000	-55.120000	-159.564896	18.074000	-2.337808	26.509583	2375.787220
146.260000	-55.120000	-159.564896	18.324000	-1.394873	26.469796	2381.872361
146.260000	-55.120000	-159.564896	18.574000	-0.330321	26.430009	2387.957502
146.260000	-55.120000	-159.564896	18.824000	0.711261	26.390212	2394.042643
146.260000	-55.120000	-159.564896	19.074000	1.026450	26.350412	2400.127784
146.260000	-55.120000	-159.564896	19.324000	1.058772	26.310600	2406.209324
146.260000	-55.120000	-159.564896	19.574000	1.090078	26.270782	2412.290284
146.260000	-55.120000	-159.564896	19.824000	0.629283	26.230949	2418.371243
146.260000	-55.120000	-159.564896	20.074000	-1.751536	26.191107	2424.717023
146.260000	-55.120000	-159.564896	20.324000	-0.153779	26.151246	2431.414599
146.260000	-55.120000	-159.564896	20.574000	2.955123	26.111373	2437.816933
146.260000	-55.120000	-159.564896	20.824000	5.091703	26.071479	2443.940699
146.260000	-55.120000	-159.564896	21.074000	5.131612	26.031570	2450.064464
146.260000	-55.120000	-159.564896	21.324000	4.970446	25.991637	2456.188230
146.260000	-55.120000	-159.564896	21.574000	4.514898	25.951686	2462.311996
146.260000	-55.120000	-159.564896	21.824000	3.738966	25.911708	2468.435761
146.260000	-55.120000	-159.564896	22.074000	1.911966	25.871709	2474.444307
146.260000	-55.120000	-159.564896	22.324000	0.233645	25.831679	2480.350215
146.260000	-55.120000	-159.564896	22.574000	-0.430121	25.791626	2486.425596
146.260000	-55.120000	-159.564896	22.824000	-0.777320	25.751539	2492.544184
146.260000	-55.120000	-159.564896	23.074000	-1.047702	25.711425	2498.662771
146.260000	-55.120000	-159.564896	23.324000	-1.283741	25.671275	2504.781358
146.260000	-55.120000	-159.564896	23.574000	-1.243561	25.631095	2510.899946
146.260000	-55.120000	-159.564896	23.824000	-1.203341	25.590876	2517.018533
146.260000	-55.120000	-159.564896	24.074000	-1.163088	25.550623	2523.137121
146.260000	-55.120000	-159.564896	24.324000	-1.742451	25.510328	2529.255708
146.260000	-55.120000	-159.314896	17.324000	-1.652067	26.716691	2360.684791
146.260000	-55.120000	-159.314896	17.574000	-0.587476	26.677039	2366.769932
146.260000	-55.120000	-159.314896	17.824000	0.459484	26.637373	2372.855073
146.260000	-55.120000	-159.314896	18.074000	0.793051	26.597718	2378.940214
146.260000	-55.120000	-159.314896	18.324000	0.832721	26.558048	2385.025355
146.260000	-55.120000	-159.314896	18.574000	0.862364	26.518385	2391.110496
146.260000	-55.120000	-159.314896	18.824000	0.894559	26.478704	2397.194207
146.260000	-55.120000	-159.314896	19.074000	0.923994	26.439027	2403.275167
146.260000	-55.120000	-159.314896	19.324000	0.961532	26.399329	2409.356126
146.260000	-55.120000	-159.314896	19.574000	1.001229	26.359631	2415.437086
146.260000	-55.120000	-159.314896	19.824000	0.884452	26.319911	2421.518045
146.260000	-55.120000	-159.314896	20.074000	-1.163552	26.280188	2427.680820
146.260000	-55.120000	-159.314896	20.324000	-2.370193	26.240439	2434.378396
146.260000	-55.120000	-159.314896	20.574000	-1.069630	26.200684	2441.075972
146.260000	-55.120000	-159.314896	20.824000	2.008807	26.160900	2447.644007
146.260000	-55.120000	-159.314896	21.074000	4.918053	26.121107	2453.767773
146.260000	-55.120000	-159.314896	21.324000	5.081900	26.081283	2459.891538
146.260000	-55.120000	-159.314896	21.574000	4.769323	26.041447	2466.015304
146.260000	-55.120000	-159.314896	21.824000	4.090241	26.001576	2471.983956
146.260000	-55.120000	-159.314896	22.074000	3.157934	25.961690	2477.622154
146.260000	-55.120000	-159.314896	22.324000	1.349813	25.921767	2483.393684
146.260000	-55.120000	-159.314896	22.574000	0.727070	25.881825	2489.431772
146.260000	-55.120000	-159.314896	22.824000	0.460928	25.841843	2495.469860
146.260000	-55.120000	-159.314896	23.074000	0.175939	25.801840	2501.507949
146.260000	-55.120000	-159.314896	23.324000	-0.241433	25.761793	2507.555268
146.260000	-55.120000	-159.314896	23.574000	-0.639630	25.721722	2513.673855
146.260000	-55.120000	-159.314896	23.824000	-0.909465	25.681604	2519.792443
146.260000	-55.120000	-159.314896	24.074000	-1.180828	25.641459	2525.911030
146.260000	-55.120000	-159.314896	24.324000	-1.592058	25.601265	2532.029617
146.260000	-55.120000	-159.314896	24.574000	-3.505191	25.561040	2538.366248
146.260000	-55.120000	-159.064896	16.574000	-0.843243	26.922680	2345.582362
146.260000	-55.120000	-159.064896	16.824000	0.203768	26.883140	2351.667503
146.260000	-55.120000	-159.064896	17.074000	0.547163	26.843606	2357.752644
146.260000	-55.120000	-159.064896	17.324000	0.586698	26.804071	2363.837785
146.260000	-55.120000	-159.064896	17.574000	0.626229	26.764540	2369.922926
146.260000	-55.120000	-159.064896	17.824000	0.665765	26.725004	2376.008067
146.260000	-55.120000	-159.064896	18.074000	0.700592	26.685469	2382.093208
146.260000	-55.120000	-159.064896	18.324000	0.731224	26.645926	2388.178349
146.260000	-55.120000	-159.064896	18.574000	0.763279	26.606382	2394.260050
146.260000	-55.120000	-159.064896	18.824000	0.794034	26.566826	2400.341009
146.260000	-55.120000	-159.064896	19.074000	0.833594	26.527267	2406.421969
146.260000	-55.120000	-159.064896	19.324000	0.873167	26.487693	2412.502928
146.260000	-55.120000	-159.064896	19.574000	0.912749	26.448112	2418.583887
146.260000	-55.120000	-159.064896	19.824000	0.952346	26.408514	2424.664847
146.260000	-55.120000	-159.064896	20.074000	-0.264461	26.368906	2430.745806
146.260000	-55.120000	-159.064896	20.324000	-2.297848	26.329278	2437.342193
146.260000	-55.120000	-159.064896	20.574000	-2.419391	26.289636	2444.039769
146.260000	-55.120000	-159.064896	20.824000	-1.918031	26.249972	2450.737345
146.260000	-55.120000	-159.064896	21.074000	1.071037	26.210292	2457.434921
146.260000	-55.120000	-159.064896	21.324000	4.253953	26.170586	2463.594846
146.260000	-55.120000	-159.064896	21.574000	3.898709	26.130860	2469.523604
146.260000	-55.120000	-159.064896	21.824000	3.315720	26.091106	2475.161802
146.260000	-55.120000	-159.064896	22.074000	3.355496	26.051330	2480.800000
146.260000	-55.120000	-159.064896	22.324000	2.044019	26.011522	2486.438197
146.260000	-55.120000	-159.064896	22.574000	0.780465	25.971688	2492.475240
146.260000	-55.120000	-159.064896	22.824000	0.818339	25.931820	2498.513329
146.260000	-55.120000	-159.064896	23.074000	0.858235	25.891924	2504.551417
146.260000	-55.120000	-159.064896	23.324000	0.863237	25.851989	2510.589506
146.260000	-55.120000	-159.064896	23.574000	0.597647	25.812024	2516.627594
146.260000	-55.120000	-159.064896	23.824000	0.330470	25.772017	2522.665682
146.260000	-55.120000	-159.064896	24.074000	-0.052450	25.731976	2528.703771
146.260000	-55.120000	-159.064896	24.324000	-0.591528	25.691891	2534.803527
146.260000	-55.120000	-159.064896	24.574000	-2.581136	25.651769	2540.997662
146.260000	-55.120000	-158.814896	16.074000	0.302690	27.088079	2336.565074
146.260000	-55.120000	-158.814896	16.324000	0.342113	27.048656	2342.650215
146.260000	-55.120000	-158.814896	16.574000	0.381519	27.009250	2348.735356
146.260000	-55.120000	-158.814896	16.824000	0.420933	26.969836	2354.820497
146.260000	-55.120000	-158.814896	17.074000	0.460332	26.930437	2360.905638
146.260000	-55.120000	-158.814896	17.324000	0.499742	26.891027	2366.990779
146.260000	-55.120000	-158.814896	17.574000	0.539140	26.851629	2373.075920
146.260000	-55.120000	-158.814896	17.824000	0.568820	26.812216	2379.161060
146.260000	-55.120000	-158.814896	18.074000	0.600737	26.772812	2385.244933
146.260000	-55.120000	-158.814896	18.324000	0.630225	26.733392	2391.325892
146.260000	-55.120000	-158.814896	18.574000	0.666883	26.693977	2397.406851
146.260000	-55.120000	-158.814896	18.824000	0.706318	26.654543	2403.487811
146.260000	-55.120000	-158.814896	19.074000	0.745749	26.615111	2409.568770
146.260000	-55.120000	-158.814896	19.324000	0.785203	26.575657	2415.649730
146.260000	-55.120000	-158.814896	19.574000	0.824658	26.536203	2421.730689
146.260000	-55.120000	-158.814896	19.824000	0.864138	26.496723	2427.811648
146.260000	-55.120000	-158.814896	20.074000	0.277900	26.457240	2433.892608
146.260000	-55.120000	-158.814896	20.324000	-2.089533	26.417729	2440.305990
146.260000	-55.120000	-158.814896	20.574000	-2.507966	26.378211	2447.003566
146.260000	-55.120000	-158.814896	20.824000	-2.468417	26.338662	2453.701142
146.260000	-55.120000	-158.814896	21.074000	-1.886248	26.299104	2460.398718
146.260000	-55.120000	-158.814896	21.324000	0.967540	26.259512	2466.990888
146.260000	-55.120000	-158.814896	21.574000	2.319122	26.219907	2472.701450
146.260000	-55.120000	-158.814896	21.824000	3.027792	26.180266	2478.339648
146.260000	-55.120000	-158.814896	22.074000	3.266218	26.140608	2483.977846
146.260000	-55.120000	-158.814896	22.324000	2.741197	26.100912	2489.616044
146.260000	-55.120000	-158.814896	22.574000	0.949540	26.061196	2495.518708
146.260000	-55.120000	-158.814896	22.824000	0.728721	26.021438	2501.556797
146.260000	-55.120000	-158.814896	23.074000	0.768501	25.981658	2507.594885
146.260000	-55.120000	-158.814896	23.324000	0.808327	25.941832	2513.632974
146.260000	-55.120000	-158.814896	23.574000	0.848177	25.901982	2519.671062
146.260000	-55.120000	-158.814896	23.824000	0.932447	25.862083	2525.709151
146.260000	-55.120000	-158.814896	24.074000	1.018354	25.822155	2531.747239
146.260000	-55.120000	-158.814896	24.324000	0.855512	25.782177	2537.788592
146.260000	-55.120000	-158.814896	24.574000	-0.405985	25.742166	2543.838174
146.260000	-55.120000	-158.814896	24.824000	-3.753362	25.702102	2550.281934
146.260000	-55.120000	-158.564896	16.324000	0.256075	27.134694	2345.803209
146.260000	-55.120000	-158.564896	16.574000	0.295351	27.095418	2351.888350
146.260000	-55.120000	-158.564896	16.824000	0.334627	27.056142	2357.973491
146.260000	-55.120000	-158.564896	17.074000	0.373897	27.016872	2364.058631
146.260000	-55.120000	-158.564896	17.324000	0.409059	26.977598	2370.143772
146.260000	-55.120000	-158.564896	17.574000	0.439111	26.938326	2376.228913
146.260000	-55.120000	-158.564896	17.824000	0.470900	26.899048	2382.310775
146.260000	-55.120000	-158.564896	18.074000	0.501090	26.859770	2388.391734
146.260000	-55.120000	-158.564896	18.324000	0.540378	26.820483	2394.472694
146.260000	-55.120000	-158.564896	18.574000	0.579668	26.781192	2400.553653
146.260000	-55.120000	-158.564896	18.824000	0.618971	26.741889	2406.634613
146.260000	-55.120000	-158.564896	19.074000	0.658280	26.702581	2412.715572
146.260000	-55.120000	-158.564896	19.324000	0.697604	26.663256	2418.796531
146.260000	-55.120000	-158.564896	19.574000	0.736937	26.623923	2424.877491
146.260000	-55.120000	-158.564896	19.824000	0.776288	26.584572	2430.958450
146.260000	-55.120000	-158.564896	20.074000	0.531086	26.545209	2437.039409
146.260000	-55.120000	-158.564896	20.324000	-1.751030	26.505825	2443.269787
146.260000	-55.120000	-158.564896	20.574000	-2.552749	26.466426	2449.967363
146.260000	-55.120000	-158.564896	20.824000	-2.228101	26.427003	2456.664939
146.260000	-55.120000	-158.564896	21.074000	-1.350781	26.387562	2463.467013
146.260000	-55.120000	-158.564896	21.324000	-0.713077	26.348094	2469.924936
146.260000	-55.120000	-158.564896	21.574000	0.878686	26.308605	2475.695492
146.260000	-55.120000	-158.564896	21.824000	1.601949	26.269086	2481.466048
146.260000	-55.120000	-158.564896	22.074000	2.435396	26.229544	2487.155692
146.260000	-55.120000	-158.564896	22.324000	2.819432	26.189968	2492.793890
146.260000	-55.120000	-158.564896	22.574000	1.140057	26.150366	2498.562176
146.260000	-55.120000	-158.564896	22.824000	0.639431	26.110728	2504.600265
146.260000	-55.120000	-158.564896	23.074000	0.703237	26.071060	2510.638353
146.260000	-55.120000	-158.564896	23.324000	0.795181	26.031353	2516.676442
146.260000	-55.120000	-158.564896	23.574000	0.864680	25.991613	2522.714530
146.260000	-55.120000	-158.564896	23.824000	0.930162	25.951831	2528.764351
146.260000	-55.120000	-158.564896	24.074000	1.018018	25.912013	2534.816259
146.260000	-55.120000	-158.564896	24.324000	1.111331	25.872150	2540.868167
146.260000	-55.120000	-158.564896	24.574000	1.184749	25.832248	2546.912893
146.260000	-55.120000	-158.564896	24.824000	-1.462713	25.792298	2552.928273
146.260000	-55.120000	-158.314896	16.324000	0.170472	27.220297	2348.956203
146.260000	-55.120000	-158.314896	16.574000	0.209606	27.181163	2355.041343
146.260000	-55.120000	-158.314896	16.824000	0.248751	27.142018	2361.126484
146.260000	-55.120000	-158.314896	17.074000	0.278436	27.102888	2367.211625
146.260000	-55.120000	-158.314896	17.324000	0.310094	27.063744	2373.295658
146.260000	-55.120000	-158.314896	17.574000	0.339603	27.024611	2379.376617
146.260000	-55.120000	-158.314896	17.824000	0.375399	26.985462	2385.457577
146.260000	-55.120000	-158.314896	18.074000	0.414540	26.946321	2391.538536
146.260000	-55.120000	-158.314896	18.324000	0.453700	26.907161	2397.619495
146.260000	-55.120000	-158.314896	18.574000	0.492855	26.868005	2403.700455
146.260000	-55.120000	-158.314896	18.824000	0.532032	26.828829	2409.781414
146.260000	-55.120000	-158.314896	19.074000	0.571207	26.789654	2415.862374
146.260000	-55.120000	-158.314896	19.324000	0.610406	26.750454	2421.943333
146.260000	-55.120000	-158.314896	19.574000	0.660284	26.711253	2428.024292
146.260000	-55.120000	-158.314896	19.824000	0.716098	26.672026	2434.105252
146.260000	-55.120000	-158.314896	20.074000	0.771911	26.632793	2440.186211
146.260000	-55.120000	-158.314896	20.324000	-0.792001	26.593531	2446.267170
146.260000	-55.120000	-158.314896	20.574000	-2.234952	26.554261	2452.943306
146.260000	-55.120000	-158.314896	20.824000	-1.987263	26.514959	2459.767814
146.260000	-55.120000	-158.314896	21.074000	-0.952648	26.475646	2466.592323
146.260000	-55.120000	-158.314896	21.324000	-0.447243	26.436297	2472.858985
146.260000	-55.120000	-158.314896	21.574000	0.554200	26.396935	2478.629541
146.260000	-55.120000	-158.314896	21.824000	0.593601	26.357535	2484.400096
146.260000	-55.120000	-158.314896	22.074000	0.951284	26.318117	2490.170652
146.260000	-55.120000	-158.314896	22.324000	1.717408	26.278658	2495.941208
146.260000	-55.120000	-158.314896	22.574000	1.696864	26.239180	2501.609934
146.260000	-55.120000	-158.314896	22.824000	0.654863	26.199657	2507.643733
146.260000	-55.120000	-158.314896	23.074000	0.711938	26.160111	2513.688203
146.260000	-55.120000	-158.314896	23.324000	0.789374	26.120519	2519.740111
146.260000	-55.120000	-158.314896	23.574000	0.880987	26.080899	2525.792019
146.260000	-55.120000	-158.314896	23.824000	0.928503	26.041231	2531.843927
146.260000	-55.120000	-158.314896	24.074000	0.968201	26.001532	2537.895834
146.260000	-55.120000	-158.314896	24.324000	1.031003	25.961781	2543.947742
146.260000	-55.120000	-158.314896	24.574000	1.104340	25.921997	2549.987612
146.260000	-55.120000	-158.314896	24.824000	0.849457	25.882157	2556.002992
146.260000	-55.120000	-158.314896	25.074000	-2.565301	25.842282	2562.197621
146.260000	-55.120000	-158.064896	16.574000	0.120748	27.266504	2358.194337
146.260000	-55.120000	-158.064896	16.824000	0.150222	27.227503	2364.279478
146.260000	-55.120000	-158.064896	17.074000	0.181730	27.188506	2370.361500
146.260000	-55.120000	-158.064896	17.324000	0.212369	27.149504	2376.442460
146.260000	-55.120000	-158.064896	17.574000	0.267959	27.110503	2382.523419
146.260000	-55.120000	-158.064896	17.824000	0.323551	27.071494	2388.604378
146.260000	-55.120000	-158.064896	18.074000	0.379140	27.032484	2394.685338
146.260000	-55.120000	-158.064896	18.324000	0.434735	26.993462	2400.766297
146.260000	-55.120000	-158.064896	18.574000	0.490329	26.954436	2406.847257
146.260000	-55.120000	-158.064896	18.824000	0.545932	26.915397	2412.928216
146.260000	-55.120000	-158.064896	19.074000	0.601538	26.876350	2419.009175
146.260000	-55.120000	-158.064896	19.324000	0.651612	26.837286	2425.090135
146.260000	-55.120000	-158.064896	19.574000	0.698621	26.798212	2431.173968
146.260000	-55.120000	-158.064896	19.824000	0.751183	26.759118	2437.259392
146.260000	-55.120000	-158.064896	20.074000	0.793346	26.720011	2443.344816
146.260000	-55.120000	-158.064896	20.324000	0.277638	26.680882	2449.437228
146.260000	-55.120000	-158.064896	20.574000	-1.725622	26.641736	2456.068616
146.260000	-55.120000	-158.064896	20.824000	-1.996972	26.602565	2462.893124
146.260000	-55.120000	-158.064896	21.074000	-0.710980	26.563375	2469.717632
146.260000	-55.120000	-158.064896	21.324000	-0.171855	26.524156	2475.793033
146.260000	-55.120000	-158.064896	21.574000	0.466220	26.484915	2481.563589
146.260000	-55.120000	-158.064896	21.824000	0.505492	26.445643	2487.334145
146.260000	-55.120000	-158.064896	22.074000	0.544789	26.406346	2493.104701
146.260000	-55.120000	-158.064896	22.324000	0.990951	26.367014	2498.875257
146.260000	-55.120000	-158.064896	22.574000	2.341265	26.327654	2504.767773
146.260000	-55.120000	-158.064896	22.824000	1.561349	26.288257	2510.715870
146.260000	-55.120000	-158.064896	23.074000	0.857284	26.248829	2516.767778
146.260000	-55.120000	-158.064896	23.324000	0.760373	26.209360	2522.819686
146.260000	-55.120000	-158.064896	23.574000	0.799876	26.169858	2528.871594
146.260000	-55.120000	-158.064896	23.824000	0.839422	26.130311	2534.923502
146.260000	-55.120000	-158.064896	24.074000	0.879005	26.090728	2540.975410
146.260000	-55.120000	-158.064896	24.324000	0.950995	26.051098	2547.027318
146.260000	-55.120000	-158.064896	24.574000	1.024254	26.011428	2553.062331
146.260000	-55.120000	-158.064896	24.824000	1.101819	25.971709	2559.077711
146.260000	-55.120000	-158.064896	25.074000	-0.230223	25.931946	2565.093091
146.260000	-55.120000	-158.064896	25.324000	-3.652570	25.892130	2571.481893
146.260000	-55.120000	-157.814896	16.574000	0.113478	27.351421	2361.346383
146.260000	-55.120000	-157.814896	16.824000	0.159627	27.312556	2367.427343
146.260000	-55.120000	-157.814896	17.074000	0.210568	27.273705	2373.508302
146.260000	-55.120000	-157.814896	17.324000	0.257373	27.234838	2379.589534
146.260000	-55.120000	-157.814896	17.574000	0.304687	27.195981	2385.674958
146.260000	-55.120000	-157.814896	17.824000	0.360097	27.157106	2391.760382
146.260000	-55.120000	-157.814896	18.074000	0.415494	27.118238	2397.845807
146.260000	-55.120000	-157.814896	18.324000	0.470908	27.079350	2403.931231
146.260000	-55.120000	-157.814896	18.574000	0.526312	27.040465	2410.016655
146.260000	-55.120000	-157.814896	18.824000	0.581735	27.001556	2416.102079
146.260000	-55.120000	-157.814896	19.074000	0.637153	26.962649	2422.187503
146.260000	-55.120000	-157.814896	19.324000	0.692591	26.923715	2428.272928
146.260000	-55.120000	-157.814896	19.574000	0.737408	26.884779	2434.358352
146.260000	-55.120000	-157.814896	19.824000	0.776373	26.845814	2440.443776
146.260000	-55.120000	-157.814896	20.074000	0.666242	26.806844	2446.529200
146.260000	-55.120000	-157.814896	20.324000	0.767913	26.767841	2452.738672
146.260000	-55.120000	-157.814896	20.574000	-1.441160	26.728831	2459.193926
146.260000	-55.120000	-157.814896	20.824000	-2.084192	26.689785	2466.018434
146.260000	-55.120000	-157.814896	21.074000	-0.743599	26.650729	2472.842942
146.260000	-55.120000	-157.814896	21.324000	0.113455	26.611635	2478.727082
146.260000	-55.120000	-157.814896	21.574000	0.378609	26.572526	2484.497638
146.260000	-55.120000	-157.814896	21.824000	0.417758	26.533377	2490.268194
146.260000	-55.120000	-157.814896	22.074000	0.946876	26.494211	2496.038749
146.260000	-55.120000	-157.814896	22.324000	1.591975	26.455001	2501.975919
146.260000	-55.120000	-157.814896	22.574000	2.403811	26.415771	2508.084135
146.260000	-55.120000	-157.814896	22.824000	2.689844	26.376495	2513.983901
146.260000	-55.120000	-157.814896	23.074000	1.927595	26.337195	2519.883668
146.260000	-55.120000	-157.814896	23.324000	1.098331	26.297846	2525.899261
146.260000	-55.120000	-157.814896	23.574000	0.711264	26.258470	2531.951169
146.260000	-55.120000	-157.814896	23.824000	0.750691	26.219042	2538.003077
146.260000	-55.120000	-157.814896	24.074000	0.790149	26.179584	2544.054985
146.260000	-55.120000	-157.814896	24.324000	0.871337	26.140071	2550.106893
146.260000	-55.120000	-157.814896	24.574000	0.944508	26.100525	2556.137051
146.260000	-55.120000	-157.814896	24.824000	1.012606	26.060921	2562.152430
146.260000	-55.120000	-157.814896	25.074000	1.052247	26.021281	2568.167810
146.260000	-55.120000	-157.814896	25.324000	-1.351367	25.981580	2574.183190
146.260000	-55.120000	-157.564896	17.074000	0.248187	27.358505	2376.688494
146.260000	-55.120000	-157.564896	17.324000	0.302402	27.319785	2382.773918
146.260000	-55.120000	-157.564896	17.574000	0.341122	27.281066	2388.859342
146.260000	-55.120000	-157.564896	17.824000	0.379851	27.242337	2394.944766
146.260000	-55.120000	-157.564896	18.074000	0.418583	27.203605	2401.030191
146.260000	-55.120000	-157.564896	18.324000	0.457327	27.164860	2407.115615
146.260000	-55.120000	-157.564896	18.574000	0.496077	27.126110	2413.201039
146.260000	-55.120000	-157.564896	18.824000	0.534843	27.087344	2419.286463
146.260000	-55.120000	-157.564896	19.074000	0.573617	27.048570	2425.371887
146.260000	-55.120000	-157.564896	19.324000	0.612410	27.009777	2431.457312
146.260000	-55.120000	-157.564896	19.574000	0.651214	26.970973	2437.542736
146.260000	-55.120000	-157.564896	19.824000	0.643292	26.932148	2443.628160
146.260000	-55.120000	-157.564896	20.074000	0.783586	26.893308	2449.737795
146.260000	-55.120000	-157.564896	20.324000	0.793159	26.854444	2456.040115
146.260000	-55.120000	-157.564896	20.574000	-0.607930	26.815563	2462.342435
146.260000	-55.120000	-157.564896	20.824000	-2.009771	26.776655	2469.143744
146.260000	-55.120000	-157.564896	21.074000	-1.195999	26.737726	2475.890575
146.260000	-55.120000	-157.564896	21.324000	0.252368	26.698767	2481.661130
146.260000	-55.120000	-157.564896	21.574000	0.291350	26.659785	2487.431686
146.260000	-55.120000	-157.564896	21.824000	0.902683	26.620771	2493.202242
146.260000	-55.120000	-157.564896	22.074000	1.541626	26.581730	2499.184065
146.260000	-55.120000	-157.564896	22.324000	2.009635	26.542653	2505.292575
146.260000	-55.120000	-157.564896	22.574000	2.273795	26.503547	2511.374563
146.260000	-55.120000	-157.564896	22.824000	2.684955	26.464402	2517.274329
146.260000	-55.120000	-157.564896	23.074000	2.724132	26.425225	2523.174096
146.260000	-55.120000	-157.564896	23.324000	2.216136	26.386006	2529.073863
146.260000	-55.120000	-157.564896	23.574000	1.383658	26.346752	2535.030744
146.260000	-55.120000	-157.564896	23.824000	0.668283	26.307453	2541.082652
146.260000	-55.120000	-157.564896	24.074000	0.701618	26.268115	2547.134560
146.260000	-55.120000	-157.564896	24.324000	0.792000	26.228730	2553.186468
146.260000	-55.120000	-157.564896	24.574000	0.865088	26.189303	2559.211770
146.260000	-55.120000	-157.564896	24.824000	0.923702	26.149825	2565.227149
146.260000	-55.120000	-157.564896	25.074000	0.963225	26.110303	2571.242529
146.260000	-55.120000	-157.564896	25.324000	0.764865	26.070727	2577.257909
146.260000	-55.120000	-157.564896	25.574000	-2.457724	26.031103	2583.397580
146.260000	-55.120000	-157.314896	17.324000	0.217882	27.404306	2385.958302
146.260000	-55.120000	-157.314896	17.574000	0.256451	27.365736	2392.043726
146.260000	-55.120000	-157.314896	17.824000	0.295042	27.327146	2398.129150
146.260000	-55.120000	-157.314896	18.074000	0.333625	27.288562	2404.214575
146.260000	-55.120000	-157.314896	18.324000	0.372232	27.249955	2410.299999
146.260000	-55.120000	-157.314896	18.574000	0.410836	27.211351	2416.385423
146.260000	-55.120000	-157.314896	18.824000	0.449465	27.172722	2422.470847
146.260000	-55.120000	-157.314896	19.074000	0.488095	27.134093	2428.556272
146.260000	-55.120000	-157.314896	19.324000	0.526752	27.095435	2434.641696
146.260000	-55.120000	-157.314896	19.574000	0.565413	27.056775	2440.727120
146.260000	-55.120000	-157.314896	19.824000	0.485279	27.018083	2446.812544
146.260000	-55.120000	-157.314896	20.074000	0.810190	26.979386	2453.039238
146.260000	-55.120000	-157.314896	20.324000	0.706949	26.940654	2459.341559
146.260000	-55.120000	-157.314896	20.574000	0.154354	26.901914	2465.643879
146.260000	-55.120000	-157.314896	20.824000	-1.491727	26.863137	2472.269053
146.260000	-55.120000	-157.314896	21.074000	-1.366635	26.824347	2478.824623
146.260000	-55.120000	-157.314896	21.324000	0.165616	26.785519	2484.595179
146.260000	-55.120000	-157.314896	21.574000	0.858401	26.746675	2490.365735
146.260000	-55.120000	-157.314896	21.824000	1.491852	26.707789	2496.392210
146.260000	-55.120000	-157.314896	22.074000	1.831156	26.668884	2502.500721
146.260000	-55.120000	-157.314896	22.324000	1.974193	26.629935	2508.609231
146.260000	-55.120000	-157.314896	22.574000	2.239388	26.590964	2514.664991
146.260000	-55.120000	-157.314896	22.824000	2.597412	26.551945	2520.564757
146.260000	-55.120000	-157.314896	23.074000	2.636455	26.512902	2526.464524
146.260000	-55.120000	-157.314896	23.324000	2.675549	26.473808	2532.364291
146.260000	-55.120000	-157.314896	23.574000	2.502698	26.434686	2538.264057
146.260000	-55.120000	-157.314896	23.824000	1.670349	26.395511	2544.163824
146.260000	-55.120000	-157.314896	24.074000	0.842806	26.356305	2550.214136
146.260000	-55.120000	-157.314896	24.324000	0.713015	26.317042	2556.266043
146.260000	-55.120000	-157.314896	24.574000	0.786009	26.277745	2562.286489
146.260000	-55.120000	-157.314896	24.824000	0.835139	26.238389	2568.301868
146.260000	-55.120000	-157.314896	25.074000	0.874533	26.198995	2574.317248
146.260000	-55.120000	-157.314896	25.324000	0.913989	26.159539	2580.332628
146.260000	-55.120000	-157.314896	25.574000	-0.112443	26.120042	2586.348007
146.260000	-55.120000	-157.064896	17.824000	0.210615	27.411572	2401.313535
146.260000	-55.120000	-157.064896	18.074000	0.249058	27.373129	2407.398959
146.260000	-55.120000	-157.064896	18.324000	0.287515	27.334672	2413.484383
146.260000	-55.120000	-157.064896	18.574000	0.325979	27.296208	2419.569807
146.260000	-55.120000	-157.064896	18.824000	0.364460	27.257727	2425.655231
146.260000	-55.120000	-157.064896	19.074000	0.402951	27.219236	2431.740656
146.260000	-55.120000	-157.064896	19.324000	0.441462	27.180726	2437.826080
146.260000	-55.120000	-157.064896	19.574000	0.400072	27.142202	2443.911504
146.260000	-55.120000	-157.064896	19.824000	0.602837	27.103656	2450.038362
146.260000	-55.120000	-157.064896	20.074000	0.582509	27.065094	2456.340682
146.260000	-55.120000	-157.064896	20.324000	0.621096	27.026507	2462.643002
146.260000	-55.120000	-157.064896	20.574000	0.388043	26.987901	2468.945322
146.260000	-55.120000	-157.064896	20.824000	-0.839035	26.949266	2475.394363
146.260000	-55.120000	-157.064896	21.074000	-1.075620	26.910610	2481.758672
146.260000	-55.120000	-157.064896	21.324000	0.814039	26.871923	2487.529228
146.260000	-55.120000	-157.064896	21.574000	1.442048	26.833211	2493.600356
146.260000	-55.120000	-157.064896	21.824000	1.705575	26.794465	2499.708866
146.260000	-55.120000	-157.064896	22.074000	1.744349	26.755691	2505.817377
146.260000	-55.120000	-157.064896	22.324000	1.939260	26.716880	2511.925887
146.260000	-55.120000	-157.064896	22.574000	2.205503	26.678039	2517.955419
146.260000	-55.120000	-157.064896	22.824000	2.510200	26.639157	2523.855185
146.260000	-55.120000	-157.064896	23.074000	2.549115	26.600242	2529.754952
146.260000	-55.120000	-157.064896	23.324000	2.588073	26.561284	2535.654719
146.260000	-55.120000	-157.064896	23.574000	2.627068	26.522289	2541.554485
146.260000	-55.120000	-157.064896	23.824000	2.666109	26.483249	2547.454252
146.260000	-55.120000	-157.064896	24.074000	1.958342	26.444168	2553.354019
146.260000	-55.120000	-157.064896	24.324000	0.789158	26.405039	2559.345619
146.260000	-55.120000	-157.064896	24.574000	0.696579	26.365867	2565.361208
146.260000	-55.120000	-157.064896	24.824000	0.746886	26.326642	2571.376587
146.260000	-55.120000	-157.064896	25.074000	0.786156	26.287372	2577.391967
146.260000	-55.120000	-157.064896	25.324000	0.825481	26.248046	2583.407347
146.260000	-55.120000	-157.064896	25.574000	0.864856	26.208672	2589.422727
146.260000	-55.120000	-157.064896	25.824000	-1.237222	26.169239	2595.438106
146.260000	-55.120000	-156.814896	18.074000	0.164901	27.457287	2410.583343
146.260000	-55.120000	-156.814896	18.324000	0.203215	27.418973	2416.668767
146.260000	-55.120000	-156.814896	18.574000	0.241527	27.380660	2422.754191
146.260000	-55.120000	-156.814896	18.824000	0.279866	27.342321	2428.839615
146.260000	-55.120000	-156.814896	19.074000	0.318207	27.303981	2434.925040
146.260000	-55.120000	-156.814896	19.324000	0.356577	27.265610	2441.010464
146.260000	-55.120000	-156.814896	19.574000	0.306302	27.227236	2447.095888
146.260000	-55.120000	-156.814896	19.824000	0.568296	27.188829	2453.339805
146.260000	-55.120000	-156.814896	20.074000	0.497188	27.150415	2459.642125
146.260000	-55.120000	-156.814896	20.324000	0.535638	27.111965	2465.944445
146.260000	-55.120000	-156.814896	20.574000	0.574098	27.073505	2472.246766
146.260000	-55.120000	-156.814896	20.824000	0.472572	27.035007	2478.549086
146.260000	-55.120000	-156.814896	21.074000	0.046124	26.996496	2484.699991
146.260000	-55.120000	-156.814896	21.324000	1.406523	26.957944	2490.808502
146.260000	-55.120000	-156.814896	21.574000	1.580664	26.919376	2496.917012
146.260000	-55.120000	-156.814896	21.824000	1.619277	26.880763	2503.025523
146.260000	-55.120000	-156.814896	22.074000	1.657908	26.842132	2509.134033
146.260000	-55.120000	-156.814896	22.324000	1.904872	26.803454	2515.242543
146.260000	-55.120000	-156.814896	22.574000	2.172157	26.764754	2521.245847
146.260000	-55.120000	-156.814896	22.824000	2.423354	26.726004	2527.145613
146.260000	-55.120000	-156.814896	23.074000	2.462129	26.687228	2533.045380
146.260000	-55.120000	-156.814896	23.324000	2.500957	26.648400	2538.945147
146.260000	-55.120000	-156.814896	23.574000	2.539813	26.609544	2544.844913
146.260000	-55.120000	-156.814896	23.824000	2.380109	26.570632	2550.744680
146.260000	-55.120000	-156.814896	24.074000	2.216748	26.531689	2556.644447
146.260000	-55.120000	-156.814896	24.324000	1.276914	26.492688	2562.435363
146.260000	-55.120000	-156.814896	24.574000	0.517659	26.453651	2568.433099
146.260000	-55.120000	-156.814896	24.824000	0.581239	26.414553	2574.451306
146.260000	-55.120000	-156.814896	25.074000	0.684219	26.375418	2580.466686
146.260000	-55.120000	-156.814896	25.324000	0.737310	26.336218	2586.482066
146.260000	-55.120000	-156.814896	25.574000	0.776551	26.296977	2592.497446
146.260000	-55.120000	-156.814896	25.824000	0.682652	26.257668	2598.512825
146.260000	-55.120000	-156.564896	18.324000	0.119293	27.502894	2419.853151
146.260000	-55.120000	-156.564896	18.574000	0.157460	27.464727	2425.938575
146.260000	-55.120000	-156.564896	18.824000	0.195646	27.426541	2432.024000
146.260000	-55.120000	-156.564896	19.074000	0.233843	27.388344	2438.109424
146.260000	-55.120000	-156.564896	19.324000	0.159055	27.350126	2444.194848
146.260000	-55.120000	-156.564896	19.574000	0.424099	27.311894	2450.338928
146.260000	-55.120000	-156.564896	19.824000	0.373965	27.273638	2456.641249
146.260000	-55.120000	-156.564896	20.074000	0.412238	27.235365	2462.943569
146.260000	-55.120000	-156.564896	20.324000	0.562479	27.197065	2469.245889
146.260000	-55.120000	-156.564896	20.574000	0.752864	27.158745	2475.548209
146.260000	-55.120000	-156.564896	20.824000	1.310091	27.120395	2481.879196
146.260000	-55.120000	-156.564896	21.074000	1.516359	27.082022	2488.016647
146.260000	-55.120000	-156.564896	21.324000	1.477920	27.043617	2494.125158
146.260000	-55.120000	-156.564896	21.574000	1.494854	27.005186	2500.233668
146.260000	-55.120000	-156.564896	21.824000	1.533321	26.966719	2506.342179
146.260000	-55.120000	-156.564896	22.074000	1.571816	26.928224	2512.450689
146.260000	-55.120000	-156.564896	22.324000	1.870996	26.889690	2518.559199
146.260000	-55.120000	-156.564896	22.574000	2.139335	26.851124	2524.536275
146.260000	-55.120000	-156.564896	22.824000	2.336840	26.812517	2530.436041
146.260000	-55.120000	-156.564896	23.074000	2.375482	26.773875	2536.335808
146.260000	-55.120000	-156.564896	23.324000	2.414168	26.735189	2542.235575
146.260000	-55.120000	-156.564896	23.574000	2.145535	26.696465	2548.135341
146.260000	-55.120000	-156.564896	23.824000	1.990332	26.657694	2553.981585
146.260000	-55.120000	-156.564896	24.074000	1.719467	26.618882	2559.767332
146.260000	-55.120000	-156.564896	24.324000	1.457320	26.580020	2565.553079
146.260000	-55.120000	-156.564896	24.574000	0.440426	26.541113	2571.476060
146.260000	-55.120000	-156.564896	24.824000	0.319647	26.502153	2577.506893
146.260000	-55.120000	-156.564896	25.074000	0.439662	26.463147	2583.537727
146.260000	-55.120000	-156.564896	25.324000	0.566856	26.424083	2589.556785
146.260000	-55.120000	-156.564896	25.574000	0.671454	26.384970	2595.572165
146.260000	-55.120000	-156.564896	25.824000	0.727731	26.345797	2601.587544
146.260000	-55.120000	-156.564896	26.074000	0.008034	26.306571	2607.602924
146.260000	-55.120000	-156.314896	18.824000	0.111838	27.510349	2435.208384
146.260000	-55.120000	-156.314896	19.074000	0.149879	27.472308	2441.293808
146.260000	-55.120000	-156.314896	19.324000	0.129378	27.434236	2447.379232
146.260000	-55.120000	-156.314896	19.574000	0.328586	27.396158	2453.640372
146.260000	-55.120000	-156.314896	19.824000	0.411284	27.358046	2459.942692
146.260000	-55.120000	-156.314896	20.074000	0.596261	27.319926	2466.245012
146.260000	-55.120000	-156.314896	20.324000	0.730382	27.281769	2472.578748
146.260000	-55.120000	-156.314896	20.574000	0.922245	27.243601	2478.939035
146.260000	-55.120000	-156.314896	20.824000	1.438173	27.205393	2485.299321
146.260000	-55.120000	-156.314896	21.074000	1.808738	27.167171	2491.376258
146.260000	-55.120000	-156.314896	21.324000	1.662204	27.128906	2497.447750
146.260000	-55.120000	-156.314896	21.574000	1.493361	27.090624	2503.550324
146.260000	-55.120000	-156.314896	21.824000	1.447744	27.052297	2509.658835
146.260000	-55.120000	-156.314896	22.074000	1.486091	27.013949	2515.767345
146.260000	-55.120000	-156.314896	22.324000	1.837668	26.975553	2521.875856
146.260000	-55.120000	-156.314896	22.574000	2.107056	26.937134	2527.826703
146.260000	-55.120000	-156.314896	22.824000	2.250693	26.898664	2533.726469
146.260000	-55.120000	-156.314896	23.074000	2.078064	26.860168	2539.626236
146.260000	-55.120000	-156.314896	23.324000	1.921097	26.821617	2545.526003
146.260000	-55.120000	-156.314896	23.574000	1.763363	26.783037	2551.313555
146.260000	-55.120000	-156.314896	23.824000	1.574117	26.744400	2557.099301
146.260000	-55.120000	-156.314896	24.074000	1.612786	26.705731	2562.885048
146.260000	-55.120000	-156.314896	24.324000	1.522864	26.667002	2568.670795
146.260000	-55.120000	-156.314896	24.574000	0.545778	26.628237	2574.519021
146.260000	-55.120000	-156.314896	24.824000	0.184605	26.589410	2580.549854
146.260000	-55.120000	-156.314896	25.074000	0.223471	26.550543	2586.580688
146.260000	-55.120000	-156.314896	25.324000	0.306971	26.511611	2592.611521
146.260000	-55.120000	-156.314896	25.574000	0.425323	26.472637	2598.642355
146.260000	-55.120000	-156.314896	25.824000	0.552493	26.433593	2604.662263
146.260000	-55.120000	-156.314896	26.074000	0.658706	26.394505	2610.677643
146.260000	-55.120000	-156.064896	19.074000	-0.079728	27.555890	2444.478192
146.260000	-55.120000	-156.064896	19.324000	0.380132	27.517976	2450.639495
146.260000	-55.120000	-156.064896	19.574000	0.253893	27.480045	2456.941815
146.260000	-55.120000	-156.064896	19.824000	0.127868	27.442090	2463.278301
146.260000	-55.120000	-156.064896	20.074000	0.065717	27.404116	2469.638588
146.260000	-55.120000	-156.064896	20.324000	-0.064083	27.366114	2475.998874
146.260000	-55.120000	-156.064896	20.574000	-0.203223	27.328090	2482.359161
146.260000	-55.120000	-156.064896	20.824000	0.088867	27.290036	2488.672463
146.260000	-55.120000	-156.064896	21.074000	0.988949	27.251958	2494.743955
146.260000	-55.120000	-156.064896	21.324000	1.441941	27.213845	2500.815448
146.260000	-55.120000	-156.064896	21.574000	1.693984	27.175706	2506.886940
146.260000	-55.120000	-156.064896	21.824000	1.524869	27.137530	2512.975491
146.260000	-55.120000	-156.064896	22.074000	1.400717	27.099323	2519.084001
146.260000	-55.120000	-156.064896	22.324000	1.799831	27.061077	2525.192512
146.260000	-55.120000	-156.064896	22.574000	2.069535	27.022798	2531.117131
146.260000	-55.120000	-156.064896	22.824000	1.851864	26.984477	2537.016898
146.260000	-55.120000	-156.064896	23.074000	1.696114	26.946119	2542.859777
146.260000	-55.120000	-156.064896	23.324000	1.417726	26.907716	2548.645524
146.260000	-55.120000	-156.064896	23.574000	1.449243	26.869274	2554.431271
146.260000	-55.120000	-156.064896	23.824000	1.487734	26.830783	2560.217018
146.260000	-55.120000	-156.064896	24.074000	1.526266	26.792251	2566.002764
146.260000	-55.120000	-156.064896	24.324000	1.564851	26.753666	2571.788511
146.260000	-55.120000	-156.064896	24.574000	0.891872	26.715037	2577.574258
146.260000	-55.120000	-156.064896	24.824000	0.121134	26.676353	2583.592815
146.260000	-55.120000	-156.064896	25.074000	0.136393	26.637621	2589.623649
146.260000	-55.120000	-156.064896	25.324000	0.175183	26.598831	2595.654482
146.260000	-55.120000	-156.064896	25.574000	0.214024	26.559990	2601.685316
146.260000	-55.120000	-156.064896	25.824000	0.294276	26.521088	2607.716149
146.260000	-55.120000	-156.064896	26.074000	0.410980	26.482132	2613.746983
146.260000	-55.120000	-156.064896	26.324000	0.510480	26.443112	2619.767742
146.260000	-55.120000	-155.814896	19.574000	-1.329761	27.563537	2460.285446
146.260000	-55.120000	-155.814896	19.824000	-1.437335	27.525731	2466.571930
146.260000	-55.120000	-155.814896	20.074000	-1.671433	27.487916	2472.858413
146.260000	-55.120000	-155.814896	20.324000	-1.906745	27.450062	2479.144897
146.260000	-55.120000	-155.814896	20.574000	-2.135099	27.412196	2485.431380
146.260000	-55.120000	-155.814896	20.824000	-2.018351	27.374288	2491.713205
146.260000	-55.120000	-155.814896	21.074000	-1.311213	27.336366	2497.898436
146.260000	-55.120000	-155.814896	21.324000	-0.823049	27.298399	2504.083666
146.260000	-55.120000	-155.814896	21.574000	-0.149689	27.260415	2510.254638
146.260000	-55.120000	-155.814896	21.824000	0.431577	27.222383	2516.326130
146.260000	-55.120000	-155.814896	22.074000	0.683407	27.184330	2522.400657
146.260000	-55.120000	-155.814896	22.324000	1.211587	27.146227	2528.507792
146.260000	-55.120000	-155.814896	22.574000	1.628886	27.108101	2534.405999
146.260000	-55.120000	-155.814896	22.824000	1.467375	27.069921	2540.191746
146.260000	-55.120000	-155.814896	23.074000	1.286802	27.031715	2545.977493
146.260000	-55.120000	-155.814896	23.324000	1.325064	26.993453	2551.763240
146.260000	-55.120000	-155.814896	23.574000	1.363357	26.955160	2557.548987
146.260000	-55.120000	-155.814896	23.824000	1.401708	26.916809	2563.334734
146.260000	-55.120000	-155.814896	24.074000	1.440092	26.878425	2569.120481
146.260000	-55.120000	-155.814896	24.324000	1.478537	26.839980	2574.906227
146.260000	-55.120000	-155.814896	24.574000	1.193630	26.801498	2580.691974
146.260000	-55.120000	-155.814896	24.824000	0.178293	26.762951	2586.635776
146.260000	-55.120000	-155.814896	25.074000	0.049649	26.724365	2592.666610
146.260000	-55.120000	-155.814896	25.324000	0.088302	26.685712	2598.697443
146.260000	-55.120000	-155.814896	25.574000	0.126999	26.647016	2604.728276
146.260000	-55.120000	-155.814896	25.824000	0.165765	26.608249	2610.759110
146.260000	-55.120000	-155.814896	26.074000	0.204578	26.569437	2616.789943
146.260000	-55.120000	-155.814896	26.324000	0.281595	26.530551	2622.820777
146.260000	-55.120000	-155.814896	26.574000	0.324609	26.491616	2628.851610
146.260000	-55.120000	-155.564896	19.824000	-3.126128	27.609006	2469.434577
146.260000	-55.120000	-155.564896	20.074000	-3.088464	27.571342	2475.721060
146.260000	-55.120000	-155.564896	20.324000	-3.050771	27.533649	2482.007544
146.260000	-55.120000	-155.564896	20.574000	-3.013055	27.495933	2488.294027
146.260000	-55.120000	-155.564896	20.824000	-2.814491	27.458185	2494.580511
146.260000	-55.120000	-155.564896	21.074000	-2.441635	27.420411	2500.784157
146.260000	-55.120000	-155.564896	21.324000	-2.371187	27.382603	2506.969387
146.260000	-55.120000	-155.564896	21.574000	-2.279136	27.344766	2513.154618
146.260000	-55.120000	-155.564896	21.824000	-1.810544	27.306891	2519.339849
146.260000	-55.120000	-155.564896	22.074000	-1.350509	27.268984	2525.525079
146.260000	-55.120000	-155.564896	22.324000	-0.831115	27.231037	2531.672357
146.260000	-55.120000	-155.564896	22.574000	0.577763	27.193056	2537.523715
146.260000	-55.120000	-155.564896	22.824000	1.163486	27.155031	2543.309462
146.260000	-55.120000	-155.564896	23.074000	1.201549	27.116968	2549.095209
146.260000	-55.120000	-155.564896	23.324000	1.239658	27.078859	2554.880956
146.260000	-55.120000	-155.564896	23.574000	1.277807	27.040710	2560.666703
146.260000	-55.120000	-155.564896	23.824000	1.316006	27.002511	2566.452450
146.260000	-55.120000	-155.564896	24.074000	1.354248	26.964269	2572.238197
146.260000	-55.120000	-155.564896	24.324000	1.392543	26.925974	2578.023943
146.260000	-55.120000	-155.564896	24.574000	1.259598	26.887633	2583.809690
146.260000	-55.120000	-155.564896	24.824000	0.237200	26.849236	2589.678737
146.260000	-55.120000	-155.564896	25.074000	-0.036775	26.810790	2595.709570
146.260000	-55.120000	-155.564896	25.324000	0.001730	26.772284	2601.740404
146.260000	-55.120000	-155.564896	25.574000	0.040288	26.733727	2607.771237
146.260000	-55.120000	-155.564896	25.824000	0.078907	26.695107	2613.802071
146.260000	-55.120000	-155.564896	26.074000	0.117582	26.656433	2619.832904
146.260000	-55.120000	-155.564896	26.324000	0.156322	26.617692	2625.863738
146.260000	-55.120000	-155.564896	26.574000	0.195121	26.578894	2631.894571
146.260000	-55.120000	-155.314896	20.074000	-3.171500	27.654379	2478.583708
146.260000	-55.120000	-155.314896	20.324000	-3.133960	27.616838	2484.870191
146.260000	-55.120000	-155.314896	20.574000	-3.096407	27.579285	2491.156675
146.260000	-55.120000	-155.314896	20.824000	-2.955686	27.541689	2497.443158
146.260000	-55.120000	-155.314896	21.074000	-2.566086	27.504077	2503.669877
146.260000	-55.120000	-155.314896	21.324000	-2.455003	27.466419	2509.855108
146.260000	-55.120000	-155.314896	21.574000	-2.417327	27.428743	2516.040339
146.260000	-55.120000	-155.314896	21.824000	-2.349606	27.391017	2522.225570
146.260000	-55.120000	-155.314896	22.074000	-2.532044	27.353270	2528.393917
146.260000	-55.120000	-155.314896	22.324000	-2.617903	27.315471	2534.463947
146.260000	-55.120000	-155.314896	22.574000	-1.405490	27.277648	2540.533976
146.260000	-55.120000	-155.314896	22.824000	0.285151	27.239770	2546.427178
146.260000	-55.120000	-155.314896	23.074000	1.116653	27.201864	2552.212925
146.260000	-55.120000	-155.314896	23.324000	1.154616	27.163901	2557.998672
146.260000	-55.120000	-155.314896	23.574000	1.192609	27.125908	2563.784419
146.260000	-55.120000	-155.314896	23.824000	1.230663	27.087854	2569.570166
146.260000	-55.120000	-155.314896	24.074000	1.268751	27.049766	2575.355913
146.260000	-55.120000	-155.314896	24.324000	1.306902	27.011615	2581.141660
146.260000	-55.120000	-155.314896	24.574000	1.327432	26.973427	2586.927406
146.260000	-55.120000	-155.314896	24.824000	0.550957	26.935173	2592.721698
146.260000	-55.120000	-155.314896	25.074000	-0.122864	26.896879	2598.752531
146.260000	-55.120000	-155.314896	25.324000	-0.084501	26.858516	2604.783365
146.260000	-55.120000	-155.314896	25.574000	-0.046094	26.820109	2610.814198
146.260000	-55.120000	-155.314896	25.824000	-0.007616	26.781630	2616.845032
146.260000	-55.120000	-155.314896	26.074000	0.030909	26.743105	2622.875865
146.260000	-55.120000	-155.314896	26.324000	0.069510	26.704505	2628.906699
146.260000	-55.120000	-155.064896	20.574000	-3.179390	27.662268	2494.019322
146.260000	-55.120000	-155.064896	20.824000	-3.078744	27.624837	2500.305805
146.260000	-55.120000	-155.064896	21.074000	-2.690047	27.587379	2506.555598
146.260000	-55.120000	-155.064896	21.324000	-2.538468	27.549884	2512.740829
146.260000	-55.120000	-155.064896	21.574000	-2.500944	27.512360	2518.926060
146.260000	-55.120000	-155.064896	21.824000	-2.609987	27.474797	2525.111290
146.260000	-55.120000	-155.064896	22.074000	-2.747131	27.437202	2531.185506
146.260000	-55.120000	-155.064896	22.324000	-2.701996	27.399564	2537.255536
146.260000	-55.120000	-155.064896	22.574000	-2.664323	27.361891	2543.325566
146.260000	-55.120000	-155.064896	22.824000	-1.692589	27.324173	2549.395596
146.260000	-55.120000	-155.064896	23.074000	-0.006731	27.286417	2555.330641
146.260000	-55.120000	-155.064896	23.324000	1.069904	27.248613	2561.116388
146.260000	-55.120000	-155.064896	23.574000	1.107750	27.210767	2566.902135
146.260000	-55.120000	-155.064896	23.824000	1.145646	27.172871	2572.687882
146.260000	-55.120000	-155.064896	24.074000	1.183587	27.134930	2578.473629
146.260000	-55.120000	-155.064896	24.324000	1.221581	27.096936	2584.259376
146.260000	-55.120000	-155.064896	24.574000	1.259623	27.058894	2590.045123
146.260000	-55.120000	-155.064896	24.824000	0.899718	27.020795	2595.830869
146.260000	-55.120000	-155.064896	25.074000	-0.081584	26.982646	2601.795492
146.260000	-55.120000	-155.064896	25.324000	-0.170422	26.944437	2607.826326
146.260000	-55.120000	-155.064896	25.574000	-0.132160	26.906174	2613.857159
146.260000	-55.120000	-155.064896	25.824000	-0.093834	26.867849	2619.887993
146.260000	-55.120000	-155.064896	26.074000	-0.055452	26.829467	2625.918826
146.260000	-55.120000	-154.814896	20.824000	-3.201287	27.707590	2503.168452
146.260000	-55.120000	-154.814896	21.074000	-2.849324	27.670299	2509.441319
146.260000	-55.120000	-154.814896	21.324000	-2.621545	27.632961	2515.626550
146.260000	-55.120000	-154.814896	21.574000	-2.687388	27.595603	2521.811781
146.260000	-55.120000	-154.814896	21.824000	-2.889514	27.558195	2527.907066
146.260000	-55.120000	-154.814896	22.074000	-2.823196	27.520764	2533.977096
146.260000	-55.120000	-154.814896	22.324000	-2.785712	27.483280	2540.047126
146.260000	-55.120000	-154.814896	22.574000	-2.748203	27.445770	2546.117156
146.260000	-55.120000	-154.814896	22.824000	-2.710637	27.408205	2552.187186
146.260000	-55.120000	-154.814896	23.074000	-1.978892	27.370611	2558.257216
146.260000	-55.120000	-154.814896	23.324000	-0.297838	27.332958	2564.234104
146.260000	-55.120000	-154.814896	23.574000	1.023243	27.295274	2570.019851
146.260000	-55.120000	-154.814896	23.824000	1.060989	27.257528	2575.805598
146.260000	-55.120000	-154.814896	24.074000	1.098769	27.219748	2581.591345
146.260000	-55.120000	-154.814896	24.324000	1.136615	27.181902	2587.377092
146.260000	-55.120000	-154.814896	24.574000	1.174498	27.144019	2593.162839
146.260000	-55.120000	-154.814896	24.824000	0.998646	27.106069	2598.948586
146.260000	-55.120000	-154.814896	25.074000	-0.022226	27.068078	2604.838453
146.260000	-55.120000	-154.814896	25.324000	-0.256001	27.030016	2610.869287
146.260000	-55.120000	-154.814896	25.574000	-0.217895	26.991910	2616.900120
146.260000	-55.120000	-154.814896	25.824000	-0.179716	26.953730	2622.930954
146.260000	-55.120000	-154.814896	26.074000	-0.141489	26.915504	2628.961787
146.260000	-55.120000	-154.564896	21.324000	-2.781081	27.715685	2518.512271
146.260000	-55.120000	-154.564896	21.574000	-2.965587	27.678485	2524.628626
146.260000	-55.120000	-154.564896	21.824000	-2.943677	27.641244	2530.698656
146.260000	-55.120000	-154.564896	22.074000	-2.906403	27.603970	2536.768686
146.260000	-55.120000	-154.564896	22.324000	-2.869085	27.566653	2542.838716
146.260000	-55.120000	-154.564896	22.574000	-2.831732	27.529299	2548.908745
146.260000	-55.120000	-154.564896	22.824000	-2.794332	27.491899	2554.978775
146.260000	-55.120000	-154.564896	23.074000	-2.756892	27.454460	2561.048805
146.260000	-55.120000	-154.564896	23.324000	-2.264405	27.416972	2567.118835
146.260000	-55.120000	-154.564896	23.574000	-0.588211	27.379441	2573.137567
146.260000	-55.120000	-154.564896	23.824000	0.976659	27.341858	2578.923314
146.260000	-55.120000	-154.564896	24.074000	1.014287	27.304230	2584.709061
146.260000	-55.120000	-154.564896	24.324000	1.051970	27.266547	2590.494808
146.260000	-55.120000	-154.564896	24.574000	1.089701	27.228816	2596.280555
146.260000	-55.120000	-154.564896	24.824000	1.066890	27.191026	2602.066302
146.260000	-55.120000	-154.564896	25.074000	0.212326	27.153185	2607.881414
146.260000	-55.120000	-154.564896	25.324000	-0.341269	27.115283	2613.912248
146.260000	-55.120000	-154.564896	25.574000	-0.303312	27.077327	2619.943081
146.260000	-55.120000	-154.564896	25.824000	-0.265291	27.039306	2625.973914
146.260000	-55.120000	-154.314896	21.824000	-3.026342	27.723910	2533.490245
146.260000	-55.120000	-154.314896	22.074000	-2.989239	27.686806	2539.560275
146.260000	-55.120000	-154.314896	22.324000	-2.952080	27.649648	2545.630305
146.260000	-55.120000	-154.314896	22.574000	-2.914895	27.612463	2551.700335
146.260000	-55.120000	-154.314896	22.824000	-2.877653	27.575221	2557.770365
146.260000	-55.120000	-154.314896	23.074000	-2.840382	27.537950	2563.840395
146.260000	-55.120000	-154.314896	23.324000	-2.803050	27.500618	2569.910425
146.260000	-55.120000	-154.314896	23.574000	-2.549120	27.463254	2575.980455
146.260000	-55.120000	-154.314896	23.824000	-0.877807	27.425827	2582.041030
146.260000	-55.120000	-154.314896	24.074000	0.805723	27.388365	2587.826777
146.260000	-55.120000	-154.314896	24.324000	0.967681	27.350836	2593.612524
146.260000	-55.120000	-154.314896	24.574000	1.005248	27.313269	2599.398271
146.260000	-55.120000	-154.314896	24.824000	1.042884	27.275633	2605.184018
146.260000	-55.120000	-154.314896	25.074000	0.561366	27.237956	2610.969765
146.260000	-55.120000	-154.314896	25.324000	-0.339217	27.200207	2616.955208
146.260000	-55.120000	-154.314896	25.574000	-0.388398	27.162412	2622.986042
146.260000	-55.120000	-154.314896	25.824000	-0.350529	27.124543	2629.016875
146.260000	-55.120000	-154.064896	22.574000	-2.997708	27.695275	2554.491925
146.260000	-55.120000	-154.064896	22.824000	-2.960636	27.658204	2560.561955
146.260000	-55.120000	-154.064896	23.074000	-2.923525	27.621093	2566.631985
146.260000	-55.120000	-154.064896	23.324000	-2.886363	27.583931	2572.702014
146.260000	-55.120000	-154.064896	23.574000	-2.849158	27.546726	2578.772044
146.260000	-55.120000	-154.064896	23.824000	-2.775080	27.509467	2584.842074
146.260000	-55.120000	-154.064896	24.074000	-1.166666	27.472163	2590.912104
146.260000	-55.120000	-154.064896	24.324000	0.531721	27.434802	2596.730240
146.260000	-55.120000	-154.064896	24.574000	0.921125	27.397392	2602.515987
146.260000	-55.120000	-154.064896	24.824000	0.958594	27.359923	2608.301734
146.260000	-55.120000	-154.064896	25.074000	0.739915	27.322401	2614.087481
146.260000	-55.120000	-154.064896	25.324000	-0.279438	27.284817	2619.998169
146.260000	-55.120000	-154.064896	25.574000	-0.473164	27.247178	2626.029003
146.260000	-55.120000	-154.064896	25.824000	-0.435459	27.209474	2632.059836
146.260000	-55.120000	-153.814896	23.324000	-2.969307	27.666875	2575.493604
146.260000	-55.120000	-153.814896	23.574000	-2.932275	27.629842	2581.563634
146.260000	-55.120000	-153.814896	23.824000	-2.895177	27.592745	2587.633664
146.260000	-55.120000	-153.814896	24.074000	-2.858044	27.555612	2593.703694
146.260000	-55.120000	-153.814896	24.324000	-1.454743	27.518411	2599.773724
146.260000	-55.120000	-153.814896	24.574000	0.238933	27.481171	2605.633703
146.260000	-55.120000	-153.814896	24.824000	0.874656	27.443861	2611.419450
146.260000	-55.120000	-153.814896	25.074000	0.808584	27.406508	2617.205197
146.260000	-55.120000	-153.814896	25.324000	-0.124028	27.369082	2623.041130
146.260000	-55.120000	-153.814896	25.574000	-0.557597	27.331611	2629.071964
146.260000	-55.120000	-153.564896	24.074000	-2.941155	27.638723	2596.495284
146.260000	-55.120000	-153.564896	24.324000	-2.904127	27.601695	2602.565313
146.260000	-55.120000	-153.564896	24.574000	-1.742082	27.564617	2608.635343
146.260000	-55.120000	-153.564896	24.824000	-0.053137	27.527479	2614.537166
146.260000	-55.120000	-153.564896	25.074000	0.828229	27.490288	2620.322913
146.260000	-55.120000	-153.564896	25.324000	0.225256	27.453033	2626.108660
146.260000	-55.120000	-153.564896	25.574000	-0.594695	27.415723	2632.114925
146.260000	-55.120000	-153.314896	24.824000	-2.028637	27.610745	2617.496963
146.260000	-55.120000	-153.314896	25.074000	-0.344484	27.573729	2623.440629
146.260000	-55.120000	-153.314896	25.324000	0.483397	27.536637	2629.226376
