-155.772995	19.079000	1354.121000
-155.996994	20.771000	1380.101000
-159.401001	21.971001	1337.099000
-156.658005	20.891001	1369.121000
-159.664993	22.122999	1335.100000
-161.314896	21.956301	1303.084000
-161.095001	23.997200	1344.077000
-158.933105	24.573799	1394.082000
-155.765305	26.776699	1492.085000
-156.964600	24.312099	1425.099000
-158.185394	22.620199	1372.099000
-154.251801	21.168699	1422.097000
-151.637604	16.737801	1399.076000
-151.686600	14.689100	1369.084000
-153.967499	14.731300	1320.088000
-156.206604	16.162001	1295.084000
-157.859100	14.659600	1239.078000
-157.700806	16.348400	1269.078000
-158.760193	18.564699	1288.087000
-158.179504	20.377800	1331.093000
-151.637604	16.737801	1399.751000
-151.686600	14.689100	1369.584000
