-152.765793	25.592800	1645.511000
-158.179504	20.377800	1456.424000
-155.772995	19.079000	1495.088000
-155.996994	20.771000	1516.071000
-156.658005	20.891001	1502.089000
-159.664993	22.122999	1449.069000
-156.755997	21.136000	1499.083000
-161.314896	21.956301	1408.059000
-161.095001	23.997200	1444.054000
-155.765305	26.776699	1595.069000
-152.765793	25.592800	1645.061000
-158.185394	22.620199	1489.052000
-153.967499	14.731300	1499.057000
-156.387695	17.614901	1473.054000
-156.206604	16.162001	1459.050000
-157.700806	16.348400	1426.062000
-158.179504	20.377800	1456.049000
