155.140000	-7.510000	-160.814896	21.731300	0.377394	58.964115	1416.161385
155.140000	-7.510000	-160.814896	21.981300	-2.311261	58.744280	1420.086365
155.140000	-7.510000	-160.814896	22.231300	-1.530672	58.524779	1423.881922
155.140000	-7.510000	-160.814896	22.481300	-1.260478	58.305440	1427.662766
155.140000	-7.510000	-160.814896	22.731300	-1.041466	58.086427	1431.443610
155.140000	-7.510000	-160.814896	22.981300	-0.822613	57.867574	1435.224455
155.140000	-7.510000	-160.814896	23.231300	-0.604081	57.649042	1439.005299
155.140000	-7.510000	-160.814896	23.481300	-0.429211	57.430666	1442.786143
155.140000	-7.510000	-160.814896	23.731300	0.618904	57.212605	1446.481725
155.140000	-7.510000	-160.564896	21.231300	4.457147	59.589080	1416.141575
155.140000	-7.510000	-160.564896	21.481300	1.187274	59.369857	1418.618215
155.140000	-7.510000	-160.564896	21.731300	-1.205072	59.150885	1421.978827
155.140000	-7.510000	-160.564896	21.981300	-2.548880	58.932138	1425.903806
155.140000	-7.510000	-160.564896	22.231300	-1.769812	58.713639	1429.713926
155.140000	-7.510000	-160.564896	22.481300	-1.450398	58.495359	1433.494770
155.140000	-7.510000	-160.564896	22.731300	-1.232362	58.277324	1437.275614
155.140000	-7.510000	-160.564896	22.981300	-1.026866	58.059502	1441.056459
155.140000	-7.510000	-160.564896	23.231300	-0.759642	57.841921	1444.837303
155.140000	-7.510000	-160.564896	23.481300	-0.274631	57.624548	1448.467467
155.140000	-7.510000	-160.564896	23.731300	0.713320	57.407411	1452.037708
155.140000	-7.510000	-160.564896	23.981300	1.797751	57.190477	1455.292137
155.140000	-7.510000	-160.314896	20.981300	4.055256	59.990971	1418.753215
155.140000	-7.510000	-160.314896	21.231300	3.528264	59.772650	1421.229855
155.140000	-7.510000	-160.314896	21.481300	-0.228530	59.554473	1423.871289
155.140000	-7.510000	-160.314896	21.731300	-3.343820	59.336607	1427.796268
155.140000	-7.510000	-160.314896	21.981300	-2.785326	59.118881	1431.721247
155.140000	-7.510000	-160.314896	22.231300	-2.007855	58.901460	1435.545929
155.140000	-7.510000	-160.314896	22.481300	-1.639214	58.684175	1439.326774
155.140000	-7.510000	-160.314896	22.731300	-1.562856	58.467190	1443.107618
155.140000	-7.510000	-160.314896	22.981300	-1.086157	58.250339	1446.882967
155.140000	-7.510000	-160.314896	23.231300	-0.618351	58.033780	1450.453208
155.140000	-7.510000	-160.314896	23.481300	-0.032405	57.817351	1454.023449
155.140000	-7.510000	-160.314896	23.731300	0.749768	57.601210	1457.454864
155.140000	-7.510000	-160.314896	23.981300	1.681823	57.385195	1460.689103
155.140000	-7.510000	-160.064896	20.481300	3.438714	60.607513	1418.888215
155.140000	-7.510000	-160.064896	20.731300	3.656411	60.389816	1421.364855
155.140000	-7.510000	-160.064896	20.981300	3.873895	60.172333	1423.841496
155.140000	-7.510000	-160.064896	21.231300	0.583809	59.955075	1426.318136
155.140000	-7.510000	-160.064896	21.481300	-1.827511	59.738025	1429.688730
155.140000	-7.510000	-160.064896	21.731300	-3.528410	59.521197	1433.613709
155.140000	-7.510000	-160.064896	21.981300	-3.020663	59.304571	1437.538689
155.140000	-7.510000	-160.064896	22.231300	-2.244725	59.088164	1441.377933
155.140000	-7.510000	-160.064896	22.481300	-1.888082	58.871952	1445.158778
155.140000	-7.510000	-160.064896	22.731300	-1.408771	58.655956	1448.868709
155.140000	-7.510000	-160.064896	22.981300	-1.164707	58.440149	1452.438950
155.140000	-7.510000	-160.064896	23.231300	-0.949112	58.224555	1456.009191
155.140000	-7.510000	-160.064896	23.481300	0.086058	58.009144	1459.579432
155.140000	-7.510000	-160.064896	23.731300	1.124273	57.793941	1462.851830
155.140000	-7.510000	-160.064896	23.981300	1.488101	57.578917	1466.086068
155.140000	-7.510000	-160.064896	24.231300	1.702921	57.364096	1469.320307
155.140000	-7.510000	-159.814896	20.231300	3.043894	61.002334	1421.499855
155.140000	-7.510000	-159.814896	20.481300	3.260715	60.785512	1423.976496
155.140000	-7.510000	-159.814896	20.731300	3.477242	60.568985	1426.453136
155.140000	-7.510000	-159.814896	20.981300	2.903494	60.352582	1428.929776
155.140000	-7.510000	-159.814896	21.231300	-0.826057	60.136468	1431.581192
155.140000	-7.510000	-159.814896	21.481300	-3.927687	59.920474	1435.506171
155.140000	-7.510000	-159.814896	21.731300	-3.711976	59.704763	1439.431150
155.140000	-7.510000	-159.814896	21.981300	-3.254850	59.489168	1443.356130
155.140000	-7.510000	-159.814896	22.231300	-2.465551	59.273851	1447.209937
155.140000	-7.510000	-159.814896	22.481300	-1.727335	59.058647	1450.854450
155.140000	-7.510000	-159.814896	22.731300	-1.568271	58.843714	1454.424691
155.140000	-7.510000	-159.814896	22.981300	-1.353447	58.628890	1457.994932
155.140000	-7.510000	-159.814896	23.231300	-0.695660	58.414332	1461.565173
155.140000	-7.510000	-159.814896	23.481300	0.124684	58.199879	1465.014557
155.140000	-7.510000	-159.814896	23.731300	1.081332	57.985686	1468.248796
155.140000	-7.510000	-159.814896	23.981300	1.295423	57.771594	1471.483034
155.140000	-7.510000	-159.814896	24.231300	1.509261	57.557757	1474.717273
155.140000	-7.510000	-159.564896	19.731300	2.436286	61.609941	1421.634855
155.140000	-7.510000	-159.564896	19.981300	2.652320	61.393907	1424.111495
155.140000	-7.510000	-159.564896	20.231300	2.868149	61.178079	1426.588136
155.140000	-7.510000	-159.564896	20.481300	3.083781	60.962446	1429.064776
155.140000	-7.510000	-159.564896	20.731300	3.299211	60.747016	1431.541416
155.140000	-7.510000	-159.564896	20.981300	-0.011098	60.531776	1434.018057
155.140000	-7.510000	-159.564896	21.231300	-2.441492	60.316735	1437.398633
155.140000	-7.510000	-159.564896	21.481300	-4.109091	60.101878	1441.323612
155.140000	-7.510000	-159.564896	21.731300	-3.939595	59.887216	1445.248592
155.140000	-7.510000	-159.564896	21.981300	-3.419142	59.672732	1449.173571
155.140000	-7.510000	-159.564896	22.231300	-2.367997	59.458440	1452.840191
155.140000	-7.510000	-159.564896	22.481300	-1.968877	59.244320	1456.410433
155.140000	-7.510000	-159.564896	22.731300	-1.754946	59.030388	1459.980674
155.140000	-7.510000	-159.564896	22.981300	-1.541179	58.816622	1463.550915
155.140000	-7.510000	-159.564896	23.231300	-0.533270	58.603041	1467.121156
155.140000	-7.510000	-159.564896	23.481300	0.458685	58.389619	1470.411523
155.140000	-7.510000	-159.564896	23.731300	0.890639	58.176379	1473.645762
155.140000	-7.510000	-159.564896	23.981300	1.103725	57.963292	1476.880000
155.140000	-7.510000	-159.564896	24.231300	1.316634	57.750383	1480.114239
155.140000	-7.510000	-159.564896	24.481300	1.529396	57.537622	1483.348477
155.140000	-7.510000	-159.314896	19.481300	2.048893	61.997334	1424.246495
155.140000	-7.510000	-159.314896	19.731300	2.263900	61.782327	1426.723136
155.140000	-7.510000	-159.314896	19.981300	2.478799	61.567428	1429.199776
155.140000	-7.510000	-159.314896	20.231300	2.693423	61.352804	1431.676416
155.140000	-7.510000	-159.314896	20.481300	2.907943	61.138284	1434.153057
155.140000	-7.510000	-159.314896	20.731300	2.287239	60.924033	1436.629697
155.140000	-7.510000	-159.314896	20.981300	-1.414971	60.709882	1439.291095
155.140000	-7.510000	-159.314896	21.231300	-4.503206	60.495993	1443.216074
155.140000	-7.510000	-159.314896	21.481300	-4.368595	60.282202	1447.141054
155.140000	-7.510000	-159.314896	21.731300	-3.871310	60.068667	1451.046274
155.140000	-7.510000	-159.314896	21.981300	-3.430238	59.855225	1454.719303
155.140000	-7.510000	-159.314896	22.231300	-2.844797	59.642034	1458.392332
155.140000	-7.510000	-159.314896	22.481300	-2.167508	59.428932	1461.966415
155.140000	-7.510000	-159.314896	22.731300	-1.940633	59.216076	1465.536656
155.140000	-7.510000	-159.314896	22.981300	-1.350809	59.003304	1469.106897
155.140000	-7.510000	-159.314896	23.231300	-0.492523	58.790773	1472.574251
155.140000	-7.510000	-159.314896	23.481300	0.488696	58.578322	1475.808489
155.140000	-7.510000	-159.314896	23.731300	0.700913	58.366105	1479.042728
155.140000	-7.510000	-159.314896	23.981300	0.913053	58.153965	1482.276966
155.140000	-7.510000	-159.314896	24.231300	1.124964	57.942053	1485.511205
155.140000	-7.510000	-159.314896	24.481300	1.336803	57.730215	1488.745443
155.140000	-7.510000	-159.064896	18.981300	1.450531	62.595696	1424.381495
155.140000	-7.510000	-159.064896	19.231300	1.664757	62.381470	1426.858135
155.140000	-7.510000	-159.064896	19.481300	1.878796	62.167431	1429.334776
155.140000	-7.510000	-159.064896	19.731300	2.092653	61.953575	1431.811416
155.140000	-7.510000	-159.064896	19.981300	2.306329	61.739898	1434.288057
155.140000	-7.510000	-159.064896	20.231300	2.519826	61.526401	1436.764697
155.140000	-7.510000	-159.064896	20.481300	2.733149	61.313078	1439.241337
155.140000	-7.510000	-159.064896	20.731300	-0.597417	61.099931	1441.717978
155.140000	-7.510000	-159.064896	20.981300	-3.046953	60.886952	1445.108536
155.140000	-7.510000	-159.064896	21.231300	-4.711960	60.674146	1449.033516
155.140000	-7.510000	-159.064896	21.481300	-4.213032	60.461500	1452.894687
155.140000	-7.510000	-159.064896	21.731300	-3.882067	60.249024	1456.567716
155.140000	-7.510000	-159.064896	21.981300	-3.669746	60.036703	1460.240745
155.140000	-7.510000	-159.064896	22.231300	-3.225315	59.824548	1463.913774
155.140000	-7.510000	-159.064896	22.481300	-2.476949	59.612542	1467.522397
155.140000	-7.510000	-159.064896	22.731300	-2.125255	59.400697	1471.092639
155.140000	-7.510000	-159.064896	22.981300	-1.144560	59.188996	1474.662880
155.140000	-7.510000	-159.064896	23.231300	-0.198956	58.977453	1477.971216
155.140000	-7.510000	-159.064896	23.481300	0.300971	58.766047	1481.205455
155.140000	-7.510000	-159.064896	23.731300	0.512222	58.554795	1484.439693
155.140000	-7.510000	-159.064896	23.981300	0.723343	58.343674	1487.673932
155.140000	-7.510000	-159.064896	24.231300	0.934313	58.132704	1490.908170
155.140000	-7.510000	-159.064896	24.481300	1.145158	57.921859	1494.142409
155.140000	-7.510000	-159.064896	24.731300	1.355856	57.711161	1497.376647
155.140000	-7.510000	-158.814896	18.481300	0.857395	63.188832	1424.516495
155.140000	-7.510000	-158.814896	18.731300	1.070716	62.975511	1426.993135
155.140000	-7.510000	-158.814896	18.981300	1.283942	62.762285	1429.469776
155.140000	-7.510000	-158.814896	19.231300	1.496908	62.549319	1431.946416
155.140000	-7.510000	-158.814896	19.481300	1.709783	62.336444	1434.423056
155.140000	-7.510000	-158.814896	19.731300	1.922404	62.123823	1436.899697
155.140000	-7.510000	-158.814896	19.981300	2.134939	61.911288	1439.376337
155.140000	-7.510000	-158.814896	20.231300	2.347225	61.699003	1441.852978
155.140000	-7.510000	-158.814896	20.481300	1.679705	61.486799	1444.329618
155.140000	-7.510000	-158.814896	20.731300	-1.995395	61.274839	1447.000998
155.140000	-7.510000	-158.814896	20.981300	-5.051762	61.062956	1450.925978
155.140000	-7.510000	-158.814896	21.231300	-4.551269	60.851311	1454.743100
155.140000	-7.510000	-158.814896	21.481300	-4.272783	60.639740	1458.416129
155.140000	-7.510000	-158.814896	21.731300	-4.061444	60.428401	1462.089158
155.140000	-7.510000	-158.814896	21.981300	-3.850174	60.217131	1465.762187
155.140000	-7.510000	-158.814896	22.231300	-3.531580	60.006088	1469.435216
155.140000	-7.510000	-158.814896	22.481300	-2.796007	59.795110	1473.078380
155.140000	-7.510000	-158.814896	22.731300	-1.997939	59.584353	1476.648621
155.140000	-7.510000	-158.814896	22.981300	-1.101619	59.373658	1480.133944
155.140000	-7.510000	-158.814896	23.231300	-0.096159	59.163177	1483.368182
155.140000	-7.510000	-158.814896	23.481300	0.114264	58.952753	1486.602421
155.140000	-7.510000	-158.814896	23.731300	0.324479	58.742539	1489.836659
155.140000	-7.510000	-158.814896	23.981300	0.534640	58.532377	1493.070898
155.140000	-7.510000	-158.814896	24.231300	0.744598	58.322419	1496.305136
155.140000	-7.510000	-158.814896	24.481300	0.954507	58.112510	1499.539375
155.140000	-7.510000	-158.814896	24.731300	1.164219	57.902799	1502.773613
155.140000	-7.510000	-158.564896	18.231300	0.482039	63.564188	1427.128135
155.140000	-7.510000	-158.564896	18.481300	0.694325	63.351902	1429.604776
155.140000	-7.510000	-158.564896	18.731300	0.906446	63.139781	1432.081416
155.140000	-7.510000	-158.564896	18.981300	1.118396	62.927831	1434.558056
155.140000	-7.510000	-158.564896	19.231300	1.330184	62.716043	1437.034697
155.140000	-7.510000	-158.564896	19.481300	1.541807	62.504420	1439.511337
155.140000	-7.510000	-158.564896	19.731300	1.753273	62.292954	1441.987977
155.140000	-7.510000	-158.564896	19.981300	1.964579	62.081648	1444.464618
155.140000	-7.510000	-158.564896	20.231300	2.175731	61.870496	1446.941258
155.140000	-7.510000	-158.564896	20.481300	-1.175104	61.659496	1449.417899
155.140000	-7.510000	-158.564896	20.731300	-3.541418	61.448648	1452.818439
155.140000	-7.510000	-158.564896	20.981300	-4.885860	61.237945	1456.591513
155.140000	-7.510000	-158.564896	21.231300	-4.660432	61.027390	1460.264542
155.140000	-7.510000	-158.564896	21.481300	-4.450017	60.816974	1463.937571
155.140000	-7.510000	-158.564896	21.731300	-4.239745	60.606702	1467.610600
155.140000	-7.510000	-158.564896	21.981300	-4.029607	60.396564	1471.283629
155.140000	-7.510000	-158.564896	22.231300	-3.819608	60.186566	1474.956658
155.140000	-7.510000	-158.564896	22.481300	-3.184454	59.976695	1478.629687
155.140000	-7.510000	-158.564896	22.731300	-1.765210	59.766960	1482.204604
155.140000	-7.510000	-158.564896	22.981300	-0.848553	59.557346	1485.530910
155.140000	-7.510000	-158.564896	23.231300	-0.280848	59.347865	1488.765148
155.140000	-7.510000	-158.564896	23.481300	-0.071482	59.138499	1491.999387
155.140000	-7.510000	-158.564896	23.731300	0.137756	58.929262	1495.233625
155.140000	-7.510000	-158.564896	23.981300	0.346884	58.720133	1498.467864
155.140000	-7.510000	-158.564896	24.231300	0.555888	58.511130	1501.702102
155.140000	-7.510000	-158.564896	24.481300	0.764789	58.302229	1504.936341
155.140000	-7.510000	-158.564896	24.731300	0.973569	58.093449	1508.170579
155.140000	-7.510000	-158.564896	24.981300	1.182252	57.884765	1511.404818
155.140000	-7.510000	-158.314896	17.731300	-0.101307	64.147534	1427.263135
155.140000	-7.510000	-158.314896	17.981300	0.110093	63.936134	1429.739775
155.140000	-7.510000	-158.314896	18.231300	0.321246	63.724981	1432.216416
155.140000	-7.510000	-158.314896	18.481300	0.532321	63.513906	1434.693056
155.140000	-7.510000	-158.314896	18.731300	0.743155	63.303072	1437.169696
155.140000	-7.510000	-158.314896	18.981300	0.953914	63.092313	1439.646337
155.140000	-7.510000	-158.314896	19.231300	1.164438	62.881789	1442.122977
155.140000	-7.510000	-158.314896	19.481300	1.469255	62.671334	1444.599618
155.140000	-7.510000	-158.314896	19.731300	2.019965	62.461110	1447.076258
155.140000	-7.510000	-158.314896	19.981300	2.562339	62.250951	1449.552898
155.140000	-7.510000	-158.314896	20.231300	1.957368	62.041017	1452.029539
155.140000	-7.510000	-158.314896	20.481300	-2.309663	61.831143	1454.710901
155.140000	-7.510000	-158.314896	20.731300	-5.165536	61.621488	1458.439927
155.140000	-7.510000	-158.314896	20.981300	-4.992795	61.411889	1462.112955
155.140000	-7.510000	-158.314896	21.231300	-4.783116	61.202504	1465.785984
155.140000	-7.510000	-158.314896	21.481300	-4.573488	60.993171	1469.459013
155.140000	-7.510000	-158.314896	21.731300	-4.364069	60.784045	1473.132042
155.140000	-7.510000	-158.314896	21.981300	-4.154696	60.574967	1476.805071
155.140000	-7.510000	-158.314896	22.231300	-3.945526	60.366091	1480.478100
155.140000	-7.510000	-158.314896	22.481300	-3.264762	60.157258	1484.151129
155.140000	-7.510000	-158.314896	22.731300	-1.945344	59.948622	1487.693637
155.140000	-7.510000	-158.314896	22.981300	-0.673007	59.740025	1490.927876
155.140000	-7.510000	-158.314896	23.231300	-0.464600	59.531618	1494.162114
155.140000	-7.510000	-158.314896	23.481300	-0.256228	59.323245	1497.396353
155.140000	-7.510000	-158.314896	23.731300	-0.048040	59.115058	1500.630591
155.140000	-7.510000	-158.314896	23.981300	0.160116	58.906901	1503.864829
155.140000	-7.510000	-158.314896	24.231300	0.368095	58.698923	1507.099068
155.140000	-7.510000	-158.314896	24.481300	0.576046	58.490971	1510.333306
155.140000	-7.510000	-158.314896	24.731300	0.783825	58.283192	1513.567545
155.140000	-7.510000	-158.314896	24.981300	0.991582	58.075436	1516.801783
155.140000	-7.510000	-158.064896	17.481300	-0.231163	64.514900	1429.874775
155.140000	-7.510000	-158.064896	17.731300	0.316076	64.304661	1432.351416
155.140000	-7.510000	-158.064896	17.981300	0.854995	64.094586	1434.828056
155.140000	-7.510000	-158.064896	18.231300	1.385888	63.884656	1437.304696
155.140000	-7.510000	-158.064896	18.481300	1.908999	63.674884	1439.781337
155.140000	-7.510000	-158.064896	18.731300	2.424599	63.465253	1442.257977
155.140000	-7.510000	-158.064896	18.981300	2.932915	63.255773	1444.734617
155.140000	-7.510000	-158.064896	19.231300	3.253559	63.046431	1447.211258
155.140000	-7.510000	-158.064896	19.481300	3.097865	62.837233	1449.730634
155.140000	-7.510000	-158.064896	19.731300	3.127632	62.628169	1452.363925
155.140000	-7.510000	-158.064896	19.981300	2.923052	62.419244	1454.997216
155.140000	-7.510000	-158.064896	20.231300	1.795482	62.210449	1457.515975
155.140000	-7.510000	-158.064896	20.481300	0.075960	62.001786	1460.309913
155.140000	-7.510000	-158.064896	20.731300	-5.263639	61.793249	1463.983065
155.140000	-7.510000	-158.064896	20.981300	-5.054935	61.584838	1467.656217
155.140000	-7.510000	-158.064896	21.231300	-4.846355	61.376550	1471.329369
155.140000	-7.510000	-158.064896	21.481300	-4.637893	61.168381	1475.002522
155.140000	-7.510000	-158.064896	21.731300	-4.429550	60.960331	1478.675674
155.140000	-7.510000	-158.064896	21.981300	-4.221320	60.752393	1482.348826
155.140000	-7.510000	-158.064896	22.231300	-4.013206	60.544571	1486.021978
155.140000	-7.510000	-158.064896	22.481300	-3.437551	60.336855	1489.695130
155.140000	-7.510000	-158.064896	22.731300	-2.208479	60.129251	1493.051046
155.140000	-7.510000	-158.064896	22.981300	-1.277639	59.921747	1496.324841
155.140000	-7.510000	-158.064896	23.231300	-0.671718	59.714351	1499.559080
155.140000	-7.510000	-158.064896	23.481300	-0.440031	59.507048	1502.793318
155.140000	-7.510000	-158.064896	23.731300	-0.232832	59.299849	1506.027557
155.140000	-7.510000	-158.064896	23.981300	-0.025720	59.092738	1509.261795
155.140000	-7.510000	-158.064896	24.231300	0.181291	58.885726	1512.496034
155.140000	-7.510000	-158.064896	24.481300	0.388221	58.678796	1515.730272
155.140000	-7.510000	-158.064896	24.731300	0.595056	58.471962	1518.964511
155.140000	-7.510000	-158.064896	24.981300	0.801815	58.265203	1522.198749
155.140000	-7.510000	-158.064896	25.231300	1.008482	58.058536	1525.432988
155.140000	-7.510000	-157.814896	16.981300	1.223300	65.088072	1430.009775
155.140000	-7.510000	-157.814896	17.231300	1.267342	64.878871	1432.486415
155.140000	-7.510000	-157.814896	17.481300	1.116558	64.669738	1435.071180
155.140000	-7.510000	-157.814896	17.731300	1.414359	64.460834	1437.704471
155.140000	-7.510000	-157.814896	17.981300	1.904774	64.251994	1440.337762
155.140000	-7.510000	-157.814896	18.231300	2.388840	64.043377	1442.971053
155.140000	-7.510000	-157.814896	18.481300	2.866906	63.834819	1445.604344
155.140000	-7.510000	-157.814896	18.731300	3.338993	63.626478	1448.237634
155.140000	-7.510000	-157.814896	18.981300	3.805437	63.418192	1450.870925
155.140000	-7.510000	-157.814896	19.231300	4.266243	63.210118	1453.504216
155.140000	-7.510000	-157.814896	19.481300	4.345658	63.002094	1456.137507
155.140000	-7.510000	-157.814896	19.731300	5.532784	62.794276	1458.770798
155.140000	-7.510000	-157.814896	19.981300	6.239635	62.586503	1460.776074
155.140000	-7.510000	-157.814896	20.231300	-0.266759	62.378932	1462.925044
155.140000	-7.510000	-157.814896	20.481300	0.444773	62.171400	1466.913646
155.140000	-7.510000	-157.814896	20.731300	-1.503311	61.964064	1469.551454
155.140000	-7.510000	-157.814896	20.981300	-5.167348	61.756764	1473.224606
155.140000	-7.510000	-157.814896	21.231300	-4.960238	61.549654	1476.897759
155.140000	-7.510000	-157.814896	21.481300	-4.753158	61.342574	1480.570911
155.140000	-7.510000	-157.814896	21.731300	-4.546263	61.135679	1484.244063
155.140000	-7.510000	-157.814896	21.981300	-4.356514	60.928810	1487.917215
155.140000	-7.510000	-157.814896	22.231300	-3.746836	60.722120	1491.590367
155.140000	-7.510000	-157.814896	22.481300	-3.085297	60.515452	1494.933411
155.140000	-7.510000	-157.814896	22.731300	-2.902910	60.308956	1498.270819
155.140000	-7.510000	-157.814896	22.981300	-2.538666	60.102478	1501.608227
155.140000	-7.510000	-157.814896	23.231300	-1.719013	59.896167	1504.945634
155.140000	-7.510000	-157.814896	23.481300	-0.862410	59.689869	1508.190284
155.140000	-7.510000	-157.814896	23.731300	-0.416715	59.483732	1511.424523
155.140000	-7.510000	-157.814896	23.981300	-0.210587	59.277604	1514.658761
155.140000	-7.510000	-157.814896	24.231300	-0.004614	59.071631	1517.893000
155.140000	-7.510000	-157.814896	24.481300	0.201355	58.865663	1521.127238
155.140000	-7.510000	-157.814896	24.731300	0.407174	58.659843	1524.361477
155.140000	-7.510000	-157.814896	24.981300	0.612993	58.454024	1527.595715
155.140000	-7.510000	-157.814896	25.231300	0.818669	58.248348	1530.829954
155.140000	-7.510000	-157.564896	16.731300	1.626547	65.447353	1433.578180
155.140000	-7.510000	-157.564896	16.981300	2.090485	65.239288	1436.211471
155.140000	-7.510000	-157.564896	17.231300	2.548939	65.031351	1438.844762
155.140000	-7.510000	-157.564896	17.481300	2.833263	64.823567	1441.478053
155.140000	-7.510000	-157.564896	17.731300	3.040923	64.615908	1444.111344
155.140000	-7.510000	-157.564896	17.981300	3.248436	64.408394	1446.744634
155.140000	-7.510000	-157.564896	18.231300	3.455828	64.201002	1449.377925
155.140000	-7.510000	-157.564896	18.481300	3.663081	63.993749	1452.011216
155.140000	-7.510000	-157.564896	18.731300	3.870217	63.786614	1454.644507
155.140000	-7.510000	-157.564896	18.981300	4.077220	63.579611	1457.277798
155.140000	-7.510000	-157.564896	19.231300	3.893463	63.372722	1459.911088
155.140000	-7.510000	-157.564896	19.481300	6.546092	63.165959	1462.350336
155.140000	-7.510000	-157.564896	19.731300	8.767978	62.959307	1464.036173
155.140000	-7.510000	-157.564896	19.981300	1.520360	62.752773	1465.722010
155.140000	-7.510000	-157.564896	20.231300	-3.352888	62.546346	1469.113789
155.140000	-7.510000	-157.564896	20.481300	1.775450	62.340031	1473.102392
155.140000	-7.510000	-157.564896	20.731300	3.779515	62.133820	1475.119843
155.140000	-7.510000	-157.564896	20.981300	-5.338298	61.927714	1478.792996
155.140000	-7.510000	-157.564896	21.231300	-5.132291	61.721707	1482.466148
155.140000	-7.510000	-157.564896	21.481300	-4.926384	61.515800	1486.139300
155.140000	-7.510000	-157.564896	21.731300	-4.742215	61.309988	1489.812452
155.140000	-7.510000	-157.564896	21.981300	-4.112150	61.104269	1493.478368
155.140000	-7.510000	-157.564896	22.231300	-3.478563	60.898641	1496.815776
155.140000	-7.510000	-157.564896	22.481300	-3.287053	60.693099	1500.153184
155.140000	-7.510000	-157.564896	22.731300	-3.081599	60.487645	1503.490591
155.140000	-7.510000	-157.564896	22.981300	-2.876225	60.282271	1506.827999
155.140000	-7.510000	-157.564896	23.231300	-2.670935	60.076981	1510.165407
155.140000	-7.510000	-157.564896	23.481300	-2.163352	59.871764	1513.502815
155.140000	-7.510000	-157.564896	23.731300	-1.305402	59.666627	1516.821489
155.140000	-7.510000	-157.564896	23.981300	-0.524433	59.461556	1520.055727
155.140000	-7.510000	-157.564896	24.231300	-0.189544	59.256562	1523.289966
155.140000	-7.510000	-157.564896	24.481300	0.015390	59.051628	1526.524204
155.140000	-7.510000	-157.564896	24.731300	0.220252	58.846765	1529.758443
155.140000	-7.510000	-157.564896	24.981300	0.425060	58.641957	1532.992681
155.140000	-7.510000	-157.564896	25.231300	0.629800	58.437217	1536.226920
155.140000	-7.510000	-157.564896	25.481300	0.834493	58.232525	1539.461158
155.140000	-7.510000	-157.314896	16.481300	-2.577221	65.803123	1436.860471
155.140000	-7.510000	-157.314896	16.731300	-0.608946	65.596276	1439.985053
155.140000	-7.510000	-157.314896	16.981300	2.267346	65.389485	1442.618343
155.140000	-7.510000	-157.314896	17.231300	2.473925	65.182905	1445.251634
155.140000	-7.510000	-157.314896	17.481300	2.680455	64.976376	1447.884925
155.140000	-7.510000	-157.314896	17.731300	2.886778	64.770052	1450.518216
155.140000	-7.510000	-157.314896	17.981300	3.093056	64.563774	1453.151507
155.140000	-7.510000	-157.314896	18.231300	3.299133	64.357697	1455.784797
155.140000	-7.510000	-157.314896	18.481300	3.505170	64.151660	1458.418088
155.140000	-7.510000	-157.314896	18.731300	3.272933	63.945819	1461.051379
155.140000	-7.510000	-157.314896	18.981300	4.791847	63.740012	1463.684670
155.140000	-7.510000	-157.314896	19.231300	7.725182	63.534396	1465.610435
155.140000	-7.510000	-157.314896	19.481300	7.849359	63.328809	1467.296272
155.140000	-7.510000	-157.314896	19.731300	4.771685	63.123407	1468.982109
155.140000	-7.510000	-157.314896	19.981300	-1.131955	62.918030	1471.313932
155.140000	-7.510000	-157.314896	20.231300	-5.514325	62.712832	1475.302535
155.140000	-7.510000	-157.314896	20.481300	-1.921755	62.507655	1479.291137
155.140000	-7.510000	-157.314896	20.731300	8.235938	62.302650	1482.280906
155.140000	-7.510000	-157.314896	20.981300	0.579956	62.097661	1484.361385
155.140000	-7.510000	-157.314896	21.231300	-5.303424	61.892840	1488.034537
155.140000	-7.510000	-157.314896	21.481300	-5.104535	61.688029	1491.707689
155.140000	-7.510000	-157.314896	21.731300	-4.474382	61.483381	1495.360733
155.140000	-7.510000	-157.314896	21.981300	-3.872692	61.278738	1498.698140
155.140000	-7.510000	-157.314896	22.231300	-3.668205	61.074251	1502.035548
155.140000	-7.510000	-157.314896	22.481300	-3.463719	60.869766	1505.372956
155.140000	-7.510000	-157.314896	22.731300	-3.259384	60.665430	1508.710364
155.140000	-7.510000	-157.314896	22.981300	-3.055046	60.461092	1512.047772
155.140000	-7.510000	-157.314896	23.231300	-2.850851	60.256897	1515.385180
155.140000	-7.510000	-157.314896	23.481300	-2.646649	60.052695	1518.722587
155.140000	-7.510000	-157.314896	23.731300	-2.395981	59.848631	1522.059995
155.140000	-7.510000	-157.314896	23.981300	-1.751375	59.644556	1525.397403
155.140000	-7.510000	-157.314896	24.231300	-0.895597	59.440612	1528.686931
155.140000	-7.510000	-157.314896	24.481300	-0.230934	59.236651	1531.921170
155.140000	-7.510000	-157.314896	24.731300	0.034201	59.032817	1535.155408
155.140000	-7.510000	-157.314896	24.981300	0.238056	58.828961	1538.389647
155.140000	-7.510000	-157.314896	25.231300	0.441791	58.625226	1541.623885
155.140000	-7.510000	-157.314896	25.481300	0.645552	58.421465	1544.858124
155.140000	-7.510000	-157.064896	16.481300	-3.342272	65.949679	1442.772328
155.140000	-7.510000	-157.064896	16.731300	-3.572044	65.744115	1445.918852
155.140000	-7.510000	-157.064896	16.981300	-0.449559	65.538693	1449.025216
155.140000	-7.510000	-157.064896	17.231300	2.323453	65.333377	1451.658507
155.140000	-7.510000	-157.064896	17.481300	2.528634	65.128197	1454.291797
155.140000	-7.510000	-157.064896	17.731300	2.733712	64.923119	1456.925088
155.140000	-7.510000	-157.064896	17.981300	2.938662	64.718169	1459.558379
155.140000	-7.510000	-157.064896	18.231300	3.143513	64.513318	1462.191670
155.140000	-7.510000	-157.064896	18.481300	3.145066	64.308588	1464.824961
155.140000	-7.510000	-157.064896	18.731300	5.836455	64.103954	1467.184696
155.140000	-7.510000	-157.064896	18.981300	7.694083	63.899434	1468.870534
155.140000	-7.510000	-157.064896	19.231300	7.483163	63.695005	1470.556371
155.140000	-7.510000	-157.064896	19.481300	7.687484	63.490684	1472.242208
155.140000	-7.510000	-157.064896	19.731300	0.577154	63.286451	1473.928046
155.140000	-7.510000	-157.064896	19.981300	-4.509228	63.082318	1477.502678
155.140000	-7.510000	-157.064896	20.231300	-5.679762	62.878269	1481.491280
155.140000	-7.510000	-157.064896	20.481300	-5.475807	62.674314	1485.479883
155.140000	-7.510000	-157.064896	20.731300	9.128865	62.470440	1489.468485
155.140000	-7.510000	-157.064896	20.981300	10.055528	62.266652	1489.929774
155.140000	-7.510000	-157.064896	21.231300	-5.463681	62.062941	1493.602926
155.140000	-7.510000	-157.064896	21.481300	-4.833384	61.859310	1497.243097
155.140000	-7.510000	-157.064896	21.731300	-4.249705	61.655751	1500.580505
155.140000	-7.510000	-157.064896	21.981300	-4.046220	61.452266	1503.917913
155.140000	-7.510000	-157.064896	22.231300	-3.842804	61.248850	1507.255321
155.140000	-7.510000	-157.064896	22.481300	-3.639454	61.045500	1510.592729
155.140000	-7.510000	-157.064896	22.731300	-3.436169	60.842215	1513.930137
155.140000	-7.510000	-157.064896	22.981300	-3.232944	60.638991	1517.267544
155.140000	-7.510000	-157.064896	23.231300	-3.029780	60.435827	1520.604952
155.140000	-7.510000	-157.064896	23.481300	-2.826670	60.232716	1523.942360
155.140000	-7.510000	-157.064896	23.731300	-2.623616	60.029662	1527.279768
155.140000	-7.510000	-157.064896	23.981300	-2.420610	59.826656	1530.617176
155.140000	-7.510000	-157.064896	24.231300	-2.098782	59.623701	1533.954584
155.140000	-7.510000	-157.064896	24.481300	-1.343111	59.420788	1537.291991
155.140000	-7.510000	-157.064896	24.731300	-0.489402	59.217923	1540.552374
155.140000	-7.510000	-157.064896	24.981300	0.051926	59.015092	1543.786613
155.140000	-7.510000	-157.064896	25.231300	0.254713	58.812305	1547.020851
155.140000	-7.510000	-157.064896	25.481300	0.457471	58.609546	1550.255090
155.140000	-7.510000	-157.064896	25.731300	0.660191	58.406827	1553.489328
155.140000	-7.510000	-156.814896	16.231300	-0.193147	66.299625	1445.566626
155.140000	-7.510000	-156.814896	16.481300	-4.009427	66.095242	1448.684186
155.140000	-7.510000	-156.814896	16.731300	-3.914724	65.891055	1451.830709
155.140000	-7.510000	-156.814896	16.981300	-3.409603	65.686905	1454.977233
155.140000	-7.510000	-156.814896	17.231300	-0.292142	65.482947	1458.065379
155.140000	-7.510000	-156.814896	17.481300	2.377810	65.279021	1460.698670
155.140000	-7.510000	-156.814896	17.731300	2.581551	65.075279	1463.331961
155.140000	-7.510000	-156.814896	17.981300	2.216788	64.871566	1465.965251
155.140000	-7.510000	-156.814896	18.231300	4.072045	64.668031	1468.598542
155.140000	-7.510000	-156.814896	18.481300	7.050927	64.464519	1470.444795
155.140000	-7.510000	-156.814896	18.731300	6.916987	64.261181	1472.130633
155.140000	-7.510000	-156.814896	18.981300	7.120308	64.057859	1473.816470
155.140000	-7.510000	-156.814896	19.231300	7.323461	63.854707	1475.502308
155.140000	-7.510000	-156.814896	19.481300	3.340277	63.651565	1477.188145
155.140000	-7.510000	-156.814896	19.731300	-1.976752	63.448587	1479.702821
155.140000	-7.510000	-156.814896	19.981300	-6.047108	63.245615	1483.691423
155.140000	-7.510000	-156.814896	20.231300	-5.844293	63.042801	1487.680026
155.140000	-7.510000	-156.814896	20.481300	-5.641480	62.839988	1491.668628
155.140000	-7.510000	-156.814896	20.731300	2.749232	62.637326	1495.657231
155.140000	-7.510000	-156.814896	20.981300	13.347497	62.434661	1497.333636
155.140000	-7.510000	-156.814896	21.231300	3.595487	62.232142	1499.125462
155.140000	-7.510000	-156.814896	21.481300	-4.282872	62.029614	1502.462870
155.140000	-7.510000	-156.814896	21.731300	-4.194444	61.827226	1505.800278
155.140000	-7.510000	-156.814896	21.981300	-4.106722	61.624825	1509.137686
155.140000	-7.510000	-156.814896	22.231300	-4.016512	61.422558	1512.475094
155.140000	-7.510000	-156.814896	22.481300	-3.814227	61.220273	1515.812501
155.140000	-7.510000	-156.814896	22.731300	-3.612070	61.018116	1519.149909
155.140000	-7.510000	-156.814896	22.981300	-3.409890	60.815936	1522.487317
155.140000	-7.510000	-156.814896	23.231300	-3.207832	60.613878	1525.824725
155.140000	-7.510000	-156.814896	23.481300	-3.005746	60.411792	1529.162133
155.140000	-7.510000	-156.814896	23.731300	-2.803777	60.209823	1532.499541
155.140000	-7.510000	-156.814896	23.981300	-2.601775	60.007821	1535.836948
155.140000	-7.510000	-156.814896	24.231300	-2.399883	59.805929	1539.174356
155.140000	-7.510000	-156.814896	24.481300	-2.197955	59.604001	1542.511764
155.140000	-7.510000	-156.814896	24.731300	-1.793615	59.402176	1545.849172
155.140000	-7.510000	-156.814896	24.981300	-0.938413	59.200310	1549.183579
155.140000	-7.510000	-156.814896	25.231300	-0.098560	58.998541	1552.417817
155.140000	-7.510000	-156.814896	25.481300	0.270291	58.796726	1555.652056
155.140000	-7.510000	-156.814896	25.731300	0.472014	58.595003	1558.886294
155.140000	-7.510000	-156.564896	16.231300	-0.645914	66.442833	1451.449519
155.140000	-7.510000	-156.564896	16.481300	-4.263507	66.239838	1454.596043
155.140000	-7.510000	-156.564896	16.731300	-4.060601	66.036932	1457.742566
155.140000	-7.510000	-156.564896	16.981300	-3.857820	65.834151	1460.889090
155.140000	-7.510000	-156.564896	17.231300	-3.127902	65.631456	1464.035614
155.140000	-7.510000	-156.564896	17.481300	0.103468	65.428879	1467.105542
155.140000	-7.510000	-156.564896	17.731300	2.390680	65.226383	1469.738833
155.140000	-7.510000	-156.564896	17.981300	5.148752	65.023998	1472.019057
155.140000	-7.510000	-156.564896	18.231300	6.636153	64.821691	1473.704894
155.140000	-7.510000	-156.564896	18.481300	6.558680	64.619488	1475.390732
155.140000	-7.510000	-156.564896	18.731300	6.760809	64.417359	1477.076569
155.140000	-7.510000	-156.564896	18.981300	6.962842	64.215326	1478.762407
155.140000	-7.510000	-156.564896	19.231300	7.164804	64.013364	1480.448244
155.140000	-7.510000	-156.564896	19.481300	-0.340968	63.811492	1482.134081
155.140000	-7.510000	-156.564896	19.731300	-5.648862	63.609686	1485.891566
155.140000	-7.510000	-156.564896	19.981300	-6.209455	63.407962	1489.880169
155.140000	-7.510000	-156.564896	20.231300	-6.041962	63.206302	1493.868771
155.140000	-7.510000	-156.564896	20.481300	-6.002812	63.004716	1497.857374
155.140000	-7.510000	-156.564896	20.731300	1.869576	62.803190	1501.834270
155.140000	-7.510000	-156.564896	20.981300	12.640733	62.601732	1503.618166
155.140000	-7.510000	-156.564896	21.231300	9.118216	62.400329	1505.030725
155.140000	-7.510000	-156.564896	21.481300	-0.135669	62.198987	1507.820707
155.140000	-7.510000	-156.564896	21.731300	-3.367294	61.997697	1511.111646
155.140000	-7.510000	-156.564896	21.981300	-3.281228	61.796461	1514.402584
155.140000	-7.510000	-156.564896	22.231300	-3.370838	61.595272	1517.694866
155.140000	-7.510000	-156.564896	22.481300	-3.456002	61.394131	1521.032274
155.140000	-7.510000	-156.564896	22.731300	-3.367658	61.193033	1524.369682
155.140000	-7.510000	-156.564896	22.981300	-3.280064	60.991976	1527.707090
155.140000	-7.510000	-156.564896	23.231300	-3.193225	60.790958	1531.044498
155.140000	-7.510000	-156.564896	23.481300	-3.107142	60.589974	1534.381905
155.140000	-7.510000	-156.564896	23.731300	-2.982978	60.389024	1537.719313
155.140000	-7.510000	-156.564896	23.981300	-2.782057	60.188103	1541.056721
155.140000	-7.510000	-156.564896	24.231300	-2.581165	59.987211	1544.394129
155.140000	-7.510000	-156.564896	24.481300	-2.380295	59.786342	1547.731537
155.140000	-7.510000	-156.564896	24.731300	-2.179451	59.585497	1551.068945
155.140000	-7.510000	-156.564896	24.981300	-1.971148	59.384668	1554.406352
155.140000	-7.510000	-156.564896	25.231300	-1.390386	59.183860	1557.743760
155.140000	-7.510000	-156.564896	25.481300	-0.537222	58.983061	1561.049021
155.140000	-7.510000	-156.564896	25.731300	0.186445	58.782278	1564.283260
155.140000	-7.510000	-156.564896	25.981300	0.485520	58.581498	1567.517498
155.140000	-7.510000	-156.314896	16.231300	-0.624180	66.585170	1457.361376
155.140000	-7.510000	-156.314896	16.481300	-3.536243	66.383464	1460.507900
155.140000	-7.510000	-156.314896	16.731300	-3.190209	66.181933	1463.654424
155.140000	-7.510000	-156.314896	16.981300	-3.070554	65.980424	1466.800947
155.140000	-7.510000	-156.314896	17.231300	-3.015979	65.779085	1470.008881
155.140000	-7.510000	-156.314896	17.481300	-0.750021	65.577762	1473.231989
155.140000	-7.510000	-156.314896	17.731300	4.706374	65.376604	1475.263125
155.140000	-7.510000	-156.314896	17.981300	5.716516	65.175455	1476.964993
155.140000	-7.510000	-156.314896	18.231300	6.127563	64.974466	1478.650831
155.140000	-7.510000	-156.314896	18.481300	6.404686	64.773482	1480.336668
155.140000	-7.510000	-156.314896	18.731300	6.605517	64.572651	1482.022506
155.140000	-7.510000	-156.314896	18.981300	6.806349	64.371819	1483.708343
155.140000	-7.510000	-156.314896	19.231300	1.929389	64.171136	1485.394180
155.140000	-7.510000	-156.314896	19.481300	-2.801611	63.970446	1488.091709
155.140000	-7.510000	-156.314896	19.731300	-6.615039	63.769899	1492.080312
155.140000	-7.510000	-156.314896	19.981300	-6.562264	63.569340	1496.068914
155.140000	-7.510000	-156.314896	20.231300	-6.251769	63.368918	1500.041322
155.140000	-7.510000	-156.314896	20.481300	-5.993558	63.168479	1503.935312
155.140000	-7.510000	-156.314896	20.731300	2.260815	62.968171	1507.829303
155.140000	-7.510000	-156.314896	20.981300	10.054336	62.767841	1509.468142
155.140000	-7.510000	-156.314896	21.231300	8.934506	62.567636	1511.699057
155.140000	-7.510000	-156.314896	21.481300	6.663541	62.367405	1513.929972
155.140000	-7.510000	-156.314896	21.731300	0.884889	62.167292	1516.596001
155.140000	-7.510000	-156.314896	21.981300	-2.933403	61.967147	1519.886939
155.140000	-7.510000	-156.314896	22.231300	-2.736468	61.767115	1523.177878
155.140000	-7.510000	-156.314896	22.481300	-2.643848	61.567046	1526.468816
155.140000	-7.510000	-156.314896	22.731300	-2.552007	61.367085	1529.759755
155.140000	-7.510000	-156.314896	22.981300	-2.460803	61.167081	1533.050693
155.140000	-7.510000	-156.314896	23.231300	-2.370384	60.967178	1536.341631
155.140000	-7.510000	-156.314896	23.481300	-2.340994	60.767229	1539.632570
155.140000	-7.510000	-156.314896	23.731300	-2.432152	60.567374	1542.939086
155.140000	-7.510000	-156.314896	23.981300	-2.463800	60.367467	1546.276494
155.140000	-7.510000	-156.314896	24.231300	-2.376953	60.167650	1549.613902
155.140000	-7.510000	-156.314896	24.481300	-2.290761	59.967775	1552.951309
155.140000	-7.510000	-156.314896	24.731300	-2.205368	59.767983	1556.288717
155.140000	-7.510000	-156.314896	24.981300	-2.120638	59.568130	1559.626125
155.140000	-7.510000	-156.314896	25.231300	-1.962307	59.368353	1562.963533
155.140000	-7.510000	-156.314896	25.481300	-1.682567	59.168511	1566.300941
155.140000	-7.510000	-156.314896	25.731300	-0.990620	58.968738	1569.638349
155.140000	-7.510000	-156.314896	25.981300	-0.139396	58.768894	1572.914464
155.140000	-7.510000	-156.314896	26.231300	0.468079	58.569114	1576.148703
155.140000	-7.510000	-156.064896	15.981300	0.877766	66.926901	1460.843843
155.140000	-7.510000	-156.064896	16.231300	-1.908814	66.726465	1463.642744
155.140000	-7.510000	-156.064896	16.481300	-3.105756	66.526145	1466.865851
155.140000	-7.510000	-156.064896	16.731300	-2.769873	66.325894	1470.088958
155.140000	-7.510000	-156.064896	16.981300	-2.923995	66.125752	1473.312066
155.140000	-7.510000	-156.064896	17.231300	0.316893	65.925676	1476.529272
155.140000	-7.510000	-156.064896	17.481300	4.615730	65.725701	1478.285426
155.140000	-7.510000	-156.064896	17.731300	4.295072	65.525788	1480.041581
155.140000	-7.510000	-156.064896	17.981300	4.599744	65.325969	1481.797735
155.140000	-7.510000	-156.064896	18.231300	5.077403	65.126208	1483.553889
155.140000	-7.510000	-156.064896	18.481300	5.776026	64.926534	1485.282605
155.140000	-7.510000	-156.064896	18.731300	6.327139	64.726914	1486.968442
155.140000	-7.510000	-156.064896	18.981300	6.650795	64.527373	1488.654280
155.140000	-7.510000	-156.064896	19.231300	-1.287522	64.327883	1490.340117
155.140000	-7.510000	-156.064896	19.481300	-7.103875	64.128465	1494.280455
155.140000	-7.510000	-156.064896	19.731300	-7.392460	63.929093	1498.248375
155.140000	-7.510000	-156.064896	19.981300	-7.606234	63.729787	1502.142365
155.140000	-7.510000	-156.064896	20.231300	-8.053864	63.530522	1506.036355
155.140000	-7.510000	-156.064896	20.481300	-8.332792	63.331316	1509.930345
155.140000	-7.510000	-156.064896	20.731300	-2.738687	63.132148	1513.824335
155.140000	-7.510000	-156.064896	20.981300	7.772707	62.933031	1516.136474
155.140000	-7.510000	-156.064896	21.231300	8.768195	62.733947	1518.367389
155.140000	-7.510000	-156.064896	21.481300	8.967234	62.534908	1520.598305
155.140000	-7.510000	-156.064896	21.731300	7.361911	62.335899	1522.829220
155.140000	-7.510000	-156.064896	21.981300	1.638701	62.136927	1525.371294
155.140000	-7.510000	-156.064896	22.231300	-2.904237	61.937980	1528.662233
155.140000	-7.510000	-156.064896	22.481300	-2.705320	61.739064	1531.953171
155.140000	-7.510000	-156.064896	22.731300	-2.506425	61.540169	1535.244110
155.140000	-7.510000	-156.064896	22.981300	-2.307553	61.341297	1538.535048
155.140000	-7.510000	-156.064896	23.231300	-2.108699	61.142442	1541.825987
155.140000	-7.510000	-156.064896	23.481300	-1.909861	60.943604	1545.116925
155.140000	-7.510000	-156.064896	23.731300	-1.746973	60.744779	1548.407863
155.140000	-7.510000	-156.064896	23.981300	-1.655811	60.545963	1551.698802
155.140000	-7.510000	-156.064896	24.231300	-1.565332	60.347156	1554.989740
155.140000	-7.510000	-156.064896	24.481300	-1.475536	60.148352	1558.280679
155.140000	-7.510000	-156.064896	24.731300	-1.386430	59.949552	1561.571617
155.140000	-7.510000	-156.064896	24.981300	-1.413577	59.750748	1564.862556
155.140000	-7.510000	-156.064896	25.231300	-1.505999	59.551943	1568.183305
155.140000	-7.510000	-156.064896	25.481300	-1.483989	59.353128	1571.520713
155.140000	-7.510000	-156.064896	25.731300	-1.398357	59.154308	1574.858121
155.140000	-7.510000	-156.064896	25.981300	-1.163339	58.955472	1578.195529
155.140000	-7.510000	-156.064896	26.231300	-0.476137	58.756625	1581.532937
155.140000	-7.510000	-155.814896	15.981300	-0.970442	67.065956	1466.945928
155.140000	-7.510000	-155.814896	16.231300	-3.150067	66.866912	1470.169036
155.140000	-7.510000	-155.814896	16.481300	-2.951034	66.667878	1473.392143
155.140000	-7.510000	-155.814896	16.731300	-2.728418	66.469002	1476.615250
155.140000	-7.510000	-155.814896	16.981300	0.661038	66.270130	1479.551573
155.140000	-7.510000	-155.814896	17.231300	3.749451	66.071409	1481.307727
155.140000	-7.510000	-155.814896	17.481300	3.948172	65.872688	1483.063881
155.140000	-7.510000	-155.814896	17.731300	4.146748	65.674112	1484.820036
155.140000	-7.510000	-155.814896	17.981300	4.345330	65.475530	1486.576190
155.140000	-7.510000	-155.814896	18.231300	4.543773	65.277087	1488.332344
155.140000	-7.510000	-155.814896	18.481300	4.795355	65.078633	1490.088498
155.140000	-7.510000	-155.814896	18.731300	6.084441	64.880313	1491.844653
155.140000	-7.510000	-155.814896	18.981300	2.764900	64.681975	1493.600216
155.140000	-7.510000	-155.814896	19.231300	-3.536253	64.483766	1496.455427
155.140000	-7.510000	-155.814896	19.481300	-9.394710	64.285533	1500.280808
155.140000	-7.510000	-155.814896	19.731300	-9.973809	64.087423	1503.974879
155.140000	-7.510000	-155.814896	19.981300	-10.315316	63.889285	1507.668950
155.140000	-7.510000	-155.814896	20.231300	-10.671075	63.691263	1511.363020
155.140000	-7.510000	-155.814896	20.481300	-11.041391	63.493208	1515.057091
155.140000	-7.510000	-155.814896	20.731300	-11.426876	63.295263	1518.751162
155.140000	-7.510000	-155.814896	20.981300	-3.307144	63.097279	1522.445233
155.140000	-7.510000	-155.814896	21.231300	5.627683	62.899399	1525.035721
155.140000	-7.510000	-155.814896	21.481300	8.800667	62.701476	1527.266637
155.140000	-7.510000	-155.814896	21.731300	8.998492	62.503651	1529.497552
155.140000	-7.510000	-155.814896	21.981300	8.051836	62.305776	1531.728468
155.140000	-7.510000	-155.814896	22.231300	2.384924	62.107994	1534.146588
155.140000	-7.510000	-155.814896	22.481300	-2.876413	61.910157	1537.437526
155.140000	-7.510000	-155.814896	22.731300	-2.678663	61.712407	1540.728465
155.140000	-7.510000	-155.814896	22.981300	-2.480853	61.514596	1544.019403
155.140000	-7.510000	-155.814896	23.231300	-2.283123	61.316866	1547.310342
155.140000	-7.510000	-155.814896	23.481300	-2.085328	61.119071	1550.601280
155.140000	-7.510000	-155.814896	23.731300	-1.887607	60.921350	1553.892219
155.140000	-7.510000	-155.814896	23.981300	-1.689816	60.723559	1557.183157
155.140000	-7.510000	-155.814896	24.231300	-1.492093	60.525836	1560.474095
155.140000	-7.510000	-155.814896	24.481300	-1.294294	60.328038	1563.765034
155.140000	-7.510000	-155.814896	24.731300	-1.096558	60.130301	1567.055972
155.140000	-7.510000	-155.814896	24.981300	-0.898741	59.932485	1570.346911
155.140000	-7.510000	-155.814896	25.231300	-0.769821	59.734723	1573.637849
155.140000	-7.510000	-155.814896	25.481300	-0.679834	59.536877	1576.928788
155.140000	-7.510000	-155.814896	25.731300	-0.590573	59.339080	1580.219726
155.140000	-7.510000	-155.814896	25.981300	-0.501903	59.141192	1583.510665
155.140000	-7.510000	-155.814896	26.231300	-0.413964	58.943347	1586.801603
155.140000	-7.510000	-155.814896	26.481300	-0.218798	58.745408	1590.092542
155.140000	-7.510000	-155.564896	15.731300	-0.371878	67.401894	1470.346393
155.140000	-7.510000	-155.564896	15.981300	-3.142938	67.204089	1473.472220
155.140000	-7.510000	-155.564896	16.231300	-3.289494	67.006338	1476.695328
155.140000	-7.510000	-155.564896	16.481300	-2.528288	66.808688	1479.918435
155.140000	-7.510000	-155.564896	16.731300	1.052394	66.611089	1482.573874
155.140000	-7.510000	-155.564896	16.981300	3.407277	66.413583	1484.330028
155.140000	-7.510000	-155.564896	17.231300	3.604736	66.216124	1486.086182
155.140000	-7.510000	-155.564896	17.481300	3.802110	66.018750	1487.842337
155.140000	-7.510000	-155.564896	17.731300	3.999440	65.821420	1489.598491
155.140000	-7.510000	-155.564896	17.981300	4.232545	65.624167	1491.354645
155.140000	-7.510000	-155.564896	18.231300	5.960302	65.426953	1493.110799
155.140000	-7.510000	-155.564896	18.481300	5.086580	65.229810	1494.866953
155.140000	-7.510000	-155.564896	18.731300	3.022783	65.032702	1497.146866
155.140000	-7.510000	-155.564896	18.981300	3.274324	64.835657	1499.756548
155.140000	-7.510000	-155.564896	19.231300	3.090498	64.638643	1502.366229
155.140000	-7.510000	-155.564896	19.481300	-2.300296	64.441685	1504.975911
155.140000	-7.510000	-155.564896	19.731300	-8.743480	64.244753	1508.459799
155.140000	-7.510000	-155.564896	19.981300	-12.332700	64.047870	1512.153870
155.140000	-7.510000	-155.564896	20.231300	-13.328089	63.851010	1515.847941
155.140000	-7.510000	-155.564896	20.481300	-13.131270	63.654191	1519.542012
155.140000	-7.510000	-155.564896	20.731300	-12.934469	63.457391	1523.236082
155.140000	-7.510000	-155.564896	20.981300	-12.737703	63.260624	1526.930153
155.140000	-7.510000	-155.564896	21.231300	-7.877695	63.063872	1530.624224
155.140000	-7.510000	-155.564896	21.481300	1.475287	62.867147	1533.934969
155.140000	-7.510000	-155.564896	21.731300	8.386077	62.670431	1536.165885
155.140000	-7.510000	-155.564896	21.981300	9.028406	62.473736	1538.396800
155.140000	-7.510000	-155.564896	22.231300	8.733243	62.277046	1540.627716
155.140000	-7.510000	-155.564896	22.481300	3.123537	62.080369	1542.921881
155.140000	-7.510000	-155.564896	22.731300	-2.710617	61.883693	1546.212820
155.140000	-7.510000	-155.564896	22.981300	-2.653279	61.687023	1549.503758
155.140000	-7.510000	-155.564896	23.231300	-2.456606	61.490349	1552.794697
155.140000	-7.510000	-155.564896	23.481300	-2.259931	61.293675	1556.085635
155.140000	-7.510000	-155.564896	23.731300	-2.063249	61.096992	1559.376574
155.140000	-7.510000	-155.564896	23.981300	-1.866558	60.900302	1562.667512
155.140000	-7.510000	-155.564896	24.231300	-1.669855	60.703599	1565.958450
155.140000	-7.510000	-155.564896	24.481300	-1.473138	60.506882	1569.249389
155.140000	-7.510000	-155.564896	24.731300	-1.276403	60.310147	1572.540327
155.140000	-7.510000	-155.564896	24.981300	-1.079647	60.113391	1575.831266
155.140000	-7.510000	-155.564896	25.231300	-0.882869	59.916613	1579.122204
155.140000	-7.510000	-155.564896	25.481300	-0.686063	59.719807	1582.413143
155.140000	-7.510000	-155.564896	25.731300	-0.489231	59.522974	1585.704081
155.140000	-7.510000	-155.564896	25.981300	-0.292363	59.326107	1588.995020
155.140000	-7.510000	-155.564896	26.231300	-0.095465	59.129208	1592.285958
155.140000	-7.510000	-155.314896	15.731300	-2.111602	67.537804	1476.775405
155.140000	-7.510000	-155.314896	15.981300	-3.624455	67.341299	1479.998512
155.140000	-7.510000	-155.314896	16.231300	-2.293988	67.144938	1483.221620
155.140000	-7.510000	-155.314896	16.481300	1.494978	66.948573	1485.596175
155.140000	-7.510000	-155.314896	16.731300	3.068515	66.752345	1487.352329
155.140000	-7.510000	-155.314896	16.981300	3.264752	66.556108	1489.108483
155.140000	-7.510000	-155.314896	17.231300	3.460857	66.360003	1490.864638
155.140000	-7.510000	-155.314896	17.481300	4.345617	66.163883	1492.620792
155.140000	-7.510000	-155.314896	17.731300	5.892375	65.967889	1494.376946
155.140000	-7.510000	-155.314896	17.981300	3.573628	65.771873	1496.151601
155.140000	-7.510000	-155.314896	18.231300	1.735419	65.575978	1498.761283
155.140000	-7.510000	-155.314896	18.481300	3.248475	65.380056	1501.370964
155.140000	-7.510000	-155.314896	18.731300	3.914912	65.184248	1503.980646
155.140000	-7.510000	-155.314896	18.981300	4.110753	64.988408	1506.590327
155.140000	-7.510000	-155.314896	19.231300	4.306484	64.792677	1509.200009
155.140000	-7.510000	-155.314896	19.481300	4.502254	64.596906	1511.809690
155.140000	-7.510000	-155.314896	19.731300	3.404548	64.401239	1514.419372
155.140000	-7.510000	-155.314896	19.981300	-1.001108	64.205528	1517.029053
155.140000	-7.510000	-155.314896	20.231300	-7.380823	64.009914	1520.332861
155.140000	-7.510000	-155.314896	20.481300	-11.569285	63.814250	1524.026932
155.140000	-7.510000	-155.314896	20.731300	-13.095756	63.618677	1527.721003
155.140000	-7.510000	-155.314896	20.981300	-12.900127	63.423049	1531.415074
155.140000	-7.510000	-155.314896	21.231300	-12.704584	63.227505	1535.109144
155.140000	-7.510000	-155.314896	21.481300	-11.337393	63.031901	1538.803215
155.140000	-7.510000	-155.314896	21.731300	-2.904309	62.836376	1542.497286
155.140000	-7.510000	-155.314896	21.981300	6.013891	62.640784	1545.065132
155.140000	-7.510000	-155.314896	22.231300	9.056877	62.445266	1547.296048
155.140000	-7.510000	-155.314896	22.481300	9.170360	62.249675	1549.526963
155.140000	-7.510000	-155.314896	22.731300	3.854309	62.054151	1551.757879
155.140000	-7.510000	-155.314896	22.981300	-2.172605	61.858550	1554.988113
155.140000	-7.510000	-155.314896	23.231300	-2.629266	61.663010	1558.279052
155.140000	-7.510000	-155.314896	23.481300	-2.433643	61.467387	1561.569990
155.140000	-7.510000	-155.314896	23.731300	-2.238074	61.271818	1564.860929
155.140000	-7.510000	-155.314896	23.981300	-2.042418	61.076161	1568.151867
155.140000	-7.510000	-155.314896	24.231300	-1.846809	60.880553	1571.442806
155.140000	-7.510000	-155.314896	24.481300	-1.651108	60.684851	1574.733744
155.140000	-7.510000	-155.314896	24.731300	-1.455447	60.489191	1578.024682
155.140000	-7.510000	-155.314896	24.981300	-1.259689	60.293433	1581.315621
155.140000	-7.510000	-155.314896	25.231300	-1.063966	60.097710	1584.606559
155.140000	-7.510000	-155.314896	25.481300	-0.868140	59.901883	1587.897498
155.140000	-7.510000	-155.314896	25.731300	-0.672342	59.706086	1591.188436
155.140000	-7.510000	-155.314896	25.981300	-0.476436	59.510180	1594.479375
155.140000	-7.510000	-155.314896	26.231300	-0.280552	59.314296	1597.770313
155.140000	-7.510000	-155.064896	15.481300	-1.564030	67.867917	1480.078589
155.140000	-7.510000	-155.064896	15.731300	-3.955872	67.672716	1483.301697
155.140000	-7.510000	-155.064896	15.981300	-2.022799	67.477609	1486.524804
155.140000	-7.510000	-155.064896	16.231300	1.993340	67.282539	1488.618476
155.140000	-7.510000	-155.064896	16.481300	2.733306	67.087554	1490.374630
155.140000	-7.510000	-155.064896	16.731300	2.928257	66.892603	1492.130784
155.140000	-7.510000	-155.064896	16.981300	4.425074	66.697729	1493.886939
155.140000	-7.510000	-155.064896	17.231300	4.275173	66.502885	1495.643093
155.140000	-7.510000	-155.064896	17.481300	2.134148	66.308110	1497.766018
155.140000	-7.510000	-155.064896	17.731300	1.753640	66.113361	1500.375700
155.140000	-7.510000	-155.064896	17.981300	3.180486	65.918675	1502.985381
155.140000	-7.510000	-155.064896	18.231300	3.375152	65.724009	1505.595063
155.140000	-7.510000	-155.064896	18.481300	3.569762	65.529398	1508.204744
155.140000	-7.510000	-155.064896	18.731300	3.764356	65.334804	1510.814426
155.140000	-7.510000	-155.064896	18.981300	3.958903	65.140258	1513.424107
155.140000	-7.510000	-155.064896	19.231300	4.153437	64.945724	1516.033789
155.140000	-7.510000	-155.064896	19.481300	4.347931	64.751230	1518.643470
155.140000	-7.510000	-155.064896	19.731300	4.542416	64.556744	1521.253152
155.140000	-7.510000	-155.064896	19.981300	4.736869	64.362291	1523.862833
155.140000	-7.510000	-155.064896	20.231300	3.916662	64.167842	1526.472515
155.140000	-7.510000	-155.064896	20.481300	0.281217	63.973418	1529.082196
155.140000	-7.510000	-155.064896	20.731300	-6.031149	63.778994	1532.205923
155.140000	-7.510000	-155.064896	20.981300	-10.822185	63.584588	1535.899994
155.140000	-7.510000	-155.064896	21.231300	-12.867255	63.390177	1539.594065
155.140000	-7.510000	-155.064896	21.481300	-12.672855	63.195776	1543.288136
155.140000	-7.510000	-155.064896	21.731300	-12.478445	63.001366	1546.982206
155.140000	-7.510000	-155.064896	21.981300	-7.473677	62.806960	1550.676277
155.140000	-7.510000	-155.064896	22.231300	1.865041	62.612540	1553.964380
155.140000	-7.510000	-155.064896	22.481300	8.668987	62.418116	1556.195295
155.140000	-7.510000	-155.064896	22.731300	9.278469	62.223674	1558.426211
155.140000	-7.510000	-155.064896	22.981300	4.577236	62.029221	1560.657126
155.140000	-7.510000	-155.064896	23.231300	-1.399424	61.834744	1563.763407
155.140000	-7.510000	-155.064896	23.481300	-2.606507	61.640250	1567.054345
155.140000	-7.510000	-155.064896	23.731300	-2.411985	61.445729	1570.345284
155.140000	-7.510000	-155.064896	23.981300	-2.217439	61.251182	1573.636222
155.140000	-7.510000	-155.064896	24.231300	-2.022860	61.056603	1576.927161
155.140000	-7.510000	-155.064896	24.481300	-1.828249	60.861992	1580.218099
155.140000	-7.510000	-155.064896	24.731300	-1.633601	60.667344	1583.509038
155.140000	-7.510000	-155.064896	24.981300	-1.438914	60.472658	1586.799976
155.140000	-7.510000	-155.064896	25.231300	-1.244185	60.277929	1590.090914
155.140000	-7.510000	-155.064896	25.481300	-1.049411	60.083154	1593.381853
155.140000	-7.510000	-155.064896	25.731300	-0.854590	59.888333	1596.672791
155.140000	-7.510000	-155.064896	25.981300	-0.659716	59.693459	1599.963730
155.140000	-7.510000	-155.064896	26.231300	-0.464790	59.498534	1603.254668
155.140000	-7.510000	-154.814896	15.481300	-3.980296	68.000627	1486.604881
155.140000	-7.510000	-154.814896	15.731300	-1.711990	67.806828	1489.827989
155.140000	-7.510000	-154.814896	15.981300	2.552494	67.613018	1491.640777
155.140000	-7.510000	-154.814896	16.231300	2.801016	67.419334	1493.396931
155.140000	-7.510000	-154.814896	16.481300	4.474340	67.225632	1495.153085
155.140000	-7.510000	-154.814896	16.731300	2.742303	67.032050	1496.909239
155.140000	-7.510000	-154.814896	16.981300	0.761793	66.838443	1499.380435
155.140000	-7.510000	-154.814896	17.231300	1.752367	66.644952	1501.990117
155.140000	-7.510000	-154.814896	17.481300	2.647731	66.451429	1504.599798
155.140000	-7.510000	-154.814896	17.731300	2.841145	66.258016	1507.209480
155.140000	-7.510000	-154.814896	17.981300	3.034594	66.064566	1509.819161
155.140000	-7.510000	-154.814896	18.231300	3.227941	65.871219	1512.428843
155.140000	-7.510000	-154.814896	18.481300	3.421331	65.677830	1515.038524
155.140000	-7.510000	-154.814896	18.731300	3.614623	65.484538	1517.648206
155.140000	-7.510000	-154.814896	18.981300	3.807963	65.291197	1520.257887
155.140000	-7.510000	-154.814896	19.231300	4.001213	65.097948	1522.867569
155.140000	-7.510000	-154.814896	19.481300	4.194517	64.904644	1525.477250
155.140000	-7.510000	-154.814896	19.731300	4.387735	64.711425	1528.086932
155.140000	-7.510000	-154.814896	19.981300	4.581014	64.518147	1530.696613
155.140000	-7.510000	-154.814896	20.231300	4.774214	64.324947	1533.306295
155.140000	-7.510000	-154.814896	20.481300	4.967479	64.131682	1535.915976
155.140000	-7.510000	-154.814896	20.731300	4.418151	63.938489	1538.525658
155.140000	-7.510000	-154.814896	20.981300	1.546350	63.745225	1541.135339
155.140000	-7.510000	-154.814896	21.231300	-4.695224	63.552028	1544.078985
155.140000	-7.510000	-154.814896	21.481300	-10.090922	63.358753	1547.773056
155.140000	-7.510000	-154.814896	21.731300	-12.642618	63.165539	1551.467127
155.140000	-7.510000	-154.814896	21.981300	-12.449321	62.972242	1555.161198
155.140000	-7.510000	-154.814896	22.231300	-11.017125	62.779000	1558.855268
155.140000	-7.510000	-154.814896	22.481300	-2.511857	62.585669	1562.549339
155.140000	-7.510000	-154.814896	22.731300	6.389634	62.392386	1565.094543
155.140000	-7.510000	-154.814896	22.981300	9.303133	62.199010	1567.325459
155.140000	-7.510000	-154.814896	23.231300	5.292107	62.005674	1569.556374
155.140000	-7.510000	-154.814896	23.481300	-0.632919	61.812240	1572.538700
155.140000	-7.510000	-154.814896	23.731300	-2.585097	61.618841	1575.829639
155.140000	-7.510000	-154.814896	23.981300	-2.391593	61.425337	1579.120577
155.140000	-7.510000	-154.814896	24.231300	-2.198118	61.231861	1582.411516
155.140000	-7.510000	-154.814896	24.481300	-2.004532	61.038276	1585.702454
155.140000	-7.510000	-154.814896	24.731300	-1.810969	60.844713	1588.993393
155.140000	-7.510000	-154.814896	24.981300	-1.617291	60.651034	1592.284331
155.140000	-7.510000	-154.814896	25.231300	-1.423628	60.457371	1595.575269
155.140000	-7.510000	-154.814896	25.481300	-1.229844	60.263587	1598.866208
155.140000	-7.510000	-154.814896	25.731300	-1.036069	60.069813	1602.157146
155.140000	-7.510000	-154.814896	25.981300	-0.842168	59.875912	1605.448085
155.140000	-7.510000	-154.564896	15.481300	-1.358247	68.132458	1492.906924
155.140000	-7.510000	-154.564896	15.731300	3.009965	67.939963	1494.663078
155.140000	-7.510000	-154.564896	15.981300	3.508114	67.747547	1496.419232
155.140000	-7.510000	-154.564896	16.231300	1.286310	67.555151	1498.385171
155.140000	-7.510000	-154.564896	16.481300	0.256961	67.362826	1500.994852
155.140000	-7.510000	-154.564896	16.731300	1.733435	67.170518	1503.604534
155.140000	-7.510000	-154.564896	16.981300	2.120887	66.978273	1506.214215
155.140000	-7.510000	-154.564896	17.231300	2.313120	66.786040	1508.823897
155.140000	-7.510000	-154.564896	17.481300	2.505297	66.593864	1511.433578
155.140000	-7.510000	-154.564896	17.731300	2.697466	66.401694	1514.043260
155.140000	-7.510000	-154.564896	17.981300	2.889587	66.209573	1516.652941
155.140000	-7.510000	-154.564896	18.231300	3.081705	66.017455	1519.262623
155.140000	-7.510000	-154.564896	18.481300	3.273782	65.825378	1521.872304
155.140000	-7.510000	-154.564896	18.731300	3.465861	65.633300	1524.481986
155.140000	-7.510000	-154.564896	18.981300	3.657906	65.441255	1527.091667
155.140000	-7.510000	-154.564896	19.231300	3.849957	65.249204	1529.701349
155.140000	-7.510000	-154.564896	19.481300	4.041982	65.057178	1532.311030
155.140000	-7.510000	-154.564896	19.731300	4.234017	64.865143	1534.920712
155.140000	-7.510000	-154.564896	19.981300	4.426035	64.673126	1537.530393
155.140000	-7.510000	-154.564896	20.231300	4.618067	64.481094	1540.140075
155.140000	-7.510000	-154.564896	20.481300	4.810088	64.289072	1542.749756
155.140000	-7.510000	-154.564896	20.731300	5.002129	64.097032	1545.359438
155.140000	-7.510000	-154.564896	20.981300	5.194166	63.904994	1547.969119
155.140000	-7.510000	-154.564896	21.231300	4.909479	63.712933	1550.578801
155.140000	-7.510000	-154.564896	21.481300	2.793954	63.520868	1553.188482
155.140000	-7.510000	-154.564896	21.731300	-3.373501	63.328774	1555.952047
155.140000	-7.510000	-154.564896	21.981300	-9.375083	63.136669	1559.646118
155.140000	-7.510000	-154.564896	22.231300	-12.339633	62.944531	1563.340189
155.140000	-7.510000	-154.564896	22.481300	-12.229452	62.752373	1567.034260
155.140000	-7.510000	-154.564896	22.731300	-7.079926	62.560178	1570.728330
155.140000	-7.510000	-154.564896	22.981300	2.244546	62.367957	1573.993791
155.140000	-7.510000	-154.564896	23.231300	8.941909	62.175694	1576.224706
155.140000	-7.510000	-154.564896	23.481300	5.998936	61.983397	1578.455622
155.140000	-7.510000	-154.564896	23.731300	0.126706	61.791052	1581.313994
155.140000	-7.510000	-154.564896	23.981300	-2.564924	61.598667	1584.604932
155.140000	-7.510000	-154.564896	24.231300	-2.372487	61.406230	1587.895871
155.140000	-7.510000	-154.564896	24.481300	-2.180002	61.213746	1591.186809
155.140000	-7.510000	-154.564896	24.731300	-1.987460	61.021204	1594.477748
155.140000	-7.510000	-154.564896	24.981300	-1.794864	60.828607	1597.768686
155.140000	-7.510000	-154.564896	25.231300	-1.602205	60.635949	1601.059625
155.140000	-7.510000	-154.564896	25.481300	-1.409485	60.443228	1604.350563
155.140000	-7.510000	-154.564896	25.731300	-1.216697	60.250441	1607.641501
155.140000	-7.510000	-154.564896	25.981300	-1.023841	60.057584	1610.932440
155.140000	-7.510000	-154.314896	15.231300	0.628009	68.454628	1495.929224
155.140000	-7.510000	-154.314896	15.481300	1.954165	68.263416	1497.685379
155.140000	-7.510000	-154.314896	15.731300	-0.099729	68.072319	1499.999587
155.140000	-7.510000	-154.314896	15.981300	0.280100	67.881196	1502.609269
155.140000	-7.510000	-154.314896	16.231300	1.408978	67.690183	1505.218950
155.140000	-7.510000	-154.314896	16.481300	1.600023	67.499138	1507.828632
155.140000	-7.510000	-154.314896	16.731300	1.790964	67.308197	1510.438313
155.140000	-7.510000	-154.314896	16.981300	1.981943	67.117217	1513.047995
155.140000	-7.510000	-154.314896	17.231300	2.172825	66.926336	1515.657677
155.140000	-7.510000	-154.314896	17.481300	2.363751	66.735409	1518.267358
155.140000	-7.510000	-154.314896	17.731300	2.554585	66.544575	1520.877040
155.140000	-7.510000	-154.314896	17.981300	2.745470	66.353690	1523.486721
155.140000	-7.510000	-154.314896	18.231300	2.936269	66.162891	1526.096403
155.140000	-7.510000	-154.314896	18.481300	3.127125	65.972036	1528.706084
155.140000	-7.510000	-154.314896	18.731300	3.317901	65.781260	1531.315766
155.140000	-7.510000	-154.314896	18.981300	3.508739	65.590421	1533.925447
155.140000	-7.510000	-154.314896	19.231300	3.699504	65.399657	1536.535129
155.140000	-7.510000	-154.314896	19.481300	3.890338	65.208823	1539.144810
155.140000	-7.510000	-154.314896	19.731300	4.081104	65.018057	1541.754492
155.140000	-7.510000	-154.314896	19.981300	4.271945	64.827216	1544.364173
155.140000	-7.510000	-154.314896	20.231300	4.462724	64.636437	1546.973855
155.140000	-7.510000	-154.314896	20.481300	4.653584	64.445577	1549.583536
155.140000	-7.510000	-154.314896	20.731300	4.844389	64.254772	1552.193218
155.140000	-7.510000	-154.314896	20.981300	5.035280	64.063880	1554.802899
155.140000	-7.510000	-154.314896	21.231300	5.226123	63.873038	1557.412581
155.140000	-7.510000	-154.314896	21.481300	5.417058	63.682103	1560.022262
155.140000	-7.510000	-154.314896	21.731300	5.390822	63.491210	1562.631944
155.140000	-7.510000	-154.314896	21.981300	3.921048	63.300220	1565.241625
155.140000	-7.510000	-154.314896	22.231300	-2.066657	63.109266	1567.851307
155.140000	-7.510000	-154.314896	22.481300	-8.577755	62.918207	1571.519180
155.140000	-7.510000	-154.314896	22.731300	-11.566417	62.727179	1575.213251
155.140000	-7.510000	-154.314896	22.981300	-10.707000	62.536041	1578.907322
155.140000	-7.510000	-154.314896	23.231300	-2.129558	62.344926	1582.601392
155.140000	-7.510000	-154.314896	23.481300	6.755420	62.153696	1585.123954
155.140000	-7.510000	-154.314896	23.731300	6.697534	61.962482	1587.354870
155.140000	-7.510000	-154.314896	23.981300	0.879304	61.771148	1590.089287
155.140000	-7.510000	-154.314896	24.231300	-2.546080	61.579824	1593.380226
155.140000	-7.510000	-154.314896	24.481300	-2.354630	61.388373	1596.671164
155.140000	-7.510000	-154.314896	24.731300	-2.163183	61.196927	1599.962103
155.140000	-7.510000	-154.314896	24.981300	-1.971604	61.005348	1603.253041
155.140000	-7.510000	-154.314896	25.231300	-1.780022	60.813766	1606.543980
155.140000	-7.510000	-154.314896	25.481300	-1.588302	60.622046	1609.834918
155.140000	-7.510000	-154.314896	25.731300	-1.396573	60.430317	1613.125857
155.140000	-7.510000	-154.064896	16.231300	1.274904	67.824256	1512.052730
155.140000	-7.510000	-154.064896	16.481300	1.464574	67.634586	1514.662412
155.140000	-7.510000	-154.064896	16.731300	1.654244	67.444916	1517.272093
155.140000	-7.510000	-154.064896	16.981300	1.843864	67.255296	1519.881775
155.140000	-7.510000	-154.064896	17.231300	2.033489	67.065672	1522.491456
155.140000	-7.510000	-154.064896	17.481300	2.223071	66.876090	1525.101138
155.140000	-7.510000	-154.064896	17.731300	2.412662	66.686499	1527.710819
155.140000	-7.510000	-154.064896	17.981300	2.602219	66.496942	1530.320501
155.140000	-7.510000	-154.064896	18.231300	2.791789	66.307372	1532.930182
155.140000	-7.510000	-154.064896	18.481300	2.981332	66.117828	1535.539864
155.140000	-7.510000	-154.064896	18.731300	3.170894	65.928267	1538.149545
155.140000	-7.510000	-154.064896	18.981300	3.360436	65.738724	1540.759227
155.140000	-7.510000	-154.064896	19.231300	3.550001	65.549159	1543.368908
155.140000	-7.510000	-154.064896	19.481300	3.739555	65.359606	1545.978590
155.140000	-7.510000	-154.064896	19.731300	3.929136	65.170025	1548.588271
155.140000	-7.510000	-154.064896	19.981300	4.118713	64.980448	1551.197953
155.140000	-7.510000	-154.064896	20.231300	4.308322	64.790839	1553.807634
155.140000	-7.510000	-154.064896	20.481300	4.497935	64.601226	1556.417316
155.140000	-7.510000	-154.064896	20.731300	4.687584	64.411576	1559.026998
155.140000	-7.510000	-154.064896	20.981300	4.877245	64.221916	1561.636679
155.140000	-7.510000	-154.064896	21.231300	5.066947	64.032213	1564.246361
155.140000	-7.510000	-154.064896	21.481300	5.256668	63.842492	1566.856042
155.140000	-7.510000	-154.064896	21.731300	5.446436	63.652725	1569.465724
155.140000	-7.510000	-154.064896	21.981300	5.636229	63.462931	1572.075405
155.140000	-7.510000	-154.064896	22.231300	5.826074	63.273087	1574.685087
155.140000	-7.510000	-154.064896	22.481300	4.430788	63.083208	1577.294768
155.140000	-7.510000	-154.064896	22.731300	-0.775068	62.893274	1579.904450
155.140000	-7.510000	-154.064896	22.981300	-7.226568	62.703298	1583.392242
155.140000	-7.510000	-154.064896	23.231300	-10.809716	62.513262	1587.086313
155.140000	-7.510000	-154.064896	23.481300	-6.696095	62.323177	1590.780384
155.140000	-7.510000	-154.064896	23.731300	2.614173	62.133026	1594.023202
155.140000	-7.510000	-154.064896	23.981300	6.983884	61.942819	1596.254117
155.140000	-7.510000	-154.064896	24.231300	1.624689	61.752542	1598.864581
155.140000	-7.510000	-154.064896	24.481300	-2.528458	61.562201	1602.155519
155.140000	-7.510000	-154.064896	24.731300	-2.338041	61.371785	1605.446458
155.140000	-7.510000	-154.064896	24.981300	-2.147554	61.181298	1608.737396
155.140000	-7.510000	-154.064896	25.231300	-1.956987	60.990730	1612.028335
155.140000	-7.510000	-154.064896	25.481300	-1.766341	60.800085	1615.319273
155.140000	-7.510000	-154.064896	25.731300	-1.575610	60.609353	1618.610212
155.140000	-7.510000	-153.814896	18.481300	2.836411	66.262750	1542.373644
155.140000	-7.510000	-153.814896	18.731300	3.024669	66.074491	1544.983325
155.140000	-7.510000	-153.814896	18.981300	3.213004	65.886156	1547.593007
155.140000	-7.510000	-153.814896	19.231300	3.401282	65.697879	1550.202688
155.140000	-7.510000	-153.814896	19.481300	3.589643	65.509518	1552.812370
155.140000	-7.510000	-153.814896	19.731300	3.777952	65.321208	1555.422051
155.140000	-7.510000	-153.814896	19.981300	3.966351	65.132810	1558.031733
155.140000	-7.510000	-153.814896	20.231300	4.154704	64.944456	1560.641414
155.140000	-7.510000	-153.814896	20.481300	4.343153	64.756008	1563.251096
155.140000	-7.510000	-153.814896	20.731300	4.531563	64.567597	1565.860777
155.140000	-7.510000	-153.814896	20.981300	4.720075	64.379086	1568.470459
155.140000	-7.510000	-153.814896	21.231300	4.908554	64.190606	1571.080140
155.140000	-7.510000	-153.814896	21.481300	5.097141	64.002020	1573.689822
155.140000	-7.510000	-153.814896	21.731300	5.285702	63.813459	1576.299503
155.140000	-7.510000	-153.814896	21.981300	5.474376	63.624785	1578.909185
155.140000	-7.510000	-153.814896	22.231300	5.663031	63.436130	1581.518866
155.140000	-7.510000	-153.814896	22.481300	5.851805	63.247356	1584.128548
155.140000	-7.510000	-153.814896	22.731300	6.040566	63.058595	1586.738229
155.140000	-7.510000	-153.814896	22.981300	4.929963	62.869708	1589.347911
155.140000	-7.510000	-153.814896	23.231300	0.500681	62.680828	1591.957592
155.140000	-7.510000	-153.814896	23.481300	-5.887082	62.491817	1595.265304
155.140000	-7.510000	-153.814896	23.731300	-8.794483	62.302805	1598.959375
155.140000	-7.510000	-153.814896	23.981300	-1.756923	62.113657	1602.653446
155.140000	-7.510000	-153.814896	24.231300	5.456361	61.924501	1605.153365
155.140000	-7.510000	-153.814896	24.481300	2.362733	61.735203	1607.639874
155.140000	-7.510000	-153.814896	24.731300	-2.512148	61.545891	1610.930813
155.140000	-7.510000	-153.814896	24.981300	-2.322687	61.356431	1614.221751
155.140000	-7.510000	-153.814896	25.231300	-2.133206	61.166950	1617.512690
155.140000	-7.510000	-153.814896	25.481300	-1.943572	60.977315	1620.803628
155.140000	-7.510000	-153.814896	25.731300	-1.753909	60.787653	1624.094567
155.140000	-7.510000	-153.564896	20.731300	4.376461	64.722699	1572.694557
155.140000	-7.510000	-153.564896	20.981300	4.563739	64.535422	1575.304239
155.140000	-7.510000	-153.564896	21.231300	4.751074	64.348087	1577.913920
155.140000	-7.510000	-153.564896	21.481300	4.938442	64.160718	1580.523602
155.140000	-7.510000	-153.564896	21.731300	5.125874	63.973287	1583.133283
155.140000	-7.510000	-153.564896	21.981300	5.313346	63.785815	1585.742965
155.140000	-7.510000	-153.564896	22.231300	5.500886	63.598275	1588.352646
155.140000	-7.510000	-153.564896	22.481300	5.688474	63.410686	1590.962328
155.140000	-7.510000	-153.564896	22.731300	5.876136	63.223025	1593.572009
155.140000	-7.510000	-153.564896	22.981300	6.063853	63.035308	1596.181691
155.140000	-7.510000	-153.564896	23.231300	6.251648	62.847512	1598.791372
155.140000	-7.510000	-153.564896	23.481300	5.418879	62.659654	1601.401054
155.140000	-7.510000	-153.564896	23.731300	1.760296	62.471712	1604.010735
155.140000	-7.510000	-153.564896	23.981300	-4.560005	62.283699	1607.138366
155.140000	-7.510000	-153.564896	24.231300	-4.458986	62.095598	1610.832437
155.140000	-7.510000	-153.564896	24.481300	1.944393	61.907419	1614.052613
155.140000	-7.510000	-153.564896	24.731300	2.633346	61.719146	1616.415168
155.140000	-7.510000	-153.564896	24.981300	-2.497044	61.530788	1619.706106
155.140000	-7.510000	-153.564896	25.231300	-2.308587	61.342330	1622.997045
155.140000	-7.510000	-153.564896	25.481300	-2.120036	61.153780	1626.287983
155.140000	-7.510000	-153.314896	22.981300	5.899084	63.200077	1603.015471
155.140000	-7.510000	-153.314896	23.231300	6.085716	63.013444	1605.625152
155.140000	-7.510000	-153.314896	23.481300	6.272494	62.826666	1608.234834
155.140000	-7.510000	-153.314896	23.731300	6.459290	62.639871	1610.844515
155.140000	-7.510000	-153.314896	23.981300	5.897884	62.452924	1613.454197
155.140000	-7.510000	-153.314896	24.231300	3.003287	62.265953	1616.063878
155.140000	-7.510000	-153.314896	24.481300	-2.184618	62.078824	1619.011428
155.140000	-7.510000	-153.314896	24.731300	0.272541	61.891665	1622.705499
155.140000	-7.510000	-153.314896	24.981300	0.970139	61.704342	1625.190461
155.140000	-7.510000	-153.314896	25.231300	-2.217356	61.516981	1628.481400
155.140000	-7.510000	-153.314896	25.481300	-2.295707	61.329451	1631.772338
155.140000	-7.510000	-153.064896	25.231300	-0.288091	61.690805	1634.082024
