99.540000	-1.680000	-158.651001	21.430099	-0.207541	92.982298	2796.544670
99.540000	-1.680000	-158.401001	21.180099	0.181009	93.021539	2803.179429
99.540000	-1.680000	-158.401001	21.430099	-2.435761	93.082943	2803.075881
99.540000	-1.680000	-158.151001	20.680099	5.833733	92.996356	2810.502288
99.540000	-1.680000	-158.151001	20.930099	0.547379	93.058610	2809.814187
99.540000	-1.680000	-158.151001	21.180099	-2.212758	93.121060	2809.710640
99.540000	-1.680000	-158.151001	21.430099	-2.770091	93.183719	2809.607093
99.540000	-1.680000	-157.901001	20.430099	6.272981	93.030043	2817.221110
99.540000	-1.680000	-157.901001	20.680099	0.921163	93.093339	2816.448946
99.540000	-1.680000	-157.901001	20.930099	-2.248630	93.156932	2816.345399
99.540000	-1.680000	-157.901001	21.180099	-2.463702	93.220634	2816.241852
99.540000	-1.680000	-157.901001	21.430099	-3.103607	93.284639	2816.172821
99.540000	-1.680000	-157.651001	19.930099	7.727781	92.997244	2825.047332
99.540000	-1.680000	-157.651001	20.180099	6.211382	93.061476	2823.939932
99.540000	-1.680000	-157.651001	20.430099	1.206943	93.125912	2823.083704
99.540000	-1.680000	-157.651001	20.680099	-2.288347	93.190545	2822.980157
99.540000	-1.680000	-157.651001	20.930099	-2.347086	93.255388	2822.876610
99.540000	-1.680000	-157.651001	21.180099	-2.796336	93.320434	2822.773063
99.540000	-1.680000	-157.651001	21.430099	-3.435530	93.385697	2822.757035
99.540000	-1.680000	-157.401001	19.680099	4.924150	93.025312	2831.904965
99.540000	-1.680000	-157.401001	19.930099	3.800262	93.090682	2831.129409
99.540000	-1.680000	-157.401001	20.180099	2.141041	93.156156	2830.355388
99.540000	-1.680000	-157.401001	20.430099	-0.081578	93.221927	2829.888544
99.540000	-1.680000	-157.401001	20.680099	-1.243327	93.287808	2829.599762
99.540000	-1.680000	-157.401001	20.930099	-2.123836	93.353993	2829.407822
99.540000	-1.680000	-157.401001	21.180099	-3.129676	93.420295	2829.313767
99.540000	-1.680000	-157.401001	21.430099	-3.726050	93.486908	2829.341248
99.540000	-1.680000	-157.151001	19.430099	3.591474	93.051241	2839.420447
99.540000	-1.680000	-157.151001	19.680099	3.433459	93.117647	2838.644891
99.540000	-1.680000	-157.151001	19.930099	2.360716	93.184256	2837.869336
99.540000	-1.680000	-157.151001	20.180099	0.906598	93.251062	2837.323169
99.540000	-1.680000	-157.151001	20.430099	0.281645	93.318080	2836.856325
99.540000	-1.680000	-157.151001	20.680099	-0.633409	93.385301	2836.446485
99.540000	-1.680000	-157.151001	20.930099	-1.148929	93.452740	2836.195049
99.540000	-1.680000	-157.151001	21.180099	-2.347579	93.520390	2835.897980
99.540000	-1.680000	-157.151001	21.430099	-3.827405	93.588264	2835.925462
99.540000	-1.680000	-156.901001	18.930099	1.325212	93.007608	2847.484292
99.540000	-1.680000	-156.901001	19.180099	2.336581	93.074855	2846.983601
99.540000	-1.680000	-156.901001	19.430099	3.443259	93.142394	2846.215216
99.540000	-1.680000	-156.901001	19.680099	2.968745	93.210037	2845.411773
99.540000	-1.680000	-156.901001	19.930099	1.441356	93.277978	2844.744007
99.540000	-1.680000	-156.901001	20.180099	0.557737	93.346029	2844.290950
99.540000	-1.680000	-156.901001	20.430099	0.503047	93.414385	2843.824106
99.540000	-1.680000	-156.901001	20.680099	-0.222115	93.482858	2843.357262
99.540000	-1.680000	-156.901001	20.930099	0.132495	93.551643	2843.041772
99.540000	-1.680000	-156.901001	21.180099	-1.303722	93.620552	2842.482194
99.540000	-1.680000	-156.901001	21.430099	-3.928921	93.689779	2842.509675
99.540000	-1.680000	-156.651001	18.680099	0.981975	93.027960	2854.545104
99.540000	-1.680000	-156.651001	18.930099	1.063498	93.096339	2854.089051
99.540000	-1.680000	-156.651001	19.180099	1.435058	93.164910	2853.595536
99.540000	-1.680000	-156.651001	19.430099	2.565322	93.233685	2853.035221
99.540000	-1.680000	-156.651001	19.680099	3.338165	93.302658	2852.234472
99.540000	-1.680000	-156.651001	19.930099	2.667922	93.371842	2851.446068
99.540000	-1.680000	-156.651001	20.180099	0.691930	93.441230	2850.803712
99.540000	-1.680000	-156.651001	20.430099	-0.764925	93.510836	2850.491016
99.540000	-1.680000	-156.651001	20.680099	-0.519090	93.580653	2850.178321
99.540000	-1.680000	-156.651001	20.930099	1.219137	93.650695	2849.785361
99.540000	-1.680000	-156.651001	21.180099	-0.706815	93.720954	2849.049704
99.540000	-1.680000	-156.651001	21.430099	-4.103263	93.791446	2849.093889
99.540000	-1.680000	-156.401001	18.430099	-3.047239	93.046106	2861.452343
99.540000	-1.680000	-156.401001	18.680099	0.932808	93.115516	2860.996290
99.540000	-1.680000	-156.401001	18.930099	0.877387	93.185219	2860.540236
99.540000	-1.680000	-156.401001	19.180099	0.836303	93.255024	2860.081562
99.540000	-1.680000	-156.401001	19.430099	1.161392	93.325128	2859.616953
99.540000	-1.680000	-156.401001	19.680099	2.306083	93.395342	2859.061237
99.540000	-1.680000	-156.401001	19.930099	3.030286	93.465862	2858.266500
99.540000	-1.680000	-156.401001	20.180099	2.386592	93.536498	2857.507341
99.540000	-1.680000	-156.401001	20.430099	0.576262	93.607447	2856.863416
99.540000	-1.680000	-156.401001	20.680099	-1.095581	93.678518	2856.550721
99.540000	-1.680000	-156.401001	20.930099	0.401397	93.749910	2856.288481
99.540000	-1.680000	-156.401001	21.180099	-1.159640	93.821432	2855.614264
99.540000	-1.680000	-156.151001	18.430099	-1.792023	93.132572	2867.897231
99.540000	-1.680000	-156.151001	18.680099	0.930093	93.203303	2867.432622
99.540000	-1.680000	-156.151001	18.930099	0.861900	93.274238	2866.968013
99.540000	-1.680000	-156.151001	19.180099	0.792672	93.345372	2866.503403
99.540000	-1.680000	-156.151001	19.430099	-0.107901	93.416716	2866.038794
99.540000	-1.680000	-156.151001	19.680099	0.643065	93.488264	2865.760859
99.540000	-1.680000	-156.151001	19.930099	2.432131	93.560030	2865.092593
99.540000	-1.680000	-156.151001	20.180099	2.742731	93.632007	2864.327774
99.540000	-1.680000	-156.151001	20.430099	2.224774	93.704209	2863.568615
99.540000	-1.680000	-156.151001	20.680099	0.059224	93.776629	2862.923121
99.540000	-1.680000	-156.151001	20.930099	-0.520923	93.849281	2862.687584
99.540000	-1.680000	-156.151001	21.180099	-2.073728	93.922158	2862.178825
99.540000	-1.680000	-155.901001	18.180099	-7.148322	93.147327	2874.228101
99.540000	-1.680000	-155.901001	18.430099	-1.521797	93.219188	2874.277646
99.540000	-1.680000	-155.901001	18.680099	0.677690	93.291151	2873.854463
99.540000	-1.680000	-155.901001	18.930099	0.774629	93.363414	2873.389854
99.540000	-1.680000	-155.901001	19.180099	0.702258	93.435785	2872.925244
99.540000	-1.680000	-155.901001	19.430099	-0.103043	93.508463	2872.460635
99.540000	-1.680000	-155.901001	19.680099	-1.159862	93.581256	2872.160970
99.540000	-1.680000	-155.901001	19.930099	0.708991	93.654362	2871.919359
99.540000	-1.680000	-155.901001	20.180099	2.637068	93.727590	2871.148207
99.540000	-1.680000	-155.901001	20.430099	2.216613	93.801139	2870.389048
99.540000	-1.680000	-155.901001	20.680099	1.510749	93.874818	2869.690928
99.540000	-1.680000	-155.901001	20.930099	-0.108575	93.948824	2869.086687
99.540000	-1.680000	-155.901001	21.180099	-2.984551	94.022967	2868.791747
99.540000	-1.680000	-155.651001	18.180099	-4.904853	93.232855	2880.391091
99.540000	-1.680000	-155.651001	18.430099	-2.554882	93.305947	2880.505787
99.540000	-1.680000	-155.651001	18.680099	-0.257404	93.379236	2880.228652
99.540000	-1.680000	-155.651001	18.930099	0.490273	93.452736	2879.811694
99.540000	-1.680000	-155.651001	19.180099	0.611604	93.526439	2879.347085
99.540000	-1.680000	-155.651001	19.430099	-0.098354	93.600361	2878.882476
99.540000	-1.680000	-155.651001	19.680099	-1.362135	93.674492	2878.561080
99.540000	-1.680000	-155.651001	19.930099	-1.449711	93.748849	2878.365601
99.540000	-1.680000	-155.651001	20.180099	0.387759	93.823422	2878.047194
99.540000	-1.680000	-155.651001	20.430099	1.593079	93.898228	2877.392495
99.540000	-1.680000	-155.651001	20.680099	1.384762	93.973259	2876.737796
99.540000	-1.680000	-155.651001	20.930099	1.328814	94.048529	2876.083098
99.540000	-1.680000	-155.651001	21.180099	-1.367882	94.124031	2875.428399
99.540000	-1.680000	-155.401001	17.930099	-6.621109	93.244328	2886.267748
99.540000	-1.680000	-155.401001	18.180099	-5.205807	93.318447	2886.506851
99.540000	-1.680000	-155.401001	18.430099	-3.737110	93.392865	2886.668777
99.540000	-1.680000	-155.401001	18.680099	-1.262545	93.467390	2886.580718
99.540000	-1.680000	-155.401001	18.930099	0.109444	93.542221	2886.179658
99.540000	-1.680000	-155.401001	19.180099	0.299984	93.617167	2885.768926
99.540000	-1.680000	-155.401001	19.430099	-0.093853	93.692426	2885.304317
99.540000	-1.680000	-155.401001	19.680099	-1.148890	93.767806	2884.961191
99.540000	-1.680000	-155.401001	19.930099	-1.142254	93.843507	2884.718827
99.540000	-1.680000	-155.401001	20.180099	-0.701407	93.919336	2884.364073
99.540000	-1.680000	-155.401001	20.430099	-0.841109	93.995493	2884.009319
99.540000	-1.680000	-155.401001	20.680099	0.305623	94.071785	2883.652074
99.540000	-1.680000	-155.401001	20.930099	1.383586	94.148413	2882.997376
99.540000	-1.680000	-155.401001	21.180099	-0.148146	94.225184	2882.342677
99.540000	-1.680000	-155.151001	17.930099	-5.590505	93.328835	2892.321895
99.540000	-1.680000	-155.151001	18.180099	-5.665948	93.404278	2892.560998
99.540000	-1.680000	-155.151001	18.430099	-5.227521	93.479931	2892.800101
99.540000	-1.680000	-155.151001	18.680099	-2.327069	93.555787	2892.932785
99.540000	-1.680000	-155.151001	18.930099	-0.019081	93.631859	2892.531724
99.540000	-1.680000	-155.151001	19.180099	-0.082637	93.708142	2892.130664
99.540000	-1.680000	-155.151001	19.430099	-0.346579	93.784648	2891.726157
99.540000	-1.680000	-155.151001	19.680099	-0.708838	93.861371	2891.361302
99.540000	-1.680000	-155.151001	19.930099	-0.803746	93.938326	2891.021579
99.540000	-1.680000	-155.151001	20.180099	-0.813560	94.015505	2890.666825
99.540000	-1.680000	-155.151001	20.430099	-0.891319	94.092923	2890.312071
99.540000	-1.680000	-155.151001	20.680099	-0.969935	94.170571	2889.957317
99.540000	-1.680000	-155.151001	20.930099	-1.121923	94.248467	2889.602563
99.540000	-1.680000	-155.151001	21.180099	-0.022378	94.326601	2889.247809
99.540000	-1.680000	-154.901001	17.680099	-5.573161	93.336932	2898.136939
99.540000	-1.680000	-154.901001	17.930099	-5.644113	93.413503	2898.376042
99.540000	-1.680000	-154.901001	18.180099	-5.715200	93.490180	2898.615145
99.540000	-1.680000	-154.901001	18.430099	-5.786621	93.567163	2898.854248
99.540000	-1.680000	-154.901001	18.680099	-3.779930	93.644259	2899.093351
99.540000	-1.680000	-154.901001	18.930099	-0.995528	93.721668	2898.883790
99.540000	-1.680000	-154.901001	19.180099	-0.358607	93.799197	2898.482730
99.540000	-1.680000	-154.901001	19.430099	-0.644608	93.877046	2898.110417
99.540000	-1.680000	-154.901001	19.680099	-0.809038	93.955021	2897.753638
99.540000	-1.680000	-154.901001	19.930099	-0.898956	94.033325	2897.400235
99.540000	-1.680000	-154.901001	20.180099	-0.977721	94.111763	2897.046833
99.540000	-1.680000	-154.901001	20.430099	-1.056822	94.190536	2896.693430
99.540000	-1.680000	-154.651001	17.930099	-5.923454	93.498323	2904.598961
99.540000	-1.680000	-154.651001	18.180099	-5.995608	93.576329	2904.868942
99.540000	-1.680000	-154.651001	18.430099	-6.068007	93.654551	2905.138922
99.540000	-1.680000	-154.651001	18.680099	-4.699509	93.732982	2905.408903
99.540000	-1.680000	-154.651001	18.930099	-1.983173	93.811637	2905.355577
99.540000	-1.680000	-154.651001	19.180099	-0.729883	93.890506	2904.994089
99.540000	-1.680000	-154.651001	19.430099	-0.848931	93.969607	2904.635782
99.540000	-1.680000	-154.651001	19.680099	-0.950518	94.048931	2904.282380
99.540000	-1.680000	-154.401001	18.680099	-4.753764	93.821788	2911.935403
99.540000	-1.680000	-154.401001	18.930099	-2.068710	93.901783	2911.877762
99.540000	-1.680000	-154.401001	19.180099	-0.854173	93.981903	2911.517926
99.540000	-1.680000	-154.151001	18.930099	-2.168875	93.992096	2918.400070
