170.500000	-22.010000	-158.651001	21.430099	1.054169	34.676127	1444.523348
170.500000	-22.010000	-158.401001	21.180099	0.702918	35.060214	1442.970565
170.500000	-22.010000	-158.401001	21.430099	0.487191	34.903258	1448.535778
170.500000	-22.010000	-158.151001	20.680099	0.005019	35.602927	1435.938495
170.500000	-22.010000	-158.151001	20.930099	0.306951	35.444371	1441.417781
170.500000	-22.010000	-158.151001	21.180099	0.504478	35.286521	1446.982994
170.500000	-22.010000	-158.151001	21.430099	0.232052	35.129356	1452.548207
170.500000	-22.010000	-157.901001	20.430099	-0.392370	35.988109	1434.398068
170.500000	-22.010000	-157.901001	20.680099	-0.089199	35.828682	1439.864997
170.500000	-22.010000	-157.901001	20.930099	0.121072	35.669927	1445.430210
170.500000	-22.010000	-157.901001	21.180099	0.045953	35.511890	1450.995423
170.500000	-22.010000	-157.901001	21.430099	0.147390	35.354511	1456.656656
170.500000	-22.010000	-157.651001	19.930099	-0.469874	36.534261	1427.439989
170.500000	-22.010000	-157.651001	20.180099	-0.069552	36.373253	1432.857641
170.500000	-22.010000	-157.651001	20.430099	0.300547	36.212942	1438.312214
170.500000	-22.010000	-157.651001	20.680099	0.071206	36.053341	1443.877427
170.500000	-22.010000	-157.651001	20.930099	-0.103424	35.894422	1449.442640
170.500000	-22.010000	-157.651001	21.180099	-0.442562	35.736195	1455.007853
170.500000	-22.010000	-157.651001	21.430099	-0.251005	35.578637	1460.816527
170.500000	-22.010000	-157.401001	19.680099	-0.409284	36.920242	1425.939814
170.500000	-22.010000	-157.401001	19.930099	-0.064875	36.758373	1431.453692
170.500000	-22.010000	-157.401001	20.180099	0.413688	36.597239	1436.967940
170.500000	-22.010000	-157.401001	20.430099	1.216539	36.436777	1442.556296
170.500000	-22.010000	-157.401001	20.680099	1.597704	36.277035	1447.988750
170.500000	-22.010000	-157.401001	20.930099	0.811055	36.117949	1453.455069
170.500000	-22.010000	-157.401001	21.180099	-0.523488	35.959565	1459.046687
170.500000	-22.010000	-157.401001	21.430099	-0.751004	35.801822	1464.976398
170.500000	-22.010000	-157.151001	19.430099	2.239552	37.306002	1424.630399
170.500000	-22.010000	-157.151001	19.680099	1.333219	37.143337	1430.144277
170.500000	-22.010000	-157.151001	19.930099	0.335780	36.981364	1435.658155
170.500000	-22.010000	-157.151001	20.180099	0.541816	36.820106	1441.227373
170.500000	-22.010000	-157.151001	20.430099	0.778749	36.659525	1446.815729
170.500000	-22.010000	-157.151001	20.680099	1.917267	36.499640	1452.354175
170.500000	-22.010000	-157.151001	20.930099	2.262621	36.340418	1457.753930
170.500000	-22.010000	-157.151001	21.180099	-0.017525	36.181875	1463.206558
170.500000	-22.010000	-157.151001	21.430099	-0.973164	36.023982	1469.136269
170.500000	-22.010000	-156.901001	18.930099	6.151817	37.855801	1419.226220
170.500000	-22.010000	-156.901001	19.180099	7.750440	37.691635	1424.408189
170.500000	-22.010000	-156.901001	19.430099	7.171617	37.528154	1429.558340
170.500000	-22.010000	-156.901001	19.680099	5.199078	37.365409	1434.704323
170.500000	-22.010000	-156.901001	19.930099	0.987903	37.203335	1439.901991
170.500000	-22.010000	-156.901001	20.180099	0.658405	37.041979	1445.486806
170.500000	-22.010000	-156.901001	20.430099	0.683021	36.881279	1451.075162
170.500000	-22.010000	-156.901001	20.680099	1.207095	36.721281	1456.663518
170.500000	-22.010000	-156.901001	20.930099	2.529933	36.561923	1462.119355
170.500000	-22.010000	-156.901001	21.180099	0.622242	36.403251	1467.366429
170.500000	-22.010000	-156.901001	21.430099	-1.194387	36.245205	1473.296140
170.500000	-22.010000	-156.651001	18.680099	2.831943	38.241884	1418.892873
170.500000	-22.010000	-156.651001	18.930099	5.123914	38.076924	1424.462338
170.500000	-22.010000	-156.651001	19.180099	6.126876	37.912699	1429.644307
170.500000	-22.010000	-156.651001	19.430099	7.154116	37.749161	1434.819190
170.500000	-22.010000	-156.651001	19.680099	7.637752	37.586340	1439.643926
170.500000	-22.010000	-156.651001	19.930099	2.043991	37.424191	1444.140463
170.500000	-22.010000	-156.651001	20.180099	0.125384	37.262741	1449.863101
170.500000	-22.010000	-156.651001	20.430099	1.149512	37.101950	1455.411867
170.500000	-22.010000	-156.651001	20.680099	1.334240	36.941840	1460.960633
170.500000	-22.010000	-156.651001	20.930099	2.210077	36.782375	1466.449425
170.500000	-22.010000	-156.651001	21.180099	1.249104	36.623574	1471.636670
170.500000	-22.010000	-156.651001	21.430099	-1.162323	36.465406	1477.456011
170.500000	-22.010000	-156.401001	18.430099	-3.863381	38.627645	1417.195422
170.500000	-22.010000	-156.401001	18.680099	-2.338078	38.461968	1423.807739
170.500000	-22.010000	-156.401001	18.930099	1.353160	38.296974	1429.322784
170.500000	-22.010000	-156.401001	19.180099	2.477105	38.132715	1434.423519
170.500000	-22.010000	-156.401001	19.430099	3.902891	37.969124	1439.524254
170.500000	-22.010000	-156.401001	19.680099	7.123406	37.806251	1444.098796
170.500000	-22.010000	-156.401001	19.930099	3.050292	37.644031	1448.316501
170.500000	-22.010000	-156.401001	20.180099	-1.310688	37.482513	1454.100744
170.500000	-22.010000	-156.401001	20.430099	0.177318	37.321633	1459.824210
170.500000	-22.010000	-156.401001	20.680099	1.734602	37.161438	1465.372976
170.500000	-22.010000	-156.401001	20.930099	2.307808	37.001867	1470.762311
170.500000	-22.010000	-156.401001	21.180099	1.482453	36.842966	1475.926397
170.500000	-22.010000	-156.151001	18.430099	-4.428205	38.846546	1421.784989
170.500000	-22.010000	-156.151001	18.680099	-4.714913	38.680861	1427.744046
170.500000	-22.010000	-156.151001	18.930099	-2.662007	38.515855	1433.260131
170.500000	-22.010000	-156.151001	19.180099	-0.556508	38.351569	1438.391058
170.500000	-22.010000	-156.151001	19.430099	0.178707	38.187948	1443.491793
170.500000	-22.010000	-156.151001	19.680099	3.890524	38.025029	1448.414612
170.500000	-22.010000	-156.151001	19.930099	4.137880	37.862763	1452.741771
170.500000	-22.010000	-156.151001	20.180099	-1.278877	37.701181	1458.276783
170.500000	-22.010000	-156.151001	20.430099	-1.373061	37.540237	1464.061026
170.500000	-22.010000	-156.151001	20.680099	0.763311	37.379961	1469.785319
170.500000	-22.010000	-156.151001	20.930099	2.467033	37.220311	1475.090276
170.500000	-22.010000	-156.151001	21.180099	1.699949	37.061311	1480.216125
170.500000	-22.010000	-155.901001	18.180099	-4.727335	39.230762	1419.762238
170.500000	-22.010000	-155.901001	18.430099	-5.441059	39.064354	1425.809134
170.500000	-22.010000	-155.901001	18.680099	-4.930727	38.898680	1431.537902
170.500000	-22.010000	-155.901001	18.930099	-3.959012	38.733670	1437.016873
170.500000	-22.010000	-155.901001	19.180099	-1.595387	38.569378	1442.358596
170.500000	-22.010000	-155.901001	19.430099	-0.096618	38.405735	1447.459331
170.500000	-22.010000	-155.901001	19.680099	1.080466	38.242792	1452.402861
170.500000	-22.010000	-155.901001	19.930099	2.121828	38.080485	1457.196641
170.500000	-22.010000	-155.901001	20.180099	-0.729886	37.918862	1462.452822
170.500000	-22.010000	-155.901001	20.430099	-1.810294	37.757860	1468.237065
170.500000	-22.010000	-155.901001	20.680099	-0.420484	37.597526	1474.034471
170.500000	-22.010000	-155.901001	20.930099	2.167568	37.437799	1479.418241
170.500000	-22.010000	-155.901001	21.180099	2.039803	37.278726	1484.505852
170.500000	-22.010000	-155.651001	18.180099	-5.753770	39.447344	1423.874222
170.500000	-22.010000	-155.651001	18.430099	-5.593103	39.280970	1429.615624
170.500000	-22.010000	-155.651001	18.680099	-5.160080	39.115318	1435.294644
170.500000	-22.010000	-155.651001	18.930099	-4.513234	38.950324	1440.773614
170.500000	-22.010000	-155.651001	19.180099	-3.101681	38.786034	1446.252585
170.500000	-22.010000	-155.651001	19.430099	-0.573316	38.622389	1451.426870
170.500000	-22.010000	-155.651001	19.680099	0.659452	38.459431	1456.391110
170.500000	-22.010000	-155.651001	19.930099	0.313452	38.297104	1461.235342
170.500000	-22.010000	-155.651001	20.180099	-1.047344	38.135447	1466.653574
170.500000	-22.010000	-155.651001	20.430099	-1.920393	37.974409	1472.459404
170.500000	-22.010000	-155.651001	20.680099	-0.976202	37.814023	1478.265235
170.500000	-22.010000	-155.651001	20.930099	1.753636	37.654244	1483.754608
170.500000	-22.010000	-155.651001	21.180099	2.432571	37.495101	1488.830185
170.500000	-22.010000	-155.401001	17.930099	-6.039311	39.829818	1421.939311
170.500000	-22.010000	-155.401001	18.180099	-6.118862	39.662829	1427.680713
170.500000	-22.010000	-155.401001	18.430099	-5.693095	39.496501	1433.422115
170.500000	-22.010000	-155.401001	18.680099	-5.256932	39.330887	1439.051385
170.500000	-22.010000	-155.401001	18.930099	-4.728830	39.165920	1444.530356
170.500000	-22.010000	-155.401001	19.180099	-4.334259	39.001651	1450.009326
170.500000	-22.010000	-155.401001	19.430099	-1.824664	38.838013	1455.394408
170.500000	-22.010000	-155.401001	19.680099	-0.091153	38.675058	1460.379359
170.500000	-22.010000	-155.401001	19.930099	0.306559	38.512720	1465.392154
170.500000	-22.010000	-155.401001	20.180099	-1.033675	38.351049	1470.937850
170.500000	-22.010000	-155.401001	20.430099	-1.899447	38.189981	1476.690167
170.500000	-22.010000	-155.401001	20.680099	-1.466121	38.029566	1482.495998
170.500000	-22.010000	-155.401001	20.930099	1.299720	37.869739	1488.098822
170.500000	-22.010000	-155.401001	21.180099	2.742230	37.710550	1493.160666
170.500000	-22.010000	-155.151001	17.930099	-6.500066	40.044034	1425.745801
170.500000	-22.010000	-155.151001	18.180099	-6.333148	39.877116	1431.487203
170.500000	-22.010000	-155.151001	18.430099	-5.791204	39.710849	1437.228605
170.500000	-22.010000	-155.151001	18.680099	-5.351882	39.545286	1442.808126
170.500000	-22.010000	-155.151001	18.930099	-4.943272	39.380362	1448.287097
170.500000	-22.010000	-155.151001	19.180099	-4.779035	39.216124	1453.766068
170.500000	-22.010000	-155.151001	19.430099	-3.284301	39.052512	1459.245039
170.500000	-22.010000	-155.151001	19.680099	-0.662802	38.889570	1464.367608
170.500000	-22.010000	-155.151001	19.930099	-0.202199	38.727240	1469.730438
170.500000	-22.010000	-155.151001	20.180099	-0.907569	38.565563	1475.265769
170.500000	-22.010000	-155.151001	20.430099	-1.570520	38.404487	1480.946768
170.500000	-22.010000	-155.151001	20.680099	-1.890097	38.244048	1486.726761
170.500000	-22.010000	-155.151001	20.930099	0.711616	38.084196	1492.443037
170.500000	-22.010000	-155.151001	21.180099	2.702720	37.924965	1497.504880
170.500000	-22.010000	-154.901001	17.680099	-6.880724	40.424692	1423.810889
170.500000	-22.010000	-154.901001	17.930099	-6.713178	40.257146	1429.552291
170.500000	-22.010000	-154.901001	18.180099	-6.546344	40.090312	1435.293693
170.500000	-22.010000	-154.901001	18.430099	-5.887530	39.924119	1441.035095
170.500000	-22.010000	-154.901001	18.680099	-5.445031	39.758623	1446.564868
170.500000	-22.010000	-154.901001	18.930099	-4.659241	39.593753	1452.043839
170.500000	-22.010000	-154.901001	19.180099	-3.733712	39.429563	1457.522809
170.500000	-22.010000	-154.901001	19.430099	-3.324685	39.265987	1463.031543
170.500000	-22.010000	-154.901001	19.680099	-1.624332	39.103075	1468.638490
170.500000	-22.010000	-154.901001	19.930099	-0.723120	38.940762	1474.068722
170.500000	-22.010000	-154.901001	20.180099	-1.095480	38.779099	1479.593688
170.500000	-22.010000	-154.901001	20.430099	-1.321488	38.618021	1485.274687
170.500000	-22.010000	-154.901001	20.680099	-1.778567	38.457578	1490.957525
170.500000	-22.010000	-154.901001	20.930099	-0.161891	38.297708	1496.763355
170.500000	-22.010000	-154.901001	21.180099	2.443085	38.138457	1501.849095
170.500000	-22.010000	-154.651001	17.680099	-5.573265	40.636495	1427.617380
170.500000	-22.010000	-154.651001	17.930099	-5.691719	40.469055	1433.358782
170.500000	-22.010000	-154.651001	18.180099	-5.811316	40.302321	1439.100183
170.500000	-22.010000	-154.651001	18.430099	-5.261628	40.136216	1444.841585
170.500000	-22.010000	-154.651001	18.680099	-4.171325	39.970799	1450.321609
170.500000	-22.010000	-154.651001	18.930099	-3.782149	39.805999	1455.941280
170.500000	-22.010000	-154.651001	19.180099	-3.017236	39.641869	1461.660328
170.500000	-22.010000	-154.651001	19.430099	-2.325734	39.478344	1467.303667
170.500000	-22.010000	-154.651001	19.680099	-2.167398	39.315474	1472.830230
170.500000	-22.010000	-154.651001	19.930099	-2.092291	39.153195	1478.356792
170.500000	-22.010000	-154.651001	20.180099	-3.024089	38.991555	1483.921606
170.500000	-22.010000	-154.651001	20.430099	-3.051543	38.830495	1489.602606
170.500000	-22.010000	-154.651001	20.680099	-2.624488	38.670057	1495.283606
170.500000	-22.010000	-154.651001	20.930099	-1.240797	38.510187	1500.994119
170.500000	-22.010000	-154.401001	17.680099	-3.999639	40.847186	1431.869676
170.500000	-22.010000	-154.401001	17.930099	-3.748500	40.679870	1437.526314
170.500000	-22.010000	-154.401001	18.180099	-3.856769	40.513245	1443.182952
170.500000	-22.010000	-154.401001	18.430099	-3.988089	40.347243	1448.855873
170.500000	-22.010000	-154.401001	18.680099	-3.243577	40.181918	1454.570065
170.500000	-22.010000	-154.401001	18.930099	-2.687953	40.017201	1460.289113
170.500000	-22.010000	-154.401001	19.180099	-2.715480	39.853146	1465.968845
170.500000	-22.010000	-154.401001	19.430099	-2.732928	39.689685	1471.495407
170.500000	-22.010000	-154.401001	19.680099	-2.634468	39.526871	1477.012491
170.500000	-22.010000	-154.401001	19.930099	-2.681910	39.364638	1482.445173
170.500000	-22.010000	-154.401001	20.180099	-4.092780	39.203036	1487.754497
170.500000	-22.010000	-154.401001	20.430099	-5.966549	39.042003	1493.462876
170.500000	-22.010000	-154.401001	20.680099	-5.618522	38.881587	1499.247793
170.500000	-22.010000	-154.401001	20.930099	-2.285785	38.721727	1505.032711
170.500000	-22.010000	-154.151001	17.680099	-4.732120	41.056676	1436.131802
170.500000	-22.010000	-154.151001	17.930099	-4.119527	40.889492	1441.862719
170.500000	-22.010000	-154.151001	18.180099	-3.694055	40.722995	1447.531597
170.500000	-22.010000	-154.151001	18.430099	-3.478143	40.557106	1453.224366
170.500000	-22.010000	-154.151001	18.680099	-3.391997	40.391888	1458.917898
170.500000	-22.010000	-154.151001	18.930099	-3.239332	40.227267	1464.634022
170.500000	-22.010000	-154.151001	19.180099	-3.160284	40.063299	1470.147168
170.500000	-22.010000	-154.151001	19.430099	-3.092662	39.899916	1475.612591
170.500000	-22.010000	-154.151001	19.680099	-3.242050	39.737171	1481.049276
170.500000	-22.010000	-154.151001	19.930099	-3.181599	39.574998	1486.358600
170.500000	-22.010000	-154.151001	20.180099	-3.303483	39.413447	1491.667925
170.500000	-22.010000	-154.151001	20.430099	-5.711970	39.252458	1497.087977
170.500000	-22.010000	-154.151001	20.680099	-7.018883	39.092074	1502.872894
170.500000	-22.010000	-154.151001	20.930099	-3.617510	38.932240	1508.657812
170.500000	-22.010000	-153.901001	17.680099	-5.530012	41.265061	1440.327036
170.500000	-22.010000	-153.901001	17.930099	-5.285081	41.098028	1446.045133
170.500000	-22.010000	-153.901001	18.180099	-4.961311	40.931666	1451.753567
170.500000	-22.010000	-153.901001	18.430099	-4.740406	40.765908	1457.460696
170.500000	-22.010000	-153.901001	18.680099	-4.223426	40.600808	1463.167824
170.500000	-22.010000	-153.901001	18.930099	-3.916200	40.436297	1468.747268
170.500000	-22.010000	-153.901001	19.180099	-3.636143	40.272429	1474.212691
170.500000	-22.010000	-153.901001	19.430099	-3.610430	40.109138	1479.653379
170.500000	-22.010000	-153.901001	19.680099	-3.553075	39.946474	1484.962704
170.500000	-22.010000	-153.901001	19.930099	-3.390975	39.784374	1490.272028
170.500000	-22.010000	-153.901001	20.180099	-3.229489	39.622888	1495.581352
170.500000	-22.010000	-153.901001	20.430099	-4.208435	39.461953	1500.890676
170.500000	-22.010000	-153.901001	20.680099	-6.828288	39.301616	1506.497995
170.500000	-22.010000	-153.651001	17.680099	-4.761619	41.472258	1444.398971
170.500000	-22.010000	-153.651001	17.930099	-5.087196	41.305381	1450.107719
170.500000	-22.010000	-153.651001	18.180099	-5.323954	41.139175	1455.816467
170.500000	-22.010000	-153.651001	18.430099	-5.525675	40.973556	1461.525073
170.500000	-22.010000	-153.651001	18.680099	-5.049456	40.808590	1467.232202
170.500000	-22.010000	-153.651001	18.930099	-4.292105	40.644200	1472.812791
170.500000	-22.010000	-153.651001	19.180099	-3.978155	40.480447	1478.257483
170.500000	-22.010000	-153.651001	19.430099	-3.923859	40.317258	1483.566807
170.500000	-22.010000	-153.651001	19.680099	-3.761292	40.154691	1488.876131
170.500000	-22.010000	-153.651001	19.930099	-3.599277	39.992676	1494.185455
170.500000	-22.010000	-153.651001	20.180099	-3.437868	39.831267	1499.494779
170.500000	-22.010000	-153.651001	20.430099	-3.301905	39.670400	1504.804103
170.500000	-22.010000	-153.651001	20.680099	-5.301414	39.510124	1510.123096
170.500000	-22.010000	-153.401001	17.930099	-3.222024	41.511658	1454.407044
170.500000	-22.010000	-153.401001	18.180099	-3.470999	41.345612	1459.992634
170.500000	-22.010000	-153.401001	18.430099	-4.003071	41.180151	1465.587802
170.500000	-22.010000	-153.401001	18.680099	-4.157991	41.015327	1471.296550
170.500000	-22.010000	-153.401001	18.930099	-3.600980	40.851075	1476.861586
170.500000	-22.010000	-153.401001	19.180099	-3.239179	40.687446	1482.170910
170.500000	-22.010000	-153.401001	19.430099	-3.079385	40.524376	1487.480234
170.500000	-22.010000	-153.401001	19.680099	-2.920200	40.361915	1492.789558
170.500000	-22.010000	-153.401001	19.930099	-2.761562	40.200001	1498.098882
170.500000	-22.010000	-153.401001	20.180099	-2.603519	40.038681	1503.408206
170.500000	-22.010000	-153.401001	20.430099	-2.446010	39.877895	1508.717530
170.500000	-22.010000	-153.151001	18.180099	-2.571100	41.550899	1464.512497
170.500000	-22.010000	-153.151001	18.430099	-2.435497	41.385600	1470.098087
170.500000	-22.010000	-153.151001	18.680099	-2.181595	41.220938	1475.683678
170.500000	-22.010000	-153.151001	18.930099	-2.076151	41.056831	1481.081875
170.500000	-22.010000	-153.151001	19.180099	-1.679498	40.893344	1486.390236
170.500000	-22.010000	-153.151001	19.430099	-1.519676	40.730401	1491.698597
170.500000	-22.010000	-153.151001	19.680099	-1.360459	40.568063	1497.006957
170.500000	-22.010000	-153.151001	19.930099	-1.201775	40.406258	1502.315318
170.500000	-22.010000	-152.901001	18.180099	-2.775323	41.755121	1469.032359
170.500000	-22.010000	-152.901001	18.430099	-2.610209	41.590007	1474.617950
170.500000	-22.010000	-152.901001	18.680099	-1.970190	41.425511	1480.203540
170.500000	-22.010000	-152.901001	18.930099	-1.364582	41.261568	1485.525609
170.500000	-22.010000	-152.901001	19.180099	-1.164861	41.098229	1490.833970
170.500000	-22.010000	-152.901001	19.430099	-1.002063	40.935432	1496.142331
170.500000	-22.010000	-152.651001	18.430099	-2.656396	41.793278	1479.137812
170.500000	-22.010000	-152.651001	18.680099	-2.216161	41.628969	1484.660982
170.500000	-22.010000	-152.651001	18.930099	-1.531827	41.465195	1489.969343
