-138.910000	-57.570000	-158.651001	21.430099	5.139045	350.140159	2207.684890
-138.910000	-57.570000	-158.401001	21.180099	5.265321	350.237293	2200.415689
-138.910000	-57.570000	-158.401001	21.430099	4.043440	350.260635	2207.031599
-138.910000	-57.570000	-158.151001	20.680099	7.951574	350.311920	2186.189660
-138.910000	-57.570000	-158.151001	20.930099	5.389459	350.335087	2193.146488
-138.910000	-57.570000	-158.151001	21.180099	4.002377	350.358203	2199.762398
-138.910000	-57.570000	-158.151001	21.430099	3.735105	350.381305	2206.378307
-138.910000	-57.570000	-157.901001	20.430099	8.056493	350.410546	2178.871433
-138.910000	-57.570000	-157.901001	20.680099	5.511523	350.433486	2185.877287
-138.910000	-57.570000	-157.901001	20.930099	3.904188	350.456391	2192.493196
-138.910000	-57.570000	-157.901001	21.180099	3.881314	350.479265	2199.109106
-138.910000	-57.570000	-157.901001	21.430099	3.129425	350.502107	2205.725016
-138.910000	-57.570000	-157.651001	19.930099	7.844190	350.487076	2164.351838
-138.910000	-57.570000	-157.651001	20.180099	7.259739	350.509821	2171.553205
-138.910000	-57.570000	-157.651001	20.430099	6.116526	350.532551	2178.608086
-138.910000	-57.570000	-157.651001	20.680099	3.805352	350.555227	2185.223995
-138.910000	-57.570000	-157.651001	20.930099	3.782690	350.577889	2191.839905
-138.910000	-57.570000	-157.651001	21.180099	3.733879	350.600500	2198.455814
-138.910000	-57.570000	-157.401001	19.680099	6.456430	350.587193	2156.978790
-138.910000	-57.570000	-157.401001	19.930099	5.887531	350.609727	2164.049102
-138.910000	-57.570000	-157.401001	20.180099	4.924304	350.632227	2171.114811
-138.910000	-57.570000	-157.401001	20.430099	4.298443	350.654690	2178.070989
-138.910000	-57.570000	-157.401001	20.680099	4.586527	350.677121	2184.570704
-138.910000	-57.570000	-157.401001	20.930099	3.661061	350.699518	2191.186613
-138.910000	-57.570000	-157.401001	21.180099	3.426847	350.721884	2197.802523
-138.910000	-57.570000	-157.151001	19.430099	5.070016	350.687984	2149.345938
-138.910000	-57.570000	-157.151001	19.680099	4.740637	350.710288	2156.416251
-138.910000	-57.570000	-157.151001	19.930099	4.413367	350.732575	2163.486563
-138.910000	-57.570000	-157.151001	20.180099	3.904741	350.754807	2170.463578
-138.910000	-57.570000	-157.151001	20.430099	3.781793	350.777023	2177.419756
-138.910000	-57.570000	-157.151001	20.680099	5.509574	350.799187	2184.137317
-138.910000	-57.570000	-157.151001	20.930099	4.174696	350.821337	2190.533322
-138.910000	-57.570000	-157.151001	21.180099	3.107115	350.843436	2197.149231
-138.910000	-57.570000	-156.901001	19.180099	4.172107	350.789396	2141.693098
-138.910000	-57.570000	-156.901001	19.430099	4.645834	350.811486	2148.783399
-138.910000	-57.570000	-156.901001	19.680099	4.423991	350.833541	2155.853711
-138.910000	-57.570000	-156.901001	19.930099	3.898471	350.855557	2162.856167
-138.910000	-57.570000	-156.901001	20.180099	3.774055	350.877540	2169.812345
-138.910000	-57.570000	-156.901001	20.430099	3.752108	350.899487	2176.768523
-138.910000	-57.570000	-156.901001	20.680099	4.498049	350.921402	2183.724701
-138.910000	-57.570000	-156.901001	20.930099	5.612563	350.943283	2190.047310
-138.910000	-57.570000	-156.901001	21.180099	0.708789	350.965133	2196.495940
-138.910000	-57.570000	-156.651001	18.930099	3.292940	350.891489	2133.768998
-138.910000	-57.570000	-156.651001	19.180099	3.337345	350.913346	2141.011926
-138.910000	-57.570000	-156.651001	19.430099	3.692651	350.935185	2148.220860
-138.910000	-57.570000	-156.651001	19.680099	2.420956	350.956967	2155.248756
-138.910000	-57.570000	-156.651001	19.930099	1.742197	350.978733	2162.204934
-138.910000	-57.570000	-156.651001	20.180099	1.399109	351.000444	2169.161112
-138.910000	-57.570000	-156.651001	20.430099	1.056516	351.022141	2176.117290
-138.910000	-57.570000	-156.651001	20.680099	0.556730	351.043784	2183.073468
-138.910000	-57.570000	-156.651001	20.930099	-0.042975	351.065415	2189.764693
-138.910000	-57.570000	-156.651001	21.180099	-2.140053	351.086995	2195.430944
-138.910000	-57.570000	-156.401001	18.680099	2.489412	350.994209	2126.038609
-138.910000	-57.570000	-156.401001	18.930099	2.173084	351.015849	2133.011602
-138.910000	-57.570000	-156.401001	19.180099	2.196156	351.037453	2140.238048
-138.910000	-57.570000	-156.401001	19.430099	1.004932	351.059018	2147.444601
-138.910000	-57.570000	-156.401001	19.680099	-0.196562	351.080547	2154.230238
-138.910000	-57.570000	-156.401001	19.930099	-0.863131	351.102039	2161.079119
-138.910000	-57.570000	-156.401001	20.180099	-1.574025	351.123498	2167.955930
-138.910000	-57.570000	-156.401001	20.430099	-2.228141	351.144921	2174.832741
-138.910000	-57.570000	-156.401001	20.680099	-2.978312	351.166313	2181.709553
-138.910000	-57.570000	-156.401001	20.930099	-3.828293	351.187671	2188.095040
-138.910000	-57.570000	-156.401001	21.180099	-1.747635	351.208999	2194.357008
-138.910000	-57.570000	-156.151001	18.680099	2.774454	351.119021	2125.326210
-138.910000	-57.570000	-156.151001	18.930099	1.978575	351.140407	2132.073035
-138.910000	-57.570000	-156.151001	19.180099	1.086247	351.161734	2139.299481
-138.910000	-57.570000	-156.151001	19.430099	-0.868045	351.183043	2146.270309
-138.910000	-57.570000	-156.151001	19.680099	-1.000395	351.204297	2153.060951
-138.910000	-57.570000	-156.151001	19.930099	-1.270600	351.225535	2159.843693
-138.910000	-57.570000	-156.151001	20.180099	-1.673209	351.246718	2166.624311
-138.910000	-57.570000	-156.151001	20.430099	-2.012137	351.267887	2173.423119
-138.910000	-57.570000	-156.151001	20.680099	-2.022384	351.289004	2180.299931
-138.910000	-57.570000	-156.151001	20.930099	-0.607861	351.310109	2186.928235
-138.910000	-57.570000	-155.901001	18.430099	2.073175	351.222843	2117.861518
-138.910000	-57.570000	-155.901001	18.680099	2.111002	351.243990	2124.598775
-138.910000	-57.570000	-155.901001	18.930099	2.124119	351.265096	2131.325347
-138.910000	-57.570000	-155.901001	19.180099	0.717261	351.286167	2138.305374
-138.910000	-57.570000	-155.901001	19.430099	-0.291050	351.307198	2145.096017
-138.910000	-57.570000	-155.901001	19.680099	-0.446085	351.328195	2151.886660
-138.910000	-57.570000	-155.901001	19.930099	-0.574700	351.349156	2158.676531
-138.910000	-57.570000	-155.901001	20.180099	0.119878	351.370083	2165.457148
-138.910000	-57.570000	-155.901001	20.430099	0.820521	351.390976	2172.237766
-138.910000	-57.570000	-155.901001	20.680099	-0.094302	351.411837	2179.149585
-138.910000	-57.570000	-155.901001	20.930099	0.214481	351.432665	2185.969491
-138.910000	-57.570000	-155.651001	18.180099	1.228864	351.327339	2110.303992
-138.910000	-57.570000	-155.651001	18.430099	1.083116	351.348265	2117.030832
-138.910000	-57.570000	-155.651001	18.680099	1.018663	351.369131	2123.757673
-138.910000	-57.570000	-155.651001	18.930099	1.083875	351.389979	2130.484513
-138.910000	-57.570000	-155.651001	19.180099	1.152615	351.410769	2137.364980
-138.910000	-57.570000	-155.651001	19.430099	1.646474	351.431543	2144.123168
-138.910000	-57.570000	-155.651001	19.680099	1.490220	351.452260	2150.881356
-138.910000	-57.570000	-155.651001	19.930099	1.789975	351.472963	2157.639544
-138.910000	-57.570000	-155.651001	20.180099	2.326876	351.493611	2164.595141
-138.910000	-57.570000	-155.651001	20.430099	1.638249	351.514247	2171.550288
-138.910000	-57.570000	-155.651001	20.680099	0.459071	351.534829	2178.202982
-138.910000	-57.570000	-155.651001	20.930099	0.010679	351.555401	2185.010747
-138.910000	-57.570000	-155.401001	18.180099	0.578328	351.453176	2109.358014
-138.910000	-57.570000	-155.401001	18.430099	0.454099	351.473819	2116.073913
-138.910000	-57.570000	-155.401001	18.680099	0.409349	351.494424	2122.800753
-138.910000	-57.570000	-155.401001	18.930099	0.691570	351.514990	2129.527594
-138.910000	-57.570000	-155.401001	19.180099	1.489285	351.535520	2136.525159
-138.910000	-57.570000	-155.401001	19.430099	2.574197	351.556011	2143.455094
-138.910000	-57.570000	-155.401001	19.680099	2.813034	351.576469	2150.213282
-138.910000	-57.570000	-155.401001	19.930099	3.047529	351.596891	2157.056538
-138.910000	-57.570000	-155.401001	20.180099	1.685518	351.617281	2163.950991
-138.910000	-57.570000	-155.401001	20.430099	0.264187	351.637636	2170.603685
-138.910000	-57.570000	-155.401001	20.680099	0.328807	351.657960	2177.256379
-138.910000	-57.570000	-155.401001	20.930099	-0.194815	351.678251	2184.052003
-138.910000	-57.570000	-155.151001	17.930099	0.522099	351.558786	2101.728288
-138.910000	-57.570000	-155.151001	18.180099	0.501700	351.579185	2108.426309
-138.910000	-57.570000	-155.151001	18.430099	0.418952	351.599565	2115.124329
-138.910000	-57.570000	-155.151001	18.680099	0.316075	351.619886	2121.843834
-138.910000	-57.570000	-155.151001	18.930099	0.996143	351.640189	2128.606104
-138.910000	-57.570000	-155.151001	19.180099	1.356319	351.660435	2135.661018
-138.910000	-57.570000	-155.151001	19.430099	1.938015	351.680666	2142.715932
-138.910000	-57.570000	-155.151001	19.680099	2.184027	351.700840	2149.545207
-138.910000	-57.570000	-155.151001	19.930099	1.283749	351.721001	2156.351693
-138.910000	-57.570000	-155.151001	20.180099	0.160715	351.741108	2163.004388
-138.910000	-57.570000	-155.151001	20.430099	0.140620	351.761203	2169.657082
-138.910000	-57.570000	-155.151001	20.680099	0.198375	351.781245	2176.309777
-138.910000	-57.570000	-155.151001	20.930099	-0.402107	351.801277	2183.093259
-138.910000	-57.570000	-154.901001	17.680099	0.687910	351.665037	2094.098563
-138.910000	-57.570000	-154.901001	17.930099	0.728706	351.685210	2100.796583
-138.910000	-57.570000	-154.901001	18.180099	0.769558	351.705344	2107.494604
-138.910000	-57.570000	-154.901001	18.430099	0.810467	351.725438	2114.192624
-138.910000	-57.570000	-154.901001	18.680099	0.916511	351.745495	2120.890645
-138.910000	-57.570000	-154.901001	18.930099	2.004121	351.765512	2127.741964
-138.910000	-57.570000	-154.901001	19.180099	2.374617	351.785495	2134.796877
-138.910000	-57.570000	-154.901001	19.430099	2.354786	351.805440	2141.902316
-138.910000	-57.570000	-154.901001	19.680099	0.976084	351.825352	2148.752396
-138.910000	-57.570000	-154.901001	19.930099	0.056594	351.845228	2155.405091
-138.910000	-57.570000	-154.901001	20.180099	0.036749	351.865073	2162.057785
-138.910000	-57.570000	-154.901001	20.430099	0.016939	351.884884	2168.710480
-138.910000	-57.570000	-154.901001	20.680099	0.067796	351.904664	2175.363174
-138.910000	-57.570000	-154.651001	17.680099	1.509907	351.791920	2093.231656
-138.910000	-57.570000	-154.651001	17.930099	1.551091	351.811826	2099.944186
-138.910000	-57.570000	-154.651001	18.180099	1.592351	351.831672	2106.656716
-138.910000	-57.570000	-154.651001	18.430099	1.749081	351.851499	2113.369247
-138.910000	-57.570000	-154.651001	18.680099	2.463907	351.871268	2120.098991
-138.910000	-57.570000	-154.651001	18.930099	3.163561	351.891020	2127.087946
-138.910000	-57.570000	-154.651001	19.180099	3.459978	351.910715	2134.212701
-138.910000	-57.570000	-154.651001	19.430099	1.665181	351.930396	2141.288593
-138.910000	-57.570000	-154.651001	19.680099	0.172997	351.950021	2147.839754
-138.910000	-57.570000	-154.651001	19.930099	0.006841	351.969633	2154.458488
-138.910000	-57.570000	-154.651001	20.180099	-0.087369	351.989192	2161.111182
-138.910000	-57.570000	-154.651001	20.430099	-0.106917	352.008739	2167.763877
-138.910000	-57.570000	-154.651001	20.680099	-0.062946	352.028234	2174.416571
-138.910000	-57.570000	-154.401001	17.680099	3.021675	351.918953	2092.521915
-138.910000	-57.570000	-154.401001	17.930099	2.025758	351.938568	2099.234445
-138.910000	-57.570000	-154.401001	18.180099	2.159593	351.958145	2105.946975
-138.910000	-57.570000	-154.401001	18.430099	2.750001	351.977683	2112.684969
-138.910000	-57.570000	-154.401001	18.680099	3.299563	351.997184	2119.529842
-138.910000	-57.570000	-154.401001	18.930099	3.388955	352.016647	2126.520721
-138.910000	-57.570000	-154.401001	19.180099	2.118971	352.036075	2133.647010
-138.910000	-57.570000	-154.401001	19.430099	0.093152	352.055468	2140.372732
-138.910000	-57.570000	-154.401001	19.680099	0.056988	352.074827	2146.930315
-138.910000	-57.570000	-154.401001	19.930099	0.017891	352.094151	2153.534356
-138.910000	-57.570000	-154.401001	20.180099	-0.178709	352.113444	2160.164580
-138.910000	-57.570000	-154.401001	20.430099	-0.230882	352.132704	2166.817274
-138.910000	-57.570000	-154.401001	20.680099	-0.193831	352.151935	2173.469968
-138.910000	-57.570000	-154.151001	17.680099	4.785145	352.046152	2092.057269
-138.910000	-57.570000	-154.151001	17.930099	1.955145	352.065497	2098.524704
-138.910000	-57.570000	-154.151001	18.180099	1.179866	352.084782	2105.270948
-138.910000	-57.570000	-154.151001	18.430099	1.796244	352.104050	2112.115821
-138.910000	-57.570000	-154.151001	18.680099	1.986230	352.123259	2118.960694
-138.910000	-57.570000	-154.151001	18.930099	1.767692	352.142454	2125.953495
-138.910000	-57.570000	-154.151001	19.180099	0.102138	352.161592	2132.794684
-138.910000	-57.570000	-154.151001	19.430099	-0.065575	352.180716	2139.456870
-138.910000	-57.570000	-154.151001	19.680099	-0.064180	352.199785	2146.020876
-138.910000	-57.570000	-154.151001	19.930099	-0.059696	352.218842	2152.624917
-138.910000	-57.570000	-154.151001	20.180099	-0.167806	352.237846	2159.228958
-138.910000	-57.570000	-154.151001	20.430099	-0.361617	352.256839	2165.870671
-138.910000	-57.570000	-154.151001	20.680099	-0.324875	352.275781	2172.523366
-138.910000	-57.570000	-153.901001	17.680099	2.463332	352.173496	2091.813344
-138.910000	-57.570000	-153.901001	17.930099	0.338244	352.192546	2097.850444
-138.910000	-57.570000	-153.901001	18.180099	-0.341080	352.211560	2104.341883
-138.910000	-57.570000	-153.901001	18.430099	-1.354594	352.230535	2111.222029
-138.910000	-57.570000	-153.901001	18.680099	-1.190380	352.249474	2118.102174
-138.910000	-57.570000	-153.901001	18.930099	-1.479504	352.268376	2125.044771
-138.910000	-57.570000	-153.901001	19.180099	-0.974302	352.287244	2131.812577
-138.910000	-57.570000	-153.901001	19.430099	-0.261977	352.306076	2138.541008
-138.910000	-57.570000	-153.901001	19.680099	-0.185485	352.324876	2145.111437
-138.910000	-57.570000	-153.901001	19.930099	-0.184496	352.343642	2151.715478
-138.910000	-57.570000	-153.901001	20.180099	-0.202934	352.362378	2158.319519
-138.910000	-57.570000	-153.901001	20.430099	-0.352961	352.381081	2164.924069
-138.910000	-57.570000	-153.901001	20.680099	-0.456059	352.399754	2171.576763
-138.910000	-57.570000	-153.651001	17.680099	-0.811706	352.301001	2090.896092
-138.910000	-57.570000	-153.651001	17.930099	-1.040988	352.319779	2096.882139
-138.910000	-57.570000	-153.651001	18.180099	-0.599128	352.338497	2103.360861
-138.910000	-57.570000	-153.651001	18.430099	-1.905518	352.357199	2109.905853
-138.910000	-57.570000	-153.651001	18.680099	-3.129975	352.375843	2116.785998
-138.910000	-57.570000	-153.651001	18.930099	-3.079118	352.394473	2123.730162
-138.910000	-57.570000	-153.651001	19.180099	-2.133986	352.413047	2130.732590
-138.910000	-57.570000	-153.651001	19.430099	-0.595495	352.431609	2137.598274
-138.910000	-57.570000	-153.651001	19.680099	-0.516288	352.450116	2144.201998
-138.910000	-57.570000	-153.651001	19.930099	-0.420143	352.468611	2150.806039
-138.910000	-57.570000	-153.651001	20.180099	-0.327908	352.487054	2157.410080
-138.910000	-57.570000	-153.651001	20.430099	-0.341475	352.505487	2164.014122
-138.910000	-57.570000	-153.651001	20.680099	-0.551076	352.523869	2170.630160
-138.910000	-57.570000	-153.401001	17.930099	-0.054053	352.447128	2095.938344
-138.910000	-57.570000	-153.401001	18.180099	-0.290298	352.465571	2102.451067
-138.910000	-57.570000	-153.401001	18.430099	-0.446632	352.483976	2108.963791
-138.910000	-57.570000	-153.401001	18.680099	-1.746759	352.502347	2115.476514
-138.910000	-57.570000	-153.401001	18.930099	-1.311364	352.520681	2122.413406
-138.910000	-57.570000	-153.401001	19.180099	-0.423035	352.538983	2129.436840
-138.910000	-57.570000	-153.401001	19.430099	-1.115172	352.557249	2136.608702
-138.910000	-57.570000	-153.401001	19.680099	-1.362148	352.575484	2143.239649
-138.910000	-57.570000	-153.401001	19.930099	-1.267366	352.593685	2149.870596
-138.910000	-57.570000	-153.401001	20.180099	-1.189042	352.611856	2156.500642
-138.910000	-57.570000	-153.401001	20.430099	-1.109674	352.629996	2163.104683
-138.910000	-57.570000	-153.151001	18.180099	-0.286805	352.592799	2101.570869
-138.910000	-57.570000	-153.151001	18.430099	-0.207657	352.610929	2108.083902
-138.910000	-57.570000	-153.151001	18.680099	0.032534	352.629001	2114.596936
-138.910000	-57.570000	-153.151001	18.930099	1.261938	352.647061	2121.571313
-138.910000	-57.570000	-153.151001	19.180099	0.653436	352.665065	2128.766856
-138.910000	-57.570000	-153.151001	19.430099	-1.912843	352.683057	2135.521162
-138.910000	-57.570000	-153.151001	19.680099	-2.015136	352.700995	2142.152109
-138.910000	-57.570000	-153.151001	19.930099	-2.033065	352.718923	2148.783056
-138.910000	-57.570000	-152.901001	18.180099	0.132224	352.720160	2100.713466
-138.910000	-57.570000	-152.901001	18.430099	-0.237522	352.737989	2107.226499
-138.910000	-57.570000	-152.901001	18.680099	0.731464	352.755786	2113.739533
-138.910000	-57.570000	-152.901001	18.930099	1.190076	352.773546	2120.901330
-138.910000	-57.570000	-152.901001	19.180099	-1.412605	352.791274	2127.802676
-138.910000	-57.570000	-152.901001	19.430099	-2.123109	352.808968	2134.433623
-138.910000	-57.570000	-152.651001	18.430099	-0.367367	352.865220	2106.369096
-138.910000	-57.570000	-152.651001	18.680099	1.397093	352.882715	2113.035803
-138.910000	-57.570000	-152.651001	18.930099	-0.826972	352.900198	2120.084189
