179.520000	51.150000	-158.651001	21.430099	-6.041148	157.027830	931.130409
179.520000	51.150000	-158.401001	21.180099	-5.856727	156.928772	940.621009
179.520000	51.150000	-158.401001	21.430099	-6.201624	156.819222	934.549226
179.520000	51.150000	-158.151001	20.680099	-4.768162	156.938232	956.289916
179.520000	51.150000	-158.151001	20.930099	-5.673537	156.830872	950.111609
179.520000	51.150000	-158.151001	21.180099	-6.104606	156.722205	944.039826
179.520000	51.150000	-158.151001	21.430099	-5.994593	156.612192	937.968043
179.520000	51.150000	-157.901001	20.430099	-4.586165	156.840553	965.795835
179.520000	51.150000	-157.901001	20.680099	-4.845671	156.734038	959.602208
179.520000	51.150000	-157.901001	20.930099	-4.665726	156.626204	953.530426
179.520000	51.150000	-157.901001	21.180099	-3.849077	156.517091	947.458643
179.520000	51.150000	-157.901001	21.430099	-1.731928	156.406604	941.386860
179.520000	51.150000	-157.651001	19.930099	-3.873360	156.848509	981.556472
179.520000	51.150000	-157.651001	20.180099	-3.539221	156.744031	975.301754
179.520000	51.150000	-157.651001	20.430099	-2.847036	156.638313	969.092808
179.520000	51.150000	-157.651001	20.680099	-1.547446	156.531342	962.842236
179.520000	51.150000	-157.651001	20.930099	-0.694540	156.423078	956.579206
179.520000	51.150000	-157.651001	21.180099	0.146149	156.313509	950.316175
179.520000	51.150000	-157.651001	21.430099	2.056539	156.202593	944.053145
179.520000	51.150000	-157.401001	19.680099	-2.803932	156.752215	991.026501
179.520000	51.150000	-157.401001	19.930099	-2.296315	156.648502	984.685983
179.520000	51.150000	-157.401001	20.180099	-1.537490	156.543611	978.345090
179.520000	51.150000	-157.401001	20.430099	-0.418649	156.437453	971.929035
179.520000	51.150000	-157.401001	20.680099	0.536992	156.330068	965.441680
179.520000	51.150000	-157.401001	20.930099	1.237949	156.221366	959.178650
179.520000	51.150000	-157.401001	21.180099	1.307552	156.111383	952.915619
179.520000	51.150000	-157.401001	21.430099	2.023409	156.000029	946.677480
179.520000	51.150000	-157.151001	19.430099	-2.986199	156.657002	1000.326439
179.520000	51.150000	-157.151001	19.680099	-2.144960	156.554082	993.985921
179.520000	51.150000	-157.151001	19.930099	-1.246107	156.449971	987.645404
179.520000	51.150000	-157.151001	20.180099	-0.726992	156.344656	981.248758
179.520000	51.150000	-157.151001	20.430099	-0.376169	156.238101	974.832703
179.520000	51.150000	-157.151001	20.680099	-0.372864	156.130294	968.289402
179.520000	51.150000	-157.151001	20.930099	1.110556	156.021194	961.778094
179.520000	51.150000	-157.151001	21.180099	1.193667	155.910790	955.515063
179.520000	51.150000	-157.151001	21.430099	1.843021	155.799039	949.467930
179.520000	51.150000	-156.901001	18.930099	-4.299663	156.663787	1016.642333
179.520000	51.150000	-156.901001	19.180099	-4.328162	156.562785	1010.104636
179.520000	51.150000	-156.901001	19.430099	-3.688976	156.460614	1003.600028
179.520000	51.150000	-156.901001	19.680099	-2.745358	156.357311	997.099753
179.520000	51.150000	-156.901001	19.930099	-1.494072	156.252793	990.570336
179.520000	51.150000	-156.901001	20.180099	-0.720265	156.147096	984.152426
179.520000	51.150000	-156.901001	20.430099	-0.539775	156.040134	977.736371
179.520000	51.150000	-156.901001	20.680099	-0.260347	155.931945	971.320316
179.520000	51.150000	-156.901001	20.930099	-0.024458	155.822440	964.566402
179.520000	51.150000	-156.901001	21.180099	0.768563	155.711655	958.114507
179.520000	51.150000	-156.901001	21.430099	2.851288	155.599501	952.258381
179.520000	51.150000	-156.651001	18.680099	-3.251694	156.569890	1026.665525
179.520000	51.150000	-156.651001	18.930099	-3.618500	156.469607	1020.086204
179.520000	51.150000	-156.651001	19.180099	-3.483235	156.368212	1013.548508
179.520000	51.150000	-156.651001	19.430099	-3.092577	156.265672	1007.018181
179.520000	51.150000	-156.651001	19.680099	-2.469735	156.161977	1000.450529
179.520000	51.150000	-156.651001	19.930099	-1.796473	156.057090	993.749351
179.520000	51.150000	-156.651001	20.180099	-1.133545	155.951002	987.117338
179.520000	51.150000	-156.651001	20.430099	-0.568542	155.843673	980.680535
179.520000	51.150000	-156.651001	20.680099	-0.227182	155.735094	974.243732
179.520000	51.150000	-156.651001	20.930099	0.116182	155.625224	967.713579
179.520000	51.150000	-156.651001	21.180099	1.098675	155.514052	960.871797
179.520000	51.150000	-156.651001	21.430099	4.307195	155.401534	954.885692
179.520000	51.150000	-156.401001	18.430099	-1.265950	156.476923	1035.702852
179.520000	51.150000	-156.401001	18.680099	-1.314181	156.377384	1029.695027
179.520000	51.150000	-156.401001	18.930099	-1.882868	156.276722	1023.368780
179.520000	51.150000	-156.401001	19.180099	-1.237231	156.174972	1016.796206
179.520000	51.150000	-156.401001	19.430099	-1.014733	156.072055	1010.224015
179.520000	51.150000	-156.401001	19.680099	-0.775199	155.968006	1003.659853
179.520000	51.150000	-156.401001	19.930099	-0.929717	155.862744	996.998459
179.520000	51.150000	-156.401001	20.180099	-1.108742	155.756303	990.297281
179.520000	51.150000	-156.401001	20.430099	-0.900697	155.648601	983.664339
179.520000	51.150000	-156.401001	20.680099	-0.077393	155.539671	977.227536
179.520000	51.150000	-156.401001	20.930099	1.597636	155.429429	970.592432
179.520000	51.150000	-156.401001	21.180099	1.681594	155.317908	963.662247
179.520000	51.150000	-156.401001	21.430099	5.188479	155.205022	957.444972
179.520000	51.150000	-156.151001	18.430099	-0.715245	156.286158	1038.477461
179.520000	51.150000	-156.151001	18.680099	-0.033611	156.186256	1032.400442
179.520000	51.150000	-156.151001	18.930099	0.040549	156.085252	1026.267985
179.520000	51.150000	-156.151001	19.180099	0.202421	155.983140	1019.695410
179.520000	51.150000	-156.151001	19.430099	0.262814	155.879882	1013.127770
179.520000	51.150000	-156.151001	19.680099	0.361610	155.775472	1006.563608
179.520000	51.150000	-156.151001	19.930099	0.113284	155.669871	999.999447
179.520000	51.150000	-156.151001	20.180099	-0.122588	155.563071	993.435285
179.520000	51.150000	-156.151001	20.430099	0.056930	155.455032	986.845211
179.520000	51.150000	-156.151001	20.680099	1.039481	155.345745	980.211340
179.520000	51.150000	-156.151001	20.930099	2.117674	155.235169	973.464141
179.520000	51.150000	-156.151001	21.180099	2.160985	155.123294	966.452697
179.520000	51.150000	-156.151001	21.430099	5.805181	155.010075	960.004252
179.520000	51.150000	-155.901001	18.180099	-0.678133	156.195852	1047.259896
179.520000	51.150000	-155.901001	18.430099	-0.053166	156.096667	1041.192180
179.520000	51.150000	-155.901001	18.680099	0.194041	155.996435	1035.092106
179.520000	51.150000	-155.901001	18.930099	0.899062	155.895083	1028.992032
179.520000	51.150000	-155.901001	19.180099	0.945425	155.792643	1022.595687
179.520000	51.150000	-155.901001	19.430099	1.512986	155.689039	1016.031525
179.520000	51.150000	-155.901001	19.680099	1.828926	155.584304	1009.467363
179.520000	51.150000	-155.901001	19.930099	2.193517	155.478358	1002.903202
179.520000	51.150000	-155.901001	20.180099	2.598816	155.371235	996.308521
179.520000	51.150000	-155.901001	20.430099	2.722683	155.262854	989.687504
179.520000	51.150000	-155.901001	20.680099	2.450371	155.153247	983.077691
179.520000	51.150000	-155.901001	20.930099	2.894109	155.042332	976.332894
179.520000	51.150000	-155.901001	21.180099	2.646219	154.930139	969.296980
179.520000	51.150000	-155.651001	18.180099	-0.017422	156.008060	1049.983919
179.520000	51.150000	-155.651001	18.430099	0.296401	155.908559	1043.883845
179.520000	51.150000	-155.651001	18.680099	1.377593	155.807993	1037.783771
179.520000	51.150000	-155.651001	18.930099	2.781893	155.706326	1031.625469
179.520000	51.150000	-155.651001	19.180099	3.379001	155.603553	1025.266881
179.520000	51.150000	-155.651001	19.430099	3.479677	155.499637	1018.645863
179.520000	51.150000	-155.651001	19.680099	3.799401	155.394571	1012.024846
179.520000	51.150000	-155.651001	19.930099	4.120928	155.288315	1005.403828
179.520000	51.150000	-155.651001	20.180099	4.074091	155.180864	998.782811
179.520000	51.150000	-155.651001	20.430099	3.440822	155.072176	992.194699
179.520000	51.150000	-155.651001	20.680099	3.175981	154.962245	985.714727
179.520000	51.150000	-155.651001	20.930099	3.390639	154.851025	979.049700
179.520000	51.150000	-155.651001	21.180099	3.706727	154.738513	972.134666
179.520000	51.150000	-155.401001	17.930099	0.017440	155.920297	1058.775658
179.520000	51.150000	-155.401001	18.180099	1.055636	155.821550	1052.675584
179.520000	51.150000	-155.401001	18.430099	2.408172	155.721728	1046.571825
179.520000	51.150000	-155.401001	18.680099	3.733281	155.620859	1040.248682
179.520000	51.150000	-155.401001	18.930099	4.531128	155.518874	1033.925539
179.520000	51.150000	-155.401001	19.180099	4.788885	155.415801	1027.582626
179.520000	51.150000	-155.401001	19.430099	4.222100	155.311568	1021.120152
179.520000	51.150000	-155.401001	19.680099	4.302966	155.206204	1014.499135
179.520000	51.150000	-155.401001	19.930099	4.041721	155.099635	1007.878117
179.520000	51.150000	-155.401001	20.180099	3.406201	154.991890	1001.311706
179.520000	51.150000	-155.401001	20.430099	2.973159	154.882892	994.831734
179.520000	51.150000	-155.401001	20.680099	3.265186	154.772669	988.351763
179.520000	51.150000	-155.401001	20.930099	3.590762	154.661145	981.753079
179.520000	51.150000	-155.401001	21.180099	4.847577	154.548344	974.798309
179.520000	51.150000	-155.151001	17.930099	2.090247	155.735446	1061.467323
179.520000	51.150000	-155.151001	18.180099	3.424713	155.636391	1055.195039
179.520000	51.150000	-155.151001	18.430099	4.474647	155.536278	1048.871896
179.520000	51.150000	-155.151001	18.680099	4.579587	155.435103	1042.548753
179.520000	51.150000	-155.151001	18.930099	4.754072	155.332830	1036.223022
179.520000	51.150000	-155.151001	19.180099	4.905062	155.229454	1029.875921
179.520000	51.150000	-155.151001	19.430099	4.782160	155.124936	1023.528819
179.520000	51.150000	-155.151001	19.680099	4.046135	155.019272	1016.973424
179.520000	51.150000	-155.151001	19.930099	3.370563	154.912421	1010.428714
179.520000	51.150000	-155.151001	20.180099	3.051672	154.804379	1003.948742
179.520000	51.150000	-155.151001	20.430099	3.160949	154.695102	997.468770
179.520000	51.150000	-155.151001	20.680099	3.352017	154.584587	990.988798
179.520000	51.150000	-155.151001	20.930099	3.845480	154.472788	984.456457
179.520000	51.150000	-155.151001	21.180099	5.359610	154.359700	977.424746
179.520000	51.150000	-154.901001	17.680099	3.062499	155.650176	1070.141396
179.520000	51.150000	-154.901001	17.930099	4.196173	155.551848	1063.818253
179.520000	51.150000	-154.901001	18.180099	4.487649	155.452514	1057.495110
179.520000	51.150000	-154.901001	18.430099	4.577117	155.352108	1051.171967
179.520000	51.150000	-154.901001	18.680099	4.653188	155.250657	1044.848823
179.520000	51.150000	-154.901001	18.930099	4.668535	155.148093	1038.516317
179.520000	51.150000	-154.901001	19.180099	4.669509	155.044444	1032.169216
179.520000	51.150000	-154.901001	19.430099	4.596249	154.939639	1025.839984
179.520000	51.150000	-154.901001	19.680099	3.824171	154.833705	1019.510643
179.520000	51.150000	-154.901001	19.930099	3.609092	154.726572	1013.065749
179.520000	51.150000	-154.901001	20.180099	3.548397	154.618263	1006.585777
179.520000	51.150000	-154.901001	20.430099	3.436412	154.508708	1000.105806
179.520000	51.150000	-154.901001	20.680099	3.458120	154.397931	993.625834
179.520000	51.150000	-154.901001	20.930099	4.290025	154.285858	987.145862
179.520000	51.150000	-154.901001	21.180099	5.715962	154.172511	980.051182
179.520000	51.150000	-154.651001	17.680099	4.318596	155.468198	1072.453687
179.520000	51.150000	-154.651001	17.930099	4.406270	155.369602	1066.133280
179.520000	51.150000	-154.651001	18.180099	4.494965	155.269987	1059.812874
179.520000	51.150000	-154.651001	18.430099	4.532797	155.169316	1053.492467
179.520000	51.150000	-154.651001	18.680099	4.370229	155.067587	1047.179100
179.520000	51.150000	-154.651001	18.930099	4.339308	154.964762	1040.884032
179.520000	51.150000	-154.651001	19.180099	4.338361	154.860838	1034.561530
179.520000	51.150000	-154.651001	19.430099	4.227297	154.755775	1028.252630
179.520000	51.150000	-154.651001	19.680099	4.311093	154.649571	1021.964712
179.520000	51.150000	-154.651001	19.930099	4.269340	154.542183	1015.562826
179.520000	51.150000	-154.651001	20.180099	4.182109	154.433608	1009.141099
179.520000	51.150000	-154.651001	20.430099	4.119964	154.323803	1002.719373
179.520000	51.150000	-154.651001	20.680099	4.096136	154.212764	996.262869
179.520000	51.150000	-154.651001	20.930099	5.254810	154.100445	989.782897
179.520000	51.150000	-154.651001	21.180099	6.001427	153.986844	982.677619
179.520000	51.150000	-154.401001	17.680099	4.278601	155.287476	1074.795618
179.520000	51.150000	-154.401001	17.930099	4.479964	155.188611	1068.475211
179.520000	51.150000	-154.401001	18.180099	4.509478	155.088742	1062.154805
179.520000	51.150000	-154.401001	18.430099	4.313815	154.987806	1055.844812
179.520000	51.150000	-154.401001	18.680099	4.206234	154.885827	1049.578527
179.520000	51.150000	-154.401001	18.930099	4.384771	154.782740	1043.283076
179.520000	51.150000	-154.401001	19.180099	4.340366	154.678569	1036.967637
179.520000	51.150000	-154.401001	19.430099	4.320536	154.573248	1030.679719
179.520000	51.150000	-154.401001	19.680099	4.529283	154.466801	1024.391802
179.520000	51.150000	-154.401001	19.930099	4.471930	154.359160	1018.036734
179.520000	51.150000	-154.401001	20.180099	4.680951	154.250347	1011.615008
179.520000	51.150000	-154.401001	20.430099	4.850304	154.140293	1005.193281
179.520000	51.150000	-154.401001	20.680099	6.103444	154.029021	998.771555
179.520000	51.150000	-154.401001	20.930099	7.857123	153.916460	992.264334
179.520000	51.150000	-154.401001	21.180099	7.593146	153.802629	985.304056
179.520000	51.150000	-154.151001	17.930099	4.507300	155.008969	1070.817143
179.520000	51.150000	-154.151001	18.180099	4.337886	154.908846	1064.510524
179.520000	51.150000	-154.151001	18.430099	4.207156	154.807671	1058.244239
179.520000	51.150000	-154.151001	18.680099	4.357224	154.705441	1051.977955
179.520000	51.150000	-154.151001	18.930099	4.390998	154.602118	1045.682644
179.520000	51.150000	-154.151001	19.180099	4.379914	154.497701	1039.394727
179.520000	51.150000	-154.151001	19.430099	4.490411	154.392149	1033.106809
179.520000	51.150000	-154.151001	19.680099	4.633124	154.285460	1026.818891
179.520000	51.150000	-154.151001	19.930099	4.684902	154.177591	1020.510643
179.520000	51.150000	-154.151001	20.180099	5.799510	154.068542	1014.088917
179.520000	51.150000	-154.151001	20.430099	7.447690	153.958266	1007.651931
179.520000	51.150000	-154.151001	20.680099	9.037719	153.846763	1000.934799
179.520000	51.150000	-154.151001	20.930099	9.944336	153.733985	994.217667
179.520000	51.150000	-154.151001	21.180099	9.343520	153.619931	987.500536
179.520000	51.150000	-153.901001	17.930099	4.426450	154.830584	1073.204882
179.520000	51.150000	-153.901001	18.180099	4.236897	154.730233	1066.919072
179.520000	51.150000	-153.901001	18.430099	4.285754	154.628818	1060.651894
179.520000	51.150000	-153.901001	18.680099	4.291266	154.526364	1054.384715
179.520000	51.150000	-153.901001	18.930099	4.358750	154.422807	1048.115059
179.520000	51.150000	-153.901001	19.180099	4.498315	154.318169	1041.825894
179.520000	51.150000	-153.901001	19.430099	4.609036	154.212387	1035.536729
179.520000	51.150000	-153.901001	19.680099	4.720881	154.105482	1029.247564
179.520000	51.150000	-153.901001	19.930099	6.342208	153.997390	1022.958399
179.520000	51.150000	-153.901001	20.180099	8.140060	153.888129	1016.328760
179.520000	51.150000	-153.901001	20.430099	9.414102	153.777635	1009.618609
179.520000	51.150000	-153.901001	20.680099	9.498507	153.665926	1002.908457
179.520000	51.150000	-153.901001	20.930099	9.584200	153.552936	996.198305
179.520000	51.150000	-153.651001	18.180099	4.290697	154.552965	1069.337429
179.520000	51.150000	-153.651001	18.430099	4.236899	154.451336	1063.077183
179.520000	51.150000	-153.651001	18.680099	4.262460	154.348658	1056.836235
179.520000	51.150000	-153.651001	18.930099	4.505184	154.244891	1050.558542
179.520000	51.150000	-153.651001	19.180099	4.627694	154.140035	1044.269377
179.520000	51.150000	-153.651001	19.430099	4.733681	154.034047	1037.980212
179.520000	51.150000	-153.651001	19.680099	6.082766	153.926929	1031.691046
179.520000	51.150000	-153.651001	19.930099	8.409174	153.818636	1025.126174
179.520000	51.150000	-153.651001	20.180099	9.011983	153.709168	1018.416023
179.520000	51.150000	-153.651001	20.430099	9.122672	153.598479	1011.705871
179.520000	51.150000	-153.401001	18.180099	4.272031	154.376978	1071.769810
179.520000	51.150000	-153.401001	18.430099	4.278088	154.275138	1065.528863
179.520000	51.150000	-153.401001	18.680099	4.470486	154.172260	1059.287915
179.520000	51.150000	-153.401001	18.930099	4.694407	154.068286	1053.002024
179.520000	51.150000	-153.401001	19.180099	4.804495	153.963234	1046.712859
179.520000	51.150000	-153.401001	19.430099	5.803969	153.857045	1040.423694
179.520000	51.150000	-153.401001	19.680099	8.142324	153.749737	1033.923588
179.520000	51.150000	-153.401001	19.930099	9.079903	153.641248	1027.213436
179.520000	51.150000	-153.151001	18.430099	4.460609	154.100304	1067.980543
179.520000	51.150000	-153.151001	18.680099	4.690738	153.997230	1061.734672
179.520000	51.150000	-153.151001	18.930099	4.874658	153.893070	1055.445507
179.520000	51.150000	-153.151001	19.180099	5.522547	153.787827	1049.156342
179.520000	51.150000	-153.151001	19.430099	7.872846	153.681459	1042.721002
179.520000	51.150000	-153.151001	19.680099	9.147187	153.573965	1036.010850
179.520000	51.150000	-152.901001	18.430099	4.646949	153.926755	1070.432223
179.520000	51.150000	-152.901001	18.680099	4.890126	153.823504	1064.178154
179.520000	51.150000	-152.901001	18.930099	5.238620	153.719165	1057.888989
179.520000	51.150000	-152.901001	19.180099	7.600794	153.613752	1051.518416
179.520000	51.150000	-152.651001	18.680099	5.100801	153.651144	1066.621637
