-155.772995	19.079000	913.809000
-155.996994	20.771000	883.783000
-156.658005	20.891001	892.807000
-156.755997	21.136000	888.801000
-154.617798	20.088900	872.588000
-155.679398	21.205500	867.197000
-154.691299	17.180099	932.790000
-154.797394	18.803101	902.882000
-155.714996	18.000299	933.502000
-156.808197	18.404200	946.877000
-156.167007	18.301001	936.773000
-156.465103	18.775000	932.854000
-157.227295	18.984800	942.787000
-156.510101	19.477699	919.181000
-156.932007	19.832701	919.155000
-157.627594	20.346100	920.778000
-156.167007	18.301001	936.448000
-157.627594	20.346100	921.278000
