73.470000	34.380000	-159.164993	21.930099	-7.916818	139.438126	2895.213478
73.470000	34.380000	-158.914993	21.680099	-8.289975	139.481105	2904.584134
73.470000	34.380000	-158.914993	21.930099	-6.864302	139.575263	2900.561450
73.470000	34.380000	-158.664993	21.180099	1.384888	139.429441	2918.923841
73.470000	34.380000	-158.664993	21.430099	-6.796800	139.523988	2914.089264
73.470000	34.380000	-158.664993	21.680099	-5.113864	139.618485	2909.752975
73.470000	34.380000	-158.664993	21.930099	10.251781	139.712952	2903.928813
73.470000	34.380000	-158.414993	20.930099	0.530058	139.471819	2928.518493
73.470000	34.380000	-158.414993	21.180099	-6.303094	139.566715	2923.594395
73.470000	34.380000	-158.414993	21.430099	-9.667337	139.661590	2919.258105
73.470000	34.380000	-158.414993	21.680099	-0.590472	139.756395	2914.921816
73.470000	34.380000	-158.414993	21.930099	16.323316	139.851183	2907.296176
73.470000	34.380000	-158.164993	20.680099	0.685590	139.514072	2938.113145
73.470000	34.380000	-158.164993	20.930099	-5.808997	139.609356	2933.099525
73.470000	34.380000	-158.164993	21.180099	-9.710326	139.704580	2928.763236
73.470000	34.380000	-158.164993	21.430099	-9.805505	139.799759	2924.426946
73.470000	34.380000	-158.164993	21.680099	5.747850	139.894882	2920.090657
73.470000	34.380000	-158.164993	21.930099	20.353324	139.989969	2910.663539
73.470000	34.380000	-157.914993	20.180099	3.620308	139.460478	2953.113120
73.470000	34.380000	-157.914993	20.430099	1.175670	139.556211	2947.707797
73.470000	34.380000	-157.914993	20.680099	-4.367201	139.651854	2942.604656
73.470000	34.380000	-157.914993	20.930099	-7.567721	139.747462	2938.268366
73.470000	34.380000	-157.914993	21.180099	-6.280992	139.842986	2933.932077
73.470000	34.380000	-157.914993	21.430099	-2.010979	139.938482	2929.595787
73.470000	34.380000	-157.914993	21.680099	13.918682	140.033902	2924.330748
73.470000	34.380000	-157.664993	19.930099	2.592366	139.502133	2962.707772
73.470000	34.380000	-157.664993	20.180099	1.838387	139.598236	2957.302449
73.470000	34.380000	-157.664993	20.430099	0.071035	139.694274	2952.109786
73.470000	34.380000	-157.664993	20.680099	-0.377202	139.790239	2947.459246
73.470000	34.380000	-157.664993	20.930099	1.553140	139.886146	2942.670846
73.470000	34.380000	-157.664993	21.180099	3.149639	139.981986	2937.882445
73.470000	34.380000	-157.664993	21.430099	6.265947	140.077775	2933.094045
73.470000	34.380000	-157.414993	19.680099	2.200702	139.543648	2972.309639
73.470000	34.380000	-157.414993	19.930099	1.937196	139.640156	2966.935967
73.470000	34.380000	-157.414993	20.180099	2.492847	139.736562	2961.562295
73.470000	34.380000	-157.414993	20.430099	3.455468	139.832919	2956.036169
73.470000	34.380000	-157.414993	20.680099	5.476646	139.929181	2950.691081
73.470000	34.380000	-157.414993	20.930099	5.958008	140.025400	2945.902681
73.470000	34.380000	-157.414993	21.180099	5.720454	140.121530	2941.114280
73.470000	34.380000	-157.414993	21.430099	4.169549	140.217624	2936.376672
73.470000	34.380000	-157.164993	19.430099	0.959163	139.585086	2981.980275
73.470000	34.380000	-157.164993	19.680099	1.272777	139.681973	2976.606603
73.470000	34.380000	-157.164993	19.930099	2.087564	139.778782	2971.232931
73.470000	34.380000	-157.164993	20.180099	2.910911	139.875505	2965.748241
73.470000	34.380000	-157.164993	20.430099	3.531393	139.972157	2960.216367
73.470000	34.380000	-157.164993	20.680099	3.520006	140.068729	2954.448351
73.470000	34.380000	-157.164993	20.930099	5.715586	140.165236	2949.134516
73.470000	34.380000	-157.164993	21.180099	3.573377	140.261669	2944.346115
73.470000	34.380000	-157.164993	21.430099	1.338417	140.358045	2940.291687
73.470000	34.380000	-156.914993	18.930099	-0.565198	139.529025	2997.168485
73.470000	34.380000	-156.914993	19.180099	-0.389604	139.626394	2992.048328
73.470000	34.380000	-156.914993	19.430099	0.091993	139.723695	2986.553241
73.470000	34.380000	-156.914993	19.680099	1.046924	139.820881	2981.026729
73.470000	34.380000	-156.914993	19.930099	2.827604	139.918004	2975.460314
73.470000	34.380000	-156.914993	20.180099	3.505729	140.015019	2969.928439
73.470000	34.380000	-156.914993	20.430099	3.189273	140.111978	2964.396565
73.470000	34.380000	-156.914993	20.680099	3.520028	140.208836	2958.864691
73.470000	34.380000	-156.914993	20.930099	3.664800	140.305644	2952.747341
73.470000	34.380000	-156.914993	21.180099	0.299361	140.402357	2947.577950
73.470000	34.380000	-156.914993	21.430099	1.714535	140.499026	2944.206702
73.470000	34.380000	-156.664993	18.680099	-0.845441	139.569841	3006.770695
73.470000	34.380000	-156.664993	18.930099	-0.932994	139.667636	3001.625048
73.470000	34.380000	-156.664993	19.180099	-0.740306	139.765325	2996.504891
73.470000	34.380000	-156.664993	19.430099	-0.346871	139.862922	2991.289076
73.470000	34.380000	-156.664993	19.680099	2.394241	139.960420	2985.631935
73.470000	34.380000	-156.664993	19.930099	3.792884	140.057833	2979.673609
73.470000	34.380000	-156.664993	20.180099	3.639626	140.155154	2973.928786
73.470000	34.380000	-156.664993	20.430099	3.577798	140.252396	2968.462655
73.470000	34.380000	-156.664993	20.680099	3.718904	140.349552	2962.996525
73.470000	34.380000	-156.664993	20.930099	4.114026	140.446637	2957.343712
73.470000	34.380000	-156.664993	21.180099	0.443745	140.543641	2951.336120
73.470000	34.380000	-156.664993	21.430099	4.069887	140.640581	2947.872382
73.470000	34.380000	-156.414993	18.430099	-1.566466	139.610563	3016.469684
73.470000	34.380000	-156.414993	18.680099	-1.025398	139.708757	3011.322954
73.470000	34.380000	-156.414993	18.930099	-0.994142	139.806868	3006.176223
73.470000	34.380000	-156.414993	19.180099	-0.771522	139.904851	3001.025331
73.470000	34.380000	-156.414993	19.430099	1.765793	140.002758	2995.834356
73.470000	34.380000	-156.414993	19.680099	3.681597	140.100544	2989.986495
73.470000	34.380000	-156.414993	19.930099	3.557832	140.198260	2984.009825
73.470000	34.380000	-156.414993	20.180099	3.384233	140.295862	2978.135186
73.470000	34.380000	-156.414993	20.430099	3.647328	140.393400	2972.388927
73.470000	34.380000	-156.414993	20.680099	4.814844	140.490830	2966.922796
73.470000	34.380000	-156.414993	20.930099	6.149108	140.588203	2961.046014
73.470000	34.380000	-156.414993	21.180099	0.236377	140.685476	2955.251135
73.470000	34.380000	-156.414993	21.430099	5.830332	140.782697	2951.403653
73.470000	34.380000	-156.164993	18.430099	-0.613355	139.749820	3021.002144
73.470000	34.380000	-156.164993	18.680099	-0.760156	139.848330	3015.819020
73.470000	34.380000	-156.164993	18.930099	-0.553634	139.946733	3010.635896
73.470000	34.380000	-156.164993	19.180099	0.372314	140.045024	3005.452773
73.470000	34.380000	-156.164993	19.430099	3.211650	140.143217	2999.985599
73.470000	34.380000	-156.164993	19.680099	3.722821	140.241303	2994.291845
73.470000	34.380000	-156.164993	19.930099	3.287833	140.339298	2988.361411
73.470000	34.380000	-156.164993	20.180099	3.166639	140.437193	2982.471402
73.470000	34.380000	-156.164993	20.430099	3.143874	140.535004	2976.596762
73.470000	34.380000	-156.164993	20.680099	4.427903	140.632720	2970.849068
73.470000	34.380000	-156.164993	20.930099	4.728237	140.730359	2964.999685
73.470000	34.380000	-156.164993	21.180099	0.904567	140.827910	2959.166150
73.470000	34.380000	-156.164993	21.430099	6.986527	140.925391	2954.934924
73.470000	34.380000	-155.914993	18.180099	-2.069701	139.790774	3030.924600
73.470000	34.380000	-155.914993	18.430099	-0.541728	139.889715	3025.615412
73.470000	34.380000	-155.914993	18.680099	-0.324228	139.988514	3020.306225
73.470000	34.380000	-155.914993	18.930099	-0.126899	140.087223	3015.063338
73.470000	34.380000	-155.914993	19.180099	2.621328	140.185797	3009.830596
73.470000	34.380000	-155.914993	19.430099	4.283090	140.284288	3004.136842
73.470000	34.380000	-155.914993	19.680099	4.138906	140.382651	2998.443087
73.470000	34.380000	-155.914993	19.930099	3.646685	140.480936	2992.715970
73.470000	34.380000	-155.914993	20.180099	3.606002	140.579101	2986.807618
73.470000	34.380000	-155.914993	20.430099	3.685980	140.677194	2980.932979
73.470000	34.380000	-155.914993	20.680099	4.321149	140.775175	2975.024884
73.470000	34.380000	-155.914993	20.930099	4.463316	140.873089	2969.087898
73.470000	34.380000	-155.914993	21.180099	1.746373	140.970898	2963.190545
73.470000	34.380000	-155.914993	21.430099	8.286699	141.068647	2958.466196
73.470000	34.380000	-155.664993	18.180099	0.455366	139.931028	3035.460708
73.470000	34.380000	-155.664993	18.430099	1.153261	140.030256	3030.119926
73.470000	34.380000	-155.664993	18.680099	1.157192	140.129359	3024.779144
73.470000	34.380000	-155.664993	18.930099	2.283320	140.228349	3019.438362
73.470000	34.380000	-155.664993	19.180099	5.184900	140.327219	3013.744293
73.470000	34.380000	-155.664993	19.430099	5.968867	140.425984	3008.088042
73.470000	34.380000	-155.664993	19.680099	5.738655	140.524636	3002.431791
73.470000	34.380000	-155.664993	19.930099	5.730168	140.623189	2996.775540
73.470000	34.380000	-155.664993	20.180099	5.851151	140.721635	2990.974222
73.470000	34.380000	-155.664993	20.430099	6.229637	140.819989	2985.043831
73.470000	34.380000	-155.664993	20.680099	6.207290	140.918243	2979.113441
73.470000	34.380000	-155.664993	20.930099	6.059763	141.016412	2973.183050
73.470000	34.380000	-155.664993	21.180099	2.643815	141.114487	2967.252660
73.470000	34.380000	-155.664993	21.430099	9.546362	141.212484	2961.997467
73.470000	34.380000	-155.414993	17.930099	0.143738	139.972273	3044.932834
73.470000	34.380000	-155.414993	18.180099	1.644806	140.071908	3039.628718
73.470000	34.380000	-155.414993	18.430099	2.430274	140.171437	3034.208670
73.470000	34.380000	-155.414993	18.680099	2.292580	140.270819	3028.867888
73.470000	34.380000	-155.414993	18.930099	3.805155	140.370102	3023.527106
73.470000	34.380000	-155.414993	19.180099	6.303990	140.469245	3017.627920
73.470000	34.380000	-155.414993	19.430099	6.953556	140.568295	3011.654315
73.470000	34.380000	-155.414993	19.680099	7.101308	140.667212	3005.998064
73.470000	34.380000	-155.414993	19.930099	7.306788	140.766043	3000.341813
73.470000	34.380000	-155.414993	20.180099	7.736810	140.864748	2994.551253
73.470000	34.380000	-155.414993	20.430099	7.939527	140.963373	2988.620862
73.470000	34.380000	-155.414993	20.680099	7.662312	141.061879	2982.690472
73.470000	34.380000	-155.414993	20.930099	3.780063	141.160312	2976.767979
73.470000	34.380000	-155.414993	21.180099	2.979141	141.258632	2971.389661
73.470000	34.380000	-155.164993	17.930099	1.047755	140.113531	3049.096665
73.470000	34.380000	-155.164993	18.180099	1.583964	140.213464	3043.925063
73.470000	34.380000	-155.164993	18.430099	2.120671	140.313270	3038.346692
73.470000	34.380000	-155.164993	18.680099	2.375743	140.412943	3032.956633
73.470000	34.380000	-155.164993	18.930099	4.784908	140.512496	3027.552264
73.470000	34.380000	-155.164993	19.180099	6.540400	140.611922	3021.521554
73.470000	34.380000	-155.164993	19.430099	6.406699	140.711235	3015.490844
73.470000	34.380000	-155.164993	19.680099	6.771725	140.810428	3009.564337
73.470000	34.380000	-155.164993	19.930099	7.139130	140.909516	3003.908086
73.470000	34.380000	-155.164993	20.180099	7.569667	141.008489	2998.128284
73.470000	34.380000	-155.164993	20.430099	7.401778	141.107364	2992.197893
73.470000	34.380000	-155.164993	20.680099	3.082411	141.206131	2986.313254
73.470000	34.380000	-155.164993	20.930099	0.296431	141.304807	2981.113502
73.470000	34.380000	-155.164993	21.180099	5.303898	141.403381	2975.347398
73.470000	34.380000	-154.914993	17.680099	1.006213	140.155073	3058.432099
73.470000	34.380000	-154.914993	17.930099	0.905844	140.255442	3053.260497
73.470000	34.380000	-154.914993	18.180099	1.530416	140.355650	3048.088894
73.470000	34.380000	-154.914993	18.430099	1.596416	140.455745	3042.645152
73.470000	34.380000	-154.914993	18.680099	2.942465	140.555685	3037.064666
73.470000	34.380000	-154.914993	18.930099	6.112004	140.655519	3031.445898
73.470000	34.380000	-154.914993	19.180099	6.759132	140.755206	3025.415188
73.470000	34.380000	-154.914993	19.430099	6.500660	140.854792	3019.384477
73.470000	34.380000	-154.914993	19.680099	6.265618	140.954239	3013.353767
73.470000	34.380000	-154.914993	19.930099	6.840958	141.053592	3007.474359
73.470000	34.380000	-154.914993	20.180099	6.786413	141.152813	3001.705314
73.470000	34.380000	-154.914993	20.430099	2.814721	141.251946	2995.858529
73.470000	34.380000	-154.914993	20.680099	-1.237039	141.350954	2990.658776
73.470000	34.380000	-154.914993	20.930099	1.116600	141.449880	2985.459024
73.470000	34.380000	-154.914993	21.180099	6.853947	141.548688	2979.305134
73.470000	34.380000	-154.664993	17.680099	1.234456	140.297379	3062.595930
73.470000	34.380000	-154.664993	17.930099	1.058027	140.398020	3057.424328
73.470000	34.380000	-154.664993	18.180099	1.250371	140.498515	3052.252726
73.470000	34.380000	-154.664993	18.430099	2.523858	140.598875	3046.943613
73.470000	34.380000	-154.664993	18.680099	5.963657	140.699095	3041.244205
73.470000	34.380000	-154.664993	18.930099	7.993687	140.799187	3035.184903
73.470000	34.380000	-154.664993	19.180099	7.569342	140.899145	3029.201283
73.470000	34.380000	-154.664993	19.430099	7.305996	140.998983	3023.217664
73.470000	34.380000	-154.664993	19.680099	7.123886	141.098693	3017.234044
73.470000	34.380000	-154.664993	19.930099	7.231939	141.198291	3011.216691
73.470000	34.380000	-154.664993	20.180099	4.578113	141.297768	3005.403803
73.470000	34.380000	-154.664993	20.430099	0.267774	141.397139	3000.204051
73.470000	34.380000	-154.664993	20.680099	-0.214077	141.496395	2995.004299
73.470000	34.380000	-154.664993	20.930099	2.836682	141.595552	2989.804547
73.470000	34.380000	-154.664993	21.180099	8.254640	141.694602	2983.262870
73.470000	34.380000	-154.414993	17.680099	1.381539	140.440330	3066.650076
73.470000	34.380000	-154.414993	17.930099	1.270738	140.541256	3061.500816
73.470000	34.380000	-154.414993	18.180099	2.626780	140.642014	3056.351555
73.470000	34.380000	-154.414993	18.430099	6.885440	140.742650	3050.903755
73.470000	34.380000	-154.414993	18.680099	8.843656	140.843125	3044.799641
73.470000	34.380000	-154.414993	18.930099	8.486657	140.943486	3038.741398
73.470000	34.380000	-154.414993	19.180099	8.252587	141.043693	3032.757778
73.470000	34.380000	-154.414993	19.430099	8.373013	141.143792	3026.774159
73.470000	34.380000	-154.414993	19.680099	8.615613	141.243744	3020.788140
73.470000	34.380000	-154.414993	19.930099	7.742727	141.343595	3014.743770
73.470000	34.380000	-154.414993	20.180099	4.002604	141.443307	3009.168195
73.470000	34.380000	-154.414993	20.430099	2.217520	141.542924	3004.081908
73.470000	34.380000	-154.414993	20.680099	2.843932	141.642408	2998.995621
73.470000	34.380000	-154.414993	20.930099	7.071485	141.741804	2993.855074
73.470000	34.380000	-154.414993	21.180099	10.679919	141.841075	2987.220607
73.470000	34.380000	-154.164993	17.680099	1.281945	140.583977	3070.711757
73.470000	34.380000	-154.164993	17.930099	2.936318	140.685163	3065.524975
73.470000	34.380000	-154.164993	18.180099	7.320257	140.786195	3060.160513
73.470000	34.380000	-154.164993	18.430099	9.985156	140.887085	3054.266738
73.470000	34.380000	-154.164993	18.680099	9.383891	140.987827	3048.355078
73.470000	34.380000	-154.164993	18.930099	8.760827	141.088434	3042.297893
73.470000	34.380000	-154.164993	19.180099	8.805733	141.188900	3036.307961
73.470000	34.380000	-154.164993	19.430099	8.989324	141.289238	3030.263591
73.470000	34.380000	-154.164993	19.680099	9.053176	141.389442	3024.219222
73.470000	34.380000	-154.164993	19.930099	7.626000	141.489525	3018.174852
73.470000	34.380000	-154.164993	20.180099	4.936155	141.589480	3012.746327
73.470000	34.380000	-154.164993	20.430099	5.751731	141.689323	3007.660040
73.470000	34.380000	-154.164993	20.680099	7.454936	141.789043	3002.302708
73.470000	34.380000	-154.164993	20.930099	10.367139	141.888658	2996.932017
73.470000	34.380000	-154.164993	21.180099	12.364069	141.988158	2990.603223
73.470000	34.380000	-153.914993	17.680099	4.772926	140.728272	3074.815716
73.470000	34.380000	-153.914993	17.930099	8.044353	140.829730	3069.273759
73.470000	34.380000	-153.914993	18.180099	10.988246	140.931013	3063.357432
73.470000	34.380000	-153.914993	18.430099	11.194993	141.032166	3057.482070
73.470000	34.380000	-153.914993	18.680099	10.939919	141.133153	3051.606708
73.470000	34.380000	-153.914993	18.930099	10.372212	141.234015	3045.739128
73.470000	34.380000	-153.914993	19.180099	9.996003	141.334718	3039.707289
73.470000	34.380000	-153.914993	19.430099	9.596551	141.435305	3033.675450
73.470000	34.380000	-153.914993	19.680099	9.462339	141.535739	3027.643611
73.470000	34.380000	-153.914993	19.930099	7.138099	141.636062	3021.605935
73.470000	34.380000	-153.914993	20.180099	6.667277	141.736241	3016.121034
73.470000	34.380000	-153.914993	20.430099	8.301076	141.836316	3010.750342
73.470000	34.380000	-153.914993	20.680099	8.254760	141.936253	3005.379651
73.470000	34.380000	-153.914993	20.930099	10.489818	142.036093	3000.008960
73.470000	34.380000	-153.914993	21.180099	13.234892	142.135802	2993.574138
73.470000	34.380000	-153.664993	17.680099	9.638817	140.873265	3078.104132
73.470000	34.380000	-153.664993	17.930099	10.526954	140.974972	3072.444125
73.470000	34.380000	-153.664993	18.180099	11.484919	141.076517	3066.451596
73.470000	34.380000	-153.664993	18.430099	11.694825	141.177912	3060.455075
73.470000	34.380000	-153.664993	18.680099	11.829989	141.279152	3054.579713
73.470000	34.380000	-153.664993	18.930099	11.561733	141.380250	3048.730214
73.470000	34.380000	-153.664993	19.180099	10.892500	141.481198	3042.904227
73.470000	34.380000	-153.664993	19.430099	10.327190	141.582012	3036.941832
73.470000	34.380000	-153.664993	19.680099	8.446581	141.682684	3030.909993
73.470000	34.380000	-153.664993	19.930099	6.360477	141.783229	3025.160277
73.470000	34.380000	-153.664993	20.180099	6.681314	141.883638	3019.423813
73.470000	34.380000	-153.664993	20.430099	7.124964	141.983927	3013.827285
73.470000	34.380000	-153.664993	20.680099	7.974280	142.084087	3008.456594
73.470000	34.380000	-153.664993	20.930099	10.955362	142.184134	3003.070794
73.470000	34.380000	-153.414993	17.930099	11.149367	141.120877	3075.600063
73.470000	34.380000	-153.414993	18.180099	11.528474	141.222662	3069.582206
73.470000	34.380000	-153.414993	18.430099	11.497866	141.324307	3063.564349
73.470000	34.380000	-153.414993	18.680099	11.614341	141.425779	3057.552718
73.470000	34.380000	-153.414993	18.930099	11.235466	141.527119	3051.702985
73.470000	34.380000	-153.414993	19.180099	10.923490	141.628294	3045.876998
73.470000	34.380000	-153.414993	19.430099	9.485229	141.729342	3040.077299
73.470000	34.380000	-153.414993	19.680099	7.712275	141.830233	3034.410300
73.470000	34.380000	-153.414993	19.930099	7.364025	141.931004	3028.743301
73.470000	34.380000	-153.414993	20.180099	7.158986	142.031625	3023.048241
73.470000	34.380000	-153.414993	20.430099	7.410324	142.132133	3017.311777
73.470000	34.380000	-153.164993	18.180099	11.641067	141.369495	3072.650094
73.470000	34.380000	-153.164993	18.430099	11.750963	141.471371	3066.631508
73.470000	34.380000	-153.164993	18.680099	11.393541	141.573083	3060.612922
73.470000	34.380000	-153.164993	18.930099	10.708136	141.674646	3054.740360
73.470000	34.380000	-153.164993	19.180099	9.903737	141.776053	3048.942828
73.470000	34.380000	-153.164993	19.430099	9.015336	141.877317	3043.241906
73.470000	34.380000	-153.164993	19.680099	8.841387	141.978432	3037.574907
73.470000	34.380000	-153.164993	19.930099	8.740407	142.079413	3031.907908
73.470000	34.380000	-152.914993	18.180099	11.438917	141.516972	3075.657461
73.470000	34.380000	-152.914993	18.430099	11.830539	141.619085	3069.638875
73.470000	34.380000	-152.914993	18.680099	11.151498	141.721018	3063.620288
73.470000	34.380000	-152.914993	18.930099	10.079695	141.822810	3057.808429
73.470000	34.380000	-152.914993	19.180099	9.171358	141.924430	3052.073511
73.470000	34.380000	-152.914993	19.430099	8.793903	142.025916	3046.406512
73.470000	34.380000	-152.664993	18.430099	11.393776	141.767472	3072.646241
73.470000	34.380000	-152.664993	18.680099	10.592880	141.869632	3066.674030
73.470000	34.380000	-152.664993	18.930099	9.327149	141.971635	3060.905116
