-155.772995	19.079000	1112.104000
-155.996994	20.771000	1149.121000
-155.710999	20.046000	1136.117000
-159.401001	21.971001	1131.121000
-156.658005	20.891001	1142.126000
-156.755997	21.136000	1145.132000
-154.617798	20.088900	1151.115000
-154.482803	21.001900	1179.099000
-153.292099	20.892599	1187.116000
-153.992294	18.797600	1131.095000
-153.295898	18.800900	1142.097000
-152.132401	18.481400	1153.107000
-153.290604	17.906200	1123.102000
-153.700806	17.297501	1104.101000
-154.691299	17.180099	1085.095000
-154.030502	17.988400	1112.103000
-154.797394	18.803101	1120.096000
-155.714996	18.000299	1088.105000
-156.808197	18.404200	1081.111000
-156.167007	18.301001	1088.117000
-157.227295	18.984800	1088.096000
-156.510101	19.477699	1110.101000
-157.627594	20.346100	1116.115000
