-135.910000	-54.570000	-158.651001	21.430099	5.060162	347.663732	2150.263055
-135.910000	-54.570000	-158.401001	21.180099	5.067696	347.761606	2142.652587
-135.910000	-54.570000	-158.401001	21.430099	4.359366	347.792786	2149.355735
-135.910000	-54.570000	-158.151001	20.680099	6.337414	347.829176	2128.182897
-135.910000	-54.570000	-158.151001	20.930099	5.074207	347.860204	2135.042118
-135.910000	-54.570000	-158.151001	21.180099	4.400291	347.891160	2141.745267
-135.910000	-54.570000	-158.151001	21.430099	3.751220	347.922086	2148.448416
-135.910000	-54.570000	-157.901001	20.430099	6.339206	347.928660	2120.549985
-135.910000	-54.570000	-157.901001	20.680099	5.079756	347.959464	2127.431650
-135.910000	-54.570000	-157.901001	20.930099	4.301238	347.990213	2134.134799
-135.910000	-54.570000	-157.901001	21.180099	4.270540	348.020912	2140.837947
-135.910000	-54.570000	-157.651001	19.930099	5.671407	347.998227	2105.945900
-135.910000	-54.570000	-157.651001	20.180099	4.994543	348.028860	2112.917072
-135.910000	-54.570000	-157.651001	20.430099	4.814114	348.059457	2119.821182
-135.910000	-54.570000	-157.651001	20.680099	4.201472	348.089979	2126.524330
-135.910000	-54.570000	-157.651001	20.930099	4.170983	348.120468	2133.227479
-135.910000	-54.570000	-157.651001	21.180099	4.076247	348.150884	2139.930628
-135.910000	-54.570000	-157.401001	19.680099	3.914945	348.099326	2098.247145
-135.910000	-54.570000	-157.401001	19.930099	3.187679	348.129751	2105.060913
-135.910000	-54.570000	-157.401001	20.180099	3.125107	348.160121	2111.880895
-135.910000	-54.570000	-157.401001	20.430099	3.322362	348.190433	2118.848737
-135.910000	-54.570000	-157.401001	20.680099	4.006751	348.220692	2125.617011
-135.910000	-54.570000	-157.401001	20.930099	4.040555	348.250896	2132.320159
-135.910000	-54.570000	-157.401001	21.180099	3.476550	348.281050	2139.023308
-135.910000	-54.570000	-157.151001	19.430099	2.208787	348.201170	2090.236352
-135.910000	-54.570000	-157.151001	19.680099	1.804731	348.231367	2097.050120
-135.910000	-54.570000	-157.151001	19.930099	2.234802	348.261527	2103.863888
-135.910000	-54.570000	-157.151001	20.180099	2.902005	348.291609	2110.803600
-135.910000	-54.570000	-157.151001	20.430099	2.855970	348.321656	2117.771441
-135.910000	-54.570000	-157.151001	20.680099	3.492537	348.351627	2124.685548
-135.910000	-54.570000	-157.151001	20.930099	3.846646	348.381566	2131.412840
-135.910000	-54.570000	-157.151001	21.180099	2.816736	348.411432	2138.115988
-135.910000	-54.570000	-156.901001	18.930099	-0.521337	348.273647	2074.716521
-135.910000	-54.570000	-156.901001	19.180099	0.271455	348.303697	2082.153403
-135.910000	-54.570000	-156.901001	19.430099	1.753851	348.333684	2089.039327
-135.910000	-54.570000	-156.901001	19.680099	1.969918	348.363613	2095.853095
-135.910000	-54.570000	-156.901001	19.930099	2.665275	348.393482	2102.758464
-135.910000	-54.570000	-156.901001	20.180099	2.787815	348.423296	2109.726305
-135.910000	-54.570000	-156.901001	20.430099	2.758059	348.453052	2116.694146
-135.910000	-54.570000	-156.901001	20.680099	2.856907	348.482757	2123.661987
-135.910000	-54.570000	-156.901001	20.930099	3.364286	348.512405	2130.487155
-135.910000	-54.570000	-156.901001	21.180099	-1.656002	348.542005	2137.208669
-135.910000	-54.570000	-156.651001	18.680099	1.420705	348.377142	2065.811416
-135.910000	-54.570000	-156.651001	18.930099	1.040396	348.406980	2073.113005
-135.910000	-54.570000	-156.651001	19.180099	0.511644	348.436735	2080.528136
-135.910000	-54.570000	-156.651001	19.430099	1.603618	348.466451	2087.842302
-135.910000	-54.570000	-156.651001	19.680099	1.683762	348.496087	2094.713328
-135.910000	-54.570000	-156.651001	19.930099	1.900515	348.525685	2101.681169
-135.910000	-54.570000	-156.651001	20.180099	1.740075	348.555206	2108.649010
-135.910000	-54.570000	-156.651001	20.430099	1.579772	348.584692	2115.616851
-135.910000	-54.570000	-156.651001	20.680099	1.368018	348.614104	2122.584692
-135.910000	-54.570000	-156.651001	20.930099	0.592144	348.643483	2129.479238
-135.910000	-54.570000	-156.401001	18.430099	4.240952	348.481348	2057.751069
-135.910000	-54.570000	-156.401001	18.680099	3.348502	348.510955	2064.673366
-135.910000	-54.570000	-156.401001	18.930099	2.600469	348.540496	2071.974955
-135.910000	-54.570000	-156.401001	19.180099	2.122717	348.569978	2079.276543
-135.910000	-54.570000	-156.401001	19.430099	0.672019	348.599398	2086.555978
-135.910000	-54.570000	-156.401001	19.680099	0.175718	348.628760	2093.457695
-135.910000	-54.570000	-156.401001	19.930099	0.106373	348.658063	2100.407974
-135.910000	-54.570000	-156.401001	20.180099	0.142972	348.687311	2107.343054
-135.910000	-54.570000	-156.401001	20.430099	0.152296	348.716502	2114.278134
-135.910000	-54.570000	-156.401001	20.680099	-0.107785	348.745641	2121.213214
-135.910000	-54.570000	-156.401001	20.930099	-2.709576	348.774725	2128.022112
-135.910000	-54.570000	-156.151001	18.430099	4.122179	348.615695	2056.871064
-135.910000	-54.570000	-156.151001	18.680099	4.105390	348.645002	2063.776788
-135.910000	-54.570000	-156.151001	18.930099	2.724001	348.674267	2070.836904
-135.910000	-54.570000	-156.151001	19.180099	2.023030	348.703450	2078.138493
-135.910000	-54.570000	-156.151001	19.430099	-0.179792	348.732593	2085.155418
-135.910000	-54.570000	-156.151001	19.680099	-0.603156	348.761657	2091.971684
-135.910000	-54.570000	-156.151001	19.930099	-0.966321	348.790685	2098.922836
-135.910000	-54.570000	-156.151001	20.180099	-0.767554	348.819635	2105.910262
-135.910000	-54.570000	-156.151001	20.430099	-0.633698	348.848551	2112.887789
-135.910000	-54.570000	-156.151001	20.680099	-1.951684	348.877392	2119.822869
-135.910000	-54.570000	-156.151001	20.930099	-4.538955	348.906202	2126.337236
-135.910000	-54.570000	-155.901001	18.180099	3.464596	348.721137	2049.085337
-135.910000	-54.570000	-155.901001	18.430099	3.392776	348.750226	2055.991060
-135.910000	-54.570000	-155.901001	18.680099	3.272096	348.779254	2062.896784
-135.910000	-54.570000	-155.901001	18.930099	2.664641	348.808217	2069.802507
-135.910000	-54.570000	-155.901001	19.180099	1.391990	348.837122	2076.938591
-135.910000	-54.570000	-155.901001	19.430099	0.238311	348.865964	2083.754857
-135.910000	-54.570000	-155.901001	19.680099	0.104385	348.894750	2090.571123
-135.910000	-54.570000	-155.901001	19.930099	-0.443361	348.923477	2097.400550
-135.910000	-54.570000	-155.901001	20.180099	-1.736850	348.952149	2104.387977
-135.910000	-54.570000	-155.901001	20.430099	-3.919332	348.980765	2111.375403
-135.910000	-54.570000	-155.901001	20.680099	-6.276853	349.009329	2118.089790
-135.910000	-54.570000	-155.901001	20.930099	-7.460976	349.037839	2124.558126
-135.910000	-54.570000	-155.651001	18.180099	1.560755	348.856205	2048.081928
-135.910000	-54.570000	-155.651001	18.430099	1.529807	348.885013	2054.965132
-135.910000	-54.570000	-155.651001	18.680099	1.409984	348.913736	2061.848337
-135.910000	-54.570000	-155.651001	18.930099	1.373774	348.942418	2068.731541
-135.910000	-54.570000	-155.651001	19.180099	0.913786	348.971018	2075.735804
-135.910000	-54.570000	-155.651001	19.430099	1.884891	348.999580	2082.531261
-135.910000	-54.570000	-155.651001	19.680099	1.734056	349.028062	2089.319016
-135.910000	-54.570000	-155.651001	19.930099	1.427411	349.056509	2096.106771
-135.910000	-54.570000	-155.651001	20.180099	-0.260493	349.084878	2102.739177
-135.910000	-54.570000	-155.651001	20.430099	-2.487609	349.113214	2109.232140
-135.910000	-54.570000	-155.651001	20.680099	-3.436940	349.141475	2115.725103
-135.910000	-54.570000	-155.651001	20.930099	-3.232173	349.169706	2122.218066
-135.910000	-54.570000	-155.401001	17.930099	1.378069	348.962913	2040.219661
-135.910000	-54.570000	-155.401001	18.180099	0.570556	348.991479	2046.783104
-135.910000	-54.570000	-155.401001	18.430099	0.294259	349.019979	2053.666309
-135.910000	-54.570000	-155.401001	18.680099	0.265820	349.048418	2060.549513
-135.910000	-54.570000	-155.401001	18.930099	0.358018	349.076793	2067.432718
-135.910000	-54.570000	-155.401001	19.180099	0.798854	349.105110	2074.476711
-135.910000	-54.570000	-155.401001	19.430099	1.948650	349.133366	2081.575403
-135.910000	-54.570000	-155.401001	19.680099	2.822699	349.161565	2088.363158
-135.910000	-54.570000	-155.401001	19.930099	2.709887	349.189706	2095.150913
-135.910000	-54.570000	-155.401001	20.180099	2.601361	349.217793	2101.794888
-135.910000	-54.570000	-155.401001	20.430099	2.479506	349.245824	2108.287851
-135.910000	-54.570000	-155.401001	20.680099	2.693102	349.273804	2114.780814
-135.910000	-54.570000	-155.401001	20.930099	5.325631	349.301730	2121.303425
-135.910000	-54.570000	-155.151001	17.930099	1.081713	349.098727	2039.092503
-135.910000	-54.570000	-155.151001	18.180099	1.020723	349.126983	2045.604795
-135.910000	-54.570000	-155.151001	18.430099	0.066872	349.155196	2052.367485
-135.910000	-54.570000	-155.151001	18.680099	0.130913	349.183325	2059.250690
-135.910000	-54.570000	-155.151001	18.930099	0.252777	349.211415	2066.133894
-135.910000	-54.570000	-155.151001	19.180099	0.717167	349.239422	2073.217617
-135.910000	-54.570000	-155.151001	19.430099	0.810020	349.267392	2080.352235
-135.910000	-54.570000	-155.151001	19.680099	1.935374	349.295283	2087.407300
-135.910000	-54.570000	-155.151001	19.930099	2.583332	349.323139	2094.195056
-135.910000	-54.570000	-155.151001	20.180099	2.475337	349.350918	2100.850599
-135.910000	-54.570000	-155.151001	20.430099	2.696662	349.378665	2107.343562
-135.910000	-54.570000	-155.151001	20.680099	4.701822	349.406338	2113.888217
-135.910000	-54.570000	-154.901001	17.680099	0.973748	349.206692	2031.453053
-135.910000	-54.570000	-154.901001	17.930099	0.945719	349.234721	2037.965345
-135.910000	-54.570000	-154.901001	18.180099	0.975616	349.262688	2044.477637
-135.910000	-54.570000	-154.901001	18.430099	0.178939	349.290588	2051.068662
-135.910000	-54.570000	-154.901001	18.680099	-0.004191	349.318429	2057.951866
-135.910000	-54.570000	-154.901001	18.930099	0.260211	349.346206	2064.835071
-135.910000	-54.570000	-154.901001	19.180099	0.610081	349.373926	2071.958524
-135.910000	-54.570000	-154.901001	19.430099	0.590101	349.401585	2079.093142
-135.910000	-54.570000	-154.901001	19.680099	0.789748	349.429189	2086.227760
-135.910000	-54.570000	-154.901001	19.930099	1.848756	349.456734	2093.239198
-135.910000	-54.570000	-154.901001	20.180099	2.800827	349.484226	2099.906309
-135.910000	-54.570000	-154.901001	20.430099	4.698755	349.511663	2106.473009
-135.910000	-54.570000	-154.901001	20.680099	6.354180	349.539049	2113.391474
-135.910000	-54.570000	-154.651001	17.680099	0.870892	349.343230	2030.325895
-135.910000	-54.570000	-154.651001	17.930099	0.809474	349.370967	2036.838187
-135.910000	-54.570000	-154.651001	18.180099	0.781823	349.398617	2043.350479
-135.910000	-54.570000	-154.651001	18.430099	0.626217	349.426227	2049.862772
-135.910000	-54.570000	-154.651001	18.680099	-0.188548	349.453752	2056.653043
-135.910000	-54.570000	-154.651001	18.930099	0.310832	349.481239	2063.564813
-135.910000	-54.570000	-154.651001	19.180099	0.483041	349.508644	2070.699431
-135.910000	-54.570000	-154.651001	19.430099	0.455672	349.536013	2077.834049
-135.910000	-54.570000	-154.651001	19.680099	0.069157	349.563303	2084.968667
-135.910000	-54.570000	-154.651001	19.930099	-1.933775	349.590560	2092.103285
-135.910000	-54.570000	-154.651001	20.180099	-1.357799	349.617739	2099.057802
-135.910000	-54.570000	-154.651001	20.430099	1.112263	349.644887	2105.976266
-135.910000	-54.570000	-154.651001	20.680099	2.216542	349.671961	2112.894730
-135.910000	-54.570000	-154.401001	17.930099	0.765398	349.507387	2035.711030
-135.910000	-54.570000	-154.401001	18.180099	0.694775	349.534744	2042.223322
-135.910000	-54.570000	-154.401001	18.430099	0.696428	349.562035	2048.735614
-135.910000	-54.570000	-154.401001	18.680099	-0.159561	349.589268	2055.354219
-135.910000	-54.570000	-154.401001	18.930099	0.247822	349.616437	2062.305720
-135.910000	-54.570000	-154.401001	19.180099	-0.160107	349.643550	2069.440338
-135.910000	-54.570000	-154.401001	19.430099	-2.561673	349.670603	2076.574956
-135.910000	-54.570000	-154.401001	19.680099	-5.486782	349.697601	2083.617221
-135.910000	-54.570000	-154.401001	19.930099	-8.033801	349.724542	2090.156136
-135.910000	-54.570000	-154.401001	20.180099	-7.205255	349.751431	2097.023236
-135.910000	-54.570000	-154.151001	18.180099	0.655209	349.671090	2041.107653
-135.910000	-54.570000	-154.151001	18.430099	0.587473	349.698085	2047.608468
-135.910000	-54.570000	-154.151001	18.680099	0.374167	349.724998	2054.120748
-135.910000	-54.570000	-154.151001	18.930099	-1.243416	349.751873	2061.046627
-135.910000	-54.570000	-154.151001	19.180099	-4.400902	349.778666	2068.050519
-135.910000	-54.570000	-154.151001	19.430099	-7.747361	349.805425	2074.589435
-135.910000	-54.570000	-154.151001	19.680099	-10.155051	349.832105	2081.128350
-135.910000	-54.570000	-154.151001	19.930099	-9.982351	349.858752	2087.667266
-135.910000	-54.570000	-153.901001	18.430099	0.556545	349.834301	2046.507869
-135.910000	-54.570000	-153.901001	18.680099	0.454741	349.860916	2053.008683
-135.910000	-54.570000	-153.901001	18.930099	-1.595806	349.887468	2059.473817
-135.910000	-54.570000	-153.901001	19.180099	-4.063628	349.913965	2065.907087
-135.910000	-54.570000	-153.901001	19.430099	-4.531529	349.940403	2072.340358
-135.910000	-54.570000	-153.651001	18.680099	0.368087	349.997043	2051.908084
-135.910000	-54.570000	-153.651001	18.930099	0.295097	350.023296	2058.373538
