-155.772995	19.079000	2073.465000
-155.996994	20.771000	2121.488000
-155.710999	20.046000	2099.483000
-159.401001	21.971001	2167.488000
-156.658005	20.891001	2128.493000
-156.755997	21.136000	2135.500000
-154.617798	20.088900	2096.468000
-155.679398	21.205500	2129.478000
-154.482803	21.001900	2121.466000
-153.902405	19.979099	2086.474000
-153.992294	18.797600	2056.466000
-153.295898	18.800900	2053.486000
-154.691299	17.180099	2017.483000
-155.714996	18.000299	2043.464000
-156.808197	18.404200	2058.469000
-157.227295	18.984800	2078.465000
-156.510101	19.477699	2088.465000
-157.627594	20.346100	2117.484000
