-155.772995	19.079000	2924.471000
-155.996994	20.771000	2916.462000
-155.710999	20.046000	2925.456000
-156.755997	21.136000	2893.467000
-158.903000	21.298401	2845.515000
-160.047501	19.823400	2810.460000
-161.095001	23.997200	2780.446000
-158.933105	24.573799	2832.517000
-156.964600	24.312099	2882.498000
-158.185394	22.620199	2856.460000
-155.636200	22.299900	2922.450000
-150.914993	18.914200	3049.552000
-151.686600	14.689100	3040.456000
-153.967499	14.731300	2980.450000
-153.868195	17.315399	2976.457000
-156.206604	16.162001	2915.450000
-157.859100	14.659600	2878.437000
-157.700806	16.348400	2880.530000
-158.982498	15.574000	2848.465000
-158.179504	20.377800	2856.443000
