110.540000	-8.030000	-161.525604	19.939100	0.890192	81.231224	2490.136014
110.540000	-8.030000	-161.525604	20.189100	-0.113886	81.221249	2491.066490
110.540000	-8.030000	-161.525604	20.439100	-1.638359	81.211229	2492.175379
110.540000	-8.030000	-161.525604	20.689100	-2.411741	81.201190	2493.439212
110.540000	-8.030000	-161.525604	20.939100	-2.401655	81.191105	2494.703046
110.540000	-8.030000	-161.275604	19.939100	1.993418	81.321098	2496.699298
110.540000	-8.030000	-161.275604	20.189100	-0.005774	81.312286	2497.583527
110.540000	-8.030000	-161.275604	20.439100	-1.022379	81.303516	2498.692275
110.540000	-8.030000	-161.275604	20.689100	-1.796709	81.294647	2499.815874
110.540000	-8.030000	-161.275604	20.939100	-2.496371	81.285821	2501.079708
110.540000	-8.030000	-161.275604	21.189100	-2.487444	81.276894	2502.343541
110.540000	-8.030000	-161.275604	21.439100	-2.478559	81.268009	2503.607374
110.540000	-8.030000	-161.275604	21.689100	-2.469572	81.259022	2504.871208
110.540000	-8.030000	-161.275604	21.939100	-2.460626	81.250076	2506.135041
110.540000	-8.030000	-161.025604	19.689100	1.483636	81.418397	2502.608165
110.540000	-8.030000	-161.025604	19.939100	2.102881	81.410842	2503.262581
110.540000	-8.030000	-161.025604	20.189100	0.101989	81.403278	2504.100564
110.540000	-8.030000	-161.025604	20.439100	-1.051001	81.395675	2505.209312
110.540000	-8.030000	-161.025604	20.689100	-1.180574	81.388062	2506.318060
110.540000	-8.030000	-161.025604	20.939100	-1.957537	81.380410	2507.456370
110.540000	-8.030000	-161.025604	21.189100	-2.583297	81.372747	2508.720203
110.540000	-8.030000	-161.025604	21.439100	-2.575594	81.365044	2509.984037
110.540000	-8.030000	-161.025604	21.689100	-2.567879	81.357329	2511.247870
110.540000	-8.030000	-161.025604	21.939100	-2.560124	81.349574	2512.511703
110.540000	-8.030000	-161.025604	22.189100	-2.552355	81.341805	2513.775537
110.540000	-8.030000	-161.025604	22.439100	-2.544546	81.333995	2515.039370
110.540000	-8.030000	-161.025604	22.689100	-2.536722	81.326171	2516.303203
110.540000	-8.030000	-161.025604	22.939100	-2.528856	81.318305	2517.567037
110.540000	-8.030000	-161.025604	23.189100	-2.520975	81.310425	2518.830870
110.540000	-8.030000	-160.775604	19.439100	-0.159409	81.513126	2508.508265
110.540000	-8.030000	-160.775604	19.689100	2.761279	81.506764	2509.171449
110.540000	-8.030000	-160.775604	19.939100	2.212633	81.500455	2509.825865
110.540000	-8.030000	-160.775604	20.189100	0.210174	81.494054	2510.617600
110.540000	-8.030000	-160.775604	20.439100	-1.143030	81.487704	2511.726349
110.540000	-8.030000	-160.775604	20.689100	-1.136588	81.481263	2512.835097
110.540000	-8.030000	-160.775604	20.939100	-1.341166	81.474872	2513.943845
110.540000	-8.030000	-160.775604	21.189100	-2.120716	81.468388	2515.096865
110.540000	-8.030000	-160.775604	21.439100	-2.672504	81.461954	2516.360699
110.540000	-8.030000	-160.775604	21.689100	-2.665977	81.455426	2517.624532
110.540000	-8.030000	-160.775604	21.939100	-2.659498	81.448948	2518.888365
110.540000	-8.030000	-160.775604	22.189100	-2.652926	81.442375	2520.152199
110.540000	-8.030000	-160.775604	22.439100	-2.646401	81.435851	2521.416032
110.540000	-8.030000	-160.775604	22.689100	-2.639782	81.429232	2522.679865
110.540000	-8.030000	-160.775604	22.939100	-2.633211	81.422661	2523.943699
110.540000	-8.030000	-160.775604	23.189100	-2.626544	81.415993	2525.207532
110.540000	-8.030000	-160.775604	23.439100	-2.586597	81.409373	2526.471365
110.540000	-8.030000	-160.775604	23.689100	-1.667790	81.402656	2527.723582
110.540000	-8.030000	-160.525604	19.439100	0.902562	81.600210	2515.080316
110.540000	-8.030000	-160.525604	19.689100	2.710841	81.595091	2515.734733
110.540000	-8.030000	-160.525604	19.939100	2.322663	81.589943	2516.389149
110.540000	-8.030000	-160.525604	20.189100	0.318599	81.584792	2517.134637
110.540000	-8.030000	-160.525604	20.439100	-1.234937	81.579611	2518.243385
110.540000	-8.030000	-160.525604	20.689100	-1.229753	81.574427	2519.352134
110.540000	-8.030000	-160.525604	20.939100	-1.224538	81.569212	2520.460882
110.540000	-8.030000	-160.525604	21.189100	-1.504205	81.563994	2521.569630
110.540000	-8.030000	-160.525604	21.439100	-2.286408	81.558744	2522.737361
110.540000	-8.030000	-160.525604	21.689100	-2.764041	81.553491	2524.001194
110.540000	-8.030000	-160.525604	21.939100	-2.758756	81.548205	2525.265027
110.540000	-8.030000	-160.525604	22.189100	-2.753465	81.542915	2526.528861
110.540000	-8.030000	-160.525604	22.439100	-2.748143	81.537592	2527.792694
110.540000	-8.030000	-160.525604	22.689100	-2.742814	81.532264	2529.056527
110.540000	-8.030000	-160.525604	22.939100	-2.738878	81.526903	2530.320361
110.540000	-8.030000	-160.525604	23.189100	-2.670372	81.521536	2531.584194
110.540000	-8.030000	-160.525604	23.439100	-2.573296	81.516135	2532.828247
110.540000	-8.030000	-160.525604	23.689100	-0.794316	81.510728	2534.065799
110.540000	-8.030000	-160.275604	19.189100	-0.666981	81.691043	2520.886290
110.540000	-8.030000	-160.275604	19.439100	2.174424	81.687166	2521.643600
110.540000	-8.030000	-160.275604	19.689100	2.622726	81.683206	2522.298016
110.540000	-8.030000	-160.275604	19.939100	2.432967	81.679305	2522.952433
110.540000	-8.030000	-160.275604	20.189100	0.428283	81.675319	2523.651674
110.540000	-8.030000	-160.275604	20.439100	-1.326719	81.671393	2524.760422
110.540000	-8.030000	-160.275604	20.689100	-1.322708	81.667383	2525.869170
110.540000	-8.030000	-160.275604	20.939100	-1.318757	81.663431	2526.977919
110.540000	-8.030000	-160.275604	21.189100	-1.314720	81.659394	2528.086667
110.540000	-8.030000	-160.275604	21.439100	-1.669677	81.655416	2529.195415
110.540000	-8.030000	-160.275604	21.689100	-2.454486	81.651351	2530.377856
110.540000	-8.030000	-160.275604	21.939100	-2.857896	81.647345	2531.641689
110.540000	-8.030000	-160.275604	22.189100	-2.853803	81.643253	2532.905523
110.540000	-8.030000	-160.275604	22.439100	-2.849769	81.639218	2534.169356
110.540000	-8.030000	-160.275604	22.689100	-2.846878	81.635097	2535.433189
110.540000	-8.030000	-160.275604	22.939100	-2.751439	81.631033	2536.695360
110.540000	-8.030000	-160.275604	23.189100	-2.662711	81.626882	2537.932912
110.540000	-8.030000	-160.275604	23.439100	-1.960271	81.622787	2539.170464
110.540000	-8.030000	-160.275604	23.689100	0.010706	81.618605	2540.246638
110.540000	-8.030000	-160.025604	18.939100	-2.281094	81.779423	2526.384105
110.540000	-8.030000	-160.025604	19.189100	0.378355	81.776723	2527.552467
110.540000	-8.030000	-160.025604	19.439100	2.531930	81.774002	2528.206884
110.540000	-8.030000	-160.025604	19.689100	2.534646	81.771286	2528.861300
110.540000	-8.030000	-160.025604	19.939100	2.537384	81.768548	2529.515717
110.540000	-8.030000	-160.025604	20.189100	0.564206	81.765814	2530.170133
110.540000	-8.030000	-160.025604	20.439100	-1.412306	81.763059	2531.277459
110.540000	-8.030000	-160.025604	20.689100	-1.415634	81.760308	2532.386207
110.540000	-8.030000	-160.025604	20.939100	-1.412860	81.757535	2533.494955
110.540000	-8.030000	-160.025604	21.189100	-1.410091	81.754765	2534.603704
110.540000	-8.030000	-160.025604	21.439100	-1.407299	81.751974	2535.712452
110.540000	-8.030000	-160.025604	21.689100	-1.837632	81.749185	2536.821200
110.540000	-8.030000	-160.025604	21.939100	-2.625116	81.746374	2538.018351
110.540000	-8.030000	-160.025604	22.189100	-2.954117	81.743567	2539.282185
110.540000	-8.030000	-160.025604	22.439100	-2.924180	81.740736	2540.546018
110.540000	-8.030000	-160.025604	22.689100	-2.829842	81.737908	2541.800025
110.540000	-8.030000	-160.025604	22.939100	-2.776402	81.735057	2543.037577
110.540000	-8.030000	-160.025604	23.189100	-2.773553	81.732208	2544.275130
110.540000	-8.030000	-160.025604	23.439100	-1.113609	81.729335	2545.512682
110.540000	-8.030000	-160.025604	23.689100	0.953620	81.726465	2546.349252
110.540000	-8.030000	-160.025604	23.939100	1.443330	81.723571	2547.080520
110.540000	-8.030000	-159.775604	18.939100	-1.164199	81.863741	2533.264315
110.540000	-8.030000	-159.775604	19.189100	1.593563	81.862194	2534.115751
110.540000	-8.030000	-159.775604	19.439100	2.445217	81.860715	2534.770168
110.540000	-8.030000	-159.775604	19.689100	2.446773	81.859159	2535.424584
110.540000	-8.030000	-159.775604	19.939100	2.448262	81.857670	2536.079001
110.540000	-8.030000	-159.775604	20.189100	0.698179	81.856104	2536.733417
110.540000	-8.030000	-159.775604	20.439100	-1.306155	81.854606	2537.794496
110.540000	-8.030000	-159.775604	20.689100	-1.508356	81.853031	2538.903244
110.540000	-8.030000	-159.775604	20.939100	-1.506848	81.851522	2540.011992
110.540000	-8.030000	-159.775604	21.189100	-1.505262	81.849936	2541.120741
110.540000	-8.030000	-159.775604	21.439100	-1.503743	81.848418	2542.229489
110.540000	-8.030000	-159.775604	21.689100	-1.502147	81.846821	2543.338237
110.540000	-8.030000	-159.775604	21.939100	-2.008058	81.845292	2544.446985
110.540000	-8.030000	-159.775604	22.189100	-2.773364	81.843685	2545.658847
110.540000	-8.030000	-159.775604	22.439100	-2.905565	81.842144	2546.904690
110.540000	-8.030000	-159.775604	22.689100	-2.881871	81.840526	2548.142243
110.540000	-8.030000	-159.775604	22.939100	-2.880319	81.838974	2549.379795
110.540000	-8.030000	-159.775604	23.189100	-2.293146	81.837343	2550.617347
110.540000	-8.030000	-159.775604	23.439100	-0.311636	81.835780	2551.720597
110.540000	-8.030000	-159.775604	23.689100	1.332764	81.834137	2552.451865
110.540000	-8.030000	-159.775604	23.939100	1.334340	81.832561	2553.183134
110.540000	-8.030000	-159.525604	18.689100	-2.828366	81.948262	2538.762130
110.540000	-8.030000	-159.525604	18.939100	-0.135078	81.947942	2540.024618
110.540000	-8.030000	-159.525604	19.189100	2.358298	81.947634	2540.679035
110.540000	-8.030000	-159.525604	19.439100	2.358619	81.947313	2541.333451
110.540000	-8.030000	-159.525604	19.689100	2.358929	81.947003	2541.987868
110.540000	-8.030000	-159.525604	19.939100	2.359253	81.946679	2542.642284
110.540000	-8.030000	-159.525604	20.189100	0.806477	81.946368	2543.296701
110.540000	-8.030000	-159.525604	20.439100	-1.199665	81.946042	2544.311532
110.540000	-8.030000	-159.525604	20.689100	-1.601054	81.945728	2545.420281
110.540000	-8.030000	-159.525604	20.939100	-1.600726	81.945401	2546.529029
110.540000	-8.030000	-159.525604	21.189100	-1.600411	81.945085	2547.637777
110.540000	-8.030000	-159.525604	21.439100	-1.600081	81.944755	2548.746526
110.540000	-8.030000	-159.525604	21.689100	-1.605731	81.944437	2549.855274
110.540000	-8.030000	-159.525604	21.939100	-1.396145	81.944105	2550.964022
110.540000	-8.030000	-159.525604	22.189100	-2.096084	81.943784	2552.009355
110.540000	-8.030000	-159.525604	22.439100	-2.984795	81.943450	2553.246908
110.540000	-8.030000	-159.525604	22.689100	-2.984473	81.943127	2554.484460
110.540000	-8.030000	-159.525604	22.939100	-2.984136	81.942790	2555.722013
110.540000	-8.030000	-159.525604	23.189100	-1.426932	81.942465	2556.959565
110.540000	-8.030000	-159.525604	23.439100	0.612953	81.942126	2557.823210
110.540000	-8.030000	-159.525604	23.689100	1.225103	81.941798	2558.554479
110.540000	-8.030000	-159.525604	23.939100	1.225444	81.941457	2559.285747
110.540000	-8.030000	-159.275604	18.439100	-3.391067	82.030265	2544.259945
110.540000	-8.030000	-159.275604	18.689100	-1.651048	82.031107	2545.642341
110.540000	-8.030000	-159.275604	18.939100	1.018558	82.032024	2546.587902
110.540000	-8.030000	-159.275604	19.189100	2.273061	82.032871	2547.242319
110.540000	-8.030000	-159.275604	19.439100	2.272138	82.033794	2547.896735
110.540000	-8.030000	-159.275604	19.689100	2.271286	82.034646	2548.551152
110.540000	-8.030000	-159.275604	19.939100	2.270358	82.035574	2549.205568
110.540000	-8.030000	-159.275604	20.189100	0.915150	82.036432	2549.859985
110.540000	-8.030000	-159.275604	20.439100	-1.092840	82.037366	2550.828569
110.540000	-8.030000	-159.275604	20.689100	-1.693555	82.038229	2551.937317
110.540000	-8.030000	-159.275604	20.939100	-1.694494	82.039169	2553.046066
110.540000	-8.030000	-159.275604	21.189100	-1.695364	82.040039	2554.154814
110.540000	-8.030000	-159.275604	21.439100	-1.678242	82.040984	2555.263562
110.540000	-8.030000	-159.275604	21.689100	-1.367381	82.041860	2556.364103
110.540000	-8.030000	-159.275604	21.939100	-1.087528	82.042812	2557.385792
110.540000	-8.030000	-159.275604	22.189100	-1.800983	82.043694	2558.407480
110.540000	-8.030000	-159.275604	22.439100	-2.842527	82.044653	2559.589125
110.540000	-8.030000	-159.275604	22.689100	-3.086887	82.045542	2560.826678
110.540000	-8.030000	-159.275604	22.939100	-2.620539	82.046507	2562.064230
110.540000	-8.030000	-159.275604	23.189100	-0.627909	82.047403	2563.194556
110.540000	-8.030000	-159.275604	23.439100	1.118526	82.048375	2563.925824
110.540000	-8.030000	-159.275604	23.689100	1.117623	82.049278	2564.657092
110.540000	-8.030000	-159.275604	23.939100	1.116644	82.050257	2565.388361
110.540000	-8.030000	-159.025604	18.439100	-3.369428	82.111850	2551.140155
110.540000	-8.030000	-159.025604	18.689100	-0.637899	82.113925	2552.496769
110.540000	-8.030000	-159.025604	18.939100	2.189937	82.115995	2553.151186
110.540000	-8.030000	-159.025604	19.189100	2.187849	82.118083	2553.805602
110.540000	-8.030000	-159.025604	19.439100	2.185767	82.120165	2554.460019
110.540000	-8.030000	-159.025604	19.689100	2.183666	82.122266	2555.114436
110.540000	-8.030000	-159.025604	19.939100	2.181572	82.124360	2555.768852
110.540000	-8.030000	-159.025604	20.189100	1.024015	82.126475	2556.423269
110.540000	-8.030000	-159.025604	20.439100	-0.985690	82.128583	2557.345606
110.540000	-8.030000	-159.025604	20.689100	-1.786037	82.130711	2558.454354
110.540000	-8.030000	-159.025604	20.939100	-1.788159	82.132833	2559.563102
110.540000	-8.030000	-159.025604	21.189100	-1.718074	82.134976	2560.671851
110.540000	-8.030000	-159.025604	21.439100	-1.407641	82.137112	2561.757171
110.540000	-8.030000	-159.025604	21.689100	-1.188848	82.139269	2562.778859
110.540000	-8.030000	-159.025604	21.939100	-1.190999	82.141421	2563.800548
110.540000	-8.030000	-159.025604	22.189100	-1.573510	82.143592	2564.822236
110.540000	-8.030000	-159.025604	22.439100	-2.627147	82.145759	2565.931343
110.540000	-8.030000	-159.025604	22.689100	-3.189292	82.147947	2567.168896
110.540000	-8.030000	-159.025604	22.939100	-1.734302	82.150130	2568.406448
110.540000	-8.030000	-159.025604	23.189100	0.277811	82.152333	2569.297169
110.540000	-8.030000	-159.025604	23.439100	1.012369	82.154532	2570.028438
110.540000	-8.030000	-159.025604	23.689100	1.010148	82.156753	2570.759706
110.540000	-8.030000	-159.025604	23.939100	1.007932	82.158969	2571.490974
110.540000	-8.030000	-158.775604	18.189100	-3.550831	82.190029	2556.637970
110.540000	-8.030000	-158.775604	18.439100	-2.231832	82.193318	2558.020366
110.540000	-8.030000	-158.775604	18.689100	0.458818	82.196543	2559.060053
110.540000	-8.030000	-158.775604	18.939100	2.110322	82.199851	2559.714470
110.540000	-8.030000	-158.775604	19.189100	2.104117	82.203096	2560.368886
110.540000	-8.030000	-158.775604	19.439100	2.099508	82.206424	2561.023303
110.540000	-8.030000	-158.775604	19.689100	2.096243	82.209689	2561.677719
110.540000	-8.030000	-158.775604	19.939100	2.092894	82.213038	2562.332136
110.540000	-8.030000	-158.775604	20.189100	1.133239	82.216324	2562.986552
110.540000	-8.030000	-158.775604	20.439100	-0.878219	82.219694	2563.862643
110.540000	-8.030000	-158.775604	20.689100	-1.878327	82.223002	2564.971391
110.540000	-8.030000	-158.775604	20.939100	-1.755189	82.226394	2566.080139
110.540000	-8.030000	-158.775604	21.189100	-1.445114	82.229723	2567.150239
110.540000	-8.030000	-158.775604	21.439100	-1.282717	82.233138	2568.171927
110.540000	-8.030000	-158.775604	21.689100	-1.286070	82.236491	2569.193615
110.540000	-8.030000	-158.775604	21.939100	-1.289509	82.239930	2570.215304
110.540000	-8.030000	-158.775604	22.189100	-1.357684	82.243306	2571.236992
110.540000	-8.030000	-158.775604	22.439100	-2.365982	82.246769	2572.273561
110.540000	-8.030000	-158.775604	22.689100	-2.942341	82.250171	2573.511113
110.540000	-8.030000	-158.775604	22.939100	-0.938298	82.253658	2574.668515
110.540000	-8.030000	-158.775604	23.189100	0.909816	82.257085	2575.399783
110.540000	-8.030000	-158.775604	23.439100	0.906302	82.260599	2576.131051
110.540000	-8.030000	-158.775604	23.689100	0.902849	82.264052	2576.862320
110.540000	-8.030000	-158.775604	23.939100	0.899309	82.267592	2577.593588
110.540000	-8.030000	-158.775604	24.189100	0.895829	82.271072	2578.324856
110.540000	-8.030000	-158.525604	17.939100	-3.626607	82.265806	2562.135785
110.540000	-8.030000	-158.525604	18.189100	-3.370725	82.270242	2563.518181
110.540000	-8.030000	-158.525604	18.439100	-1.274607	82.274678	2564.822683
110.540000	-8.030000	-158.525604	18.689100	1.371347	82.279139	2565.640064
110.540000	-8.030000	-158.525604	18.939100	2.095107	82.283601	2566.287603
110.540000	-8.030000	-158.525604	19.189100	2.070851	82.288090	2566.935143
110.540000	-8.030000	-158.525604	19.439100	2.033744	82.292579	2567.586587
110.540000	-8.030000	-158.525604	19.689100	2.013440	82.297095	2568.241003
110.540000	-8.030000	-158.525604	19.939100	2.005962	82.301613	2568.895420
110.540000	-8.030000	-158.525604	20.189100	1.242640	82.306158	2569.549836
110.540000	-8.030000	-158.525604	20.439100	-0.770437	82.310705	2570.379679
110.540000	-8.030000	-158.525604	20.689100	-1.789625	82.315279	2571.488428
110.540000	-8.030000	-158.525604	20.939100	-1.479960	82.319856	2572.543306
110.540000	-8.030000	-158.525604	21.189100	-1.374040	82.324461	2573.564995
110.540000	-8.030000	-158.525604	21.439100	-1.378648	82.329069	2574.586683
110.540000	-8.030000	-158.525604	21.689100	-1.383284	82.333705	2575.608371
110.540000	-8.030000	-158.525604	21.939100	-1.387924	82.338346	2576.630060
110.540000	-8.030000	-158.525604	22.189100	-1.392593	82.343015	2577.651748
110.540000	-8.030000	-158.525604	22.439100	-2.096065	82.347688	2578.673437
110.540000	-8.030000	-158.525604	22.689100	-1.781455	82.352391	2579.853331
110.540000	-8.030000	-158.525604	22.939100	-0.051816	82.357099	2580.771128
110.540000	-8.030000	-158.525604	23.189100	0.805065	82.361836	2581.502397
110.540000	-8.030000	-158.525604	23.439100	0.800322	82.366579	2582.233665
110.540000	-8.030000	-158.525604	23.689100	0.795548	82.371353	2582.964933
110.540000	-8.030000	-158.525604	23.939100	0.790768	82.376133	2583.696202
110.540000	-8.030000	-158.525604	24.189100	0.785958	82.380943	2584.427470
110.540000	-8.030000	-158.275604	17.939100	-3.484291	82.344676	2569.015995
110.540000	-8.030000	-158.275604	18.189100	-2.435629	82.350257	2570.332594
110.540000	-8.030000	-158.275604	18.439100	-0.546359	82.355927	2571.417514
110.540000	-8.030000	-158.275604	18.689100	1.333763	82.361540	2572.224819
110.540000	-8.030000	-158.275604	18.939100	2.016394	82.367243	2572.872359
110.540000	-8.030000	-158.275604	19.189100	2.010747	82.372890	2573.519899
110.540000	-8.030000	-158.275604	19.439100	2.003354	82.378629	2574.167438
110.540000	-8.030000	-158.275604	19.689100	1.994754	82.384311	2574.814978
110.540000	-8.030000	-158.275604	19.939100	1.972844	82.390085	2575.462517
110.540000	-8.030000	-158.275604	20.189100	1.377500	82.395803	2576.113120
110.540000	-8.030000	-158.275604	20.439100	-0.359390	82.401614	2576.896716
110.540000	-8.030000	-158.275604	20.689100	-1.429973	82.407370	2577.936374
110.540000	-8.030000	-158.275604	20.939100	-1.380659	82.413220	2578.958062
110.540000	-8.030000	-158.275604	21.189100	-1.386110	82.419015	2579.979751
110.540000	-8.030000	-158.275604	21.439100	-1.391655	82.424904	2581.001439
110.540000	-8.030000	-158.275604	21.689100	-1.397146	82.430739	2582.023127
110.540000	-8.030000	-158.275604	21.939100	-1.402732	82.436668	2583.044816
110.540000	-8.030000	-158.275604	22.189100	-1.408264	82.442545	2584.066504
110.540000	-8.030000	-158.275604	22.439100	-1.600024	82.448517	2585.088192
110.540000	-8.030000	-158.275604	22.689100	-0.634630	82.454436	2586.142473
110.540000	-8.030000	-158.275604	22.939100	0.706449	82.460452	2586.873742
110.540000	-8.030000	-158.275604	23.189100	0.700486	82.466415	2587.605010
110.540000	-8.030000	-158.275604	23.439100	0.694426	82.472475	2588.336279
110.540000	-8.030000	-158.275604	23.689100	0.688416	82.478485	2589.067547
110.540000	-8.030000	-158.275604	23.939100	0.682310	82.484591	2589.798815
110.540000	-8.030000	-158.275604	24.189100	0.676253	82.490648	2590.530084
110.540000	-8.030000	-158.025604	17.689100	-3.595328	82.416662	2574.513810
110.540000	-8.030000	-158.025604	17.939100	-2.930374	82.423442	2575.842504
110.540000	-8.030000	-158.025604	18.189100	-1.482298	82.430253	2577.020193
110.540000	-8.030000	-158.025604	18.439100	-0.206223	82.437073	2577.969372
110.540000	-8.030000	-158.025604	18.689100	1.093991	82.443924	2578.807992
110.540000	-8.030000	-158.025604	18.939100	1.926030	82.450784	2579.457115
110.540000	-8.030000	-158.025604	19.189100	1.925961	82.457677	2580.104655
110.540000	-8.030000	-158.025604	19.439100	1.919059	82.464579	2580.752194
110.540000	-8.030000	-158.025604	19.689100	1.912123	82.471514	2581.399734
110.540000	-8.030000	-158.025604	19.939100	1.905178	82.478459	2582.047273
110.540000	-8.030000	-158.025604	20.189100	1.557570	82.485439	2582.694813
110.540000	-8.030000	-158.025604	20.439100	-0.175700	82.492429	2583.422542
110.540000	-8.030000	-158.025604	20.689100	-1.454068	82.499455	2584.470109
110.540000	-8.030000	-158.025604	20.939100	-1.349126	82.506491	2585.492302
110.540000	-8.030000	-158.025604	21.189100	-1.355864	82.513564	2586.514496
110.540000	-8.030000	-158.025604	21.439100	-1.362614	82.520648	2587.536689
110.540000	-8.030000	-158.025604	21.689100	-1.369401	82.527769	2588.558882
110.540000	-8.030000	-158.025604	21.939100	-1.376201	82.534904	2589.581075
110.540000	-8.030000	-158.025604	22.189100	-1.230606	82.542075	2590.603269
110.540000	-8.030000	-158.025604	22.439100	0.045034	82.549260	2591.559954
110.540000	-8.030000	-158.025604	22.689100	0.953376	82.556484	2592.274598
110.540000	-8.030000	-158.025604	22.939100	0.739793	82.563722	2592.976355
110.540000	-8.030000	-158.025604	23.189100	0.595902	82.570999	2593.707624
110.540000	-8.030000	-158.025604	23.439100	0.588609	82.578292	2594.438892
110.540000	-8.030000	-158.025604	23.689100	0.581277	82.585625	2595.170161
110.540000	-8.030000	-158.025604	23.939100	0.573927	82.592974	2595.901429
110.540000	-8.030000	-158.025604	24.189100	0.566538	82.600363	2596.632697
110.540000	-8.030000	-157.775604	17.689100	-3.041364	82.494090	2581.352415
110.540000	-8.030000	-157.775604	17.939100	-2.384839	82.502099	2582.530104
110.540000	-8.030000	-157.775604	18.189100	-1.078918	82.510057	2583.682609
110.540000	-8.030000	-157.775604	18.439100	0.187842	82.518113	2584.521229
110.540000	-8.030000	-157.775604	18.689100	0.854510	82.526118	2585.359850
110.540000	-8.030000	-157.775604	18.939100	1.700873	82.534222	2586.041871
110.540000	-8.030000	-157.775604	19.189100	1.841362	82.542275	2586.689410
110.540000	-8.030000	-157.775604	19.439100	1.833209	82.550428	2587.336950
110.540000	-8.030000	-157.775604	19.689100	1.825105	82.558532	2587.984490
110.540000	-8.030000	-157.775604	19.939100	1.758657	82.566736	2588.632029
110.540000	-8.030000	-157.775604	20.189100	1.288842	82.574892	2589.293087
110.540000	-8.030000	-157.775604	20.439100	-0.211021	82.583149	2590.056025
110.540000	-8.030000	-157.775604	20.689100	-1.438830	82.591359	2591.071663
110.540000	-8.030000	-157.775604	20.939100	-1.417466	82.599670	2592.099310
110.540000	-8.030000	-157.775604	21.189100	-1.402638	82.607935	2593.121503
110.540000	-8.030000	-157.775604	21.439100	-1.411006	82.616303	2594.143696
110.540000	-8.030000	-157.775604	21.689100	-1.502166	82.624626	2595.165890
110.540000	-8.030000	-157.775604	21.939100	-0.798860	82.633052	2596.188083
110.540000	-8.030000	-157.775604	22.189100	-0.462271	82.641433	2597.015866
110.540000	-8.030000	-157.775604	22.439100	0.314503	82.649920	2597.946691
110.540000	-8.030000	-157.775604	22.689100	2.221613	82.658363	2598.593121
110.540000	-8.030000	-157.775604	22.939100	1.669532	82.666911	2599.078969
110.540000	-8.030000	-157.775604	23.189100	0.491484	82.675417	2599.810237
110.540000	-8.030000	-157.775604	23.439100	0.482871	82.684030	2600.541506
110.540000	-8.030000	-157.775604	23.689100	0.474300	82.692601	2601.272774
110.540000	-8.030000	-157.775604	23.939100	0.465621	82.701280	2602.004043
110.540000	-8.030000	-157.775604	24.189100	0.456983	82.709918	2602.735311
110.540000	-8.030000	-157.525604	17.439100	-3.149896	82.562362	2586.862326
110.540000	-8.030000	-157.525604	17.689100	-2.558910	82.571502	2588.040015
110.540000	-8.030000	-157.525604	17.939100	-1.898092	82.580656	2589.217703
110.540000	-8.030000	-157.525604	18.189100	-0.648912	82.589848	2590.234467
110.540000	-8.030000	-157.525604	18.439100	0.106900	82.599055	2591.073087
110.540000	-8.030000	-157.525604	18.689100	0.630433	82.608301	2591.911708
110.540000	-8.030000	-157.525604	18.939100	1.475884	82.617563	2592.626627
110.540000	-8.030000	-157.525604	19.189100	1.756772	82.626865	2593.274166
110.540000	-8.030000	-157.525604	19.439100	1.747453	82.636184	2593.921706
110.540000	-8.030000	-157.525604	19.689100	1.738093	82.645544	2594.569246
110.540000	-8.030000	-157.525604	19.939100	1.412432	82.654922	2595.216785
110.540000	-8.030000	-157.525604	20.189100	0.956486	82.664341	2595.940124
110.540000	-8.030000	-157.525604	20.439100	0.222015	82.673780	2596.703061
110.540000	-8.030000	-157.525604	20.689100	-1.409977	82.683261	2597.596979
110.540000	-8.030000	-157.525604	20.939100	-1.902173	82.692762	2598.706317
110.540000	-8.030000	-157.525604	21.189100	-1.533937	82.702308	2599.728510
110.540000	-8.030000	-157.525604	21.439100	-1.135122	82.711874	2600.750704
110.540000	-8.030000	-157.525604	21.689100	-0.406286	82.721485	2601.647627
110.540000	-8.030000	-157.525604	21.939100	-0.630368	82.731119	2602.473519
110.540000	-8.030000	-157.525604	22.189100	-1.047425	82.740798	2603.406787
110.540000	-8.030000	-157.525604	22.439100	0.537291	82.750501	2604.340055
110.540000	-8.030000	-157.525604	22.689100	3.124501	82.760250	2604.911644
110.540000	-8.030000	-157.525604	22.939100	2.646478	82.770025	2605.249270
110.540000	-8.030000	-157.525604	23.189100	0.700507	82.779847	2605.912851
110.540000	-8.030000	-157.525604	23.439100	0.377206	82.789695	2606.644119
110.540000	-8.030000	-157.525604	23.689100	0.367309	82.799592	2607.375388
110.540000	-8.030000	-157.525604	23.939100	0.357384	82.809517	2608.106656
110.540000	-8.030000	-157.525604	24.189100	0.347410	82.819491	2608.837925
110.540000	-8.030000	-157.275604	17.189100	-3.255827	82.628115	2592.372236
110.540000	-8.030000	-157.275604	17.439100	-2.625851	82.638443	2593.549925
110.540000	-8.030000	-157.275604	17.689100	-2.636133	82.648725	2594.727614
110.540000	-8.030000	-157.275604	17.939100	-1.469940	82.659111	2595.905303
110.540000	-8.030000	-157.275604	18.189100	-0.145835	82.669452	2596.786325
110.540000	-8.030000	-157.275604	18.439100	0.026058	82.679897	2597.624945
110.540000	-8.030000	-157.275604	18.689100	0.406625	82.690299	2598.463565
110.540000	-8.030000	-157.275604	18.939100	1.251065	82.700808	2599.211383
110.540000	-8.030000	-157.275604	19.189100	1.672365	82.711273	2599.858922
110.540000	-8.030000	-157.275604	19.439100	1.661792	82.721845	2600.506462
110.540000	-8.030000	-157.275604	19.689100	1.553544	82.732376	2601.154002
110.540000	-8.030000	-157.275604	19.939100	1.085773	82.743015	2601.824223
110.540000	-8.030000	-157.275604	20.189100	0.698709	82.753613	2602.587160
110.540000	-8.030000	-157.275604	20.439100	0.648616	82.764321	2603.350098
110.540000	-8.030000	-157.275604	20.689100	-0.971454	82.774989	2604.122295
110.540000	-8.030000	-157.275604	20.939100	-2.160922	82.785768	2605.246100
110.540000	-8.030000	-157.275604	21.189100	-1.033571	82.796508	2606.279388
110.540000	-8.030000	-157.275604	21.439100	-0.261668	82.807361	2607.103540
110.540000	-8.030000	-157.275604	21.689100	-0.735632	82.818176	2607.933615
110.540000	-8.030000	-157.275604	21.939100	-1.134166	82.829104	2608.866883
110.540000	-8.030000	-157.275604	22.189100	-1.145058	82.839996	2609.800151
110.540000	-8.030000	-157.275604	22.439100	0.767781	82.851003	2610.733419
110.540000	-8.030000	-157.275604	22.689100	3.360493	82.861975	2611.230167
110.540000	-8.030000	-157.275604	22.939100	3.571009	82.873063	2611.567793
110.540000	-8.030000	-157.275604	23.189100	1.645780	82.884117	2612.015465
110.540000	-8.030000	-157.275604	23.439100	0.271613	82.895288	2612.746733
110.540000	-8.030000	-157.275604	23.689100	0.260475	82.906427	2613.478001
110.540000	-8.030000	-157.275604	23.939100	0.249217	82.917684	2614.209270
110.540000	-8.030000	-157.275604	24.189100	0.237991	82.928910	2614.940538
110.540000	-8.030000	-157.275604	24.439100	0.226644	82.940257	2615.671807
110.540000	-8.030000	-157.025604	17.189100	-2.690366	82.702958	2599.059836
110.540000	-8.030000	-157.025604	17.439100	-2.701834	82.714426	2600.237525
110.540000	-8.030000	-157.025604	17.689100	-2.325073	82.725937	2601.415214
110.540000	-8.030000	-157.025604	17.939100	-1.059481	82.737470	2602.499563
110.540000	-8.030000	-157.025604	18.189100	-0.043091	82.749047	2603.338183
110.540000	-8.030000	-157.025604	18.439100	-0.054691	82.760646	2604.176803
110.540000	-8.030000	-157.025604	18.689100	0.182907	82.772292	2605.015423
110.540000	-8.030000	-157.025604	18.939100	1.026410	82.783961	2605.796139
110.540000	-8.030000	-157.025604	19.189100	1.587961	82.795677	2606.443678
110.540000	-8.030000	-157.025604	19.439100	1.576220	82.807417	2607.091218
110.540000	-8.030000	-157.025604	19.689100	1.212892	82.819207	2607.738757
110.540000	-8.030000	-157.025604	19.939100	0.750803	82.831022	2608.471259
110.540000	-8.030000	-157.025604	20.189100	0.609436	82.842886	2609.234197
110.540000	-8.030000	-157.025604	20.439100	0.597544	82.854778	2609.997135
110.540000	-8.030000	-157.025604	20.689100	-0.473963	82.866721	2610.760072
110.540000	-8.030000	-157.025604	20.939100	-0.738391	82.878692	2611.771416
110.540000	-8.030000	-157.025604	21.189100	-0.242151	82.890716	2612.559453
110.540000	-8.030000	-157.025604	21.439100	-0.836186	82.902769	2613.393711
110.540000	-8.030000	-157.025604	21.689100	-1.219938	82.914876	2614.326979
110.540000	-8.030000	-157.025604	21.939100	-1.232076	82.927014	2615.260247
110.540000	-8.030000	-157.025604	22.189100	-1.244269	82.939207	2616.193515
110.540000	-8.030000	-157.025604	22.439100	0.998772	82.951433	2617.126782
110.540000	-8.030000	-157.025604	22.689100	3.596733	82.963715	2617.548690
110.540000	-8.030000	-157.025604	22.939100	3.965321	82.976031	2617.886316
110.540000	-8.030000	-157.025604	23.189100	2.615549	82.988404	2618.223942
110.540000	-8.030000	-157.025604	23.439100	0.656504	83.000813	2618.849347
110.540000	-8.030000	-157.025604	23.689100	0.153619	83.013282	2619.580615
110.540000	-8.030000	-157.025604	23.939100	0.141114	83.025787	2620.311883
110.540000	-8.030000	-157.025604	24.189100	0.128548	83.038353	2621.043152
110.540000	-8.030000	-157.025604	24.439100	0.115943	83.050958	2621.774420
110.540000	-8.030000	-156.775604	16.939100	-2.780600	82.765029	2604.569747
110.540000	-8.030000	-156.775604	17.189100	-2.765022	82.777614	2605.747436
110.540000	-8.030000	-156.775604	17.439100	-2.777717	82.790309	2606.925124
110.540000	-8.030000	-156.775604	17.689100	-1.853000	82.802965	2608.102813
110.540000	-8.030000	-156.775604	17.939100	-0.582431	82.815731	2609.051421
110.540000	-8.030000	-156.775604	18.189100	-0.122504	82.828460	2609.890041
110.540000	-8.030000	-156.775604	18.439100	-0.135345	82.841300	2610.728661
110.540000	-8.030000	-156.775604	18.689100	-0.040544	82.854104	2611.567281
110.540000	-8.030000	-156.775604	18.939100	0.798159	82.867022	2612.380895
110.540000	-8.030000	-156.775604	19.189100	1.503734	82.879903	2613.028434
110.540000	-8.030000	-156.775604	19.439100	1.353551	82.892900	2613.675974
110.540000	-8.030000	-156.775604	19.689100	0.888032	82.905863	2614.355358
110.540000	-8.030000	-156.775604	19.939100	0.533380	82.918942	2615.118296
110.540000	-8.030000	-156.775604	20.189100	0.520335	82.931988	2615.881234
110.540000	-8.030000	-156.775604	20.439100	0.507170	82.945152	2616.644171
110.540000	-8.030000	-156.775604	20.689100	0.035880	82.958284	2617.407109
110.540000	-8.030000	-156.775604	20.939100	0.695701	82.971536	2618.280873
110.540000	-8.030000	-156.775604	21.189100	0.357343	82.984757	2618.853807
110.540000	-8.030000	-156.775604	21.439100	-1.303161	82.998100	2619.787075
110.540000	-8.030000	-156.775604	21.689100	-1.316475	83.011413	2620.720343
110.540000	-8.030000	-156.775604	21.939100	-1.329911	83.024849	2621.653611
110.540000	-8.030000	-156.775604	22.189100	-1.343319	83.038257	2622.586878
110.540000	-8.030000	-156.775604	22.439100	1.201042	83.051790	2623.520146
110.540000	-8.030000	-156.775604	22.689100	3.833370	83.065297	2623.867214
110.540000	-8.030000	-156.775604	22.939100	3.862422	83.078930	2624.204839
110.540000	-8.030000	-156.775604	23.189100	3.523988	83.092538	2624.542465
110.540000	-8.030000	-156.775604	23.439100	1.616004	83.106273	2624.951960
110.540000	-8.030000	-156.775604	23.689100	0.046915	83.119986	2625.683229
110.540000	-8.030000	-156.775604	23.939100	0.033073	83.133828	2626.414497
110.540000	-8.030000	-156.775604	24.189100	0.019253	83.147648	2627.145765
110.540000	-8.030000	-156.775604	24.439100	0.005301	83.161600	2627.877034
110.540000	-8.030000	-156.525604	16.689100	-2.885508	82.824690	2610.079657
110.540000	-8.030000	-156.525604	16.939100	-2.827405	82.838451	2611.257346
110.540000	-8.030000	-156.525604	17.189100	-2.842945	82.852262	2612.435035
110.540000	-8.030000	-156.525604	17.439100	-2.751420	82.866099	2613.612724
110.540000	-8.030000	-156.525604	17.689100	-1.486169	82.879987	2614.764658
110.540000	-8.030000	-156.525604	17.939100	-0.187947	82.893902	2615.603279
110.540000	-8.030000	-156.525604	18.189100	-0.201914	82.907870	2616.441899
110.540000	-8.030000	-156.525604	18.439100	-0.215911	82.921866	2617.280519
110.540000	-8.030000	-156.525604	18.689100	-0.229961	82.935916	2618.119139
110.540000	-8.030000	-156.525604	18.939100	0.557663	82.949997	2618.957759
110.540000	-8.030000	-156.525604	19.189100	1.385504	82.964132	2619.613190
110.540000	-8.030000	-156.525604	19.439100	1.018598	82.978300	2620.260730
110.540000	-8.030000	-156.525604	19.689100	0.550305	82.992524	2621.002395
110.540000	-8.030000	-156.525604	19.939100	0.445541	83.006782	2621.765333
110.540000	-8.030000	-156.525604	20.189100	0.445251	83.021097	2622.528270
110.540000	-8.030000	-156.525604	20.439100	0.370169	83.035447	2623.291208
110.540000	-8.030000	-156.525604	20.689100	0.494538	83.049857	2624.078721
110.540000	-8.030000	-156.525604	20.939100	0.944462	83.064304	2624.807100
110.540000	-8.030000	-156.525604	21.189100	1.018234	83.078811	2625.462958
110.540000	-8.030000	-156.525604	21.439100	-0.322427	83.093357	2626.180439
110.540000	-8.030000	-156.525604	21.689100	-1.413027	83.107965	2627.113707
110.540000	-8.030000	-156.525604	21.939100	-1.427676	83.122614	2628.046974
110.540000	-8.030000	-156.525604	22.189100	-1.155250	83.137326	2628.980242
110.540000	-8.030000	-156.525604	22.439100	1.402796	83.152081	2629.848111
110.540000	-8.030000	-156.525604	22.689100	3.774451	83.166901	2630.185737
110.540000	-8.030000	-156.525604	22.939100	3.759587	83.181765	2630.523362
110.540000	-8.030000	-156.525604	23.189100	3.744656	83.196696	2630.860988
110.540000	-8.030000	-156.525604	23.439100	2.578687	83.211672	2631.198613
110.540000	-8.030000	-156.525604	23.689100	0.607685	83.226718	2631.785842
110.540000	-8.030000	-156.525604	23.939100	-0.074910	83.241811	2632.517111
110.540000	-8.030000	-156.525604	24.189100	-0.090073	83.256974	2633.248379
110.540000	-8.030000	-156.525604	24.439100	-0.105286	83.272187	2633.979647
110.540000	-8.030000	-156.275604	16.689100	-2.889117	82.896792	2616.767257
110.540000	-8.030000	-156.275604	16.939100	-2.896001	82.911777	2617.942833
110.540000	-8.030000	-156.275604	17.189100	-2.915879	82.926727	2619.118159
110.540000	-8.030000	-156.275604	17.439100	-2.216155	82.941794	2620.293485
110.540000	-8.030000	-156.275604	17.689100	-1.198476	82.956829	2621.255144
110.540000	-8.030000	-156.275604	17.939100	-0.628851	82.971981	2622.155136
110.540000	-8.030000	-156.275604	18.189100	-0.332024	82.987102	2622.993757
110.540000	-8.030000	-156.275604	18.439100	-0.303096	83.002343	2623.832377
110.540000	-8.030000	-156.275604	18.689100	-0.311598	83.017553	2624.670997
110.540000	-8.030000	-156.275604	18.939100	0.320531	83.032886	2625.509617
110.540000	-8.030000	-156.275604	19.189100	0.983204	83.048189	2626.197946
110.540000	-8.030000	-156.275604	19.439100	0.695439	83.063616	2626.886494
110.540000	-8.030000	-156.275604	19.689100	0.389380	83.079015	2627.649431
110.540000	-8.030000	-156.275604	19.939100	0.295375	83.094540	2628.412369
110.540000	-8.030000	-156.275604	20.189100	-0.048606	83.110039	2629.204095
110.540000	-8.030000	-156.275604	20.439100	0.119809	83.125665	2630.055840
110.540000	-8.030000	-156.275604	20.689100	0.827579	83.141267	2630.804202
110.540000	-8.030000	-156.275604	20.939100	1.133376	83.156997	2631.470421
110.540000	-8.030000	-156.275604	21.189100	1.130019	83.172705	2632.136640
110.540000	-8.030000	-156.275604	21.439100	0.922197	83.188543	2632.800990
110.540000	-8.030000	-156.275604	21.689100	-0.381420	83.204360	2633.507071
110.540000	-8.030000	-156.275604	21.939100	-1.525372	83.220310	2634.440338
110.540000	-8.030000	-156.275604	22.189100	-0.925074	83.236241	2635.373606
110.540000	-8.030000	-156.275604	22.439100	1.634977	83.252306	2636.166634
110.540000	-8.030000	-156.275604	22.689100	3.672998	83.268353	2636.504260
110.540000	-8.030000	-156.275604	22.939100	3.656815	83.284537	2636.841885
110.540000	-8.030000	-156.275604	23.189100	3.640647	83.300705	2637.179511
110.540000	-8.030000	-156.275604	23.439100	3.472030	83.317012	2637.517136
110.540000	-8.030000	-156.275604	23.689100	1.580287	83.333304	2637.888456
110.540000	-8.030000	-156.275604	23.939100	-0.182836	83.349737	2638.619724
110.540000	-8.030000	-156.275604	24.189100	-0.199257	83.366159	2639.350993
110.540000	-8.030000	-156.275604	24.439100	-0.215821	83.382722	2640.082261
110.540000	-8.030000	-156.025604	16.439100	-2.946416	82.952797	2622.260824
110.540000	-8.030000	-156.025604	16.689100	-2.964241	82.968888	2623.436149
110.540000	-8.030000	-156.025604	16.939100	-2.996925	82.985011	2624.611475
110.540000	-8.030000	-156.025604	17.189100	-2.107458	83.001189	2625.781020
110.540000	-8.030000	-156.025604	17.439100	-1.202079	83.017401	2626.699229
110.540000	-8.030000	-156.025604	17.689100	-1.245916	83.033670	2627.617437
110.540000	-8.030000	-156.025604	17.939100	-1.250640	83.049974	2628.535646
110.540000	-8.030000	-156.025604	18.189100	-1.216787	83.066336	2629.453854
110.540000	-8.030000	-156.025604	18.439100	-0.889924	83.082736	2630.372063
110.540000	-8.030000	-156.025604	18.689100	-0.513955	83.099195	2631.222855
110.540000	-8.030000	-156.025604	18.939100	0.073933	83.115693	2632.061475
110.540000	-8.030000	-156.025604	19.189100	0.531539	83.132253	2632.782702
110.540000	-8.030000	-156.025604	19.439100	0.276388	83.148854	2633.533530
110.540000	-8.030000	-156.025604	19.689100	-0.119547	83.165517	2634.329469
110.540000	-8.030000	-156.025604	19.939100	-0.322909	83.182223	2635.181214
110.540000	-8.030000	-156.025604	20.189100	0.004881	83.198995	2636.032959
110.540000	-8.030000	-156.025604	20.439100	0.677521	83.215810	2636.801305
110.540000	-8.030000	-156.025604	20.689100	1.057681	83.232692	2637.467524
110.540000	-8.030000	-156.025604	20.939100	1.040753	83.249620	2638.133742
110.540000	-8.030000	-156.025604	21.189100	1.023756	83.266617	2638.799961
110.540000	-8.030000	-156.025604	21.439100	1.007506	83.283662	2639.466180
110.540000	-8.030000	-156.025604	21.689100	0.823651	83.300777	2640.132398
110.540000	-8.030000	-156.025604	21.939100	-0.472726	83.317942	2640.833702
110.540000	-8.030000	-156.025604	22.189100	-0.694412	83.335180	2641.766970
110.540000	-8.030000	-156.025604	22.439100	1.871616	83.352470	2642.485157
110.540000	-8.030000	-156.025604	22.689100	3.571518	83.369834	2642.822783
110.540000	-8.030000	-156.025604	22.939100	3.554100	83.387252	2643.160408
110.540000	-8.030000	-156.025604	23.189100	3.536606	83.404746	2643.498034
110.540000	-8.030000	-156.025604	23.439100	3.519055	83.422296	2643.835659
110.540000	-8.030000	-156.025604	23.689100	2.535799	83.439925	2644.173285
110.540000	-8.030000	-156.025604	23.939100	0.556177	83.457612	2644.722338
110.540000	-8.030000	-156.025604	24.189100	-0.308479	83.475380	2645.453606
110.540000	-8.030000	-156.025604	24.439100	-0.326307	83.493208	2646.184875
110.540000	-8.030000	-156.025604	24.689100	-0.344218	83.511119	2646.916143
110.540000	-8.030000	-155.775604	16.189100	-3.001858	83.006320	2627.754140
110.540000	-8.030000	-155.775604	16.439100	-3.019114	83.023577	2628.929466
110.540000	-8.030000	-155.775604	16.689100	-2.882407	83.040804	2630.104792
110.540000	-8.030000	-155.775604	16.939100	-1.986366	83.058153	2631.225105
110.540000	-8.030000	-155.775604	17.189100	-1.287719	83.075474	2632.143314
110.540000	-8.030000	-155.775604	17.439100	-1.305164	83.092918	2633.061522
110.540000	-8.030000	-155.775604	17.689100	-1.322582	83.110336	2633.979731
110.540000	-8.030000	-155.775604	17.939100	-1.340125	83.127880	2634.897939
110.540000	-8.030000	-155.775604	18.189100	-1.357644	83.145398	2635.816148
110.540000	-8.030000	-155.775604	18.439100	-1.375290	83.163045	2636.734356
110.540000	-8.030000	-155.775604	18.689100	-1.350622	83.180667	2637.652565
110.540000	-8.030000	-155.775604	18.939100	-1.170009	83.198420	2638.570774
110.540000	-8.030000	-155.775604	19.189100	-0.793014	83.216151	2639.454843
110.540000	-8.030000	-155.775604	19.439100	-0.598258	83.234013	2640.306588
110.540000	-8.030000	-155.775604	19.689100	-0.568926	83.251855	2641.158333
110.540000	-8.030000	-155.775604	19.939100	-0.301502	83.269831	2642.010079
110.540000	-8.030000	-155.775604	20.189100	0.411793	83.287789	2642.798408
110.540000	-8.030000	-155.775604	20.439100	0.879242	83.305882	2643.464627
110.540000	-8.030000	-155.775604	20.689100	0.866320	83.323959	2644.130845
110.540000	-8.030000	-155.775604	20.939100	0.853251	83.342174	2644.797064
110.540000	-8.030000	-155.775604	21.189100	0.840188	83.360374	2645.463283
110.540000	-8.030000	-155.775604	21.439100	0.826975	83.378714	2646.129501
110.540000	-8.030000	-155.775604	21.689100	0.813767	83.397042	2646.795720
110.540000	-8.030000	-155.775604	21.939100	0.645984	83.415512	2647.461939
110.540000	-8.030000	-155.775604	22.189100	0.611264	83.433971	2648.160334
110.540000	-8.030000	-155.775604	22.439100	2.108646	83.452574	2648.803680
110.540000	-8.030000	-155.775604	22.689100	3.470183	83.471168	2649.141306
110.540000	-8.030000	-155.775604	22.939100	3.451442	83.489910	2649.478931
110.540000	-8.030000	-155.775604	23.189100	3.432707	83.508644	2649.816557
110.540000	-8.030000	-155.775604	23.439100	3.413824	83.527528	2650.154182
110.540000	-8.030000	-155.775604	23.689100	3.394945	83.546407	2650.491808
110.540000	-8.030000	-155.775604	23.939100	1.538405	83.565438	2650.829434
110.540000	-8.030000	-155.775604	24.189100	-0.396822	83.584466	2651.556220
110.540000	-8.030000	-155.775604	24.439100	-0.436747	83.603648	2652.287488
110.540000	-8.030000	-155.775604	24.689100	-0.455929	83.622830	2653.018757
110.540000	-8.030000	-155.525604	16.189100	-3.071415	83.075878	2634.422782
110.540000	-8.030000	-155.525604	16.439100	-2.764110	83.094268	2635.598108
110.540000	-8.030000	-155.525604	16.689100	-1.861345	83.112719	2636.669190
110.540000	-8.030000	-155.525604	16.939100	-1.343454	83.131209	2637.587399
110.540000	-8.030000	-155.525604	17.189100	-1.362006	83.149760	2638.505607
110.540000	-8.030000	-155.525604	17.439100	-1.380597	83.168352	2639.423816
110.540000	-8.030000	-155.525604	17.689100	-1.399253	83.187007	2640.342024
110.540000	-8.030000	-155.525604	17.939100	-1.418065	83.205705	2641.260233
110.540000	-8.030000	-155.525604	18.189100	-1.437323	83.224468	2642.178441
110.540000	-8.030000	-155.525604	18.439100	-1.453802	83.243275	2643.096650
110.540000	-8.030000	-155.525604	18.689100	-1.469743	83.262150	2644.014219
110.540000	-8.030000	-155.525604	18.939100	-1.414141	83.281071	2644.931650
110.540000	-8.030000	-155.525604	19.189100	-1.266591	83.300061	2645.832219
110.540000	-8.030000	-155.525604	19.439100	-1.184683	83.319100	2646.714075
110.540000	-8.030000	-155.525604	19.689100	-1.185517	83.338209	2647.595930
110.540000	-8.030000	-155.525604	19.939100	-0.517191	83.357369	2648.477785
110.540000	-8.030000	-155.525604	20.189100	0.309853	83.376602	2649.207210
110.540000	-8.030000	-155.525604	20.439100	0.525457	83.395888	2649.885118
110.540000	-8.030000	-155.525604	20.689100	0.511630	83.415248	2650.563026
110.540000	-8.030000	-155.525604	20.939100	0.497739	83.434664	2651.240934
110.540000	-8.030000	-155.525604	21.189100	0.483761	83.454156	2651.918842
110.540000	-8.030000	-155.525604	21.439100	0.469716	83.473706	2652.596750
110.540000	-8.030000	-155.525604	21.689100	0.455581	83.493335	2653.274658
110.540000	-8.030000	-155.525604	21.939100	0.441378	83.513023	2653.952566
110.540000	-8.030000	-155.525604	22.189100	1.188645	83.532792	2654.630475
110.540000	-8.030000	-155.525604	22.439100	2.648115	83.552623	2655.122203
110.540000	-8.030000	-155.525604	22.689100	3.365622	83.572537	2655.459829
110.540000	-8.030000	-155.525604	22.939100	3.348836	83.592516	2655.797454
110.540000	-8.030000	-155.525604	23.189100	3.328772	83.612580	2656.135080
110.540000	-8.030000	-155.525604	23.439100	3.308641	83.632711	2656.472706
110.540000	-8.030000	-155.525604	23.689100	3.288422	83.652930	2656.810331
110.540000	-8.030000	-155.525604	23.939100	2.485478	83.673218	2657.147957
110.540000	-8.030000	-155.525604	24.189100	0.515431	83.693596	2657.658834
110.540000	-8.030000	-155.525604	24.439100	-0.547145	83.714046	2658.390102
110.540000	-8.030000	-155.525604	24.689100	-0.567688	83.734589	2659.121370
110.540000	-8.030000	-155.275604	15.939100	-3.121307	83.125770	2639.916098
110.540000	-8.030000	-155.275604	16.189100	-2.641871	83.145256	2641.091424
110.540000	-8.030000	-155.275604	16.439100	-1.732359	83.164869	2642.113275
110.540000	-8.030000	-155.275604	16.689100	-1.396704	83.184458	2643.031483
110.540000	-8.030000	-155.275604	16.939100	-1.416422	83.204177	2643.949692
110.540000	-8.030000	-155.275604	17.189100	-1.436119	83.223873	2644.867901
110.540000	-8.030000	-155.275604	17.439100	-1.456262	83.243700	2645.786109
110.540000	-8.030000	-155.275604	17.689100	-1.475771	83.263507	2646.704318
110.540000	-8.030000	-155.275604	17.939100	-1.492778	83.283448	2647.622346
110.540000	-8.030000	-155.275604	18.189100	-1.510558	83.303370	2648.539778
110.540000	-8.030000	-155.275604	18.439100	-1.531110	83.323427	2649.457209
110.540000	-8.030000	-155.275604	18.689100	-1.551238	83.343468	2650.374641
110.540000	-8.030000	-155.275604	18.939100	-1.491676	83.363646	2651.292072
110.540000	-8.030000	-155.275604	19.189100	-1.356237	83.383810	2652.191435
110.540000	-8.030000	-155.275604	19.439100	-1.299174	83.404113	2653.073290
110.540000	-8.030000	-155.275604	19.689100	-1.319465	83.424404	2653.955145
110.540000	-8.030000	-155.275604	19.939100	-0.476088	83.444837	2654.837001
110.540000	-8.030000	-155.275604	20.189100	0.388597	83.465260	2655.518296
110.540000	-8.030000	-155.275604	20.439100	0.383230	83.485827	2656.196204
110.540000	-8.030000	-155.275604	20.689100	0.362671	83.506385	2656.874112
110.540000	-8.030000	-155.275604	20.939100	0.341966	83.527090	2657.552020
110.540000	-8.030000	-155.275604	21.189100	0.321267	83.547789	2658.229928
110.540000	-8.030000	-155.275604	21.439100	0.300419	83.568637	2658.907836
110.540000	-8.030000	-155.275604	21.689100	0.279575	83.589481	2659.585744
110.540000	-8.030000	-155.275604	21.939100	0.776042	83.610477	2660.263653
110.540000	-8.030000	-155.275604	22.189100	1.607031	83.631470	2660.820134
110.540000	-8.030000	-155.275604	22.439100	1.966094	83.652618	2661.292641
110.540000	-8.030000	-155.275604	22.689100	2.548472	83.673767	2661.765149
110.540000	-8.030000	-155.275604	22.939100	3.178429	83.695072	2662.115978
110.540000	-8.030000	-155.275604	23.189100	3.224972	83.716380	2662.453603
110.540000	-8.030000	-155.275604	23.439100	3.203505	83.737847	2662.791229
110.540000	-8.030000	-155.275604	23.689100	3.182032	83.759320	2663.128854
110.540000	-8.030000	-155.275604	23.939100	3.160398	83.780954	2663.466480
110.540000	-8.030000	-155.275604	24.189100	1.490439	83.802597	2663.804105
110.540000	-8.030000	-155.275604	24.439100	-0.460004	83.824404	2664.492716
110.540000	-8.030000	-155.275604	24.689100	-0.679321	83.846222	2665.223984
110.540000	-8.030000	-155.025604	15.689100	-3.168824	83.173287	2645.409414
110.540000	-8.030000	-155.025604	15.939100	-2.515837	83.193929	2646.584740
110.540000	-8.030000	-155.025604	16.189100	-1.599424	83.214636	2647.557360
110.540000	-8.030000	-155.025604	16.439100	-1.447631	83.235386	2648.475568
110.540000	-8.030000	-155.025604	16.689100	-1.468471	83.256202	2649.393777
110.540000	-8.030000	-155.025604	16.939100	-1.489827	83.277063	2650.311985
110.540000	-8.030000	-155.025604	17.189100	-1.509059	83.297993	2651.230194
110.540000	-8.030000	-155.025604	17.439100	-1.527103	83.318970	2652.147906
110.540000	-8.030000	-155.025604	17.689100	-1.547408	83.340017	2653.065337
110.540000	-8.030000	-155.025604	17.939100	-1.568885	83.361115	2653.982768
110.540000	-8.030000	-155.025604	18.189100	-1.590055	83.382284	2654.900200
110.540000	-8.030000	-155.025604	18.439100	-1.611276	83.403505	2655.817631
110.540000	-8.030000	-155.025604	18.689100	-1.632572	83.424801	2656.735063
110.540000	-8.030000	-155.025604	18.939100	-1.568853	83.446150	2657.652494
110.540000	-8.030000	-155.025604	19.189100	-1.434672	83.467577	2658.550650
110.540000	-8.030000	-155.025604	19.439100	-1.384121	83.489059	2659.432505
110.540000	-8.030000	-155.025604	19.689100	-1.207831	83.510621	2660.314360
110.540000	-8.030000	-155.025604	19.939100	-0.374810	83.532241	2661.151474
110.540000	-8.030000	-155.025604	20.189100	0.315115	83.553942	2661.829382
110.540000	-8.030000	-155.025604	20.439100	0.293352	83.575704	2662.507290
110.540000	-8.030000	-155.025604	20.689100	0.271507	83.597549	2663.185198
110.540000	-8.030000	-155.025604	20.939100	0.249598	83.619458	2663.863106
110.540000	-8.030000	-155.025604	21.189100	0.227604	83.641452	2664.541014
110.540000	-8.030000	-155.025604	21.439100	0.205543	83.663513	2665.218922
110.540000	-8.030000	-155.025604	21.689100	0.465310	83.685661	2665.896830
110.540000	-8.030000	-155.025604	21.939100	1.286526	83.707878	2666.511414
110.540000	-8.030000	-155.025604	22.189100	1.886172	83.730186	2666.983922
110.540000	-8.030000	-155.025604	22.439100	1.863793	83.752565	2667.456429
110.540000	-8.030000	-155.025604	22.689100	1.841322	83.775036	2667.928937
110.540000	-8.030000	-155.025604	22.939100	2.327686	83.797582	2668.401444
110.540000	-8.030000	-155.025604	23.189100	2.958241	83.820223	2668.772126
110.540000	-8.030000	-155.025604	23.439100	3.098411	83.842941	2669.109752
110.540000	-8.030000	-155.025604	23.689100	3.075596	83.865756	2669.447377
110.540000	-8.030000	-155.025604	23.939100	3.052700	83.888652	2669.785003
110.540000	-8.030000	-155.025604	24.189100	2.419394	83.911648	2670.122628
110.540000	-8.030000	-155.025604	24.439100	0.468459	83.934726	2670.595329
110.540000	-8.030000	-155.025604	24.689100	-0.791007	83.957908	2671.326598
110.540000	-8.030000	-154.775604	15.689100	-2.385842	83.240139	2652.078056
110.540000	-8.030000	-154.775604	15.939100	-1.462505	83.262000	2653.001445
110.540000	-8.030000	-154.775604	16.189100	-1.496312	83.283841	2653.919653
110.540000	-8.030000	-154.775604	16.439100	-1.518619	83.305816	2654.837862
110.540000	-8.030000	-154.775604	16.689100	-1.537643	83.327773	2655.756033
110.540000	-8.030000	-154.775604	16.939100	-1.556965	83.349867	2656.673465
110.540000	-8.030000	-154.775604	17.189100	-1.579537	83.371944	2657.590896
110.540000	-8.030000	-154.775604	17.439100	-1.601931	83.394160	2658.508328
110.540000	-8.030000	-154.775604	17.689100	-1.624133	83.416362	2659.425759
110.540000	-8.030000	-154.775604	17.939100	-1.646475	83.438705	2660.343190
110.540000	-8.030000	-154.775604	18.189100	-1.668806	83.461035	2661.260622
110.540000	-8.030000	-154.775604	18.439100	-1.691281	83.483510	2662.178053
110.540000	-8.030000	-154.775604	18.689100	-1.713745	83.505974	2663.095485
110.540000	-8.030000	-154.775604	18.939100	-1.645960	83.528584	2664.012916
110.540000	-8.030000	-154.775604	19.189100	-1.512950	83.551187	2664.909865
110.540000	-8.030000	-154.775604	19.439100	-1.468999	83.573938	2665.791720
110.540000	-8.030000	-154.775604	19.689100	-1.080859	83.596684	2666.673575
110.540000	-8.030000	-154.775604	19.939100	-0.248502	83.619580	2667.462560
110.540000	-8.030000	-154.775604	20.189100	0.226583	83.642473	2668.140468
110.540000	-8.030000	-154.775604	20.439100	0.203536	83.665520	2668.818376
110.540000	-8.030000	-154.775604	20.689100	0.180490	83.688566	2669.496284
110.540000	-8.030000	-154.775604	20.939100	0.157288	83.711768	2670.174192
110.540000	-8.030000	-154.775604	21.189100	0.134084	83.734972	2670.852100
110.540000	-8.030000	-154.775604	21.439100	0.134156	83.758335	2671.530008
110.540000	-8.030000	-154.775604	21.689100	0.971061	83.781701	2672.202695
110.540000	-8.030000	-154.775604	21.939100	1.811128	83.805230	2672.675202
110.540000	-8.030000	-154.775604	22.189100	1.787593	83.828765	2673.147710
110.540000	-8.030000	-154.775604	22.439100	1.763894	83.852464	2673.620217
110.540000	-8.030000	-154.775604	22.689100	1.740185	83.876172	2674.092725
110.540000	-8.030000	-154.775604	22.939100	1.716310	83.900048	2674.565232
110.540000	-8.030000	-154.775604	23.189100	2.104074	83.923936	2675.037740
110.540000	-8.030000	-154.775604	23.439100	2.735150	83.947994	2675.428275
110.540000	-8.030000	-154.775604	23.689100	2.969285	83.972067	2675.765900
110.540000	-8.030000	-154.775604	23.939100	2.945039	83.996313	2676.103526
110.540000	-8.030000	-154.775604	24.189100	2.920776	84.020576	2676.441151
110.540000	-8.030000	-154.775604	24.439100	1.436159	84.045016	2676.778777
110.540000	-8.030000	-154.775604	24.689100	-0.528194	84.069476	2677.429211
110.540000	-8.030000	-154.775604	24.939100	-0.927214	84.094115	2678.160480
110.540000	-8.030000	-154.525604	15.439100	-2.252034	83.284047	2657.527321
110.540000	-8.030000	-154.525604	15.689100	-1.516370	83.306994	2658.445530
110.540000	-8.030000	-154.525604	15.939100	-1.541594	83.329988	2659.363738
110.540000	-8.030000	-154.525604	16.189100	-1.561725	83.353053	2660.281593
110.540000	-8.030000	-154.525604	16.439100	-1.583467	83.376167	2661.199024
110.540000	-8.030000	-154.525604	16.689100	-1.607125	83.399354	2662.116455
110.540000	-8.030000	-154.525604	16.939100	-1.630364	83.422593	2663.033887
110.540000	-8.030000	-154.525604	17.189100	-1.653678	83.445907	2663.951318
110.540000	-8.030000	-154.525604	17.439100	-1.677046	83.469275	2664.868750
110.540000	-8.030000	-154.525604	17.689100	-1.700492	83.492721	2665.786181
110.540000	-8.030000	-154.525604	17.939100	-1.723994	83.516223	2666.703612
110.540000	-8.030000	-154.525604	18.189100	-1.747576	83.539805	2667.621044
110.540000	-8.030000	-154.525604	18.439100	-1.771217	83.563446	2668.538475
110.540000	-8.030000	-154.525604	18.689100	-1.794939	83.587168	2669.455907
110.540000	-8.030000	-154.525604	18.939100	-1.723001	83.610953	2670.373338
110.540000	-8.030000	-154.525604	19.189100	-1.591252	83.634821	2671.269080
110.540000	-8.030000	-154.525604	19.439100	-1.553816	83.658754	2672.150935
110.540000	-8.030000	-154.525604	19.689100	-0.953705	83.682774	2673.032791
110.540000	-8.030000	-154.525604	19.939100	-0.120128	83.706860	2673.773646
110.540000	-8.030000	-154.525604	20.189100	0.138021	83.731035	2674.451554
110.540000	-8.030000	-154.525604	20.439100	0.113776	83.755280	2675.129462
110.540000	-8.030000	-154.525604	20.689100	0.089440	83.779616	2675.807370
110.540000	-8.030000	-154.525604	20.939100	0.065031	83.804025	2676.485278
110.540000	-8.030000	-154.525604	21.189100	0.040528	83.828528	2677.163186
110.540000	-8.030000	-154.525604	21.439100	0.660440	83.853106	2677.841094
110.540000	-8.030000	-154.525604	21.689100	1.494317	83.877781	2678.366482
110.540000	-8.030000	-154.525604	21.939100	1.713824	83.902534	2678.838990
110.540000	-8.030000	-154.525604	22.189100	1.688972	83.927386	2679.311498
110.540000	-8.030000	-154.525604	22.439100	1.664038	83.952320	2679.784005
110.540000	-8.030000	-154.525604	22.689100	1.639003	83.977355	2680.256513
110.540000	-8.030000	-154.525604	22.939100	1.613883	84.002475	2680.729020
110.540000	-8.030000	-154.525604	23.189100	1.588659	84.027699	2681.201528
110.540000	-8.030000	-154.525604	23.439100	1.877453	84.053011	2681.674035
110.540000	-8.030000	-154.525604	23.689100	2.509111	84.078430	2682.084423
110.540000	-8.030000	-154.525604	23.939100	2.837412	84.103940	2682.422049
110.540000	-8.030000	-154.525604	24.189100	2.811791	84.129561	2682.759674
110.540000	-8.030000	-154.525604	24.439100	2.348178	84.155275	2683.097300
110.540000	-8.030000	-154.525604	24.689100	0.415166	84.181103	2683.531825
110.540000	-8.030000	-154.525604	24.939100	-1.040128	84.207029	2684.263093
110.540000	-8.030000	-154.275604	15.189100	-2.114906	83.325504	2662.971406
110.540000	-8.030000	-154.275604	15.439100	-1.560007	83.349598	2663.889614
110.540000	-8.030000	-154.275604	15.689100	-1.581151	83.373676	2664.807152
110.540000	-8.030000	-154.275604	15.939100	-1.605393	83.397892	2665.724583
110.540000	-8.030000	-154.275604	16.189100	-1.629865	83.422094	2666.642015
110.540000	-8.030000	-154.275604	16.439100	-1.654207	83.446437	2667.559446
110.540000	-8.030000	-154.275604	16.689100	-1.678538	83.470767	2668.476877
110.540000	-8.030000	-154.275604	16.939100	-1.703012	83.495242	2669.394309
110.540000	-8.030000	-154.275604	17.189100	-1.727477	83.519706	2670.311740
110.540000	-8.030000	-154.275604	17.439100	-1.752087	83.544316	2671.229172
110.540000	-8.030000	-154.275604	17.689100	-1.776690	83.568919	2672.146603
110.540000	-8.030000	-154.275604	17.939100	-1.801441	83.593670	2673.064034
110.540000	-8.030000	-154.275604	18.189100	-1.826187	83.618416	2673.981466
110.540000	-8.030000	-154.275604	18.439100	-1.851084	83.643314	2674.898897
110.540000	-8.030000	-154.275604	18.689100	-1.875979	83.668208	2675.816329
110.540000	-8.030000	-154.275604	18.939100	-1.799977	83.693256	2676.733760
110.540000	-8.030000	-154.275604	19.189100	-1.669402	83.718304	2677.628295
110.540000	-8.030000	-154.275604	19.439100	-1.638570	83.743509	2678.510150
110.540000	-8.030000	-154.275604	19.689100	-0.844546	83.768715	2679.392006
110.540000	-8.030000	-154.275604	19.939100	0.008487	83.794081	2680.084732
110.540000	-8.030000	-154.275604	20.189100	0.049604	83.819452	2680.762640
110.540000	-8.030000	-154.275604	20.439100	0.024071	83.844985	2681.440548
110.540000	-8.030000	-154.275604	20.689100	-0.001469	83.870525	2682.118456
110.540000	-8.030000	-154.275604	20.939100	-0.027175	83.896231	2682.796364
110.540000	-8.030000	-154.275604	21.189100	0.354782	83.921946	2683.474272
110.540000	-8.030000	-154.275604	21.439100	1.176894	83.947830	2684.057763
110.540000	-8.030000	-154.275604	21.689100	1.642631	83.973726	2684.530270
110.540000	-8.030000	-154.275604	21.939100	1.616564	83.999794	2685.002778
110.540000	-8.030000	-154.275604	22.189100	1.590481	84.025877	2685.475285
110.540000	-8.030000	-154.275604	22.439100	1.564223	84.052134	2685.947793
110.540000	-8.030000	-154.275604	22.689100	1.537948	84.078410	2686.420300
110.540000	-8.030000	-154.275604	22.939100	1.511494	84.104864	2686.892808
110.540000	-8.030000	-154.275604	23.189100	1.485019	84.131338	2687.365316
110.540000	-8.030000	-154.275604	23.439100	1.458364	84.157994	2687.837823
110.540000	-8.030000	-154.275604	23.689100	1.647955	84.184674	2688.310331
110.540000	-8.030000	-154.275604	23.939100	2.280117	84.211538	2688.740572
110.540000	-8.030000	-154.275604	24.189100	2.702922	84.238429	2689.078198
110.540000	-8.030000	-154.275604	24.439100	2.675843	84.265509	2689.415823
110.540000	-8.030000	-154.275604	24.689100	1.375646	84.292619	2689.753449
110.540000	-8.030000	-154.275604	24.939100	-0.601631	84.319920	2690.365707
110.540000	-8.030000	-154.025604	15.189100	-1.597052	83.389843	2669.332711
110.540000	-8.030000	-154.025604	15.439100	-1.622771	83.415067	2670.250142
110.540000	-8.030000	-154.025604	15.689100	-1.648136	83.440365	2671.167574
110.540000	-8.030000	-154.025604	15.939100	-1.673488	83.465717	2672.085005
110.540000	-8.030000	-154.025604	16.189100	-1.698917	83.491146	2673.002437
110.540000	-8.030000	-154.025604	16.439100	-1.724402	83.516631	2673.919868
110.540000	-8.030000	-154.025604	16.689100	-1.749966	83.542195	2674.837299
110.540000	-8.030000	-154.025604	16.939100	-1.775588	83.567817	2675.754731
110.540000	-8.030000	-154.025604	17.189100	-1.801293	83.593522	2676.672162
110.540000	-8.030000	-154.025604	17.439100	-1.827058	83.619287	2677.589594
110.540000	-8.030000	-154.025604	17.689100	-1.852908	83.645137	2678.507025
110.540000	-8.030000	-154.025604	17.939100	-1.878822	83.671051	2679.424456
110.540000	-8.030000	-154.025604	18.189100	-1.904822	83.697051	2680.341888
110.540000	-8.030000	-154.025604	18.439100	-1.930889	83.723118	2681.259319
110.540000	-8.030000	-154.025604	18.689100	-1.957045	83.749274	2682.176750
110.540000	-8.030000	-154.025604	18.939100	-1.876892	83.775499	2683.094182
110.540000	-8.030000	-154.025604	19.189100	-1.747581	83.801816	2683.987510
110.540000	-8.030000	-154.025604	19.439100	-1.575982	83.828206	2684.869365
110.540000	-8.030000	-154.025604	19.689100	-0.742215	83.854690	2685.717910
110.540000	-8.030000	-154.025604	19.939100	-0.012193	83.881249	2686.395818
110.540000	-8.030000	-154.025604	20.189100	-0.038849	83.907905	2687.073726
110.540000	-8.030000	-154.025604	20.439100	-0.065583	83.934639	2687.751634
110.540000	-8.030000	-154.025604	20.689100	-0.092417	83.961473	2688.429542
110.540000	-8.030000	-154.025604	20.939100	0.043681	83.988389	2689.107450
110.540000	-8.030000	-154.025604	21.189100	0.866365	84.015407	2689.749043
110.540000	-8.030000	-154.025604	21.439100	1.573848	84.042509	2690.221551
110.540000	-8.030000	-154.025604	21.689100	1.546640	84.069717	2690.694058
110.540000	-8.030000	-154.025604	21.939100	1.519345	84.097013	2691.166566
110.540000	-8.030000	-154.025604	22.189100	1.491941	84.124417	2691.639073
110.540000	-8.030000	-154.025604	22.439100	1.464446	84.151912	2692.111581
110.540000	-8.030000	-154.025604	22.689100	1.436840	84.179518	2692.584088
110.540000	-8.030000	-154.025604	22.939100	1.409139	84.207219	2693.056596
110.540000	-8.030000	-154.025604	23.189100	1.381324	84.235034	2693.529103
110.540000	-8.030000	-154.025604	23.439100	1.353411	84.262946	2694.001611
110.540000	-8.030000	-154.025604	23.689100	1.325381	84.290977	2694.474118
110.540000	-8.030000	-154.025604	23.939100	1.415395	84.319109	2694.946626
110.540000	-8.030000	-154.025604	24.189100	2.048122	84.347361	2695.396721
110.540000	-8.030000	-154.025604	24.439100	2.565633	84.375719	2695.734346
110.540000	-8.030000	-154.025604	24.689100	2.271729	84.404201	2696.071972
110.540000	-8.030000	-154.025604	24.939100	0.355491	84.432791	2696.468320
110.540000	-8.030000	-153.775604	15.189100	-1.648693	83.454011	2675.693133
110.540000	-8.030000	-153.775604	15.439100	-1.688225	83.480454	2676.610564
110.540000	-8.030000	-153.775604	15.689100	-1.714657	83.506886	2677.527996
110.540000	-8.030000	-153.775604	15.939100	-1.741234	83.533463	2678.445427
110.540000	-8.030000	-153.775604	16.189100	-1.767803	83.560032	2679.362859
110.540000	-8.030000	-153.775604	16.439100	-1.794519	83.586748	2680.280290
110.540000	-8.030000	-153.775604	16.689100	-1.821230	83.613459	2681.197721
110.540000	-8.030000	-153.775604	16.939100	-1.848091	83.640320	2682.115153
110.540000	-8.030000	-153.775604	17.189100	-1.874949	83.667178	2683.032584
110.540000	-8.030000	-153.775604	17.439100	-1.901960	83.694189	2683.950016
110.540000	-8.030000	-153.775604	17.689100	-1.928969	83.721199	2684.867447
110.540000	-8.030000	-153.775604	17.939100	-1.956135	83.748365	2685.784878
110.540000	-8.030000	-153.775604	18.189100	-1.983303	83.775532	2686.702310
110.540000	-8.030000	-153.775604	18.439100	-2.010630	83.802859	2687.619741
110.540000	-8.030000	-153.775604	18.689100	-2.037961	83.830190	2688.537172
110.540000	-8.030000	-153.775604	18.939100	-1.953747	83.857683	2689.454604
110.540000	-8.030000	-153.775604	19.189100	-1.825614	83.885182	2690.346725
110.540000	-8.030000	-153.775604	19.439100	-1.447638	83.912847	2691.228581
110.540000	-8.030000	-153.775604	19.689100	-0.620635	83.940521	2692.028996
110.540000	-8.030000	-153.775604	19.939100	-0.099308	83.968364	2692.706904
110.540000	-8.030000	-153.775604	20.189100	-0.127162	83.996218	2693.384812
110.540000	-8.030000	-153.775604	20.439100	-0.155188	84.024244	2694.062720
110.540000	-8.030000	-153.775604	20.689100	-0.183230	84.052286	2694.740628
110.540000	-8.030000	-153.775604	20.939100	0.560760	84.080501	2695.418536
110.540000	-8.030000	-153.775604	21.189100	1.406964	84.108735	2695.912831
110.540000	-8.030000	-153.775604	21.439100	1.479211	84.137147	2696.385339
110.540000	-8.030000	-153.775604	21.689100	1.450778	84.165580	2696.857846
110.540000	-8.030000	-153.775604	21.939100	1.422164	84.194194	2697.330354
110.540000	-8.030000	-153.775604	22.189100	1.393526	84.222832	2697.802861
110.540000	-8.030000	-153.775604	22.439100	1.364703	84.251654	2698.275369
110.540000	-8.030000	-153.775604	22.689100	1.335853	84.280505	2698.747876
110.540000	-8.030000	-153.775604	22.939100	1.306815	84.309543	2699.220384
110.540000	-8.030000	-153.775604	23.189100	1.277746	84.338612	2699.692891
110.540000	-8.030000	-153.775604	23.439100	1.248486	84.367872	2700.165399
110.540000	-8.030000	-153.775604	23.689100	1.219191	84.397166	2700.637906
110.540000	-8.030000	-153.775604	23.939100	1.189702	84.426656	2701.110414
110.540000	-8.030000	-153.775604	24.189100	1.179905	84.456183	2701.582921
110.540000	-8.030000	-153.775604	24.439100	1.813117	84.485909	2702.052869
110.540000	-8.030000	-153.775604	24.689100	2.421492	84.515676	2702.390495
110.540000	-8.030000	-153.775604	24.939100	1.308665	84.545646	2702.728120
110.540000	-8.030000	-153.525604	15.189100	-1.645842	83.518188	2682.059289
110.540000	-8.030000	-153.525604	15.439100	-1.722320	83.545763	2682.970986
110.540000	-8.030000	-153.525604	15.689100	-1.781190	83.573419	2683.888418
110.540000	-8.030000	-153.525604	15.939100	-1.808906	83.601135	2684.805849
110.540000	-8.030000	-153.525604	16.189100	-1.836704	83.628933	2685.723281
110.540000	-8.030000	-153.525604	16.439100	-1.864566	83.656795	2686.640712
110.540000	-8.030000	-153.525604	16.689100	-1.892513	83.684742	2687.558143
110.540000	-8.030000	-153.525604	16.939100	-1.920526	83.712755	2688.475575
110.540000	-8.030000	-153.525604	17.189100	-1.948627	83.740856	2689.393006
110.540000	-8.030000	-153.525604	17.439100	-1.976796	83.769025	2690.310438
110.540000	-8.030000	-153.525604	17.689100	-2.005056	83.797285	2691.227869
110.540000	-8.030000	-153.525604	17.939100	-2.033388	83.825617	2692.145300
110.540000	-8.030000	-153.525604	18.189100	-2.061813	83.854042	2693.062732
110.540000	-8.030000	-153.525604	18.439100	-2.090312	83.882542	2693.980163
110.540000	-8.030000	-153.525604	18.689100	-2.118908	83.911137	2694.897594
110.540000	-8.030000	-153.525604	18.939100	-2.030547	83.939811	2695.815026
110.540000	-8.030000	-153.525604	19.189100	-1.903681	83.968583	2696.705940
110.540000	-8.030000	-153.525604	19.439100	-1.319032	83.997436	2697.587796
110.540000	-8.030000	-153.525604	19.689100	-0.490894	84.026391	2698.340082
110.540000	-8.030000	-153.525604	19.939100	-0.186374	84.055430	2699.017990
110.540000	-8.030000	-153.525604	20.189100	-0.215517	84.084573	2699.695898
110.540000	-8.030000	-153.525604	20.439100	-0.244748	84.113804	2700.373806
110.540000	-8.030000	-153.525604	20.689100	0.260020	84.143143	2701.051714
110.540000	-8.030000	-153.525604	20.939100	1.083178	84.172572	2701.604112
110.540000	-8.030000	-153.525604	21.189100	1.414246	84.202112	2702.076619
110.540000	-8.030000	-153.525604	21.439100	1.384612	84.231746	2702.549127
110.540000	-8.030000	-153.525604	21.689100	1.354864	84.261494	2703.021634
110.540000	-8.030000	-153.525604	21.939100	1.325018	84.291339	2703.494142
110.540000	-8.030000	-153.525604	22.189100	1.295056	84.321302	2703.966649
110.540000	-8.030000	-153.525604	22.439100	1.264992	84.351366	2704.439157
110.540000	-8.030000	-153.525604	22.689100	1.234808	84.381550	2704.911664
110.540000	-8.030000	-153.525604	22.939100	1.204519	84.411839	2705.384172
110.540000	-8.030000	-153.525604	23.189100	1.174106	84.442252	2705.856679
110.540000	-8.030000	-153.525604	23.439100	1.143585	84.472773	2706.329187
110.540000	-8.030000	-153.525604	23.689100	1.112936	84.503422	2706.801694
110.540000	-8.030000	-153.525604	23.939100	1.082175	84.534183	2707.274202
110.540000	-8.030000	-153.525604	24.189100	1.051283	84.565075	2707.746709
110.540000	-8.030000	-153.525604	24.439100	1.021181	84.596083	2708.219217
110.540000	-8.030000	-153.525604	24.689100	1.575058	84.627226	2708.691724
110.540000	-8.030000	-153.525604	24.939100	2.102311	84.658489	2709.046643
110.540000	-8.030000	-153.525604	25.189100	0.289339	84.689890	2709.404816
110.540000	-8.030000	-153.275604	15.189100	-1.687610	83.582197	2688.433006
110.540000	-8.030000	-153.275604	15.439100	-1.720555	83.610994	2689.340735
110.540000	-8.030000	-153.275604	15.689100	-1.798227	83.639787	2690.248840
110.540000	-8.030000	-153.275604	15.939100	-1.874455	83.668731	2691.166271
110.540000	-8.030000	-153.275604	16.189100	-1.905444	83.697673	2692.083703
110.540000	-8.030000	-153.275604	16.439100	-1.934541	83.726770	2693.001134
110.540000	-8.030000	-153.275604	16.689100	-1.963638	83.755867	2693.918565
110.540000	-8.030000	-153.275604	16.939100	-1.992892	83.785121	2694.835997
110.540000	-8.030000	-153.275604	17.189100	-2.022150	83.814379	2695.753428
110.540000	-8.030000	-153.275604	17.439100	-2.051568	83.843797	2696.670859
110.540000	-8.030000	-153.275604	17.689100	-2.080991	83.873220	2697.588291
110.540000	-8.030000	-153.275604	17.939100	-2.110579	83.902808	2698.505722
110.540000	-8.030000	-153.275604	18.189100	-2.140174	83.932403	2699.423154
110.540000	-8.030000	-153.275604	18.439100	-2.169937	83.962166	2700.340585
110.540000	-8.030000	-153.275604	18.689100	-2.199711	83.991940	2701.258016
110.540000	-8.030000	-153.275604	18.939100	-2.107293	84.021884	2702.175448
110.540000	-8.030000	-153.275604	19.189100	-1.981608	84.051842	2703.065155
110.540000	-8.030000	-153.275604	19.439100	-1.202296	84.081974	2703.947011
110.540000	-8.030000	-153.275604	19.689100	-0.360833	84.112123	2704.651168
110.540000	-8.030000	-153.275604	19.939100	-0.273392	84.142449	2705.329076
110.540000	-8.030000	-153.275604	20.189100	-0.303738	84.172794	2706.006984
110.540000	-8.030000	-153.275604	20.439100	-0.035871	84.203320	2706.684892
110.540000	-8.030000	-153.275604	20.689100	0.777611	84.233870	2707.295392
110.540000	-8.030000	-153.275604	20.939100	1.351755	84.264603	2707.767900
110.540000	-8.030000	-153.275604	21.189100	1.320996	84.295362	2708.240407
110.540000	-8.030000	-153.275604	21.439100	1.290049	84.326309	2708.712915
110.540000	-8.030000	-153.275604	21.689100	1.259072	84.357285	2709.185422
110.540000	-8.030000	-153.275604	21.939100	1.227905	84.388453	2709.657930
110.540000	-8.030000	-153.275604	22.189100	1.196704	84.419653	2710.130437
110.540000	-8.030000	-153.275604	22.439100	1.165309	84.451048	2710.602945
110.540000	-8.030000	-153.275604	22.689100	1.133878	84.482480	2711.075452
110.540000	-8.030000	-153.275604	22.939100	1.102247	84.514110	2711.547960
110.540000	-8.030000	-153.275604	23.189100	1.070577	84.545781	2712.020467
110.540000	-8.030000	-153.275604	23.439100	1.038704	84.577653	2712.492975
110.540000	-8.030000	-153.275604	23.689100	1.006788	84.609570	2712.965482
110.540000	-8.030000	-153.275604	23.939100	0.974665	84.641693	2713.437990
110.540000	-8.030000	-153.275604	24.189100	0.942495	84.673863	2713.910497
110.540000	-8.030000	-153.275604	24.439100	0.910114	84.706244	2714.383005
110.540000	-8.030000	-153.275604	24.689100	0.877682	84.738676	2714.855512
110.540000	-8.030000	-153.275604	24.939100	1.333932	84.771322	2715.328020
110.540000	-8.030000	-153.275604	25.189100	1.048768	84.804024	2715.702792
110.540000	-8.030000	-153.275604	25.439100	0.151655	84.836945	2716.238698
110.540000	-8.030000	-153.025604	15.189100	-1.751633	83.646219	2694.806724
110.540000	-8.030000	-153.025604	15.439100	-1.781566	83.676152	2695.714453
110.540000	-8.030000	-153.025604	15.689100	-1.811821	83.706172	2696.622182
110.540000	-8.030000	-153.025604	15.939100	-1.876590	83.736258	2697.529910
110.540000	-8.030000	-153.025604	16.189100	-1.955684	83.766433	2698.444125
110.540000	-8.030000	-153.025604	16.439100	-2.004449	83.796678	2699.361556
110.540000	-8.030000	-153.025604	16.689100	-2.034786	83.827015	2700.278987
110.540000	-8.030000	-153.025604	16.939100	-2.065195	83.857424	2701.196419
110.540000	-8.030000	-153.025604	17.189100	-2.095699	83.887928	2702.113850
110.540000	-8.030000	-153.025604	17.439100	-2.126279	83.918508	2703.031281
110.540000	-8.030000	-153.025604	17.689100	-2.156956	83.949185	2703.948713
110.540000	-8.030000	-153.025604	17.939100	-2.187713	83.979942	2704.866144
110.540000	-8.030000	-153.025604	18.189100	-2.218569	84.010798	2705.783576
110.540000	-8.030000	-153.025604	18.439100	-2.249508	84.041737	2706.701007
110.540000	-8.030000	-153.025604	18.689100	-2.280551	84.072780	2707.618438
110.540000	-8.030000	-153.025604	18.939100	-2.183988	84.103908	2708.535870
110.540000	-8.030000	-153.025604	19.189100	-1.962855	84.135142	2709.424371
110.540000	-8.030000	-153.025604	19.439100	-1.098858	84.166466	2710.284346
110.540000	-8.030000	-153.025604	19.689100	-0.328843	84.197899	2710.962254
110.540000	-8.030000	-153.025604	19.939100	-0.360368	84.229424	2711.640162
110.540000	-8.030000	-153.025604	20.189100	-0.350244	84.261063	2712.318070
110.540000	-8.030000	-153.025604	20.439100	0.476870	84.292797	2712.986672
110.540000	-8.030000	-153.025604	20.689100	1.291711	84.324647	2713.459180
110.540000	-8.030000	-153.025604	20.939100	1.259761	84.356597	2713.931687
110.540000	-8.030000	-153.025604	21.189100	1.227691	84.388666	2714.404195
110.540000	-8.030000	-153.025604	21.439100	1.195519	84.420839	2714.876703
110.540000	-8.030000	-153.025604	21.689100	1.163223	84.453135	2715.349210
110.540000	-8.030000	-153.025604	21.939100	1.130821	84.485537	2715.821718
110.540000	-8.030000	-153.025604	22.189100	1.098292	84.518066	2716.294225
110.540000	-8.030000	-153.025604	22.439100	1.065652	84.550706	2716.766733
110.540000	-8.030000	-153.025604	22.689100	1.032882	84.583476	2717.239240
110.540000	-8.030000	-153.025604	22.939100	0.999998	84.616360	2717.711748
110.540000	-8.030000	-153.025604	23.189100	0.966979	84.649379	2718.184255
110.540000	-8.030000	-153.025604	23.439100	0.933842	84.682516	2718.656763
110.540000	-8.030000	-153.025604	23.689100	0.900567	84.715790	2719.129270
110.540000	-8.030000	-153.025604	23.939100	0.867170	84.749188	2719.601778
110.540000	-8.030000	-153.025604	24.189100	0.833630	84.782727	2720.074285
110.540000	-8.030000	-153.025604	24.439100	0.799964	84.816394	2720.546793
110.540000	-8.030000	-153.025604	24.689100	0.766152	84.850206	2721.019300
110.540000	-8.030000	-153.025604	24.939100	0.732209	84.884149	2721.491808
110.540000	-8.030000	-153.025604	25.189100	1.089695	84.918242	2721.964315
110.540000	-8.030000	-153.025604	25.439100	1.394418	84.952471	2722.358941
110.540000	-8.030000	-152.775604	15.189100	-1.815491	83.710077	2701.180442
110.540000	-8.030000	-152.775604	15.439100	-1.846650	83.741236	2702.088170
110.540000	-8.030000	-152.775604	15.689100	-1.877810	83.772396	2702.995899
110.540000	-8.030000	-152.775604	15.939100	-1.909128	83.803714	2703.903628
110.540000	-8.030000	-152.775604	16.189100	-1.957269	83.835036	2704.811357
110.540000	-8.030000	-152.775604	16.439100	-2.037647	83.866519	2705.721978
110.540000	-8.030000	-152.775604	16.689100	-2.105334	83.898009	2706.639409
110.540000	-8.030000	-152.775604	16.939100	-2.137435	83.929664	2707.556841
110.540000	-8.030000	-152.775604	17.189100	-2.169098	83.961327	2708.474272
110.540000	-8.030000	-152.775604	17.439100	-2.200930	83.993159	2709.391703
110.540000	-8.030000	-152.775604	17.689100	-2.232774	84.025004	2710.309135
110.540000	-8.030000	-152.775604	17.939100	-2.264790	84.057019	2711.226566
110.540000	-8.030000	-152.775604	18.189100	-2.296821	84.089050	2712.143998
110.540000	-8.030000	-152.775604	18.439100	-2.329027	84.121256	2713.061429
110.540000	-8.030000	-152.775604	18.689100	-2.361251	84.153480	2713.978860
110.540000	-8.030000	-152.775604	18.939100	-2.260634	84.185882	2714.896292
110.540000	-8.030000	-152.775604	19.189100	-1.827773	84.218306	2715.783586
110.540000	-8.030000	-152.775604	19.439100	-0.982206	84.250912	2716.595432
110.540000	-8.030000	-152.775604	19.689100	-0.414486	84.283542	2717.273340
110.540000	-8.030000	-152.775604	19.939100	-0.447302	84.316358	2717.951248
110.540000	-8.030000	-152.775604	20.189100	0.181079	84.349202	2718.629156
110.540000	-8.030000	-152.775604	20.439100	1.008719	84.382235	2719.150460
110.540000	-8.030000	-152.775604	20.689100	1.201058	84.415300	2719.622968
110.540000	-8.030000	-152.775604	20.939100	1.167800	84.448558	2720.095475
110.540000	-8.030000	-152.775604	21.189100	1.134508	84.481850	2720.567983
110.540000	-8.030000	-152.775604	21.439100	1.101019	84.515339	2721.040490
110.540000	-8.030000	-152.775604	21.689100	1.067491	84.548867	2721.512998
110.540000	-8.030000	-152.775604	21.939100	1.033763	84.582595	2721.985505
110.540000	-8.030000	-152.775604	22.189100	0.999992	84.616366	2722.458013
110.540000	-8.030000	-152.775604	22.439100	0.966017	84.650341	2722.930521
110.540000	-8.030000	-152.775604	22.689100	0.931996	84.684362	2723.403028
110.540000	-8.030000	-152.775604	22.939100	0.897766	84.718592	2723.875536
110.540000	-8.030000	-152.775604	23.189100	0.863487	84.752871	2724.348043
110.540000	-8.030000	-152.775604	23.439100	0.828994	84.787364	2724.820551
110.540000	-8.030000	-152.775604	23.689100	0.794448	84.821910	2725.293058
110.540000	-8.030000	-152.775604	23.939100	0.759684	84.856673	2725.765566
110.540000	-8.030000	-152.775604	24.189100	0.724863	84.891495	2726.238073
110.540000	-8.030000	-152.775604	24.439100	0.689820	84.926538	2726.710581
110.540000	-8.030000	-152.775604	24.689100	0.654715	84.961642	2727.183088
110.540000	-8.030000	-152.525604	15.189100	-1.879367	83.773954	2707.554159
110.540000	-8.030000	-152.525604	15.439100	-1.911665	83.806252	2708.461888
110.540000	-8.030000	-152.525604	15.689100	-1.944055	83.838642	2709.369617
110.540000	-8.030000	-152.525604	15.939100	-1.976519	83.871105	2710.277346
110.540000	-8.030000	-152.525604	16.189100	-2.009077	83.903664	2711.185074
110.540000	-8.030000	-152.525604	16.439100	-2.043527	83.936298	2712.092803
110.540000	-8.030000	-152.525604	16.689100	-2.122045	83.969031	2713.000532
110.540000	-8.030000	-152.525604	16.939100	-2.203793	84.001844	2713.917263
110.540000	-8.030000	-152.525604	17.189100	-2.242529	84.034758	2714.834694
110.540000	-8.030000	-152.525604	17.439100	-2.275526	84.067755	2715.752125
110.540000	-8.030000	-152.525604	17.689100	-2.308628	84.100857	2716.669557
110.540000	-8.030000	-152.525604	17.939100	-2.341816	84.134045	2717.586988
110.540000	-8.030000	-152.525604	18.189100	-2.375111	84.167340	2718.504420
110.540000	-8.030000	-152.525604	18.439100	-2.408497	84.200726	2719.421851
110.540000	-8.030000	-152.525604	18.689100	-2.441993	84.234222	2720.339282
110.540000	-8.030000	-152.525604	18.939100	-2.337235	84.267812	2721.256714
110.540000	-8.030000	-152.525604	19.189100	-1.692514	84.301516	2722.142801
110.540000	-8.030000	-152.525604	19.439100	-0.851045	84.335317	2722.906518
110.540000	-8.030000	-152.525604	19.689100	-0.500179	84.369235	2723.584426
110.540000	-8.030000	-152.525604	19.939100	-0.109960	84.403255	2724.262334
110.540000	-8.030000	-152.525604	20.189100	0.704497	84.437395	2724.841741
110.540000	-8.030000	-152.525604	20.439100	1.144718	84.471640	2725.314248
110.540000	-8.030000	-152.525604	20.689100	1.110348	84.506009	2725.786756
110.540000	-8.030000	-152.525604	20.939100	1.075870	84.540487	2726.259263
110.540000	-8.030000	-152.525604	21.189100	1.041264	84.575094	2726.731771
110.540000	-8.030000	-152.525604	21.439100	1.006545	84.609812	2727.204278
110.540000	-8.030000	-152.525604	21.689100	0.971695	84.644663	2727.676786
110.540000	-8.030000	-152.525604	21.939100	0.936728	84.679630	2728.149293
110.540000	-8.030000	-152.525604	22.189100	0.901625	84.714733	2728.621801
110.540000	-8.030000	-152.525604	22.439100	0.866401	84.749956	2729.094308
110.540000	-8.030000	-152.525604	22.689100	0.831038	84.785319	2729.566816
110.540000	-8.030000	-152.525604	22.939100	0.795550	84.820807	2730.039323
110.540000	-8.030000	-152.525604	23.189100	0.759919	84.856439	2730.511831
110.540000	-8.030000	-152.525604	23.439100	0.724158	84.892200	2730.984338
110.540000	-8.030000	-152.525604	23.689100	0.688249	84.928108	2731.456846
110.540000	-8.030000	-152.275604	15.189100	-1.943083	83.837670	2713.927877
110.540000	-8.030000	-152.275604	15.439100	-1.976611	83.871197	2714.835606
110.540000	-8.030000	-152.275604	15.689100	-2.010144	83.904731	2715.743334
110.540000	-8.030000	-152.275604	15.939100	-2.043843	83.938430	2716.651063
110.540000	-8.030000	-152.275604	16.189100	-2.077551	83.972138	2717.558792
110.540000	-8.030000	-152.275604	16.439100	-2.111428	84.006015	2718.466521
110.540000	-8.030000	-152.275604	16.689100	-2.145318	84.039904	2719.374250
110.540000	-8.030000	-152.275604	16.939100	-2.208874	84.073966	2720.281978
110.540000	-8.030000	-152.275604	17.189100	-2.291863	84.108043	2721.195116
110.540000	-8.030000	-152.275604	17.439100	-2.350067	84.142296	2722.112547
110.540000	-8.030000	-152.275604	17.689100	-2.384339	84.176568	2723.029979
110.540000	-8.030000	-152.275604	17.939100	-2.418790	84.211019	2723.947410
110.540000	-8.030000	-152.275604	18.189100	-2.453263	84.245492	2724.864842
110.540000	-8.030000	-152.275604	18.439100	-2.487919	84.280148	2725.782273
110.540000	-8.030000	-152.275604	18.689100	-2.522600	84.314830	2726.699704
110.540000	-8.030000	-152.275604	18.939100	-2.413792	84.349698	2727.617136
110.540000	-8.030000	-152.275604	19.189100	-1.562744	84.384594	2728.502016
110.540000	-8.030000	-152.275604	19.439100	-0.719659	84.419682	2729.217604
110.540000	-8.030000	-152.275604	19.689100	-0.404394	84.454801	2729.895512
110.540000	-8.030000	-152.275604	19.939100	0.408653	84.490115	2730.533021
110.540000	-8.030000	-152.275604	20.189100	1.090893	84.525464	2731.005529
110.540000	-8.030000	-152.275604	20.439100	1.055345	84.561012	2731.478036
110.540000	-8.030000	-152.275604	20.689100	1.019758	84.596600	2731.950544
110.540000	-8.030000	-152.275604	20.939100	0.983968	84.632389	2732.423051
110.540000	-8.030000	-152.275604	21.189100	0.948135	84.668222	2732.895559
110.540000	-8.030000	-152.275604	21.439100	0.912096	84.704262	2733.368066
110.540000	-8.030000	-152.275604	21.689100	0.876010	84.740348	2733.840574
110.540000	-8.030000	-152.275604	21.939100	0.839713	84.776645	2734.313081
110.540000	-8.030000	-152.275604	22.189100	0.803365	84.812993	2734.785589
110.540000	-8.030000	-152.275604	22.439100	0.766802	84.849556	2735.258096
110.540000	-8.030000	-152.275604	22.689100	0.730184	84.886174	2735.730604
110.540000	-8.030000	-152.025604	15.189100	-2.006822	83.901408	2720.301594
110.540000	-8.030000	-152.025604	15.439100	-2.041491	83.936078	2721.209323
110.540000	-8.030000	-152.025604	15.689100	-2.076259	83.970845	2722.117052
110.540000	-8.030000	-152.025604	15.939100	-2.111106	84.005693	2723.024781
110.540000	-8.030000	-152.025604	16.189100	-2.146055	84.040642	2723.932510
110.540000	-8.030000	-152.025604	16.439100	-2.181087	84.075674	2724.840238
110.540000	-8.030000	-152.025604	16.689100	-2.216224	84.110810	2725.747967
110.540000	-8.030000	-152.025604	16.939100	-2.251447	84.146034	2726.655696
110.540000	-8.030000	-152.025604	17.189100	-2.298176	84.181365	2727.563425
110.540000	-8.030000	-152.025604	17.439100	-2.382486	84.216787	2728.472969
110.540000	-8.030000	-152.025604	17.689100	-2.458959	84.252319	2729.390401
110.540000	-8.030000	-152.025604	17.939100	-2.495717	84.287946	2730.307832
110.540000	-8.030000	-152.025604	18.189100	-2.531459	84.323688	2731.225264
110.540000	-8.030000	-152.025604	18.439100	-2.567298	84.359527	2732.142695
110.540000	-8.030000	-152.025604	18.689100	-2.603255	84.395485	2733.060126
110.540000	-8.030000	-152.025604	18.939100	-2.444163	84.431544	2733.977558
110.540000	-8.030000	-152.025604	19.189100	-1.453000	84.467724	2734.850782
110.540000	-8.030000	-152.025604	19.439100	-0.634954	84.504010	2735.528690
110.540000	-8.030000	-152.025604	19.689100	0.117664	84.540422	2736.206598
110.540000	-8.030000	-152.025604	19.939100	0.957621	84.576943	2736.696809
110.540000	-8.030000	-152.025604	20.189100	1.002765	84.613593	2737.169317
110.540000	-8.030000	-152.025604	20.439100	0.966002	84.650356	2737.641824
110.540000	-8.030000	-152.025604	20.689100	0.929105	84.687253	2738.114332
110.540000	-8.030000	-152.025604	20.939100	0.892091	84.724266	2738.586839
110.540000	-8.030000	-152.025604	21.189100	0.854941	84.761417	2739.059347
110.540000	-8.030000	-152.025604	21.439100	0.817668	84.798690	2739.531854
110.540000	-8.030000	-152.025604	21.689100	0.780255	84.836103	2740.004362
110.540000	-8.030000	-152.025604	21.939100	0.742715	84.873643	2740.476869
110.540000	-8.030000	-151.775604	15.689100	-2.142221	84.036808	2728.490770
110.540000	-8.030000	-151.775604	15.939100	-2.178308	84.072894	2729.398498
110.540000	-8.030000	-151.775604	16.189100	-2.214410	84.108997	2730.306227
110.540000	-8.030000	-151.775604	16.439100	-2.250688	84.145274	2731.213956
110.540000	-8.030000	-151.775604	16.689100	-2.286985	84.181571	2732.121685
110.540000	-8.030000	-151.775604	16.939100	-2.323461	84.218047	2733.029414
110.540000	-8.030000	-151.775604	17.189100	-2.359959	84.254545	2733.937142
110.540000	-8.030000	-151.775604	17.439100	-2.397780	84.291227	2734.844871
110.540000	-8.030000	-151.775604	17.689100	-2.475522	84.327933	2735.752600
110.540000	-8.030000	-151.775604	17.939100	-2.561344	84.364827	2736.668254
110.540000	-8.030000	-151.775604	18.189100	-2.609521	84.401750	2737.585686
110.540000	-8.030000	-151.775604	18.439100	-2.646635	84.438864	2738.503117
110.540000	-8.030000	-151.775604	18.689100	-2.683781	84.476010	2739.420548
110.540000	-8.030000	-151.775604	18.939100	-2.308320	84.513351	2740.337980
110.540000	-8.030000	-151.775604	19.189100	-1.335927	84.550729	2741.161868
110.540000	-8.030000	-151.775604	19.439100	-0.168486	84.588305	2741.839776
110.540000	-8.030000	-151.775604	19.689100	0.647090	84.625921	2742.388090
110.540000	-8.030000	-151.775604	19.939100	0.952617	84.663740	2742.860597
110.540000	-8.030000	-151.775604	20.189100	0.914754	84.701603	2743.333105
110.540000	-8.030000	-151.775604	20.439100	0.876684	84.739674	2743.805612
110.540000	-8.030000	-151.775604	20.689100	0.838566	84.777792	2744.278120
110.540000	-8.030000	-151.775604	20.939100	0.800236	84.816121	2744.750627
110.540000	-8.030000	-151.525604	17.189100	-2.433181	84.327767	2740.310860
110.540000	-8.030000	-151.525604	17.439100	-2.471034	84.365621	2741.218589
110.540000	-8.030000	-151.525604	17.689100	-2.509006	84.403593	2742.126318
110.540000	-8.030000	-151.525604	17.939100	-2.571151	84.441666	2743.034046
110.540000	-8.030000	-151.525604	18.189100	-2.658251	84.479861	2743.946108
110.540000	-8.030000	-151.525604	18.439100	-2.725933	84.518162	2744.863539
110.540000	-8.030000	-151.525604	18.689100	-2.761731	84.556588	2745.780970
110.540000	-8.030000	-151.525604	18.939100	-2.172555	84.595124	2746.697806
110.540000	-8.030000	-151.525604	19.189100	-0.886832	84.633790	2747.472954
110.540000	-8.030000	-151.525604	19.439100	0.355999	84.672569	2748.079370
110.540000	-8.030000	-151.525604	19.689100	0.904877	84.711481	2748.551877
110.540000	-8.030000	-151.525604	19.939100	0.865847	84.750511	2749.024385
110.540000	-8.030000	-151.525604	20.189100	0.826679	84.789679	2749.496892
110.540000	-8.030000	-151.275604	18.439100	-2.757696	84.597423	2751.223961
110.540000	-8.030000	-151.275604	18.689100	-2.835046	84.637042	2752.141392
110.540000	-8.030000	-151.275604	18.939100	-1.976818	84.676864	2753.057021
110.540000	-8.030000	-151.275604	19.189100	-0.154003	84.716730	2753.770650
110.540000	-8.030000	-151.025604	18.689100	-2.853032	84.717554	2758.504668
110.540000	-8.030000	-151.025604	18.939100	-1.172677	84.758575	2759.416236
