167.630000	-15.760000	-160.595001	23.189100	-1.284226	39.168099	1351.872732
167.630000	-15.760000	-160.595001	23.439100	-0.557046	38.977958	1356.475896
167.630000	-15.760000	-160.595001	23.689100	0.625779	38.788675	1361.480010
167.630000	-15.760000	-160.595001	23.939100	-0.214329	38.600196	1366.484123
167.630000	-15.760000	-160.345001	22.189100	-3.377773	40.177247	1337.733187
167.630000	-15.760000	-160.345001	22.439100	-3.184145	39.983618	1342.081249
167.630000	-15.760000	-160.345001	22.689100	-2.963456	39.790886	1346.429311
167.630000	-15.760000	-160.345001	22.939100	-1.539163	39.598964	1350.777373
167.630000	-15.760000	-160.345001	23.189100	-0.836244	39.407919	1355.584322
167.630000	-15.760000	-160.345001	23.439100	0.196784	39.217669	1360.588436
167.630000	-15.760000	-160.345001	23.689100	0.386175	39.028279	1365.592550
167.630000	-15.760000	-160.345001	23.939100	0.574787	38.839667	1370.596663
167.630000	-15.760000	-160.095001	21.189100	-4.399798	41.199271	1323.593642
167.630000	-15.760000	-160.095001	21.439100	-4.202671	41.002144	1327.941705
167.630000	-15.760000	-160.095001	21.689100	-4.006459	40.805933	1332.289767
167.630000	-15.760000	-160.095001	21.939100	-3.811083	40.610557	1336.637829
167.630000	-15.760000	-160.095001	22.189100	-3.616603	40.416076	1340.985891
167.630000	-15.760000	-160.095001	22.439100	-2.565443	40.222416	1345.333953
167.630000	-15.760000	-160.095001	22.689100	-1.802354	40.029632	1349.688635
167.630000	-15.760000	-160.095001	22.939100	-1.103454	39.837655	1354.692748
167.630000	-15.760000	-160.095001	23.189100	-0.232080	39.646533	1359.696862
167.630000	-15.760000	-160.095001	23.439100	-0.041751	39.456204	1364.700976
167.630000	-15.760000	-160.095001	23.689100	0.147742	39.266712	1369.705089
167.630000	-15.760000	-160.095001	23.939100	0.336455	39.077998	1374.709203
167.630000	-15.760000	-160.095001	24.189100	-2.422915	38.890102	1379.713316
167.630000	-15.760000	-159.845001	20.189100	-5.434547	42.234021	1309.454098
167.630000	-15.760000	-159.845001	20.439100	-5.233902	42.033376	1313.802160
167.630000	-15.760000	-159.845001	20.689100	-5.034201	41.833674	1318.150222
167.630000	-15.760000	-159.845001	20.939100	-4.835349	41.634822	1322.498284
167.630000	-15.760000	-159.845001	21.189100	-4.637422	41.436895	1326.846346
167.630000	-15.760000	-159.845001	21.439100	-4.440328	41.239801	1331.194408
167.630000	-15.760000	-159.845001	21.689100	-3.684336	41.043614	1335.542470
167.630000	-15.760000	-159.845001	21.939100	-2.909122	40.848243	1339.890532
167.630000	-15.760000	-159.845001	22.189100	-2.401352	40.653761	1344.238594
167.630000	-15.760000	-159.845001	22.439100	-2.073182	40.460080	1348.797061
167.630000	-15.760000	-159.845001	22.689100	-0.852817	40.267270	1353.801175
167.630000	-15.760000	-159.845001	22.939100	-0.660793	40.075246	1358.805288
167.630000	-15.760000	-159.845001	23.189100	-0.469621	39.884075	1363.809402
167.630000	-15.760000	-159.845001	23.439100	-0.279220	39.693673	1368.813515
167.630000	-15.760000	-159.845001	23.689100	-0.089654	39.504108	1373.817629
167.630000	-15.760000	-159.845001	23.939100	0.099156	39.315297	1378.821742
167.630000	-15.760000	-159.845001	24.189100	-1.583963	39.127305	1383.825856
167.630000	-15.760000	-159.595001	19.189100	-6.158819	43.281071	1295.314553
167.630000	-15.760000	-159.595001	19.439100	-5.371131	43.076896	1299.662615
167.630000	-15.760000	-159.595001	19.689100	-4.593461	42.873693	1304.010677
167.630000	-15.760000	-159.595001	19.939100	-3.825604	42.671353	1308.358740
167.630000	-15.760000	-159.595001	20.189100	-3.067548	42.469966	1312.706802
167.630000	-15.760000	-159.595001	20.439100	-2.319087	42.269427	1317.054864
167.630000	-15.760000	-159.595001	20.689100	-1.580197	42.069820	1321.402926
167.630000	-15.760000	-159.595001	20.939100	-0.850671	41.871047	1325.750988
167.630000	-15.760000	-159.595001	21.189100	-0.130474	41.673186	1330.099050
167.630000	-15.760000	-159.595001	21.439100	0.146825	41.476145	1334.447112
167.630000	-15.760000	-159.595001	21.689100	0.398769	41.279995	1338.928667
167.630000	-15.760000	-159.595001	21.939100	-26.948055	41.084653	1343.417118
167.630000	-15.760000	-159.595001	22.189100	-3.068971	40.890182	1348.007839
167.630000	-15.760000	-159.595001	22.439100	0.544807	40.696504	1352.909601
167.630000	-15.760000	-159.595001	22.689100	-0.054471	40.503678	1357.913714
167.630000	-15.760000	-159.595001	22.939100	-0.370340	40.311633	1362.917828
167.630000	-15.760000	-159.595001	23.189100	-0.694695	40.120420	1367.921941
167.630000	-15.760000	-159.595001	23.439100	-0.515521	39.929974	1372.926055
167.630000	-15.760000	-159.595001	23.689100	-0.325889	39.740342	1377.930169
167.630000	-15.760000	-159.595001	23.939100	-0.137011	39.551464	1382.934282
167.630000	-15.760000	-159.595001	24.189100	-0.688586	39.363381	1387.938396
167.630000	-15.760000	-159.595001	24.439100	-6.793855	39.176039	1393.210120
167.630000	-15.760000	-159.345001	18.189100	-4.067592	44.340202	1281.175009
167.630000	-15.760000	-159.345001	18.439100	-3.325699	44.132497	1285.523071
167.630000	-15.760000	-159.345001	18.689100	-2.593257	43.925781	1289.871133
167.630000	-15.760000	-159.345001	18.939100	-2.120076	43.719951	1294.219195
167.630000	-15.760000	-159.345001	19.189100	-1.858663	43.515091	1298.643988
167.630000	-15.760000	-159.345001	19.439100	-1.357631	43.311102	1303.132438
167.630000	-15.760000	-159.345001	19.689100	-0.662854	43.108065	1307.620888
167.630000	-15.760000	-159.345001	19.939100	0.023468	42.905881	1312.109339
167.630000	-15.760000	-159.345001	20.189100	0.701365	42.704630	1316.597789
167.630000	-15.760000	-159.345001	20.439100	1.371038	42.504218	1321.086240
167.630000	-15.760000	-159.345001	20.689100	2.032521	42.304721	1325.574690
167.630000	-15.760000	-159.345001	20.939100	2.686015	42.106045	1330.063141
167.630000	-15.760000	-159.345001	21.189100	3.331555	41.908267	1334.551591
167.630000	-15.760000	-159.345001	21.439100	3.969341	41.711296	1339.040042
167.630000	-15.760000	-159.345001	21.689100	14.456281	41.515204	1343.528492
167.630000	-15.760000	-159.345001	21.939100	-10.893756	41.319903	1342.177229
167.630000	-15.760000	-159.345001	22.189100	-19.238283	41.125464	1351.607349
167.630000	-15.760000	-159.345001	22.439100	-0.331246	40.931801	1357.481623
167.630000	-15.760000	-159.345001	22.689100	2.237223	40.738984	1362.333676
167.630000	-15.760000	-159.345001	22.939100	1.944914	40.546927	1367.185728
167.630000	-15.760000	-159.345001	23.189100	1.211071	40.355698	1372.037780
167.630000	-15.760000	-159.345001	23.439100	0.468604	40.165215	1377.038595
167.630000	-15.760000	-159.345001	23.689100	0.143672	39.975544	1382.042708
167.630000	-15.760000	-159.345001	23.939100	-0.180278	39.786604	1387.046822
167.630000	-15.760000	-159.345001	24.189100	-0.184006	39.598460	1392.050935
167.630000	-15.760000	-159.345001	24.439100	-4.609193	39.411032	1397.055049
167.630000	-15.760000	-159.095001	17.189100	-3.163642	45.410950	1267.336209
167.630000	-15.760000	-159.095001	17.439100	-2.465194	45.199701	1271.824659
167.630000	-15.760000	-159.095001	17.689100	-1.775311	44.989481	1276.313110
167.630000	-15.760000	-159.095001	17.939100	-1.093744	44.780148	1280.801560
167.630000	-15.760000	-159.095001	18.189100	-0.420505	44.571823	1285.290011
167.630000	-15.760000	-159.095001	18.439100	0.244650	44.364371	1289.778461
167.630000	-15.760000	-159.095001	18.689100	0.901717	44.157906	1294.266912
167.630000	-15.760000	-159.095001	18.939100	1.550933	43.952300	1298.755362
167.630000	-15.760000	-159.095001	19.189100	1.954449	43.747661	1303.243812
167.630000	-15.760000	-159.095001	19.439100	2.158243	43.543866	1307.732263
167.630000	-15.760000	-159.095001	19.689100	2.361092	43.341018	1312.220713
167.630000	-15.760000	-159.095001	19.939100	2.563109	43.139001	1316.709164
167.630000	-15.760000	-159.095001	20.189100	2.764200	42.937910	1321.197614
167.630000	-15.760000	-159.095001	20.439100	2.964473	42.737636	1325.686065
167.630000	-15.760000	-159.095001	20.689100	3.163840	42.538269	1330.174515
167.630000	-15.760000	-159.095001	20.939100	3.362403	42.339706	1334.662966
167.630000	-15.760000	-159.095001	21.189100	-0.234500	42.142030	1339.151416
167.630000	-15.760000	-159.095001	21.439100	11.345005	41.945145	1343.639866
167.630000	-15.760000	-159.095001	21.689100	11.388027	41.749127	1343.574749
167.630000	-15.760000	-159.095001	21.939100	6.968034	41.553887	1348.161912
167.630000	-15.760000	-159.095001	22.189100	-14.284863	41.359495	1354.156189
167.630000	-15.760000	-159.095001	22.439100	-5.329440	41.165868	1362.103355
167.630000	-15.760000	-159.095001	22.689100	2.634264	40.973071	1366.955407
167.630000	-15.760000	-159.095001	22.939100	2.826309	40.781026	1371.807460
167.630000	-15.760000	-159.095001	23.189100	3.017544	40.589791	1376.659512
167.630000	-15.760000	-159.095001	23.439100	2.743988	40.399297	1381.511564
167.630000	-15.760000	-159.095001	23.689100	2.451955	40.209595	1386.363617
167.630000	-15.760000	-159.095001	23.939100	1.871829	40.020620	1391.215669
167.630000	-15.760000	-159.095001	24.189100	1.126388	39.832420	1396.163475
167.630000	-15.760000	-159.095001	24.439100	-2.075221	39.644934	1401.167589
167.630000	-15.760000	-159.095001	24.689100	-9.169003	39.458206	1407.185466
167.630000	-15.760000	-158.845001	16.189100	0.192262	46.493021	1254.037438
167.630000	-15.760000	-158.845001	16.439100	0.417001	46.278252	1258.470682
167.630000	-15.760000	-158.845001	16.689100	0.616682	46.064513	1262.959133
167.630000	-15.760000	-158.845001	16.939100	0.628899	45.851697	1267.447583
167.630000	-15.760000	-158.845001	17.189100	0.638615	45.639892	1271.936034
167.630000	-15.760000	-158.845001	17.439100	0.645923	45.428994	1276.424484
167.630000	-15.760000	-158.845001	17.689100	0.650725	45.219089	1280.912935
167.630000	-15.760000	-158.845001	17.939100	0.692036	45.010074	1285.401385
167.630000	-15.760000	-158.845001	18.189100	0.900076	44.802033	1289.889835
167.630000	-15.760000	-158.845001	18.439100	1.107243	44.594866	1294.378286
167.630000	-15.760000	-158.845001	18.689100	1.313454	44.388656	1298.866736
167.630000	-15.760000	-158.845001	18.939100	1.518806	44.183303	1303.355187
167.630000	-15.760000	-158.845001	19.189100	1.723220	43.978889	1307.843637
167.630000	-15.760000	-158.845001	19.439100	1.926793	43.775317	1312.332088
167.630000	-15.760000	-158.845001	19.689100	2.129444	43.572665	1316.820538
167.630000	-15.760000	-158.845001	19.939100	2.331270	43.370840	1321.308989
167.630000	-15.760000	-158.845001	20.189100	2.532191	43.169918	1325.797439
167.630000	-15.760000	-158.845001	20.439100	2.732303	42.969807	1330.285889
167.630000	-15.760000	-158.845001	20.689100	2.931527	42.770582	1334.774340
167.630000	-15.760000	-158.845001	20.939100	-0.306715	42.572152	1339.262790
167.630000	-15.760000	-158.845001	21.189100	9.282654	42.374592	1342.608234
167.630000	-15.760000	-158.845001	21.439100	4.291126	42.177812	1344.972269
167.630000	-15.760000	-158.845001	21.689100	10.548535	41.981884	1349.559432
167.630000	-15.760000	-158.845001	21.939100	10.743698	41.786721	1354.146595
167.630000	-15.760000	-158.845001	22.189100	-1.571964	41.592394	1358.733758
167.630000	-15.760000	-158.845001	22.439100	-8.933507	41.398818	1366.725086
167.630000	-15.760000	-158.845001	22.689100	2.401274	41.206061	1371.577139
167.630000	-15.760000	-158.845001	22.939100	2.593295	41.014040	1376.429191
167.630000	-15.760000	-158.845001	23.189100	2.784513	40.822822	1381.281244
167.630000	-15.760000	-158.845001	23.439100	2.975009	40.632326	1386.133296
167.630000	-15.760000	-158.845001	23.689100	3.164718	40.442617	1390.985349
167.630000	-15.760000	-158.845001	23.939100	3.291918	40.253616	1395.837401
167.630000	-15.760000	-158.845001	24.189100	3.141358	40.065386	1400.689453
167.630000	-15.760000	-158.845001	24.439100	1.391882	39.877849	1405.533847
167.630000	-15.760000	-158.845001	24.689100	-5.806329	39.691069	1410.871485
167.630000	-15.760000	-158.595001	15.939100	1.216506	46.934074	1254.613333
167.630000	-15.760000	-158.595001	16.189100	1.779721	46.718819	1259.035256
167.630000	-15.760000	-158.595001	16.439100	1.961855	46.504459	1263.457179
167.630000	-15.760000	-158.595001	16.689100	1.984974	46.291139	1267.879102
167.630000	-15.760000	-158.595001	16.939100	2.005785	46.078700	1272.301024
167.630000	-15.760000	-158.595001	17.189100	2.024139	45.867280	1276.722947
167.630000	-15.760000	-158.595001	17.439100	2.040174	45.656727	1281.144870
167.630000	-15.760000	-158.595001	17.689100	2.013456	45.447173	1285.566792
167.630000	-15.760000	-158.595001	17.939100	1.810892	45.238472	1290.001210
167.630000	-15.760000	-158.595001	18.189100	1.646919	45.030749	1294.489660
167.630000	-15.760000	-158.595001	18.439100	1.653177	44.823867	1298.978111
167.630000	-15.760000	-158.595001	18.689100	1.656987	44.617943	1303.466561
167.630000	-15.760000	-158.595001	18.939100	1.658467	44.412846	1307.955012
167.630000	-15.760000	-158.595001	19.189100	1.657496	44.208686	1312.443462
167.630000	-15.760000	-158.595001	19.439100	1.696769	44.005340	1316.931913
167.630000	-15.760000	-158.595001	19.689100	1.899196	43.802913	1321.420363
167.630000	-15.760000	-158.595001	19.939100	2.100823	43.601287	1325.908813
167.630000	-15.760000	-158.595001	20.189100	2.301551	43.400559	1330.397264
167.630000	-15.760000	-158.595001	20.439100	2.501490	43.200619	1334.885714
167.630000	-15.760000	-158.595001	20.689100	7.629776	43.001559	1339.374165
167.630000	-15.760000	-158.595001	20.939100	7.756787	42.803274	1341.782627
167.630000	-15.760000	-158.595001	21.189100	4.125506	42.605850	1346.369790
167.630000	-15.760000	-158.595001	21.439100	10.121230	42.409188	1350.956953
167.630000	-15.760000	-158.595001	21.689100	10.317049	42.213369	1355.544116
167.630000	-15.760000	-158.595001	21.939100	10.512119	42.018300	1360.131279
167.630000	-15.760000	-158.595001	22.189100	7.896770	41.824054	1364.718442
167.630000	-15.760000	-158.595001	22.439100	-4.905037	41.630546	1370.274563
167.630000	-15.760000	-158.595001	22.689100	-0.816378	41.437844	1376.198870
167.630000	-15.760000	-158.595001	22.939100	2.361467	41.245867	1381.050923
167.630000	-15.760000	-158.595001	23.189100	2.514927	41.054679	1385.902975
167.630000	-15.760000	-158.595001	23.439100	2.643197	40.864203	1390.755028
167.630000	-15.760000	-158.595001	23.689100	2.829423	40.674498	1395.607080
167.630000	-15.760000	-158.595001	23.939100	3.015244	40.485494	1400.439189
167.630000	-15.760000	-158.595001	24.189100	3.141200	40.297243	1405.271192
167.630000	-15.760000	-158.595001	24.439100	2.503582	40.109681	1410.103196
167.630000	-15.760000	-158.595001	24.689100	-0.909280	39.922855	1415.204834
167.630000	-15.760000	-158.595001	24.939100	-8.530742	39.736707	1421.160813
167.630000	-15.760000	-158.345001	15.939100	0.457346	47.157901	1259.595207
167.630000	-15.760000	-158.345001	16.189100	1.504229	46.943086	1264.033074
167.630000	-15.760000	-158.345001	16.439100	1.769360	46.729180	1268.454997
167.630000	-15.760000	-158.345001	16.689100	1.982272	46.516268	1272.876919
167.630000	-15.760000	-158.345001	16.939100	2.194293	46.304247	1277.298842
167.630000	-15.760000	-158.345001	17.189100	2.405336	46.093204	1281.720765
167.630000	-15.760000	-158.345001	17.439100	2.615505	45.883035	1286.142688
167.630000	-15.760000	-158.345001	17.689100	2.824713	45.673826	1290.564610
167.630000	-15.760000	-158.345001	17.939100	2.997494	45.465477	1294.986533
167.630000	-15.760000	-158.345001	18.189100	3.014675	45.258070	1299.408456
167.630000	-15.760000	-158.345001	18.439100	3.029586	45.051506	1303.830378
167.630000	-15.760000	-158.345001	18.689100	3.042132	44.845868	1308.252301
167.630000	-15.760000	-158.345001	18.939100	3.052400	44.641057	1312.674224
167.630000	-15.760000	-158.345001	19.189100	3.016221	44.437155	1317.096147
167.630000	-15.760000	-158.345001	19.439100	2.808043	44.234065	1321.531737
167.630000	-15.760000	-158.345001	19.689100	2.631051	44.031866	1326.020188
167.630000	-15.760000	-158.345001	19.939100	2.506291	43.830466	1330.508638
167.630000	-15.760000	-158.345001	20.189100	2.376718	43.629939	1334.997089
167.630000	-15.760000	-158.345001	20.439100	5.500485	43.430195	1339.485539
167.630000	-15.760000	-158.345001	20.689100	5.669766	43.231310	1343.180147
167.630000	-15.760000	-158.345001	20.939100	8.795117	43.033192	1347.767310
167.630000	-15.760000	-158.345001	21.189100	8.986945	42.835916	1352.354473
167.630000	-15.760000	-158.345001	21.439100	9.178018	42.639394	1356.941636
167.630000	-15.760000	-158.345001	21.689100	9.368264	42.443697	1361.528799
167.630000	-15.760000	-158.345001	21.939100	9.557770	42.248739	1366.115962
167.630000	-15.760000	-158.345001	22.189100	9.746465	42.054590	1370.703125
167.630000	-15.760000	-158.345001	22.439100	4.708757	41.861167	1375.290288
167.630000	-15.760000	-158.345001	22.689100	0.152675	41.668537	1380.820602
167.630000	-15.760000	-158.345001	22.939100	2.028531	41.476619	1385.672655
167.630000	-15.760000	-158.345001	23.189100	2.216493	41.285479	1390.512527
167.630000	-15.760000	-158.345001	23.439100	2.367665	41.095036	1395.344530
167.630000	-15.760000	-158.345001	23.689100	2.494660	40.905355	1400.176534
167.630000	-15.760000	-158.345001	23.939100	2.683327	40.716359	1405.008537
167.630000	-15.760000	-158.345001	24.189100	2.871576	40.528110	1409.840541
167.630000	-15.760000	-158.345001	24.439100	2.112504	40.340531	1414.672544
167.630000	-15.760000	-158.345001	24.689100	1.470689	40.153685	1419.830105
167.630000	-15.760000	-158.345001	24.939100	-3.630841	39.967496	1425.082757
167.630000	-15.760000	-158.095001	15.689100	3.023536	47.595452	1260.071881
167.630000	-15.760000	-158.095001	15.939100	0.057556	47.380097	1264.473062
167.630000	-15.760000	-158.095001	16.189100	0.734875	47.165768	1269.030892
167.630000	-15.760000	-158.095001	16.439100	1.546240	46.952300	1273.452814
167.630000	-15.760000	-158.095001	16.689100	1.758702	46.739838	1277.874737
167.630000	-15.760000	-158.095001	16.939100	1.970316	46.528224	1282.296660
167.630000	-15.760000	-158.095001	17.189100	2.180943	46.317597	1286.718583
167.630000	-15.760000	-158.095001	17.439100	2.390735	46.107804	1291.140505
167.630000	-15.760000	-158.095001	17.689100	2.539801	45.898979	1295.562428
167.630000	-15.760000	-158.095001	17.939100	2.629709	45.690975	1299.984351
167.630000	-15.760000	-158.095001	18.189100	2.718121	45.483918	1304.406273
167.630000	-15.760000	-158.095001	18.439100	2.805171	45.277670	1308.828196
167.630000	-15.760000	-158.095001	18.689100	2.890739	45.072350	1313.250119
167.630000	-15.760000	-158.095001	18.939100	2.974953	44.867826	1317.672042
167.630000	-15.760000	-158.095001	19.189100	3.057697	44.664211	1322.093964
167.630000	-15.760000	-158.095001	19.439100	3.110854	44.461379	1326.515887
167.630000	-15.760000	-158.095001	19.689100	3.126472	44.259438	1330.934075
167.630000	-15.760000	-158.095001	19.939100	3.126037	44.058267	1335.314677
167.630000	-15.760000	-158.095001	20.189100	2.351599	43.857969	1339.695279
167.630000	-15.760000	-158.095001	20.439100	2.929053	43.658428	1344.276276
167.630000	-15.760000	-158.095001	20.689100	6.194180	43.459741	1348.868097
167.630000	-15.760000	-158.095001	20.939100	6.407536	43.261799	1353.452976
167.630000	-15.760000	-158.095001	21.189100	6.598664	43.064693	1358.037855
167.630000	-15.760000	-158.095001	21.439100	6.789057	42.868321	1362.622734
167.630000	-15.760000	-158.095001	21.689100	6.978631	42.672767	1367.207614
167.630000	-15.760000	-158.095001	21.939100	7.167482	42.477933	1371.792493
167.630000	-15.760000	-158.095001	22.189100	7.263504	42.283900	1376.377372
167.630000	-15.760000	-158.095001	22.439100	7.454912	42.090577	1380.962251
167.630000	-15.760000	-158.095001	22.689100	4.265615	41.898036	1385.488696
167.630000	-15.760000	-158.095001	22.939100	2.523400	41.706193	1390.249872
167.630000	-15.760000	-158.095001	23.189100	1.884570	41.515116	1395.081875
167.630000	-15.760000	-158.095001	23.439100	2.074962	41.324725	1399.913879
167.630000	-15.760000	-158.095001	23.689100	2.264604	41.135082	1404.745882
167.630000	-15.760000	-158.095001	23.939100	2.453572	40.946114	1409.577886
167.630000	-15.760000	-158.095001	24.189100	2.641808	40.757878	1414.409889
167.630000	-15.760000	-158.095001	24.439100	1.775719	40.570305	1419.241893
167.630000	-15.760000	-158.095001	24.689100	1.088558	40.383447	1424.455376
167.630000	-15.760000	-158.095001	24.939100	0.698337	40.197242	1429.708028
167.630000	-15.760000	-158.095001	25.189100	-5.944689	40.011735	1435.136159
167.630000	-15.760000	-157.845001	15.689100	3.348880	47.815635	1265.109047
167.630000	-15.760000	-157.845001	15.939100	0.146382	47.600798	1269.350917
167.630000	-15.760000	-157.845001	16.189100	-0.211505	47.386938	1273.971387
167.630000	-15.760000	-157.845001	16.439100	0.762817	47.173954	1278.450632
167.630000	-15.760000	-157.845001	16.689100	0.951008	46.961930	1282.872555
167.630000	-15.760000	-157.845001	16.939100	1.041629	46.750765	1287.294478
167.630000	-15.760000	-157.845001	17.189100	1.130744	46.540544	1291.716400
167.630000	-15.760000	-157.845001	17.439100	1.286224	46.331167	1296.138323
167.630000	-15.760000	-157.845001	17.689100	1.506408	46.122717	1300.539263
167.630000	-15.760000	-157.845001	17.939100	1.657460	45.915096	1304.919865
167.630000	-15.760000	-157.845001	18.189100	1.740885	45.708385	1309.300467
167.630000	-15.760000	-157.845001	18.439100	1.822916	45.502488	1313.681069
167.630000	-15.760000	-157.845001	18.689100	1.903470	45.297484	1318.061671
167.630000	-15.760000	-157.845001	18.939100	1.982638	45.093280	1322.442273
167.630000	-15.760000	-157.845001	19.189100	2.060339	44.889952	1326.822875
167.630000	-15.760000	-157.845001	19.439100	2.136664	44.687409	1331.203477
167.630000	-15.760000	-157.845001	19.689100	2.223018	44.485728	1335.584079
167.630000	-15.760000	-157.845001	19.939100	2.423930	44.284815	1339.964680
167.630000	-15.760000	-157.845001	20.189100	1.905152	44.084749	1344.345282
167.630000	-15.760000	-157.845001	20.439100	1.621192	43.885437	1349.181278
167.630000	-15.760000	-157.845001	20.689100	3.308228	43.686955	1353.983315
167.630000	-15.760000	-157.845001	20.939100	4.640234	43.489214	1358.568194
167.630000	-15.760000	-157.845001	21.189100	4.837161	43.292288	1363.153073
167.630000	-15.760000	-157.845001	21.439100	5.033361	43.096088	1367.737953
167.630000	-15.760000	-157.845001	21.689100	5.196252	42.900686	1372.322832
167.630000	-15.760000	-157.845001	21.939100	5.312738	42.705998	1376.907711
167.630000	-15.760000	-157.845001	22.189100	5.527715	42.512093	1381.457537
167.630000	-15.760000	-157.845001	22.439100	5.631550	42.318888	1385.975444
167.630000	-15.760000	-157.845001	22.689100	5.799690	42.126451	1390.493352
167.630000	-15.760000	-157.845001	22.939100	4.906019	41.934700	1395.011259
167.630000	-15.760000	-157.845001	23.189100	3.195676	41.743702	1399.651224
167.630000	-15.760000	-157.845001	23.439100	1.846309	41.553377	1404.483227
167.630000	-15.760000	-157.845001	23.689100	2.035896	41.363790	1409.315231
167.630000	-15.760000	-157.845001	23.939100	2.224823	41.174863	1414.147234
167.630000	-15.760000	-157.845001	24.189100	2.363483	40.986660	1418.979238
167.630000	-15.760000	-157.845001	24.439100	1.562269	40.799104	1423.827995
167.630000	-15.760000	-157.845001	24.689100	0.753573	40.612256	1429.080647
167.630000	-15.760000	-157.845001	24.939100	0.939786	40.426043	1434.333299
167.630000	-15.760000	-157.845001	25.189100	-0.952245	40.240525	1439.585951
167.630000	-15.760000	-157.845001	25.439100	-8.223999	40.055629	1445.425487
167.630000	-15.760000	-157.595001	15.689100	3.684303	48.034231	1270.146213
167.630000	-15.760000	-157.595001	15.939100	0.444086	47.819893	1274.228772
167.630000	-15.760000	-157.595001	16.189100	-0.576789	47.606549	1278.849242
167.630000	-15.760000	-157.595001	16.439100	0.328019	47.394032	1283.316650
167.630000	-15.760000	-157.595001	16.689100	0.318032	47.182489	1287.666859
167.630000	-15.760000	-157.595001	16.939100	0.051792	46.971759	1292.047461
167.630000	-15.760000	-157.595001	17.189100	0.135692	46.761986	1296.428063
167.630000	-15.760000	-157.595001	17.439100	0.218198	46.553014	1300.808665
167.630000	-15.760000	-157.595001	17.689100	0.363768	46.344978	1305.189267
167.630000	-15.760000	-157.595001	17.939100	0.571015	46.137731	1309.569869
167.630000	-15.760000	-157.595001	18.189100	0.777343	45.931402	1313.950471
167.630000	-15.760000	-157.595001	18.439100	0.982896	45.725850	1318.331073
167.630000	-15.760000	-157.595001	18.689100	1.187549	45.521197	1322.711674
167.630000	-15.760000	-157.595001	18.939100	1.391437	45.317308	1327.092276
167.630000	-15.760000	-157.595001	19.189100	1.594445	45.114301	1331.472878
167.630000	-15.760000	-157.595001	19.439100	1.796700	44.912046	1335.853480
167.630000	-15.760000	-157.595001	19.689100	1.998092	44.710654	1340.234082
167.630000	-15.760000	-157.595001	19.939100	1.491400	44.510002	1344.614684
167.630000	-15.760000	-157.595001	20.189100	1.657025	44.310195	1349.235978
167.630000	-15.760000	-157.595001	20.439100	1.221804	44.111117	1354.086279
167.630000	-15.760000	-157.595001	20.689100	1.844662	43.912866	1358.932636
167.630000	-15.760000	-157.595001	20.939100	3.581412	43.715332	1363.683412
167.630000	-15.760000	-157.595001	21.189100	4.610840	43.518608	1368.268291
167.630000	-15.760000	-157.595001	21.439100	4.688859	43.322589	1372.853171
167.630000	-15.760000	-157.595001	21.689100	4.905055	43.127363	1377.426378
167.630000	-15.760000	-157.595001	21.939100	5.084031	42.932831	1381.944285
167.630000	-15.760000	-157.595001	22.189100	5.187066	42.739074	1386.462192
167.630000	-15.760000	-157.595001	22.439100	5.380141	42.545999	1390.980100
167.630000	-15.760000	-157.595001	22.689100	5.572457	42.353684	1395.498007
167.630000	-15.760000	-157.595001	22.939100	5.764101	42.162039	1400.015914
167.630000	-15.760000	-157.595001	23.189100	5.602457	41.971137	1404.533821
167.630000	-15.760000	-157.595001	23.439100	3.892427	41.780895	1409.052576
167.630000	-15.760000	-157.595001	23.689100	2.182698	41.591378	1413.884579
167.630000	-15.760000	-157.595001	23.939100	1.997175	41.402511	1418.716583
167.630000	-15.760000	-157.595001	24.189100	1.971079	41.214353	1423.548586
167.630000	-15.760000	-157.595001	24.439100	1.298093	41.026833	1428.453266
167.630000	-15.760000	-157.595001	24.689100	0.525822	40.840007	1433.705918
167.630000	-15.760000	-157.595001	24.939100	0.712021	40.653808	1438.958570
167.630000	-15.760000	-157.595001	25.189100	0.897541	40.468288	1444.211222
167.630000	-15.760000	-157.595001	25.439100	-3.299024	40.283384	1449.463874
167.630000	-15.760000	-157.345001	15.689100	4.029834	48.251306	1275.183379
167.630000	-15.760000	-157.345001	15.939100	1.053899	48.037517	1279.106628
167.630000	-15.760000	-157.345001	16.189100	-0.650102	47.824669	1283.727098
167.630000	-15.760000	-157.345001	16.439100	0.478182	47.612665	1288.148561
167.630000	-15.760000	-157.345001	16.689100	0.811394	47.401587	1292.400736
167.630000	-15.760000	-157.345001	16.939100	0.211191	47.191337	1296.697465
167.630000	-15.760000	-157.345001	17.189100	-0.245816	46.981998	1301.078067
167.630000	-15.760000	-157.345001	17.439100	-0.064726	46.773472	1305.458668
167.630000	-15.760000	-157.345001	17.689100	0.142905	46.565840	1309.839270
167.630000	-15.760000	-157.345001	17.939100	0.349738	46.359007	1314.219872
167.630000	-15.760000	-157.345001	18.189100	0.555693	46.153053	1318.600474
167.630000	-15.760000	-157.345001	18.439100	0.760863	45.947883	1322.981076
167.630000	-15.760000	-157.345001	18.689100	0.965171	45.743575	1327.361678
167.630000	-15.760000	-157.345001	18.939100	1.168708	45.540038	1331.742280
167.630000	-15.760000	-157.345001	19.189100	1.371399	45.337347	1336.122882
167.630000	-15.760000	-157.345001	19.439100	1.573333	45.135412	1340.503484
167.630000	-15.760000	-157.345001	19.689100	1.702108	44.934309	1344.884086
167.630000	-15.760000	-157.345001	19.939100	1.240219	44.733948	1349.286873
167.630000	-15.760000	-157.345001	20.189100	0.782658	44.534403	1354.142184
167.630000	-15.760000	-157.345001	20.439100	1.000890	44.335587	1358.991281
167.630000	-15.760000	-157.345001	20.689100	1.207005	44.137571	1363.837637
167.630000	-15.760000	-157.345001	20.939100	2.119167	43.940270	1368.683994
167.630000	-15.760000	-157.345001	21.189100	3.783945	43.743755	1373.383510
167.630000	-15.760000	-157.345001	21.439100	4.376707	43.547941	1377.913126
167.630000	-15.760000	-157.345001	21.689100	4.471290	43.352898	1382.431033
167.630000	-15.760000	-157.345001	21.939100	4.685981	43.158543	1386.948940
167.630000	-15.760000	-157.345001	22.189100	4.899899	42.964945	1391.466848
167.630000	-15.760000	-157.345001	22.439100	5.113126	42.772021	1395.984755
167.630000	-15.760000	-157.345001	22.689100	5.325596	42.579840	1400.502662
167.630000	-15.760000	-157.345001	22.939100	5.537388	42.388320	1405.020569
167.630000	-15.760000	-157.345001	23.189100	5.728613	42.197527	1409.538476
167.630000	-15.760000	-157.345001	23.439100	5.916344	42.007384	1414.056383
167.630000	-15.760000	-157.345001	23.689100	4.589090	41.817954	1418.574290
167.630000	-15.760000	-157.345001	23.939100	2.876205	41.629160	1423.285931
167.630000	-15.760000	-157.345001	24.189100	1.580658	41.441065	1428.117935
167.630000	-15.760000	-157.345001	24.439100	0.914766	41.253595	1433.078537
167.630000	-15.760000	-157.345001	24.689100	0.299020	41.066809	1438.331189
167.630000	-15.760000	-157.345001	24.939100	0.485194	40.880636	1443.583841
167.630000	-15.760000	-157.345001	25.189100	0.670696	40.695133	1448.836493
167.630000	-15.760000	-157.345001	25.439100	0.696402	40.510231	1454.089145
167.630000	-15.760000	-157.345001	25.689100	-5.619761	40.325986	1459.400834
167.630000	-15.760000	-157.095001	15.689100	4.010090	48.466824	1280.220546
167.630000	-15.760000	-157.095001	15.939100	1.823443	48.253560	1284.088925
167.630000	-15.760000	-157.095001	16.189100	-0.387919	48.041256	1288.604953
167.630000	-15.760000	-157.095001	16.439100	0.412323	47.829746	1292.980473
167.630000	-15.760000	-157.095001	16.689100	1.032422	47.619178	1297.232647
167.630000	-15.760000	-157.095001	16.939100	1.110863	47.409391	1301.484822
167.630000	-15.760000	-157.095001	17.189100	0.539628	47.200529	1305.736997
167.630000	-15.760000	-157.095001	17.439100	-0.063332	46.992435	1310.108672
167.630000	-15.760000	-157.095001	17.689100	-0.076502	46.785248	1314.489274
167.630000	-15.760000	-157.095001	17.939100	0.129928	46.578818	1318.869876
167.630000	-15.760000	-157.095001	18.189100	0.335470	46.373276	1323.250478
167.630000	-15.760000	-157.095001	18.439100	0.540267	46.168479	1327.631080
167.630000	-15.760000	-157.095001	18.689100	0.744193	45.964553	1332.011682
167.630000	-15.760000	-157.095001	18.939100	0.947386	45.761360	1336.392284
167.630000	-15.760000	-157.095001	19.189100	1.149725	45.559020	1340.772886
167.630000	-15.760000	-157.095001	19.439100	1.351343	45.357403	1345.153488
167.630000	-15.760000	-157.095001	19.689100	0.840679	45.156621	1349.534090
167.630000	-15.760000	-157.095001	19.939100	0.927159	44.956549	1354.193079
167.630000	-15.760000	-157.095001	20.189100	0.563319	44.757296	1359.048389
167.630000	-15.760000	-157.095001	20.439100	0.781291	44.558741	1363.896283
167.630000	-15.760000	-157.095001	20.689100	0.983587	44.360989	1368.742639
167.630000	-15.760000	-157.095001	20.939100	1.802873	44.163924	1373.588996
167.630000	-15.760000	-157.095001	21.189100	2.855165	43.967644	1378.349903
167.630000	-15.760000	-157.095001	21.439100	3.772472	43.772040	1382.874927
167.630000	-15.760000	-157.095001	21.689100	3.987830	43.577205	1387.399951
167.630000	-15.760000	-157.095001	21.939100	4.202506	43.383035	1391.924975
167.630000	-15.760000	-157.095001	22.189100	4.416415	43.189617	1396.449999
167.630000	-15.760000	-157.095001	22.439100	4.629652	42.996854	1400.975024
167.630000	-15.760000	-157.095001	22.689100	4.842138	42.804826	1405.500048
167.630000	-15.760000	-157.095001	22.939100	5.075924	42.613443	1410.025072
167.630000	-15.760000	-157.095001	23.189100	5.309466	42.422778	1414.543131
167.630000	-15.760000	-157.095001	23.439100	5.520385	42.232747	1419.061038
167.630000	-15.760000	-157.095001	23.689100	5.730103	42.043420	1423.578945
167.630000	-15.760000	-157.095001	23.939100	5.133400	41.854715	1428.096853
167.630000	-15.760000	-157.095001	24.189100	2.811196	41.666699	1432.687283
167.630000	-15.760000	-157.095001	24.439100	0.517514	41.479294	1437.703808
167.630000	-15.760000	-157.095001	24.689100	0.073267	41.292563	1442.956460
167.630000	-15.760000	-157.095001	24.939100	0.259397	41.106433	1448.209112
167.630000	-15.760000	-157.095001	25.189100	0.444869	40.920960	1453.461764
167.630000	-15.760000	-157.095001	25.439100	0.629750	40.736080	1458.714416
167.630000	-15.760000	-157.095001	25.689100	-0.607763	40.551841	1463.967067
167.630000	-15.760000	-156.845001	15.689100	3.796073	48.680841	1285.257712
167.630000	-15.760000	-156.845001	15.939100	2.302243	48.468152	1289.126091
167.630000	-15.760000	-156.845001	16.189100	0.062388	48.256372	1293.482808
167.630000	-15.760000	-156.845001	16.439100	0.348604	48.045403	1297.812384
167.630000	-15.760000	-156.845001	16.689100	0.816273	47.835327	1302.064558
167.630000	-15.760000	-156.845001	16.939100	1.025551	47.626049	1306.316733
167.630000	-15.760000	-156.845001	17.189100	1.233953	47.417648	1310.568908
167.630000	-15.760000	-156.845001	17.439100	0.867565	47.210030	1314.821083
167.630000	-15.760000	-156.845001	17.689100	0.263685	47.003274	1319.139278
167.630000	-15.760000	-156.845001	17.939100	-0.088541	46.797287	1323.519880
167.630000	-15.760000	-156.845001	18.189100	0.116598	46.592147	1327.900482
167.630000	-15.760000	-156.845001	18.439100	0.320983	46.387763	1332.281084
167.630000	-15.760000	-156.845001	18.689100	0.524536	46.184210	1336.661686
167.630000	-15.760000	-156.845001	18.939100	0.727347	45.981399	1341.042288
167.630000	-15.760000	-156.845001	19.189100	0.929341	45.779404	1345.422890
167.630000	-15.760000	-156.845001	19.439100	0.935784	45.578138	1349.803491
167.630000	-15.760000	-156.845001	19.689100	0.592611	45.377673	1354.243974
167.630000	-15.760000	-156.845001	19.939100	0.120805	45.177923	1359.099284
167.630000	-15.760000	-156.845001	20.189100	0.342668	44.978961	1363.954594
167.630000	-15.760000	-156.845001	20.439100	0.562889	44.780699	1368.801284
167.630000	-15.760000	-156.845001	20.689100	0.512842	44.583211	1373.647641
167.630000	-15.760000	-156.845001	20.939100	1.959851	44.386410	1378.621076
167.630000	-15.760000	-156.845001	21.189100	2.843086	44.190368	1383.279914
167.630000	-15.760000	-156.845001	21.439100	3.457647	43.995001	1387.804938
167.630000	-15.760000	-156.845001	21.689100	3.652270	43.800379	1392.329962
167.630000	-15.760000	-156.845001	21.939100	3.846230	43.606418	1396.854987
167.630000	-15.760000	-156.845001	22.189100	4.039460	43.413188	1401.380011
167.630000	-15.760000	-156.845001	22.439100	4.232041	43.220607	1405.905035
167.630000	-15.760000	-156.845001	22.689100	4.423906	43.028743	1410.430059
167.630000	-15.760000	-156.845001	22.939100	4.615133	42.837515	1414.955083
167.630000	-15.760000	-156.845001	23.189100	4.766062	42.646990	1419.480107
167.630000	-15.760000	-156.845001	23.439100	4.911426	42.457090	1424.005131
167.630000	-15.760000	-156.845001	23.689100	5.074373	42.267879	1428.530156
167.630000	-15.760000	-156.845001	23.939100	5.285401	42.079280	1433.049366
167.630000	-15.760000	-156.845001	24.189100	4.398394	41.891356	1437.551381
167.630000	-15.760000	-156.845001	24.439100	0.894834	41.704033	1442.323910
167.630000	-15.760000	-156.845001	24.689100	-0.216701	41.517371	1447.581731
167.630000	-15.760000	-156.845001	24.939100	0.016807	41.331298	1452.834383
167.630000	-15.760000	-156.845001	25.189100	0.219955	41.145874	1458.087035
167.630000	-15.760000	-156.845001	25.439100	0.404803	40.961026	1463.339687
167.630000	-15.760000	-156.845001	25.689100	0.589015	40.776814	1468.592338
167.630000	-15.760000	-156.845001	25.939100	-2.959035	40.593167	1473.844990
167.630000	-15.760000	-156.595001	15.439100	3.370676	49.106238	1286.426499
167.630000	-15.760000	-156.595001	15.689100	3.583586	48.893328	1290.294878
167.630000	-15.760000	-156.595001	15.939100	2.637092	48.681190	1294.163257
167.630000	-15.760000	-156.595001	16.189100	0.486087	48.469981	1298.360663
167.630000	-15.760000	-156.595001	16.439100	0.287132	48.259532	1302.644295
167.630000	-15.760000	-156.595001	16.689100	0.601606	48.049995	1306.896470
167.630000	-15.760000	-156.595001	16.939100	0.810395	47.841205	1311.148644
167.630000	-15.760000	-156.595001	17.189100	1.018291	47.633309	1315.400819
167.630000	-15.760000	-156.595001	17.439100	1.225450	47.426151	1319.652994
167.630000	-15.760000	-156.595001	17.689100	1.194951	47.219868	1323.905169
167.630000	-15.760000	-156.595001	17.939100	0.590346	47.014311	1328.169884
167.630000	-15.760000	-156.595001	18.189100	0.024729	46.809613	1332.550485
167.630000	-15.760000	-156.595001	18.439100	0.103116	46.605629	1336.931087
167.630000	-15.760000	-156.595001	18.689100	0.306258	46.402488	1341.311689
167.630000	-15.760000	-156.595001	18.939100	0.508697	46.200049	1345.692291
167.630000	-15.760000	-156.595001	19.189100	0.710310	45.998435	1350.072893
167.630000	-15.760000	-156.595001	19.439100	0.195718	45.797514	1354.453495
167.630000	-15.760000	-156.595001	19.689100	0.173079	45.597400	1359.150179
167.630000	-15.760000	-156.595001	19.939100	-0.096674	45.397968	1364.005489
167.630000	-15.760000	-156.595001	20.189100	0.122341	45.199328	1368.859929
167.630000	-15.760000	-156.595001	20.439100	0.217096	45.001357	1373.706286
167.630000	-15.760000	-156.595001	20.689100	0.352857	44.804162	1378.595411
167.630000	-15.760000	-156.595001	20.939100	1.500617	44.607627	1383.684901
167.630000	-15.760000	-156.595001	21.189100	3.040798	44.411850	1388.209925
167.630000	-15.760000	-156.595001	21.439100	3.235926	44.216723	1392.734950
167.630000	-15.760000	-156.595001	21.689100	3.430310	44.022339	1397.259974
167.630000	-15.760000	-156.595001	21.939100	3.624056	43.828592	1401.784998
167.630000	-15.760000	-156.595001	22.189100	3.779454	43.635574	1406.310022
167.630000	-15.760000	-156.595001	22.439100	3.906637	43.443182	1410.835046
167.630000	-15.760000	-156.595001	22.689100	4.032947	43.251503	1415.360070
167.630000	-15.760000	-156.595001	22.939100	4.223664	43.060441	1419.885094
167.630000	-15.760000	-156.595001	23.189100	4.419493	42.870076	1424.389486
167.630000	-15.760000	-156.595001	23.439100	4.549231	42.680317	1428.892044
167.630000	-15.760000	-156.595001	23.689100	4.668684	42.491240	1433.394602
167.630000	-15.760000	-156.595001	23.939100	4.810093	42.302759	1437.895232
167.630000	-15.760000	-156.595001	24.189100	4.856035	42.114945	1442.389063
167.630000	-15.760000	-156.595001	24.439100	1.864876	41.927717	1446.926822
167.630000	-15.760000	-156.595001	24.689100	-0.554124	41.741141	1452.190354
167.630000	-15.760000	-156.595001	24.939100	-0.320809	41.555141	1457.453886
167.630000	-15.760000	-156.595001	25.189100	-0.072569	41.369778	1462.712306
167.630000	-15.760000	-156.595001	25.439100	0.161283	41.184981	1467.964957
167.630000	-15.760000	-156.595001	25.689100	0.365022	41.000807	1473.217609
167.630000	-15.760000	-156.595001	25.939100	0.548639	40.817190	1478.470261
167.630000	-15.760000	-156.345001	15.439100	3.160248	49.316666	1291.463665
167.630000	-15.760000	-156.345001	15.689100	3.372579	49.104336	1295.332044
167.630000	-15.760000	-156.345001	15.939100	3.032914	48.892800	1299.200423
167.630000	-15.760000	-156.345001	16.189100	0.882046	48.682139	1303.224031
167.630000	-15.760000	-156.345001	16.439100	0.107127	48.472259	1307.476206
167.630000	-15.760000	-156.345001	16.689100	0.354287	48.263238	1311.728381
167.630000	-15.760000	-156.345001	16.939100	0.596615	48.054985	1315.980555
167.630000	-15.760000	-156.345001	17.189100	0.804024	47.847576	1320.232730
167.630000	-15.760000	-156.345001	17.439100	1.010679	47.640921	1324.484905
167.630000	-15.760000	-156.345001	17.689100	1.216503	47.435097	1328.737080
167.630000	-15.760000	-156.345001	17.939100	1.384690	47.230012	1332.989255
167.630000	-15.760000	-156.345001	18.189100	0.916431	47.025743	1337.241430
167.630000	-15.760000	-156.345001	18.439100	0.309164	46.822200	1341.581091
167.630000	-15.760000	-156.345001	18.689100	0.089287	46.619459	1345.961693
167.630000	-15.760000	-156.345001	18.939100	0.291315	46.417431	1350.342295
167.630000	-15.760000	-156.345001	19.189100	0.175730	46.216190	1354.722897
167.630000	-15.760000	-156.345001	19.439100	-0.049217	46.015649	1359.201074
167.630000	-15.760000	-156.345001	19.689100	-0.517153	45.815881	1364.056384
167.630000	-15.760000	-156.345001	19.939100	-0.311956	45.616800	1368.911694
167.630000	-15.760000	-156.345001	20.189100	-0.094231	45.418478	1373.764931
167.630000	-15.760000	-156.345001	20.439100	-0.125710	45.220831	1378.611288
167.630000	-15.760000	-156.345001	20.689100	0.452467	45.023928	1383.681100
167.630000	-15.760000	-156.345001	20.939100	1.361975	44.827687	1388.614913
167.630000	-15.760000	-156.345001	21.189100	2.805007	44.632178	1393.139937
167.630000	-15.760000	-156.345001	21.439100	2.934714	44.437317	1397.664961
167.630000	-15.760000	-156.345001	21.689100	3.063543	44.243174	1402.189985
167.630000	-15.760000	-156.345001	21.939100	3.232583	44.049668	1406.715009
167.630000	-15.760000	-156.345001	22.189100	3.430840	43.856865	1411.227047
167.630000	-15.760000	-156.345001	22.439100	3.587285	43.664688	1415.729605
167.630000	-15.760000	-156.345001	22.689100	3.712832	43.473201	1420.232163
167.630000	-15.760000	-156.345001	22.939100	3.837603	43.282326	1424.734722
167.630000	-15.760000	-156.345001	23.189100	4.022400	43.092129	1429.237280
167.630000	-15.760000	-156.345001	23.439100	4.208663	42.902532	1433.739839
167.630000	-15.760000	-156.345001	23.689100	4.399566	42.713599	1438.239083
167.630000	-15.760000	-156.345001	23.939100	4.585045	42.525256	1442.732914
167.630000	-15.760000	-156.345001	24.189100	4.772737	42.337563	1447.226746
167.630000	-15.760000	-156.345001	24.439100	3.043298	42.150447	1451.720578
167.630000	-15.760000	-156.345001	24.689100	-0.274516	41.963970	1456.793266
167.630000	-15.760000	-156.345001	24.939100	-0.608649	41.778058	1462.056798
167.630000	-15.760000	-156.345001	25.189100	-0.407601	41.592772	1467.320330
167.630000	-15.760000	-156.345001	25.439100	-0.177169	41.408040	1472.583861
167.630000	-15.760000	-156.345001	25.689100	0.069826	41.223921	1477.842880
167.630000	-15.760000	-156.345001	25.939100	0.304078	41.040345	1483.095532
167.630000	-15.760000	-156.345001	26.189100	-0.431220	40.857370	1488.348184
167.630000	-15.760000	-156.095001	15.439100	2.951374	49.525541	1296.500831
167.630000	-15.760000	-156.095001	15.689100	3.163073	49.313841	1300.369210
167.630000	-15.760000	-156.095001	15.939100	3.486790	49.102881	1304.237589
167.630000	-15.760000	-156.095001	16.189100	1.809096	48.892817	1308.072369
167.630000	-15.760000	-156.095001	16.439100	-0.268317	48.683481	1312.283592
167.630000	-15.760000	-156.095001	16.689100	-0.197125	48.475026	1316.548711
167.630000	-15.760000	-156.095001	16.939100	0.092311	48.267287	1320.812466
167.630000	-15.760000	-156.095001	17.189100	0.376313	48.060411	1325.064641
167.630000	-15.760000	-156.095001	17.439100	0.620838	47.854241	1329.316816
167.630000	-15.760000	-156.095001	17.689100	0.864458	47.648917	1333.568991
167.630000	-15.760000	-156.095001	17.939100	1.107325	47.444288	1337.821166
167.630000	-15.760000	-156.095001	18.189100	1.349305	47.240489	1342.073341
167.630000	-15.760000	-156.095001	18.439100	1.218177	47.037373	1346.325516
167.630000	-15.760000	-156.095001	18.689100	0.634057	46.835072	1350.611697
167.630000	-15.760000	-156.095001	18.939100	0.135118	46.633443	1354.992299
167.630000	-15.760000	-156.095001	19.189100	-0.443416	46.432612	1359.372901
167.630000	-15.760000	-156.095001	19.439100	-0.574757	46.232443	1364.107279
167.630000	-15.760000	-156.095001	19.689100	-0.734327	46.033055	1368.962589
167.630000	-15.760000	-156.095001	19.939100	-0.525924	45.834319	1373.817899
167.630000	-15.760000	-156.095001	20.189100	-0.556951	45.636349	1378.669933
167.630000	-15.760000	-156.095001	20.439100	-0.428068	45.439020	1383.655434
167.630000	-15.760000	-156.095001	20.689100	0.092919	45.242441	1388.766788
167.630000	-15.760000	-156.095001	20.939100	1.444962	45.046493	1393.544924
167.630000	-15.760000	-156.095001	21.189100	2.434568	44.851279	1398.064607
167.630000	-15.760000	-156.095001	21.439100	2.617692	44.656685	1402.567166
167.630000	-15.760000	-156.095001	21.689100	2.745683	44.462811	1407.069724
167.630000	-15.760000	-156.095001	21.939100	2.872899	44.269547	1411.572283
167.630000	-15.760000	-156.095001	22.189100	3.037542	44.076987	1416.074841
167.630000	-15.760000	-156.095001	22.439100	3.229502	43.885027	1420.577399
167.630000	-15.760000	-156.095001	22.689100	3.420774	43.693755	1425.079958
167.630000	-15.760000	-156.095001	22.939100	3.611454	43.503074	1429.582516
167.630000	-15.760000	-156.095001	23.189100	3.798440	43.313067	1434.085075
167.630000	-15.760000	-156.095001	23.439100	3.989839	43.123640	1438.582934
167.630000	-15.760000	-156.095001	23.689100	4.175428	42.934873	1443.076765
167.630000	-15.760000	-156.095001	23.939100	4.363624	42.746676	1447.570597
167.630000	-15.760000	-156.095001	24.189100	4.551177	42.559123	1452.064428
167.630000	-15.760000	-156.095001	24.439100	3.663563	42.372132	1456.558260
167.630000	-15.760000	-156.095001	24.689100	0.158298	42.185770	1461.396178
167.630000	-15.760000	-156.095001	24.939100	-0.830551	41.999960	1466.659710
167.630000	-15.760000	-156.095001	25.189100	-0.645357	41.814766	1471.923242
167.630000	-15.760000	-156.095001	25.439100	-0.460705	41.630114	1477.186774
167.630000	-15.760000	-156.095001	25.689100	-0.262739	41.446064	1482.450305
167.630000	-15.760000	-156.095001	25.939100	-0.035136	41.262546	1487.713837
167.630000	-15.760000	-156.095001	26.189100	0.210670	41.079616	1492.973455
167.630000	-15.760000	-155.845001	15.439100	2.743930	49.732984	1301.537997
167.630000	-15.760000	-155.845001	15.689100	2.964982	49.521887	1305.406376
167.630000	-15.760000	-155.845001	15.939100	3.324428	49.311555	1309.271973
167.630000	-15.760000	-155.845001	16.189100	3.002523	49.102063	1313.054996
167.630000	-15.760000	-155.845001	16.439100	0.284687	48.893322	1317.028430
167.630000	-15.760000	-155.845001	16.689100	-0.637672	48.685408	1321.293548
167.630000	-15.760000	-155.845001	16.939100	-0.426406	48.478232	1325.558667
167.630000	-15.760000	-155.845001	17.189100	-0.181224	48.271868	1329.823785
167.630000	-15.760000	-155.845001	17.439100	0.063174	48.066228	1334.088903
167.630000	-15.760000	-155.845001	17.689100	0.306716	47.861388	1338.354021
167.630000	-15.760000	-155.845001	17.939100	0.549488	47.657258	1342.619140
167.630000	-15.760000	-155.845001	18.189100	0.791417	47.453914	1346.884258
167.630000	-15.760000	-155.845001	18.439100	1.048917	47.251267	1351.149376
167.630000	-15.760000	-155.845001	18.689100	1.231319	47.049392	1355.409602
167.630000	-15.760000	-155.845001	18.939100	0.318317	46.848202	1359.661777
167.630000	-15.760000	-155.845001	19.189100	-0.563345	46.647770	1364.158174
167.630000	-15.760000	-155.845001	19.439100	-1.093519	46.448011	1369.013484
167.630000	-15.760000	-155.845001	19.689100	-0.900268	46.248995	1373.868794
167.630000	-15.760000	-155.845001	19.939100	-0.855843	46.050640	1378.724104
167.630000	-15.760000	-155.845001	20.189100	-1.376146	45.853015	1383.629769
167.630000	-15.760000	-155.845001	20.439100	-1.407986	45.656038	1388.712004
167.630000	-15.760000	-155.845001	20.689100	-0.570658	45.459779	1393.687041
167.630000	-15.760000	-155.845001	20.939100	1.209972	45.264155	1398.409844
167.630000	-15.760000	-155.845001	21.189100	2.045294	45.069235	1402.912402
167.630000	-15.760000	-155.845001	21.439100	2.239591	44.874938	1407.414960
167.630000	-15.760000	-155.845001	21.689100	2.433196	44.681332	1411.917519
167.630000	-15.760000	-155.845001	21.939100	2.626190	44.488338	1416.420077
167.630000	-15.760000	-155.845001	22.189100	2.818507	44.296022	1420.922636
167.630000	-15.760000	-155.845001	22.439100	3.010223	44.104306	1425.425194
167.630000	-15.760000	-155.845001	22.689100	3.201275	43.913254	1429.927752
167.630000	-15.760000	-155.845001	22.939100	3.389029	43.722791	1434.430311
167.630000	-15.760000	-155.845001	23.189100	3.580813	43.532980	1438.926784
167.630000	-15.760000	-155.845001	23.439100	3.766555	43.343745	1443.420616
167.630000	-15.760000	-155.845001	23.689100	3.955150	43.155150	1447.914448
167.630000	-15.760000	-155.845001	23.939100	4.143179	42.967121	1452.408279
167.630000	-15.760000	-155.845001	24.189100	4.330582	42.779718	1456.902111
167.630000	-15.760000	-155.845001	24.439100	4.171886	42.592869	1461.395943
167.630000	-15.760000	-155.845001	24.689100	0.995890	42.406635	1465.999090
167.630000	-15.760000	-155.845001	24.939100	-1.051535	42.220944	1471.262622
167.630000	-15.760000	-155.845001	25.189100	-0.866446	42.035855	1476.526154
167.630000	-15.760000	-155.845001	25.439100	-0.681889	41.851298	1481.789686
167.630000	-15.760000	-155.845001	25.689100	-0.497922	41.667331	1487.053217
167.630000	-15.760000	-155.845001	25.939100	-0.314476	41.483885	1492.316749
167.630000	-15.760000	-155.845001	26.189100	-0.119538	41.301017	1497.580281
167.630000	-15.760000	-155.845001	26.439100	0.105290	41.118660	1502.843813
167.630000	-15.760000	-155.595001	15.439100	2.538014	49.938900	1306.575163
167.630000	-15.760000	-155.595001	15.689100	2.881286	49.728459	1310.443542
167.630000	-15.760000	-155.595001	15.939100	3.171849	49.518724	1314.254600
167.630000	-15.760000	-155.595001	16.189100	3.482826	49.309856	1318.037622
167.630000	-15.760000	-155.595001	16.439100	1.597795	49.101683	1321.820645
167.630000	-15.760000	-155.595001	16.689100	-0.688018	48.894359	1326.038386
167.630000	-15.760000	-155.595001	16.939100	-0.639985	48.687721	1330.303504
167.630000	-15.760000	-155.595001	17.189100	-0.434180	48.481916	1334.568623
167.630000	-15.760000	-155.595001	17.439100	-0.229050	48.276786	1338.833741
167.630000	-15.760000	-155.595001	17.689100	-0.024737	48.072473	1343.098859
167.630000	-15.760000	-155.595001	17.939100	0.178912	47.868824	1347.363977
167.630000	-15.760000	-155.595001	18.189100	0.381759	47.665977	1351.629096
167.630000	-15.760000	-155.595001	18.439100	0.583953	47.463783	1355.894214
167.630000	-15.760000	-155.595001	18.689100	0.788782	47.262375	1360.159332
167.630000	-15.760000	-155.595001	18.939100	-0.119929	47.061610	1364.428830
167.630000	-15.760000	-155.595001	19.189100	-0.813705	46.861616	1369.085477
167.630000	-15.760000	-155.595001	19.439100	-1.206326	46.662254	1373.938809
167.630000	-15.760000	-155.595001	19.689100	-1.013466	46.463647	1378.792141
167.630000	-15.760000	-155.595001	19.939100	-0.865511	46.265664	1383.645472
167.630000	-15.760000	-155.595001	20.189100	-1.394973	46.068419	1388.477091
167.630000	-15.760000	-155.595001	20.439100	-2.256928	45.871787	1393.452129
167.630000	-15.760000	-155.595001	20.689100	-1.642098	45.675880	1398.427166
167.630000	-15.760000	-155.595001	20.939100	0.610967	45.480576	1403.257638
167.630000	-15.760000	-155.595001	21.189100	1.828549	45.285980	1407.760196
167.630000	-15.760000	-155.595001	21.439100	2.022551	45.091978	1412.262755
167.630000	-15.760000	-155.595001	21.689100	2.215859	44.898670	1416.765313
167.630000	-15.760000	-155.595001	21.939100	2.408583	44.705946	1421.267872
167.630000	-15.760000	-155.595001	22.189100	2.600628	44.513901	1425.770430
167.630000	-15.760000	-155.595001	22.439100	2.791721	44.322430	1430.272988
167.630000	-15.760000	-155.595001	22.689100	2.980509	44.131624	1434.775547
167.630000	-15.760000	-155.595001	22.939100	3.172724	43.941382	1439.270635
167.630000	-15.760000	-155.595001	23.189100	3.358510	43.751790	1443.764467
167.630000	-15.760000	-155.595001	23.439100	3.547546	43.562754	1448.258299
167.630000	-15.760000	-155.595001	23.689100	3.735947	43.374354	1452.752130
167.630000	-15.760000	-155.595001	23.939100	3.923801	43.186499	1457.245962
167.630000	-15.760000	-155.595001	24.189100	4.111034	42.999266	1461.739794
167.630000	-15.760000	-155.595001	24.439100	4.297731	42.812570	1466.233625
167.630000	-15.760000	-155.595001	24.689100	2.176963	42.626481	1470.727457
167.630000	-15.760000	-155.595001	24.939100	-0.930855	42.440920	1475.865534
167.630000	-15.760000	-155.595001	25.189100	-1.086544	42.255953	1481.129066
167.630000	-15.760000	-155.595001	25.439100	-0.902095	42.071504	1486.392598
167.630000	-15.760000	-155.595001	25.689100	-0.718226	41.887635	1491.656130
167.630000	-15.760000	-155.595001	25.939100	-0.534867	41.704276	1496.919661
167.630000	-15.760000	-155.595001	26.189100	-0.352075	41.521484	1502.183193
167.630000	-15.760000	-155.595001	26.439100	-0.169782	41.339191	1507.446725
167.630000	-15.760000	-155.345001	15.439100	2.428445	50.143409	1311.612329
167.630000	-15.760000	-155.345001	15.689100	2.722710	49.933592	1315.454204
167.630000	-15.760000	-155.345001	15.939100	3.068172	49.724510	1319.237226
167.630000	-15.760000	-155.345001	16.189100	3.276446	49.516235	1323.020249
167.630000	-15.760000	-155.345001	16.439100	2.772575	49.308682	1326.803272
167.630000	-15.760000	-155.345001	16.689100	0.034291	49.101924	1330.783224
167.630000	-15.760000	-155.345001	16.939100	-0.848137	48.895874	1335.048342
167.630000	-15.760000	-155.345001	17.189100	-0.642868	48.690605	1339.313460
167.630000	-15.760000	-155.345001	17.439100	-0.438295	48.486031	1343.578579
167.630000	-15.760000	-155.345001	17.689100	-0.234489	48.282226	1347.843697
167.630000	-15.760000	-155.345001	17.939100	-0.031367	48.079103	1352.108815
167.630000	-15.760000	-155.345001	18.189100	0.171002	47.876735	1356.373933
167.630000	-15.760000	-155.345001	18.439100	0.368959	47.675037	1360.639052
167.630000	-15.760000	-155.345001	18.689100	0.548765	47.474080	1364.905290
167.630000	-15.760000	-155.345001	18.939100	-0.566544	47.273782	1369.214383
167.630000	-15.760000	-155.345001	19.189100	-1.450599	47.074212	1374.022539
167.630000	-15.760000	-155.345001	19.439100	-1.385291	46.875287	1378.875871
167.630000	-15.760000	-155.345001	19.689100	-1.108204	46.677078	1383.729202
167.630000	-15.760000	-155.345001	19.939100	-0.906325	46.479503	1388.545288
167.630000	-15.760000	-155.345001	20.189100	-1.012451	46.282630	1393.325273
167.630000	-15.760000	-155.345001	20.439100	-1.969130	46.086379	1398.192253
167.630000	-15.760000	-155.345001	20.689100	-2.169648	45.890817	1403.167291
167.630000	-15.760000	-155.345001	20.939100	-0.142582	45.695866	1408.105433
167.630000	-15.760000	-155.345001	21.189100	1.612938	45.501591	1412.607991
167.630000	-15.760000	-155.345001	21.439100	1.806615	45.307914	1417.110549
167.630000	-15.760000	-155.345001	21.689100	1.999627	45.114902	1421.613108
167.630000	-15.760000	-155.345001	21.939100	2.192052	44.922476	1426.115666
167.630000	-15.760000	-155.345001	22.189100	2.379773	44.730703	1430.618225
167.630000	-15.760000	-155.345001	22.439100	2.572941	44.539504	1435.120655
167.630000	-15.760000	-155.345001	22.689100	2.765066	44.348945	1439.614486
167.630000	-15.760000	-155.345001	22.939100	2.951350	44.158950	1444.108318
167.630000	-15.760000	-155.345001	23.189100	3.140718	43.969583	1448.602150
167.630000	-15.760000	-155.345001	23.439100	3.329533	43.780768	1453.095981
167.630000	-15.760000	-155.345001	23.689100	3.517733	43.592568	1457.589813
167.630000	-15.760000	-155.345001	23.939100	3.705391	43.404910	1462.083644
167.630000	-15.760000	-155.345001	24.189100	3.892446	43.217854	1466.577476
167.630000	-15.760000	-155.345001	24.439100	4.078970	43.031330	1471.071308
167.630000	-15.760000	-155.345001	24.689100	2.990366	42.845397	1475.565139
167.630000	-15.760000	-155.345001	24.939100	-0.499912	42.659984	1480.468446
167.630000	-15.760000	-155.345001	25.189100	-1.305741	42.475150	1485.731978
167.630000	-15.760000	-155.345001	25.439100	-1.121416	42.290825	1490.995510
167.630000	-15.760000	-155.345001	25.689100	-0.937659	42.107068	1496.259042
167.630000	-15.760000	-155.345001	25.939100	-0.754401	41.923810	1501.522573
167.630000	-15.760000	-155.345001	26.189100	-0.571699	41.741108	1506.786105
167.630000	-15.760000	-155.095001	15.189100	1.920511	50.556404	1312.781116
167.630000	-15.760000	-155.095001	15.439100	2.283511	50.346415	1316.649495
167.630000	-15.760000	-155.095001	15.689100	2.639680	50.137278	1320.436830
167.630000	-15.760000	-155.095001	15.939100	2.863866	49.928816	1324.219853
167.630000	-15.760000	-155.095001	16.189100	3.071493	49.721188	1328.002876
167.630000	-15.760000	-155.095001	16.439100	3.278456	49.514226	1331.785898
167.630000	-15.760000	-155.095001	16.689100	1.349792	49.308082	1335.568921
167.630000	-15.760000	-155.095001	16.939100	-0.918118	49.102594	1339.793180
167.630000	-15.760000	-155.095001	17.189100	-0.850172	48.897909	1344.058298
167.630000	-15.760000	-155.095001	17.439100	-0.646132	48.693868	1348.323416
167.630000	-15.760000	-155.095001	17.689100	-0.442879	48.490616	1352.588534
167.630000	-15.760000	-155.095001	17.939100	-0.240261	48.287998	1356.853653
167.630000	-15.760000	-155.095001	18.189100	-0.038416	48.086153	1361.118771
167.630000	-15.760000	-155.095001	18.439100	0.139001	47.884932	1365.383889
167.630000	-15.760000	-155.095001	18.689100	-0.028137	47.684469	1369.690842
167.630000	-15.760000	-155.095001	18.939100	-0.804455	47.484620	1374.106269
167.630000	-15.760000	-155.095001	19.189100	-1.795519	47.285515	1378.959600
167.630000	-15.760000	-155.095001	19.439100	-1.565234	47.087014	1383.812932
167.630000	-15.760000	-155.095001	19.689100	-1.317624	46.889240	1388.655500
167.630000	-15.760000	-155.095001	19.939100	-1.039085	46.692062	1393.435485
167.630000	-15.760000	-155.095001	20.189100	-0.842620	46.495597	1398.215470
167.630000	-15.760000	-155.095001	20.439100	-1.295424	46.299716	1402.995455
167.630000	-15.760000	-155.095001	20.689100	-2.253091	46.104535	1407.907415
167.630000	-15.760000	-155.095001	20.939100	-1.003767	45.909929	1412.882453
167.630000	-15.760000	-155.095001	21.189100	1.174796	45.716007	1417.455785
167.630000	-15.760000	-155.095001	21.439100	1.591877	45.522651	1421.958344
167.630000	-15.760000	-155.095001	21.689100	1.784564	45.329965	1426.460902
167.630000	-15.760000	-155.095001	21.939100	1.972952	45.137836	1430.963461
167.630000	-15.760000	-155.095001	22.189100	2.166397	44.946362	1435.464506
167.630000	-15.760000	-155.095001	22.439100	2.354864	44.755436	1439.958337
167.630000	-15.760000	-155.095001	22.689100	2.545149	44.565151	1444.452169
167.630000	-15.760000	-155.095001	22.939100	2.734896	44.375404	1448.946000
167.630000	-15.760000	-155.095001	23.189100	2.924015	44.186285	1453.439832
167.630000	-15.760000	-155.095001	23.439100	3.112605	43.997695	1457.933664
167.630000	-15.760000	-155.095001	23.689100	3.300581	43.809719	1462.427495
167.630000	-15.760000	-155.095001	23.939100	3.488037	43.622263	1466.921327
167.630000	-15.760000	-155.095001	24.189100	3.674893	43.435407	1471.415159
167.630000	-15.760000	-155.095001	24.439100	3.861238	43.249062	1475.908990
167.630000	-15.760000	-155.095001	24.689100	3.496613	43.063304	1480.402822
167.630000	-15.760000	-155.095001	24.939100	0.134558	42.878048	1485.071358
167.630000	-15.760000	-155.095001	25.189100	-1.523956	42.693365	1490.334890
167.630000	-15.760000	-155.095001	25.439100	-1.339767	42.509177	1495.598422
167.630000	-15.760000	-155.095001	25.689100	-1.156138	42.325547	1500.861954
167.630000	-15.760000	-155.095001	25.939100	-0.972994	42.142403	1506.125486
167.630000	-15.760000	-155.095001	26.189100	-0.790397	41.959806	1511.389017
167.630000	-15.760000	-154.845001	15.189100	1.846413	50.757317	1317.818282
167.630000	-15.760000	-154.845001	15.439100	2.128693	50.548037	1321.636434
167.630000	-15.760000	-154.845001	15.689100	2.453136	50.339545	1325.419457
167.630000	-15.760000	-154.845001	15.939100	2.660923	50.131759	1329.202480
167.630000	-15.760000	-154.845001	16.189100	2.867934	49.924747	1332.985502
167.630000	-15.760000	-154.845001	16.439100	3.074253	49.718429	1336.768525
167.630000	-15.760000	-154.845001	16.689100	2.545072	49.512873	1340.551548
167.630000	-15.760000	-154.845001	16.939100	-0.213580	49.307996	1344.538017
167.630000	-15.760000	-154.845001	17.189100	-1.056134	49.103870	1348.803136
167.630000	-15.760000	-154.845001	17.439100	-0.852675	48.900411	1353.068254
167.630000	-15.760000	-154.845001	17.689100	-0.649953	48.697689	1357.333372
167.630000	-15.760000	-154.845001	17.939100	-0.447886	48.495623	1361.598490
167.630000	-15.760000	-154.845001	18.189100	-0.269261	48.294280	1365.863609
167.630000	-15.760000	-154.845001	18.439100	-0.083167	48.093581	1370.167302
167.630000	-15.760000	-154.845001	18.689100	-0.735745	47.893594	1374.476395
167.630000	-15.760000	-154.845001	18.939100	-1.346735	47.694238	1379.043330
167.630000	-15.760000	-154.845001	19.189100	-2.005585	47.495582	1383.896662
167.630000	-15.760000	-154.845001	19.439100	-1.727481	47.297544	1388.749994
167.630000	-15.760000	-154.845001	19.689100	-1.494266	47.100194	1393.545697
167.630000	-15.760000	-154.845001	19.939100	-1.250474	46.903451	1398.325682
167.630000	-15.760000	-154.845001	20.189100	-1.054405	46.707382	1403.105667
167.630000	-15.760000	-154.845001	20.439100	-0.858933	46.511910	1407.885652
167.630000	-15.760000	-154.845001	20.689100	-1.578694	46.317099	1412.665637
167.630000	-15.760000	-154.845001	20.939100	-1.595460	46.122874	1417.622578
167.630000	-15.760000	-154.845001	21.189100	0.624260	45.929298	1422.303580
167.630000	-15.760000	-154.845001	21.439100	1.378233	45.736296	1426.806138
167.630000	-15.760000	-154.845001	21.689100	1.567169	45.543932	1431.308697
167.630000	-15.760000	-154.845001	21.939100	1.760942	45.352129	1435.808356
167.630000	-15.760000	-154.845001	22.189100	1.949347	45.160953	1440.302188
167.630000	-15.760000	-154.845001	22.439100	2.139972	44.970328	1444.796020
167.630000	-15.760000	-154.845001	22.689100	2.329984	44.780316	1449.289851
167.630000	-15.760000	-154.845001	22.939100	2.519455	44.590845	1453.783683
167.630000	-15.760000	-154.845001	23.189100	2.708324	44.401976	1458.277515
167.630000	-15.760000	-154.845001	23.439100	2.896663	44.213637	1462.771346
167.630000	-15.760000	-154.845001	23.689100	3.084413	44.025888	1467.265178
167.630000	-15.760000	-154.845001	23.939100	3.271643	43.838657	1471.759010
167.630000	-15.760000	-154.845001	24.189100	3.458295	43.652006	1476.252841
167.630000	-15.760000	-154.845001	24.439100	3.644438	43.465862	1480.746673
167.630000	-15.760000	-154.845001	24.689100	3.830014	43.280286	1485.240504
167.630000	-15.760000	-154.845001	24.939100	1.317954	43.095208	1489.734336
167.630000	-15.760000	-154.845001	25.189100	-1.578750	42.910685	1494.937802
167.630000	-15.760000	-154.845001	25.439100	-1.557241	42.726650	1500.201334
167.630000	-15.760000	-154.845001	25.689100	-1.373750	42.543159	1505.464866
167.630000	-15.760000	-154.845001	25.939100	-1.190737	42.360146	1510.728398
167.630000	-15.760000	-154.595001	15.189100	1.693421	50.956793	1322.836038
167.630000	-15.760000	-154.595001	15.439100	2.044499	50.748183	1326.619061
167.630000	-15.760000	-154.595001	15.689100	2.252289	50.540393	1330.402084
167.630000	-15.760000	-154.595001	15.939100	2.459435	50.333247	1334.185106
167.630000	-15.760000	-154.595001	16.189100	2.665776	50.126906	1337.968129
167.630000	-15.760000	-154.595001	16.439100	2.871483	49.921199	1341.751152
167.630000	-15.760000	-154.595001	16.689100	3.076400	49.716282	1345.534175
167.630000	-15.760000	-154.595001	16.939100	1.104276	49.511989	1349.317197
167.630000	-15.760000	-154.595001	17.189100	-1.145845	49.308470	1353.547973
167.630000	-15.760000	-154.595001	17.439100	-1.057831	49.105567	1357.813092
167.630000	-15.760000	-154.595001	17.689100	-0.855687	48.903423	1362.078210
167.630000	-15.760000	-154.595001	17.939100	-0.675776	48.701884	1366.343328
167.630000	-15.760000	-154.595001	18.189100	-0.489598	48.501090	1370.643762
167.630000	-15.760000	-154.595001	18.439100	-0.301963	48.300892	1374.952855
167.630000	-15.760000	-154.595001	18.689100	-1.377741	48.101424	1379.261948
167.630000	-15.760000	-154.595001	18.939100	-2.011772	47.902541	1383.980392
167.630000	-15.760000	-154.595001	19.189100	-2.135856	47.704375	1388.833724
167.630000	-15.760000	-154.595001	19.439100	-1.933967	47.506785	1393.655908
167.630000	-15.760000	-154.595001	19.689100	-1.656920	47.309897	1398.435893
167.630000	-15.760000	-154.595001	19.939100	-1.460598	47.113575	1403.215878
167.630000	-15.760000	-154.595001	20.189100	-1.264964	46.917941	1407.995863
167.630000	-15.760000	-154.595001	20.439100	-1.069888	46.722865	1412.775848
167.630000	-15.760000	-154.595001	20.689100	-0.955915	46.528462	1417.555834
167.630000	-15.760000	-154.595001	20.939100	-1.311040	46.334607	1422.362702
167.630000	-15.760000	-154.595001	21.189100	0.078621	46.141412	1427.151374
167.630000	-15.760000	-154.595001	21.439100	1.162658	45.948756	1431.653933
167.630000	-15.760000	-154.595001	21.689100	1.356640	45.756745	1436.152207
167.630000	-15.760000	-154.595001	21.939100	1.545036	45.565265	1440.646039
167.630000	-15.760000	-154.595001	22.189100	1.735884	45.374416	1445.139871
167.630000	-15.760000	-154.595001	22.439100	1.926211	45.184089	1449.633702
167.630000	-15.760000	-154.595001	22.689100	2.115921	44.994379	1454.127534
167.630000	-15.760000	-154.595001	22.939100	2.305117	44.805183	1458.621365
167.630000	-15.760000	-154.595001	23.189100	2.493709	44.616591	1463.115197
167.630000	-15.760000	-154.595001	23.439100	2.681798	44.428503	1467.609029
167.630000	-15.760000	-154.595001	23.689100	2.869295	44.241006	1472.102860
167.630000	-15.760000	-154.595001	23.939100	3.056296	44.054004	1476.596692
167.630000	-15.760000	-154.595001	24.189100	3.242720	43.867580	1481.090524
167.630000	-15.760000	-154.595001	24.439100	3.428658	43.681642	1485.584355
167.630000	-15.760000	-154.595001	24.689100	3.614030	43.496270	1490.078187
167.630000	-15.760000	-154.595001	24.939100	2.325800	43.311376	1494.572019
167.630000	-15.760000	-154.595001	25.189100	-1.149662	43.127033	1499.540714
167.630000	-15.760000	-154.595001	25.439100	-1.773751	42.943160	1504.804246
167.630000	-15.760000	-154.595001	25.689100	-1.590417	42.759826	1510.067778
167.630000	-15.760000	-154.595001	25.939100	-1.407545	42.576954	1515.331310
167.630000	-15.760000	-154.345001	15.189100	1.596255	51.154847	1327.818665
167.630000	-15.760000	-154.345001	15.439100	1.845715	50.946967	1331.601688
167.630000	-15.760000	-154.345001	15.689100	2.052839	50.739842	1335.384710
167.630000	-15.760000	-154.345001	15.939100	2.259288	50.533394	1339.167733
167.630000	-15.760000	-154.345001	16.189100	2.464992	50.327690	1342.950756
167.630000	-15.760000	-154.345001	16.439100	2.670032	50.122649	1346.733779
167.630000	-15.760000	-154.345001	16.689100	2.874341	49.918341	1350.516801
167.630000	-15.760000	-154.345001	16.939100	2.319963	49.714683	1354.299824
167.630000	-15.760000	-154.345001	17.189100	-0.459133	49.511746	1358.292811
167.630000	-15.760000	-154.345001	17.439100	-1.261711	49.309448	1362.557929
167.630000	-15.760000	-154.345001	17.689100	-1.080659	49.107857	1366.823048
167.630000	-15.760000	-154.345001	17.939100	-0.894323	48.906894	1371.120221
167.630000	-15.760000	-154.345001	18.189100	-0.707697	48.706626	1375.429314
167.630000	-15.760000	-154.345001	18.439100	-0.562948	48.506974	1379.738407
167.630000	-15.760000	-154.345001	18.689100	-1.611914	48.308005	1384.064122
167.630000	-15.760000	-154.345001	18.939100	-2.605873	48.109640	1388.917454
167.630000	-15.760000	-154.345001	19.189100	-2.340688	47.911946	1393.766120
167.630000	-15.760000	-154.345001	19.439100	-2.061869	47.714846	1398.546105
167.630000	-15.760000	-154.345001	19.689100	-1.865427	47.518404	1403.326090
167.630000	-15.760000	-154.345001	19.939100	-1.669567	47.322544	1408.106075
167.630000	-15.760000	-154.345001	20.189100	-1.474354	47.127331	1412.886060
167.630000	-15.760000	-154.345001	20.439100	-1.279712	46.932689	1417.666045
167.630000	-15.760000	-154.345001	20.689100	-1.085705	46.738682	1422.446030
167.630000	-15.760000	-154.345001	20.939100	-1.203864	46.545234	1427.226015
167.630000	-15.760000	-154.345001	21.189100	-0.692272	46.352410	1431.999169
167.630000	-15.760000	-154.345001	21.439100	0.689444	46.160135	1436.496058
167.630000	-15.760000	-154.345001	21.689100	1.141829	45.968471	1440.989890
167.630000	-15.760000	-154.345001	21.939100	1.332955	45.777345	1445.483721
167.630000	-15.760000	-154.345001	22.189100	1.523481	45.586819	1449.977553
167.630000	-15.760000	-154.345001	22.439100	1.713480	45.396821	1454.471385
167.630000	-15.760000	-154.345001	22.689100	1.902890	45.207411	1458.965216
167.630000	-15.760000	-154.345001	22.939100	2.091783	45.018517	1463.459048
167.630000	-15.760000	-154.345001	23.189100	2.280099	44.830201	1467.952880
167.630000	-15.760000	-154.345001	23.439100	2.467909	44.642392	1472.446711
167.630000	-15.760000	-154.345001	23.689100	2.655153	44.455148	1476.940543
167.630000	-15.760000	-154.345001	23.939100	2.841901	44.268400	1481.434375
167.630000	-15.760000	-154.345001	24.189100	3.028094	44.082206	1485.928206
167.630000	-15.760000	-154.345001	24.439100	3.213802	43.896499	1490.422038
167.630000	-15.760000	-154.345001	24.689100	3.398966	43.711334	1494.915870
167.630000	-15.760000	-154.345001	24.939100	2.829811	43.526646	1499.409701
167.630000	-15.760000	-154.345001	25.189100	-0.703105	43.342490	1504.143626
167.630000	-15.760000	-154.345001	25.439100	-1.989390	43.158799	1509.407158
167.630000	-15.760000	-154.345001	25.689100	-1.806221	42.975630	1514.670690
167.630000	-15.760000	-154.345001	25.939100	-1.623508	42.792917	1519.934222
167.630000	-15.760000	-154.095001	15.189100	1.521235	51.351491	1332.801292
167.630000	-15.760000	-154.095001	15.439100	1.721107	51.144300	1336.584314
167.630000	-15.760000	-154.095001	15.689100	1.920188	50.937898	1340.367337
167.630000	-15.760000	-154.095001	15.939100	2.118652	50.732111	1344.150360
167.630000	-15.760000	-154.095001	16.189100	2.316339	50.527099	1347.933383
167.630000	-15.760000	-154.095001	16.439100	2.513419	50.322691	1351.716405
167.630000	-15.760000	-154.095001	16.689100	2.709736	50.119043	1355.499428
167.630000	-15.760000	-154.095001	16.939100	2.905456	49.915991	1359.282451
167.630000	-15.760000	-154.095001	17.189100	0.883263	49.713684	1363.065474
167.630000	-15.760000	-154.095001	17.439100	-1.390928	49.511963	1367.302767
167.630000	-15.760000	-154.095001	17.689100	-1.297323	49.310973	1371.596681
167.630000	-15.760000	-154.095001	17.939100	-1.111631	49.110560	1375.905774
167.630000	-15.760000	-154.095001	18.189100	-0.911936	48.910865	1380.214867
167.630000	-15.760000	-154.095001	18.439100	-1.263805	48.711736	1384.523960
167.630000	-15.760000	-154.095001	18.689100	-1.892048	48.513310	1389.001184
167.630000	-15.760000	-154.095001	18.939100	-2.745735	48.315442	1393.854516
167.630000	-15.760000	-154.095001	19.189100	-2.530574	48.118264	1398.656317
167.630000	-15.760000	-154.095001	19.439100	-2.268657	47.921634	1403.436302
167.630000	-15.760000	-154.095001	19.689100	-2.072703	47.725680	1408.216287
167.630000	-15.760000	-154.095001	19.939100	-1.877289	47.530266	1412.996272
167.630000	-15.760000	-154.095001	20.189100	-1.682536	47.335513	1417.776257
167.630000	-15.760000	-154.095001	20.439100	-1.872048	47.141291	1422.556242
167.630000	-15.760000	-154.095001	20.689100	-1.937718	46.947717	1427.336227
167.630000	-15.760000	-154.095001	20.939100	-1.744481	46.754665	1432.030361
167.630000	-15.760000	-154.095001	21.189100	-1.798614	46.562247	1436.637528
167.630000	-15.760000	-154.095001	21.439100	-1.187461	46.370342	1441.244695
167.630000	-15.760000	-154.095001	21.689100	-0.291906	46.179059	1445.827572
167.630000	-15.760000	-154.095001	21.939100	0.525461	45.988280	1450.321404
167.630000	-15.760000	-154.095001	22.189100	1.055662	45.798109	1454.815236
167.630000	-15.760000	-154.095001	22.439100	1.501867	45.608434	1459.309067
167.630000	-15.760000	-154.095001	22.689100	1.690947	45.419353	1463.802899
167.630000	-15.760000	-154.095001	22.939100	1.879540	45.230760	1468.296731
167.630000	-15.760000	-154.095001	23.189100	2.067552	45.042748	1472.790562
167.630000	-15.760000	-154.095001	23.439100	2.255085	44.855215	1477.284394
167.630000	-15.760000	-154.095001	23.689100	2.442049	44.668251	1481.778225
167.630000	-15.760000	-154.095001	23.939100	2.628543	44.481757	1486.272057
167.630000	-15.760000	-154.095001	24.189100	2.814481	44.295819	1490.765889
167.630000	-15.760000	-154.095001	24.439100	2.999956	44.110344	1495.259720
167.630000	-15.760000	-154.095001	24.689100	3.184889	43.925411	1499.753552
167.630000	-15.760000	-154.095001	24.939100	3.352451	43.740933	1504.247384
167.630000	-15.760000	-154.095001	25.189100	0.465948	43.556985	1508.746538
167.630000	-15.760000	-154.095001	25.439100	-2.204074	43.373483	1514.010070
167.630000	-15.760000	-154.095001	25.689100	-2.021090	43.190499	1519.273602
167.630000	-15.760000	-153.845001	15.189100	1.534858	51.546734	1337.812878
167.630000	-15.760000	-153.845001	15.439100	1.734047	51.340293	1341.593249
167.630000	-15.760000	-153.845001	15.689100	1.932508	51.134577	1345.373619
167.630000	-15.760000	-153.845001	15.939100	2.130319	50.929508	1349.153990
167.630000	-15.760000	-153.845001	16.189100	2.327414	50.725152	1352.934360
167.630000	-15.760000	-153.845001	16.439100	2.523871	50.521433	1356.714731
167.630000	-15.760000	-153.845001	16.689100	2.719625	50.318414	1360.495102
167.630000	-15.760000	-153.845001	16.939100	2.914752	50.116019	1364.275472
167.630000	-15.760000	-153.845001	17.189100	2.565305	49.914314	1368.055843
167.630000	-15.760000	-153.845001	17.439100	0.040155	49.713222	1372.073141
167.630000	-15.760000	-153.845001	17.689100	-1.513878	49.512806	1376.382234
167.630000	-15.760000	-153.845001	17.939100	-1.314064	49.312992	1380.691327
167.630000	-15.760000	-153.845001	18.189100	-1.114915	49.113844	1385.000420
167.630000	-15.760000	-153.845001	18.439100	-1.955688	48.915286	1389.309513
167.630000	-15.760000	-153.845001	18.689100	-2.481306	48.717382	1393.938246
167.630000	-15.760000	-153.845001	18.939100	-2.947598	48.520056	1398.766529
167.630000	-15.760000	-153.845001	19.189100	-2.670396	48.323373	1403.546514
167.630000	-15.760000	-153.845001	19.439100	-2.474281	48.127258	1408.326499
167.630000	-15.760000	-153.845001	19.689100	-2.283577	47.931773	1413.106484
167.630000	-15.760000	-153.845001	19.939100	-2.599409	47.736845	1417.886469
167.630000	-15.760000	-153.845001	20.189100	-2.532492	47.542537	1422.666454
167.630000	-15.760000	-153.845001	20.439100	-2.338542	47.348775	1427.316288
167.630000	-15.760000	-153.845001	20.689100	-2.552712	47.155621	1431.923456
167.630000	-15.760000	-153.845001	20.939100	-2.635520	46.963001	1436.530623
167.630000	-15.760000	-153.845001	21.189100	-2.443498	46.770979	1441.137790
167.630000	-15.760000	-153.845001	21.439100	-2.252000	46.579482	1445.744958
167.630000	-15.760000	-153.845001	21.689100	-1.983897	46.388569	1450.352125
167.630000	-15.760000	-153.845001	21.939100	-1.436012	46.198171	1454.959293
167.630000	-15.760000	-153.845001	22.189100	-0.809388	46.008348	1459.566460
167.630000	-15.760000	-153.845001	22.439100	0.084200	45.819028	1464.146750
167.630000	-15.760000	-153.845001	22.689100	0.891280	45.630272	1468.640581
167.630000	-15.760000	-153.845001	22.939100	1.419474	45.442009	1473.134413
167.630000	-15.760000	-153.845001	23.189100	1.856002	45.254298	1477.628245
167.630000	-15.760000	-153.845001	23.439100	2.043229	45.067071	1482.122076
167.630000	-15.760000	-153.845001	23.689100	2.229915	44.880385	1486.615908
167.630000	-15.760000	-153.845001	23.939100	2.416127	44.694173	1491.109740
167.630000	-15.760000	-153.845001	24.189100	2.601809	44.508491	1495.603571
167.630000	-15.760000	-153.845001	24.439100	2.787028	44.323273	1500.097403
167.630000	-15.760000	-153.845001	24.689100	2.971726	44.138574	1504.591235
167.630000	-15.760000	-153.845001	24.939100	3.155971	43.954329	1509.085066
167.630000	-15.760000	-153.845001	25.189100	1.653569	43.770594	1513.578898
167.630000	-15.760000	-153.845001	25.439100	-1.791345	43.587302	1518.612982
167.630000	-15.760000	-153.845001	25.689100	-2.235100	43.404509	1523.876514
167.630000	-15.760000	-153.595001	15.189100	1.450239	51.740594	1342.864518
167.630000	-15.760000	-153.595001	15.439100	1.655972	51.534861	1346.644889
167.630000	-15.760000	-153.595001	15.689100	1.860945	51.329888	1350.425260
167.630000	-15.760000	-153.595001	15.939100	2.065334	51.125499	1354.205630
167.630000	-15.760000	-153.595001	16.189100	2.268977	50.921856	1357.986001
167.630000	-15.760000	-153.595001	16.439100	2.472044	50.718789	1361.766372
167.630000	-15.760000	-153.595001	16.689100	2.679741	50.516453	1365.546742
167.630000	-15.760000	-153.595001	16.939100	2.850556	50.314683	1369.327113
167.630000	-15.760000	-153.595001	17.189100	2.928509	50.113631	1373.220112
167.630000	-15.760000	-153.595001	17.439100	2.392809	49.913136	1377.139473
167.630000	-15.760000	-153.595001	17.689100	0.171178	49.713345	1381.167786
167.630000	-15.760000	-153.595001	17.939100	-1.515173	49.514102	1385.476879
167.630000	-15.760000	-153.595001	18.189100	-1.316621	49.315549	1389.785972
167.630000	-15.760000	-153.595001	18.439100	-2.405215	49.117536	1394.095065
167.630000	-15.760000	-153.595001	18.689100	-3.131209	48.920199	1398.875308
167.630000	-15.760000	-153.595001	18.939100	-3.074710	48.723392	1403.656726
167.630000	-15.760000	-153.595001	19.189100	-3.009099	48.527248	1408.436711
167.630000	-15.760000	-153.595001	19.439100	-3.321716	48.331626	1413.216696
167.630000	-15.760000	-153.595001	19.689100	-3.126561	48.136654	1417.995049
167.630000	-15.760000	-153.595001	19.939100	-2.936989	47.942194	1422.602216
167.630000	-15.760000	-153.595001	20.189100	-3.285437	47.748371	1427.209383
167.630000	-15.760000	-153.595001	20.439100	-3.227571	47.555052	1431.816551
167.630000	-15.760000	-153.595001	20.689100	-3.034875	47.362356	1436.423718
167.630000	-15.760000	-153.595001	20.939100	-2.842675	47.170156	1441.030886
167.630000	-15.760000	-153.595001	21.189100	-2.651085	46.978566	1445.638053
167.630000	-15.760000	-153.595001	21.439100	-2.459982	46.787463	1450.245220
167.630000	-15.760000	-153.595001	21.689100	-2.269476	46.596958	1454.852388
167.630000	-15.760000	-153.595001	21.939100	-2.079449	46.406931	1459.459555
167.630000	-15.760000	-153.595001	22.189100	-1.890007	46.217488	1464.066723
167.630000	-15.760000	-153.595001	22.439100	-1.615634	46.028516	1468.673890
167.630000	-15.760000	-153.595001	22.689100	-1.069847	45.840115	1473.281057
167.630000	-15.760000	-153.595001	22.939100	-0.437138	45.652177	1477.888225
167.630000	-15.760000	-153.595001	23.189100	0.454505	45.464798	1482.465927
167.630000	-15.760000	-153.595001	23.439100	1.251487	45.277872	1486.959759
167.630000	-15.760000	-153.595001	23.689100	1.777700	45.091493	1491.453591
167.630000	-15.760000	-153.595001	23.939100	2.204740	44.905560	1495.947422
167.630000	-15.760000	-153.595001	24.189100	2.390139	44.720161	1500.441254
167.630000	-15.760000	-153.595001	24.439100	2.575100	44.535200	1504.935085
167.630000	-15.760000	-153.595001	24.689100	2.759540	44.350761	1509.428917
167.630000	-15.760000	-153.595001	24.939100	2.943549	44.166751	1513.922749
167.630000	-15.760000	-153.595001	25.189100	2.171114	43.983251	1518.416580
167.630000	-15.760000	-153.595001	25.439100	-1.346867	43.800174	1523.215895
167.630000	-15.760000	-153.345001	15.189100	1.257758	51.933075	1347.916159
167.630000	-15.760000	-153.345001	15.439100	1.462722	51.728111	1351.696530
167.630000	-15.760000	-153.345001	15.689100	1.666992	51.523841	1355.476900
167.630000	-15.760000	-153.345001	15.939100	1.870641	51.320192	1359.257271
167.630000	-15.760000	-153.345001	16.189100	2.073609	51.117224	1363.037641
167.630000	-15.760000	-153.345001	16.439100	2.351088	50.914866	1366.818012
167.630000	-15.760000	-153.345001	16.689100	2.426665	50.713178	1370.600353
167.630000	-15.760000	-153.345001	16.939100	2.512331	50.512088	1374.519714
167.630000	-15.760000	-153.345001	17.189100	2.782358	50.311657	1378.439075
167.630000	-15.760000	-153.345001	17.439100	2.982202	50.111812	1382.358435
167.630000	-15.760000	-153.345001	17.689100	2.663234	49.912616	1386.277796
167.630000	-15.760000	-153.345001	17.939100	0.442935	49.713995	1390.262432
167.630000	-15.760000	-153.345001	18.189100	-1.775278	49.516011	1394.571525
167.630000	-15.760000	-153.345001	18.439100	-2.547909	49.318591	1398.959038
167.630000	-15.760000	-153.345001	18.689100	-3.813586	49.121796	1403.766938
167.630000	-15.760000	-153.345001	18.939100	-3.915599	48.925555	1408.546923
167.630000	-15.760000	-153.345001	19.189100	-3.719788	48.729929	1413.280976
167.630000	-15.760000	-153.345001	19.439100	-3.667674	48.534845	1417.888144
167.630000	-15.760000	-153.345001	19.689100	-4.012883	48.340365	1422.495311
167.630000	-15.760000	-153.345001	19.939100	-3.818935	48.146416	1427.102479
167.630000	-15.760000	-153.345001	20.189100	-3.625579	47.953060	1431.709646
167.630000	-15.760000	-153.345001	20.439100	-3.432744	47.760225	1436.316813
167.630000	-15.760000	-153.345001	20.689100	-3.240491	47.567973	1440.923981
167.630000	-15.760000	-153.345001	20.939100	-3.048749	47.376230	1445.531148
167.630000	-15.760000	-153.345001	21.189100	-2.857578	47.185059	1450.138316
167.630000	-15.760000	-153.345001	21.439100	-2.666907	46.994389	1454.745483
167.630000	-15.760000	-153.345001	21.689100	-2.476796	46.804278	1459.352650
167.630000	-15.760000	-153.345001	21.939100	-2.287176	46.614658	1463.959818
167.630000	-15.760000	-153.345001	22.189100	-2.098105	46.425587	1468.566985
167.630000	-15.760000	-153.345001	22.439100	-1.909514	46.236996	1473.174153
167.630000	-15.760000	-153.345001	22.689100	-1.721462	46.048944	1477.781320
167.630000	-15.760000	-153.345001	22.939100	-1.533881	45.861362	1482.388487
167.630000	-15.760000	-153.345001	23.189100	-1.253218	45.674308	1486.995655
167.630000	-15.760000	-153.345001	23.439100	-0.709339	45.487715	1491.602822
167.630000	-15.760000	-153.345001	23.689100	-0.070521	45.301639	1496.209989
167.630000	-15.760000	-153.345001	23.939100	0.819364	45.116014	1500.785105
167.630000	-15.760000	-153.345001	24.189100	1.606269	44.930896	1505.278936
167.630000	-15.760000	-153.345001	24.439100	2.130682	44.746219	1509.772768
167.630000	-15.760000	-153.345001	24.689100	2.548261	44.562039	1514.266600
167.630000	-15.760000	-153.345001	24.939100	2.732010	44.378290	1518.760431
167.630000	-15.760000	-153.345001	25.189100	2.691309	44.195028	1523.254263
167.630000	-15.760000	-153.345001	25.439100	-0.379392	44.012188	1527.818807
167.630000	-15.760000	-153.095001	15.189100	1.066633	52.124200	1352.967799
167.630000	-15.760000	-153.095001	15.439100	1.270871	51.919962	1356.748170
167.630000	-15.760000	-153.095001	15.689100	1.474379	51.716454	1360.528541
167.630000	-15.760000	-153.095001	15.939100	1.677331	51.513502	1364.308911
167.630000	-15.760000	-153.095001	16.189100	1.928665	51.311268	1368.089282
167.630000	-15.760000	-153.095001	16.439100	2.005024	51.109580	1371.899955
167.630000	-15.760000	-153.095001	16.689100	2.185419	50.908595	1375.819316
167.630000	-15.760000	-153.095001	16.939100	2.385866	50.708149	1379.738677
167.630000	-15.760000	-153.095001	17.189100	2.585622	50.508393	1383.658037
167.630000	-15.760000	-153.095001	17.439100	2.784849	50.309166	1387.577398
167.630000	-15.760000	-153.095001	17.689100	2.983399	50.110615	1391.496759
167.630000	-15.760000	-153.095001	17.939100	3.046355	49.912585	1395.416120
167.630000	-15.760000	-153.095001	18.189100	1.796729	49.715219	1399.357077
167.630000	-15.760000	-153.095001	18.439100	-0.003003	49.518364	1403.877150
167.630000	-15.760000	-153.095001	18.689100	-0.800029	49.322160	1408.566904
167.630000	-15.760000	-153.095001	18.939100	-1.020706	49.126459	1413.174072
167.630000	-15.760000	-153.095001	19.189100	-1.383060	48.931395	1417.781239
167.630000	-15.760000	-153.095001	19.439100	-1.393264	48.736826	1422.388406
167.630000	-15.760000	-153.095001	19.689100	-1.405694	48.542882	1426.995574
167.630000	-15.760000	-153.095001	19.939100	-1.420225	48.349423	1431.602741
167.630000	-15.760000	-153.095001	20.189100	-1.436995	48.156576	1436.209909
167.630000	-15.760000	-153.095001	20.439100	-1.455885	47.964208	1440.817076
167.630000	-15.760000	-153.095001	20.689100	-1.477029	47.772438	1445.424243
167.630000	-15.760000	-153.095001	20.939100	-1.500311	47.581137	1450.031411
167.630000	-15.760000	-153.095001	21.189100	-1.525861	47.390423	1454.638578
167.630000	-15.760000	-153.095001	21.439100	-1.553568	47.200170	1459.245746
167.630000	-15.760000	-153.095001	21.689100	-1.583558	47.010491	1463.852913
167.630000	-15.760000	-153.095001	21.939100	-1.615725	46.821266	1468.460080
167.630000	-15.760000	-153.095001	22.189100	-1.650190	46.632601	1473.067248
167.630000	-15.760000	-153.095001	22.439100	-1.686851	46.444382	1477.674415
167.630000	-15.760000	-153.095001	22.689100	-1.725824	46.256711	1482.281582
167.630000	-15.760000	-153.095001	22.939100	-1.741996	46.069478	1486.888750
167.630000	-15.760000	-153.095001	23.189100	-1.555300	45.882781	1491.495917
167.630000	-15.760000	-153.095001	23.439100	-1.369033	45.696514	1496.103085
167.630000	-15.760000	-153.095001	23.689100	-1.183290	45.510771	1500.710252
167.630000	-15.760000	-153.095001	23.939100	-0.896155	45.325450	1505.317419
167.630000	-15.760000	-153.095001	24.189100	-0.354160	45.140641	1509.924587
167.630000	-15.760000	-153.095001	24.439100	0.290950	44.956246	1514.531754
167.630000	-15.760000	-153.095001	24.689100	1.179101	44.772351	1519.104282
167.630000	-15.760000	-153.095001	24.939100	1.956105	44.588863	1523.598114
167.630000	-15.760000	-153.095001	25.189100	2.478744	44.405863	1528.091945
167.630000	-15.760000	-153.095001	25.439100	0.810606	44.223262	1532.585777
167.630000	-15.760000	-152.845001	15.189100	0.876867	52.313966	1358.019440
167.630000	-15.760000	-152.845001	15.439100	1.080317	52.110516	1361.799810
167.630000	-15.760000	-152.845001	15.689100	1.283104	51.907729	1365.580181
167.630000	-15.760000	-152.845001	15.939100	1.508539	51.705535	1369.360552
167.630000	-15.760000	-152.845001	16.189100	1.585526	51.503994	1373.199557
167.630000	-15.760000	-152.845001	16.439100	1.790980	51.303035	1377.118918
167.630000	-15.760000	-152.845001	16.689100	1.991297	51.102717	1381.038279
167.630000	-15.760000	-152.845001	16.939100	2.191044	50.902971	1384.957640
167.630000	-15.760000	-152.845001	17.189100	2.390160	50.703855	1388.877000
167.630000	-15.760000	-152.845001	17.439100	3.940642	50.505299	1392.796361
167.630000	-15.760000	-152.845001	17.689100	5.460607	50.307363	1396.715722
167.630000	-15.760000	-152.845001	17.939100	5.030919	50.109976	1400.677889
167.630000	-15.760000	-152.845001	18.189100	4.750717	49.913199	1405.213052
167.630000	-15.760000	-152.845001	18.439100	4.978818	49.716960	1409.748215
167.630000	-15.760000	-152.845001	18.689100	4.845671	49.521319	1414.283379
167.630000	-15.760000	-152.845001	18.939100	4.885824	49.326206	1418.818542
167.630000	-15.760000	-152.845001	19.189100	4.924218	49.131680	1423.353705
167.630000	-15.760000	-152.845001	19.439100	4.960912	48.937672	1427.888868
167.630000	-15.760000	-152.845001	19.689100	4.995836	48.744241	1432.424032
167.630000	-15.760000	-152.845001	19.939100	5.029047	48.551318	1436.959195
167.630000	-15.760000	-152.845001	20.189100	5.060476	48.358960	1441.494358
167.630000	-15.760000	-152.845001	20.439100	5.090181	48.167099	1446.029521
167.630000	-15.760000	-152.845001	20.689100	5.118091	47.975795	1450.564685
167.630000	-15.760000	-152.845001	20.939100	5.144264	47.784977	1455.099848
167.630000	-15.760000	-152.845001	21.189100	5.168630	47.594704	1459.635011
167.630000	-15.760000	-152.845001	21.439100	5.191245	47.404908	1464.170174
167.630000	-15.760000	-152.845001	21.689100	5.212040	47.215647	1468.705338
167.630000	-15.760000	-152.845001	21.939100	5.231070	47.026852	1473.240501
167.630000	-15.760000	-152.845001	22.189100	5.248265	46.838583	1477.775664
167.630000	-15.760000	-152.845001	22.439100	5.263682	46.650770	1482.310827
167.630000	-15.760000	-152.845001	22.689100	5.253123	46.463471	1486.845991
167.630000	-15.760000	-152.845001	22.939100	5.044217	46.276620	1491.389012
167.630000	-15.760000	-152.845001	23.189100	4.858099	46.090273	1495.996180
167.630000	-15.760000	-152.845001	23.439100	4.865612	45.904364	1500.603347
167.630000	-15.760000	-152.845001	23.689100	4.871259	45.718948	1505.210515
167.630000	-15.760000	-152.595001	15.189100	0.688430	52.502402	1363.071080
167.630000	-15.760000	-152.595001	15.439100	0.891138	52.299695	1366.851451
167.630000	-15.760000	-152.595001	15.689100	1.090688	52.097688	1370.631821
167.630000	-15.760000	-152.595001	15.939100	1.168379	51.896210	1374.499160
167.630000	-15.760000	-152.595001	16.189100	1.398594	51.695420	1378.418520
167.630000	-15.760000	-152.595001	16.439100	1.598865	51.495150	1382.337881
167.630000	-15.760000	-152.595001	16.689100	2.829196	51.295555	1386.257242
167.630000	-15.760000	-152.595001	16.939100	4.518133	51.096471	1390.176602
167.630000	-15.760000	-152.595001	17.189100	4.368107	50.898050	1394.095963
167.630000	-15.760000	-152.595001	17.439100	3.993953	50.700131	1398.544977
167.630000	-15.760000	-152.595001	17.689100	5.207632	50.502861	1403.080140
167.630000	-15.760000	-152.595001	17.939100	6.520256	50.306085	1407.615304
167.630000	-15.760000	-152.595001	18.189100	6.716395	50.109947	1412.150467
167.630000	-15.760000	-152.595001	18.439100	6.912049	49.914293	1416.685630
167.630000	-15.760000	-152.595001	18.689100	7.107078	49.719264	1421.220794
167.630000	-15.760000	-152.595001	18.939100	7.301630	49.524712	1425.755957
167.630000	-15.760000	-152.595001	19.189100	7.495571	49.330771	1430.291120
167.630000	-15.760000	-152.595001	19.439100	7.689042	49.137299	1434.826283
167.630000	-15.760000	-152.595001	19.689100	7.881915	48.944426	1439.361447
167.630000	-15.760000	-152.595001	19.939100	8.074327	48.752014	1443.896610
167.630000	-15.760000	-152.595001	20.189100	8.266153	48.560189	1448.431773
167.630000	-15.760000	-152.595001	20.439100	8.457526	48.368816	1452.966936
167.630000	-15.760000	-152.595001	20.689100	8.648324	48.178017	1457.502100
167.630000	-15.760000	-152.595001	20.939100	8.838678	47.987663	1462.037263
167.630000	-15.760000	-152.595001	21.189100	9.028470	47.797871	1466.572426
167.630000	-15.760000	-152.345001	15.189100	0.513955	52.689501	1368.122721
167.630000	-15.760000	-152.345001	15.439100	0.675239	52.487599	1371.903091
167.630000	-15.760000	-152.345001	15.689100	0.753481	52.286330	1375.798762
167.630000	-15.760000	-152.345001	15.939100	1.712877	52.085628	1379.718122
167.630000	-15.760000	-152.345001	16.189100	3.426100	51.885549	1383.637483
167.630000	-15.760000	-152.345001	16.439100	3.708490	51.686026	1387.556844
167.630000	-15.760000	-152.345001	16.689100	3.321478	51.487116	1391.876902
167.630000	-15.760000	-152.345001	16.939100	4.161477	51.288751	1396.412066
167.630000	-15.760000	-152.345001	17.189100	5.571709	51.090989	1400.947229
167.630000	-15.760000	-152.345001	17.439100	5.932581	50.893761	1405.482392
167.630000	-15.760000	-152.345001	17.689100	6.129217	50.697124	1410.017555
167.630000	-15.760000	-152.345001	17.939100	6.325329	50.501012	1414.552719
167.630000	-15.760000	-152.345001	18.189100	6.520860	50.305482	1419.087882
167.630000	-15.760000	-152.345001	18.439100	6.715877	50.110465	1423.623045
167.630000	-15.760000	-152.345001	18.689100	6.910323	49.916019	1428.158208
167.630000	-15.760000	-152.095001	15.189100	0.640930	52.875297	1373.179003
167.630000	-15.760000	-152.095001	15.439100	2.272803	52.674152	1377.098364
167.630000	-15.760000	-152.095001	15.689100	3.052409	52.473681	1381.017724
167.630000	-15.760000	-152.095001	15.939100	2.652104	52.273711	1385.208828
167.630000	-15.760000	-152.095001	16.189100	3.112082	52.074402	1389.743991
167.630000	-15.760000	-151.845001	15.189100	-1.779841	53.059775	1378.540753
167.630000	-15.760000	-151.845001	15.439100	-0.047008	52.859452	1383.075916
167.630000	-15.760000	-151.845001	15.689100	2.818575	52.659734	1387.611079
167.630000	-15.760000	-151.845001	15.939100	4.365784	52.460558	1392.146242
