-152.765793	25.592800	1263.578000
-155.996994	20.771000	1303.139000
-159.401001	21.971001	1216.121000
-156.658005	20.891001	1289.126000
-159.664993	22.122999	1208.146000
-160.047501	19.823400	1246.866000
-161.314896	21.956301	1180.419000
-161.095001	23.997200	1145.142000
-158.933105	24.573799	1169.284000
-155.765305	26.776699	1185.850000
-156.964600	24.312099	1210.122000
-158.185394	22.620199	1224.127000
-154.251801	21.168699	1324.113000
-151.686600	14.689100	1499.062000
-153.868195	17.315399	1410.228000
-156.206604	16.162001	1386.118000
-157.700806	16.348400	1354.764000
-158.982498	15.574000	1345.136000
-158.760193	18.564699	1294.128000
-158.179504	20.377800	1270.773000
