-155.996994	20.771000	2096.150000
-156.658005	20.891001	2079.134000
-160.047501	19.823400	2000.128000
-161.314896	21.956301	1952.144000
-161.095001	23.997200	1944.130000
-158.933105	24.573799	1991.127000
-155.765305	26.776699	2044.145000
-152.765793	25.592800	2124.135000
-156.964600	24.312099	2041.127000
-158.185394	22.620199	2026.125000
-155.636200	22.299900	2091.123000
-154.251801	21.168699	2134.138000
-150.914993	18.914200	2235.130000
-151.637604	16.737801	2236.127000
-151.686600	14.689100	2247.149000
-153.967499	14.731300	2190.149000
-153.868195	17.315399	2176.142000
-156.206604	16.162001	2124.125000
-157.859100	14.659600	2095.145000
-157.700806	16.348400	2085.126000
-158.760193	18.564699	2042.135000
