-78.530000	4.690000	-160.814896	21.409600	3.195116	268.300485	2243.960488
-78.530000	4.690000	-160.814896	21.659600	1.699096	268.339595	2244.078081
-78.530000	4.690000	-160.814896	21.909600	-0.646155	268.378840	2243.968924
-78.530000	4.690000	-160.814896	22.159600	-2.659778	268.418227	2243.576014
-78.530000	4.690000	-160.814896	22.409600	-3.371916	268.457753	2243.034199
-78.530000	4.690000	-160.814896	22.659600	-3.411589	268.497425	2242.492385
-78.530000	4.690000	-160.814896	22.909600	-3.451405	268.537241	2241.950570
-78.530000	4.690000	-160.814896	23.159600	-3.491372	268.577208	2241.408755
-78.530000	4.690000	-160.814896	23.409600	-3.518031	268.617324	2240.866940
-78.530000	4.690000	-160.814896	23.659600	-3.323291	268.657595	2240.329455
-78.530000	4.690000	-160.564896	20.659600	4.372139	268.277033	2237.213928
-78.530000	4.690000	-160.564896	20.909600	3.698210	268.317060	2237.491486
-78.530000	4.690000	-160.564896	21.159600	2.888484	268.357136	2237.641716
-78.530000	4.690000	-160.564896	21.409600	2.275768	268.397436	2237.759308
-78.530000	4.690000	-160.564896	21.659600	0.969072	268.437788	2237.787446
-78.530000	4.690000	-160.564896	21.909600	-0.795562	268.478370	2237.628544
-78.530000	4.690000	-160.564896	22.159600	-2.585606	268.519008	2237.274322
-78.530000	4.690000	-160.564896	22.409600	-3.474044	268.559880	2236.732507
-78.530000	4.690000	-160.564896	22.659600	-3.514977	268.600813	2236.190693
-78.530000	4.690000	-160.564896	22.909600	-3.556148	268.641985	2235.648878
-78.530000	4.690000	-160.564896	23.159600	-3.536815	268.683222	2235.107063
-78.530000	4.690000	-160.564896	23.409600	-3.425993	268.724703	2234.580972
-78.530000	4.690000	-160.564896	23.659600	-3.086025	268.766254	2234.075837
-78.530000	4.690000	-160.564896	23.909600	-0.744363	268.808054	2233.637179
-78.530000	4.690000	-160.314896	19.909600	4.406281	268.247256	2230.392442
-78.530000	4.690000	-160.314896	20.159600	4.365425	268.288112	2230.670000
-78.530000	4.690000	-160.314896	20.409600	4.214777	268.329099	2230.947559
-78.530000	4.690000	-160.314896	20.659600	3.390762	268.370222	2231.205351
-78.530000	4.690000	-160.314896	20.909600	2.677750	268.411481	2231.322943
-78.530000	4.690000	-160.314896	21.159600	2.633483	268.452882	2231.440536
-78.530000	4.690000	-160.314896	21.409600	1.535525	268.494421	2231.558128
-78.530000	4.690000	-160.314896	21.659600	0.244293	268.536108	2231.447066
-78.530000	4.690000	-160.314896	21.909600	-0.720592	268.577938	2231.288165
-78.530000	4.690000	-160.314896	22.159600	-2.511487	268.619919	2230.972630
-78.530000	4.690000	-160.314896	22.409600	-3.576212	268.662048	2230.430815
-78.530000	4.690000	-160.314896	22.659600	-3.619208	268.704334	2229.889001
-78.530000	4.690000	-160.314896	22.909600	-3.553159	268.746773	2229.347186
-78.530000	4.690000	-160.314896	23.159600	-3.443157	268.789372	2228.832488
-78.530000	4.690000	-160.314896	23.409600	-3.391611	268.832130	2228.327354
-78.530000	4.690000	-160.314896	23.659600	-2.990930	268.875052	2227.835082
-78.530000	4.690000	-160.314896	23.909600	-0.995975	268.918139	2227.431732
-78.530000	4.690000	-160.064896	19.409600	4.400745	268.252792	2223.848515
-78.530000	4.690000	-160.064896	19.659600	4.358936	268.294602	2224.126073
-78.530000	4.690000	-160.064896	19.909600	4.316907	268.336631	2224.403631
-78.530000	4.690000	-160.064896	20.159600	3.906511	268.378707	2224.681189
-78.530000	4.690000	-160.064896	20.409600	3.087797	268.421007	2224.886578
-78.530000	4.690000	-160.064896	20.659600	2.623005	268.463360	2225.004171
-78.530000	4.690000	-160.064896	20.909600	2.580424	268.505941	2225.121763
-78.530000	4.690000	-160.064896	21.159600	2.115822	268.548579	2225.239356
-78.530000	4.690000	-160.064896	21.409600	0.806858	268.591450	2225.265587
-78.530000	4.690000	-160.064896	21.659600	-0.070015	268.634381	2225.106686
-78.530000	4.690000	-160.064896	21.909600	-0.645627	268.677552	2224.947785
-78.530000	4.690000	-160.064896	22.159600	-2.437253	268.720787	2224.670938
-78.530000	4.690000	-160.064896	22.409600	-3.675295	268.764266	2224.129123
-78.530000	4.690000	-160.064896	22.659600	-3.566903	268.807815	2223.589139
-78.530000	4.690000	-160.064896	22.909600	-3.466128	268.851613	2223.084005
-78.530000	4.690000	-160.064896	23.159600	-3.513514	268.895485	2222.578870
-78.530000	4.690000	-160.064896	23.409600	-3.282317	268.939612	2222.073736
-78.530000	4.690000	-160.064896	23.659600	-2.890072	268.983818	2221.629634
-78.530000	4.690000	-160.064896	23.909600	-1.410361	269.028283	2221.226285
-78.530000	4.690000	-160.064896	24.159600	2.523001	269.072833	2221.113353
-78.530000	4.690000	-159.814896	18.659600	4.442397	268.211140	2217.027030
-78.530000	4.690000	-159.814896	18.909600	4.399683	268.253855	2217.304588
-78.530000	4.690000	-159.814896	19.159600	4.356836	268.296701	2217.582146
-78.530000	4.690000	-159.814896	19.409600	4.313860	268.339677	2217.859704
-78.530000	4.690000	-159.814896	19.659600	4.266989	268.382790	2218.137262
-78.530000	4.690000	-159.814896	19.909600	3.602662	268.426037	2218.414820
-78.530000	4.690000	-159.814896	20.159600	2.789287	268.469425	2218.567806
-78.530000	4.690000	-159.814896	20.409600	2.573413	268.512952	2218.685398
-78.530000	4.690000	-159.814896	20.659600	2.529741	268.556624	2218.802991
-78.530000	4.690000	-159.814896	20.909600	2.485925	268.600440	2218.920583
-78.530000	4.690000	-159.814896	21.159600	1.376798	268.644405	2219.038176
-78.530000	4.690000	-159.814896	21.409600	0.083275	268.688519	2218.925208
-78.530000	4.690000	-159.814896	21.659600	-0.168422	268.732788	2218.766306
-78.530000	4.690000	-159.814896	21.909600	-0.570671	268.777210	2218.607405
-78.530000	4.690000	-159.814896	22.159600	-2.309988	268.821792	2218.369246
-78.530000	4.690000	-159.814896	22.409600	-3.578229	268.866532	2217.840656
-78.530000	4.690000	-159.814896	22.659600	-3.529464	268.911436	2217.335521
-78.530000	4.690000	-159.814896	22.909600	-3.574532	268.956504	2216.830387
-78.530000	4.690000	-159.814896	23.159600	-3.586001	269.001742	2216.325252
-78.530000	4.690000	-159.814896	23.409600	-3.186150	269.047148	2215.827537
-78.530000	4.690000	-159.814896	23.659600	-2.811682	269.092729	2215.424187
-78.530000	4.690000	-159.814896	23.909600	-1.824670	269.138484	2215.020837
-78.530000	4.690000	-159.814896	24.159600	2.110111	269.184419	2214.841903
-78.530000	4.690000	-159.814896	24.409600	4.986076	269.230534	2215.304277
-78.530000	4.690000	-159.564896	17.909600	4.490352	268.163185	2210.205545
-78.530000	4.690000	-159.564896	18.159600	4.446818	268.206719	2210.483103
-78.530000	4.690000	-159.564896	18.409600	4.403071	268.250467	2210.760661
-78.530000	4.690000	-159.564896	18.659600	4.359281	268.294256	2211.038219
-78.530000	4.690000	-159.564896	18.909600	4.315273	268.338265	2211.315777
-78.530000	4.690000	-159.564896	19.159600	4.271218	268.382319	2211.593335
-78.530000	4.690000	-159.564896	19.409600	4.130938	268.426597	2211.870893
-78.530000	4.690000	-159.564896	19.659600	3.303377	268.470926	2212.131441
-78.530000	4.690000	-159.564896	19.909600	2.573991	268.515482	2212.249034
-78.530000	4.690000	-159.564896	20.159600	2.526271	268.560094	2212.366626
-78.530000	4.690000	-159.564896	20.409600	2.481427	268.604938	2212.484218
-78.530000	4.690000	-159.564896	20.659600	2.436523	268.649842	2212.601811
-78.530000	4.690000	-159.564896	20.909600	1.960615	268.694984	2212.719403
-78.530000	4.690000	-159.564896	21.159600	0.649568	268.740190	2212.743729
-78.530000	4.690000	-159.564896	21.409600	-0.221272	268.785638	2212.584828
-78.530000	4.690000	-159.564896	21.659600	-0.266790	268.831156	2212.425927
-78.530000	4.690000	-159.564896	21.909600	-0.382743	268.876921	2212.267026
-78.530000	4.690000	-159.564896	22.159600	-2.002935	268.922761	2212.092173
-78.530000	4.690000	-159.564896	22.409600	-3.586882	268.968853	2211.587038
-78.530000	4.690000	-159.564896	22.659600	-3.633053	269.015025	2211.081903
-78.530000	4.690000	-159.564896	22.909600	-3.679483	269.061455	2210.576769
-78.530000	4.690000	-159.564896	23.159600	-3.473588	269.107969	2210.071634
-78.530000	4.690000	-159.564896	23.409600	-3.086013	269.154747	2209.622089
-78.530000	4.690000	-159.564896	23.659600	-2.920567	269.201614	2209.218740
-78.530000	4.690000	-159.564896	23.909600	-2.238893	269.248751	2208.815390
-78.530000	4.690000	-159.564896	24.159600	1.697171	269.295983	2208.570454
-78.530000	4.690000	-159.564896	24.409600	4.873121	269.343489	2209.032828
-78.530000	4.690000	-159.314896	17.409600	4.500143	268.153394	2203.661618
-78.530000	4.690000	-159.314896	17.659600	4.455579	268.197958	2203.939176
-78.530000	4.690000	-159.314896	17.909600	4.410892	268.242646	2204.216734
-78.530000	4.690000	-159.314896	18.159600	4.366073	268.287464	2204.494292
-78.530000	4.690000	-159.314896	18.409600	4.321127	268.332410	2204.771850
-78.530000	4.690000	-159.314896	18.659600	4.276045	268.377492	2205.049408
-78.530000	4.690000	-159.314896	18.909600	4.230831	268.422707	2205.326966
-78.530000	4.690000	-159.314896	19.159600	3.830705	268.468061	2205.604524
-78.530000	4.690000	-159.314896	19.409600	3.008460	268.513552	2205.812669
-78.530000	4.690000	-159.314896	19.659600	2.527177	268.559188	2205.930261
-78.530000	4.690000	-159.314896	19.909600	2.481399	268.604966	2206.047854
-78.530000	4.690000	-159.314896	20.159600	2.435473	268.650892	2206.165446
-78.530000	4.690000	-159.314896	20.409600	2.389399	268.696966	2206.283038
-78.530000	4.690000	-159.314896	20.659600	2.343172	268.743193	2206.400631
-78.530000	4.690000	-159.314896	20.909600	1.222891	268.789573	2206.518223
-78.530000	4.690000	-159.314896	21.159600	-0.072923	268.836110	2206.403350
-78.530000	4.690000	-159.314896	21.409600	-0.318439	268.882805	2206.244448
-78.530000	4.690000	-159.314896	21.659600	-0.433049	268.929663	2206.085547
-78.530000	4.690000	-159.314896	21.909600	-0.565902	268.976684	2205.911144
-78.530000	4.690000	-159.314896	22.159600	-1.623788	269.023873	2205.732661
-78.530000	4.690000	-159.314896	22.409600	-3.206988	269.071230	2205.333420
-78.530000	4.690000	-159.314896	22.659600	-3.736788	269.118760	2204.828285
-78.530000	4.690000	-159.314896	22.909600	-3.775499	269.166463	2204.323151
-78.530000	4.690000	-159.314896	23.159600	-3.376451	269.214346	2203.819992
-78.530000	4.690000	-159.314896	23.409600	-2.981360	269.262407	2203.416642
-78.530000	4.690000	-159.314896	23.659600	-3.029605	269.310652	2203.013292
-78.530000	4.690000	-159.314896	23.909600	-2.653012	269.359082	2202.609943
-78.530000	4.690000	-159.314896	24.159600	1.284020	269.407702	2202.299004
-78.530000	4.690000	-159.314896	24.409600	4.760098	269.456512	2202.761378
-78.530000	4.690000	-159.314896	24.659600	4.711093	269.505518	2203.223753
-78.530000	4.690000	-159.064896	16.659600	4.517138	268.093731	2196.840132
-78.530000	4.690000	-159.064896	16.909600	4.480681	268.139196	2197.117690
-78.530000	4.690000	-159.064896	17.159600	4.444250	268.184697	2197.395248
-78.530000	4.690000	-159.064896	17.409600	4.407669	268.230411	2197.672807
-78.530000	4.690000	-159.064896	17.659600	4.371113	268.276165	2197.950365
-78.530000	4.690000	-159.064896	17.909600	4.331402	268.322136	2198.227923
-78.530000	4.690000	-159.064896	18.159600	4.285387	268.368151	2198.505481
-78.530000	4.690000	-159.064896	18.409600	4.239150	268.414388	2198.783039
-78.530000	4.690000	-159.064896	18.659600	4.189714	268.460673	2199.060597
-78.530000	4.690000	-159.064896	18.909600	3.534949	268.507186	2199.338155
-78.530000	4.690000	-159.064896	19.159600	2.718060	268.553751	2199.493896
-78.530000	4.690000	-159.064896	19.409600	2.485817	268.600548	2199.611489
-78.530000	4.690000	-159.064896	19.659600	2.438962	268.647403	2199.729081
-78.530000	4.690000	-159.064896	19.909600	2.391871	268.694494	2199.846673
-78.530000	4.690000	-159.064896	20.159600	2.344718	268.741647	2199.964266
-78.530000	4.690000	-159.064896	20.409600	2.297323	268.789042	2200.081858
-78.530000	4.690000	-159.064896	20.659600	1.810291	268.836504	2200.199451
-78.530000	4.690000	-159.064896	20.909600	0.496997	268.884213	2200.221871
-78.530000	4.690000	-159.064896	21.159600	-0.367316	268.931995	2200.062970
-78.530000	4.690000	-159.064896	21.409600	-0.498439	268.980028	2199.904069
-78.530000	4.690000	-159.064896	21.659600	-0.632334	269.028138	2199.726242
-78.530000	4.690000	-159.064896	21.909600	-0.683142	269.076506	2199.547759
-78.530000	4.690000	-159.064896	22.159600	-1.230746	269.124956	2199.369276
-78.530000	4.690000	-159.064896	22.409600	-2.808895	269.173668	2199.079802
-78.530000	4.690000	-159.064896	22.659600	-3.840497	269.222469	2198.574667
-78.530000	4.690000	-159.064896	22.909600	-3.661261	269.271538	2198.069533
-78.530000	4.690000	-159.064896	23.159600	-3.276978	269.320700	2197.614544
-78.530000	4.690000	-159.064896	23.409600	-3.089089	269.370136	2197.211195
-78.530000	4.690000	-159.064896	23.659600	-3.138624	269.419671	2196.807845
-78.530000	4.690000	-159.064896	23.909600	-3.067019	269.469486	2196.404496
-78.530000	4.690000	-159.064896	24.159600	0.872083	269.519406	2196.027555
-78.530000	4.690000	-159.064896	24.409600	4.646999	269.569611	2196.489929
-78.530000	4.690000	-159.064896	24.659600	4.596683	269.619927	2196.952303
-78.530000	4.690000	-158.814896	15.909600	4.815746	268.027919	2189.696878
-78.530000	4.690000	-158.814896	16.159600	4.778743	268.074203	2190.016351
-78.530000	4.690000	-158.814896	16.409600	4.741684	268.120604	2190.335825
-78.530000	4.690000	-158.814896	16.659600	4.704561	268.167130	2190.655298
-78.530000	4.690000	-158.814896	16.909600	4.667379	268.213777	2190.974771
-78.530000	4.690000	-158.814896	17.159600	4.630131	268.260553	2191.294244
-78.530000	4.690000	-158.814896	17.409600	4.592820	268.307455	2191.613717
-78.530000	4.690000	-158.814896	17.659600	4.493824	268.354490	2191.933190
-78.530000	4.690000	-158.814896	17.909600	4.264922	268.401656	2192.239112
-78.530000	4.690000	-158.814896	18.159600	4.096673	268.448960	2192.516670
-78.530000	4.690000	-158.814896	18.409600	3.991720	268.496399	2192.794228
-78.530000	4.690000	-158.814896	18.659600	3.209115	268.543980	2193.057531
-78.530000	4.690000	-158.814896	18.909600	2.487218	268.591702	2193.175124
-78.530000	4.690000	-158.814896	19.159600	2.446186	268.639571	2193.292716
-78.530000	4.690000	-158.814896	19.409600	2.398781	268.687584	2193.410309
-78.530000	4.690000	-158.814896	19.659600	2.350615	268.735750	2193.527901
-78.530000	4.690000	-158.814896	19.909600	2.302299	268.784066	2193.645493
-78.530000	4.690000	-158.814896	20.159600	2.253827	268.832538	2193.763086
-78.530000	4.690000	-158.814896	20.409600	2.205199	268.881166	2193.880678
-78.530000	4.690000	-158.814896	20.659600	1.073771	268.929955	2193.998271
-78.530000	4.690000	-158.814896	20.909600	-0.236205	268.978905	2193.881491
-78.530000	4.690000	-158.814896	21.159600	-0.561451	269.028022	2193.719824
-78.530000	4.690000	-158.814896	21.409600	-0.684024	269.077305	2193.541340
-78.530000	4.690000	-158.814896	21.659600	-0.733396	269.126759	2193.362857
-78.530000	4.690000	-158.814896	21.909600	-0.783022	269.176385	2193.184374
-78.530000	4.690000	-158.814896	22.159600	-0.838332	269.226188	2193.005891
-78.530000	4.690000	-158.814896	22.409600	-2.383395	269.276168	2192.826184
-78.530000	4.690000	-158.814896	22.659600	-3.944359	269.326331	2192.321049
-78.530000	4.690000	-158.814896	22.909600	-3.561864	269.376677	2191.815914
-78.530000	4.690000	-158.814896	23.159600	-3.162105	269.427211	2191.409097
-78.530000	4.690000	-158.814896	23.409600	-3.196887	269.477934	2191.005748
-78.530000	4.690000	-158.814896	23.659600	-3.247803	269.528850	2190.602398
-78.530000	4.690000	-158.814896	23.909600	-3.298915	269.579962	2190.199048
-78.530000	4.690000	-158.814896	24.159600	0.458242	269.631273	2189.795699
-78.530000	4.690000	-158.814896	24.409600	4.353899	269.682785	2190.218479
-78.530000	4.690000	-158.814896	24.659600	4.482108	269.734503	2190.680854
-78.530000	4.690000	-158.814896	24.909600	4.430182	269.786428	2191.143228
-78.530000	4.690000	-158.564896	15.659600	1.862715	268.050208	2182.832150
-78.530000	4.690000	-158.564896	15.909600	4.661108	268.097632	2183.144178
-78.530000	4.690000	-158.564896	16.159600	4.646122	268.145090	2183.463651
-78.530000	4.690000	-158.564896	16.409600	4.598454	268.192759	2183.783125
-78.530000	4.690000	-158.564896	16.659600	4.550748	268.240464	2184.102598
-78.530000	4.690000	-158.564896	16.909600	4.502827	268.288385	2184.422071
-78.530000	4.690000	-158.564896	17.159600	4.454865	268.336348	2184.741544
-78.530000	4.690000	-158.564896	17.409600	4.406682	268.384530	2185.061017
-78.530000	4.690000	-158.564896	17.659600	4.358454	268.432759	2185.380490
-78.530000	4.690000	-158.564896	17.909600	4.312885	268.481212	2185.699963
-78.530000	4.690000	-158.564896	18.159600	4.260498	268.529716	2186.019436
-78.530000	4.690000	-158.564896	18.409600	4.041176	268.578449	2186.336045
-78.530000	4.690000	-158.564896	18.659600	3.636293	268.627238	2186.615799
-78.530000	4.690000	-158.564896	18.909600	3.406432	268.676262	2186.850192
-78.530000	4.690000	-158.564896	19.159600	2.884188	268.725345	2187.084584
-78.530000	4.690000	-158.564896	19.409600	2.321288	268.774668	2187.209129
-78.530000	4.690000	-158.564896	19.659600	2.250353	268.824056	2187.326721
-78.530000	4.690000	-158.564896	19.909600	2.210819	268.873689	2187.444313
-78.530000	4.690000	-158.564896	20.159600	2.162973	268.923392	2187.561906
-78.530000	4.690000	-158.564896	20.409600	1.664649	268.973345	2187.679498
-78.530000	4.690000	-158.564896	20.659600	0.321732	269.023372	2187.700013
-78.530000	4.690000	-158.564896	20.909600	-0.622094	269.073656	2187.534922
-78.530000	4.690000	-158.564896	21.159600	-0.730656	269.124019	2187.356438
-78.530000	4.690000	-158.564896	21.409600	-0.781281	269.174644	2187.177955
-78.530000	4.690000	-158.564896	21.659600	-0.831990	269.225354	2186.999472
-78.530000	4.690000	-158.564896	21.909600	-0.882967	269.276330	2186.820989
-78.530000	4.690000	-158.564896	22.159600	-0.934035	269.327398	2186.642506
-78.530000	4.690000	-158.564896	22.409600	-1.966208	269.378738	2186.464023
-78.530000	4.690000	-158.564896	22.659600	-3.350080	269.430175	2186.067431
-78.530000	4.690000	-158.564896	22.909600	-3.462068	269.481890	2185.606999
-78.530000	4.690000	-158.564896	23.159600	-3.252659	269.533706	2185.203650
-78.530000	4.690000	-158.564896	23.409600	-3.304761	269.585808	2184.800300
-78.530000	4.690000	-158.564896	23.659600	-3.356970	269.638017	2184.396951
-78.530000	4.690000	-158.564896	23.909600	-3.409470	269.690517	2183.993601
-78.530000	4.690000	-158.564896	24.159600	0.041871	269.743131	2183.590251
-78.530000	4.690000	-158.564896	24.409600	3.940530	269.796042	2183.947030
-78.530000	4.690000	-158.564896	24.659600	4.367537	269.849073	2184.409404
-78.530000	4.690000	-158.564896	24.909600	4.314202	269.902408	2184.871779
-78.530000	4.690000	-158.314896	15.409600	-1.030575	268.070290	2176.749114
-78.530000	4.690000	-158.314896	15.659600	1.177274	268.118769	2176.417389
-78.530000	4.690000	-158.314896	15.909600	3.989428	268.167367	2176.591478
-78.530000	4.690000	-158.314896	16.159600	4.575122	268.216091	2176.910951
-78.530000	4.690000	-158.314896	16.409600	4.526275	268.264938	2177.230425
-78.530000	4.690000	-158.314896	16.659600	4.477297	268.313916	2177.549898
-78.530000	4.690000	-158.314896	16.909600	4.428191	268.363022	2177.869371
-78.530000	4.690000	-158.314896	17.159600	4.378949	268.412263	2178.188844
-78.530000	4.690000	-158.314896	17.409600	4.329575	268.461638	2178.508317
-78.530000	4.690000	-158.314896	17.659600	4.280061	268.511152	2178.827790
-78.530000	4.690000	-158.314896	17.909600	4.224355	268.560803	2179.147263
-78.530000	4.690000	-158.314896	18.159600	4.060482	268.610600	2179.465348
-78.530000	4.690000	-158.314896	18.409600	3.884395	268.660539	2179.759831
-78.530000	4.690000	-158.314896	18.659600	3.575560	268.710628	2180.049931
-78.530000	4.690000	-158.314896	18.909600	3.283649	268.760864	2180.284323
-78.530000	4.690000	-158.314896	19.159600	3.233259	268.811255	2180.518716
-78.530000	4.690000	-158.314896	19.409600	3.199947	268.861798	2180.753108
-78.530000	4.690000	-158.314896	19.659600	3.167888	268.912501	2180.987501
-78.530000	4.690000	-158.314896	19.909600	2.708335	268.963362	2181.221894
-78.530000	4.690000	-158.314896	20.159600	2.144912	269.014387	2181.360726
-78.530000	4.690000	-158.314896	20.409600	0.885819	269.065577	2181.478318
-78.530000	4.690000	-158.314896	20.659600	-0.488395	269.116935	2181.350020
-78.530000	4.690000	-158.314896	20.909600	-0.762426	269.168463	2181.171536
-78.530000	4.690000	-158.314896	21.159600	-0.814058	269.220166	2180.993053
-78.530000	4.690000	-158.314896	21.409600	-0.865864	269.272044	2180.814570
-78.530000	4.690000	-158.314896	21.659600	-0.917851	269.324101	2180.636087
-78.530000	4.690000	-158.314896	21.909600	-0.970019	269.376340	2180.457604
-78.530000	4.690000	-158.314896	22.159600	-1.022372	269.428764	2180.279121
-78.530000	4.690000	-158.314896	22.409600	-1.558187	269.481375	2180.100638
-78.530000	4.690000	-158.314896	22.659600	-2.710949	269.534178	2179.813813
-78.530000	4.690000	-158.314896	22.909600	-3.347090	269.587173	2179.401552
-78.530000	4.690000	-158.314896	23.159600	-3.359318	269.640365	2178.998203
-78.530000	4.690000	-158.314896	23.409600	-3.412710	269.693757	2178.594853
-78.530000	4.690000	-158.314896	23.659600	-3.466304	269.747351	2178.191503
-78.530000	4.690000	-158.314896	23.909600	-3.520104	269.801151	2177.788154
-78.530000	4.690000	-158.314896	24.159600	-0.374848	269.855160	2177.384804
-78.530000	4.690000	-158.314896	24.409600	3.526875	269.909381	2177.675581
-78.530000	4.690000	-158.314896	24.659600	4.252793	269.963817	2178.137955
-78.530000	4.690000	-158.314896	24.909600	4.198138	270.018472	2178.600329
-78.530000	4.690000	-158.314896	25.159600	4.143261	270.073349	2179.062704
-78.530000	4.690000	-158.064896	15.159600	-1.048283	268.087998	2170.666079
-78.530000	4.690000	-158.064896	15.409600	-1.097899	268.137614	2170.334354
-78.530000	4.690000	-158.064896	15.659600	0.492950	268.187264	2170.002629
-78.530000	4.690000	-158.064896	15.909600	3.317246	268.237127	2170.038778
-78.530000	4.690000	-158.064896	16.159600	4.504185	268.287028	2170.358251
-78.530000	4.690000	-158.064896	16.409600	4.454066	268.337147	2170.677725
-78.530000	4.690000	-158.064896	16.659600	4.403904	268.387308	2170.997198
-78.530000	4.690000	-158.064896	16.909600	4.353521	268.437692	2171.316671
-78.530000	4.690000	-158.064896	17.159600	4.303089	268.488124	2171.636144
-78.530000	4.690000	-158.064896	17.409600	4.252430	268.538782	2171.955617
-78.530000	4.690000	-158.064896	17.659600	4.201719	268.589493	2172.275090
-78.530000	4.690000	-158.064896	17.909600	4.037376	268.640437	2172.594563
-78.530000	4.690000	-158.064896	18.159600	3.872939	268.691437	2172.889135
-78.530000	4.690000	-158.064896	18.409600	3.821316	268.742674	2173.183617
-78.530000	4.690000	-158.064896	18.659600	3.535427	268.793974	2173.478100
-78.530000	4.690000	-158.064896	18.909600	3.224980	268.845516	2173.718455
-78.530000	4.690000	-158.064896	19.159600	3.147388	268.897125	2173.952848
-78.530000	4.690000	-158.064896	19.409600	3.095532	268.948982	2174.187240
-78.530000	4.690000	-158.064896	19.659600	3.043603	269.000911	2174.421633
-78.530000	4.690000	-158.064896	19.909600	2.991421	269.053093	2174.656025
-78.530000	4.690000	-158.064896	20.159600	2.663159	269.105352	2174.890418
-78.530000	4.690000	-158.064896	20.409600	0.822620	269.157870	2175.058532
-78.530000	4.690000	-158.064896	20.659600	-0.754416	269.210471	2174.885964
-78.530000	4.690000	-158.064896	20.909600	-0.835685	269.263336	2174.706908
-78.530000	4.690000	-158.064896	21.159600	-0.888569	269.316289	2174.527851
-78.530000	4.690000	-158.064896	21.409600	-0.941723	269.369513	2174.348795
-78.530000	4.690000	-158.064896	21.659600	-0.994971	269.422830	2174.169739
-78.530000	4.690000	-158.064896	21.909600	-1.048495	269.476423	2173.990683
-78.530000	4.690000	-158.064896	22.159600	-1.102119	269.530115	2173.811626
-78.530000	4.690000	-158.064896	22.409600	-1.078511	269.584090	2173.632570
-78.530000	4.690000	-158.064896	22.659600	-1.576862	269.638169	2173.471746
-78.530000	4.690000	-158.064896	22.909600	-2.768550	269.692537	2173.196105
-78.530000	4.690000	-158.064896	23.159600	-3.465969	269.747016	2172.792755
-78.530000	4.690000	-158.064896	23.409600	-3.520743	269.801790	2172.389406
-78.530000	4.690000	-158.064896	23.659600	-3.575633	269.856681	2171.986056
-78.530000	4.690000	-158.064896	23.909600	-3.630826	269.911873	2171.582706
-78.530000	4.690000	-158.064896	24.159600	-0.791537	269.967188	2171.179357
-78.530000	4.690000	-158.064896	24.409600	3.112939	270.022811	2171.404131
-78.530000	4.690000	-158.064896	24.659600	4.138046	270.078564	2171.866505
-78.530000	4.690000	-158.064896	24.909600	4.081978	270.134632	2172.328880
-78.530000	4.690000	-158.064896	25.159600	4.025775	270.190836	2172.791254
-78.530000	4.690000	-157.814896	15.159600	-1.114457	268.154172	2164.251318
-78.530000	4.690000	-157.814896	15.409600	-1.165244	268.204959	2163.919593
-78.530000	4.690000	-157.814896	15.659600	-0.191184	268.255873	2163.587868
-78.530000	4.690000	-157.814896	15.909600	2.644695	268.306912	2163.486078
-78.530000	4.690000	-157.814896	16.159600	4.433129	268.358083	2163.805552
-78.530000	4.690000	-157.814896	16.409600	4.381828	268.409385	2164.125025
-78.530000	4.690000	-157.814896	16.659600	4.330390	268.460823	2164.444498
-78.530000	4.690000	-157.814896	16.909600	4.278817	268.512396	2164.763971
-78.530000	4.690000	-157.814896	17.159600	4.227103	268.564110	2165.083444
-78.530000	4.690000	-157.814896	17.409600	4.175248	268.615964	2165.402917
-78.530000	4.690000	-157.814896	17.659600	4.016579	268.667965	2165.722390
-78.530000	4.690000	-157.814896	17.909600	3.850702	268.720110	2166.018438
-78.530000	4.690000	-157.814896	18.159600	3.791583	268.772407	2166.312921
-78.530000	4.690000	-157.814896	18.409600	3.739136	268.824854	2166.607403
-78.530000	4.690000	-157.814896	18.659600	3.496160	268.877458	2166.901886
-78.530000	4.690000	-157.814896	18.909600	3.185359	268.930216	2167.152587
-78.530000	4.690000	-157.814896	19.159600	3.061377	268.983137	2167.386980
-78.530000	4.690000	-157.814896	19.409600	3.008296	269.036218	2167.621372
-78.530000	4.690000	-157.814896	19.659600	2.955048	269.089465	2167.855765
-78.530000	4.690000	-157.814896	19.909600	2.901634	269.142879	2168.090157
-78.530000	4.690000	-157.814896	20.159600	2.134730	269.196465	2168.324550
-78.530000	4.690000	-157.814896	20.409600	0.663076	269.250224	2168.397178
-78.530000	4.690000	-157.814896	20.659600	-0.487260	269.304159	2168.304390
-78.530000	4.690000	-157.814896	20.909600	-0.916659	269.358272	2168.125334
-78.530000	4.690000	-157.814896	21.159600	-0.970955	269.412569	2167.946277
-78.530000	4.690000	-157.814896	21.409600	-1.025435	269.467049	2167.767221
-78.530000	4.690000	-157.814896	21.659600	-1.080104	269.521717	2167.588165
-78.530000	4.690000	-157.814896	21.909600	-1.134962	269.576576	2167.409109
-78.530000	4.690000	-157.814896	22.159600	-1.098606	269.631629	2167.230053
-78.530000	4.690000	-157.814896	22.409600	-1.043542	269.686878	2167.072654
-78.530000	4.690000	-157.814896	22.659600	-1.081142	269.742327	2166.919522
-78.530000	4.690000	-157.814896	22.909600	-1.263884	269.797979	2166.766390
-78.530000	4.690000	-157.814896	23.159600	-2.473091	269.853837	2166.587308
-78.530000	4.690000	-157.814896	23.409600	-3.607877	269.909904	2166.183958
-78.530000	4.690000	-157.814896	23.659600	-3.685137	269.966184	2165.780609
-78.530000	4.690000	-157.814896	23.909600	-3.741632	270.022679	2165.377259
-78.530000	4.690000	-157.814896	24.159600	-1.208357	270.079393	2164.973910
-78.530000	4.690000	-157.814896	24.409600	2.698742	270.136329	2165.132682
-78.530000	4.690000	-157.814896	24.659600	4.023119	270.193491	2165.595056
-78.530000	4.690000	-157.814896	24.909600	3.965728	270.250883	2166.057430
-78.530000	4.690000	-157.814896	25.159600	3.908104	270.308506	2166.519805
-78.530000	4.690000	-157.814896	25.409600	3.850244	270.366366	2166.982179
-78.530000	4.690000	-157.564896	15.159600	-1.170612	268.220280	2157.836557
-78.530000	4.690000	-157.564896	15.409600	-1.232615	268.272330	2157.504832
-78.530000	4.690000	-157.564896	15.659600	-0.874809	268.324419	2157.173108
-78.530000	4.690000	-157.564896	15.909600	1.973129	268.376728	2156.933378
-78.530000	4.690000	-157.564896	16.159600	4.362132	268.429081	2157.252852
-78.530000	4.690000	-157.564896	16.409600	4.309555	268.481657	2157.572325
-78.530000	4.690000	-157.564896	16.659600	4.256929	268.534283	2157.891798
-78.530000	4.690000	-157.564896	16.909600	4.204075	268.587138	2158.211271
-78.530000	4.690000	-157.564896	17.159600	4.151166	268.640047	2158.530744
-78.530000	4.690000	-157.564896	17.409600	3.998088	268.693189	2158.850217
-78.530000	4.690000	-157.564896	17.659600	3.831131	268.746391	2159.147742
-78.530000	4.690000	-157.564896	17.909600	3.764158	268.799832	2159.442224
-78.530000	4.690000	-157.564896	18.159600	3.710654	268.853336	2159.736707
-78.530000	4.690000	-157.564896	18.409600	3.656904	268.907086	2160.031190
-78.530000	4.690000	-157.564896	18.659600	3.457704	268.960904	2160.325672
-78.530000	4.690000	-157.564896	18.909600	3.145679	269.014973	2160.586719
-78.530000	4.690000	-157.564896	19.159600	2.975398	269.069115	2160.821111
-78.530000	4.690000	-157.564896	19.409600	2.921000	269.123513	2161.055504
-78.530000	4.690000	-157.564896	19.659600	2.866523	269.177991	2161.289896
-78.530000	4.690000	-157.564896	19.909600	2.461678	269.232730	2161.524289
-78.530000	4.690000	-157.564896	20.159600	1.623136	269.287554	2161.678355
-78.530000	4.690000	-157.564896	20.409600	0.848565	269.342645	2161.735824
-78.530000	4.690000	-157.564896	20.659600	-0.233184	269.397826	2161.722816
-78.530000	4.690000	-157.564896	20.909600	-1.011667	269.453281	2161.543760
-78.530000	4.690000	-157.564896	21.159600	-1.067218	269.508831	2161.364703
-78.530000	4.690000	-157.564896	21.409600	-1.123047	269.564661	2161.185647
-78.530000	4.690000	-157.564896	21.659600	-1.179285	269.620592	2161.006591
-78.530000	4.690000	-157.564896	21.909600	-1.129237	269.676809	2160.827535
-78.530000	4.690000	-157.564896	22.159600	-1.075190	269.733134	2160.673561
-78.530000	4.690000	-157.564896	22.409600	-1.128565	269.789750	2160.520429
-78.530000	4.690000	-157.564896	22.659600	-1.185295	269.846480	2160.367297
-78.530000	4.690000	-157.564896	22.909600	-1.242323	269.903509	2160.214166
-78.530000	4.690000	-157.564896	23.159600	-1.302127	269.960657	2160.061034
-78.530000	4.690000	-157.564896	23.409600	-2.187155	270.018110	2159.907902
-78.530000	4.690000	-157.564896	23.659600	-3.424916	270.075689	2159.575162
-78.530000	4.690000	-157.564896	23.909600	-3.852533	270.133581	2159.171812
-78.530000	4.690000	-157.564896	24.159600	-1.625119	270.191604	2158.768462
-78.530000	4.690000	-157.564896	24.409600	2.284290	270.249947	2158.861232
-78.530000	4.690000	-157.564896	24.659600	3.908182	270.308429	2159.323606
-78.530000	4.690000	-157.564896	24.909600	3.849374	270.367237	2159.785981
-78.530000	4.690000	-157.564896	25.159600	3.790420	270.426190	2160.248355
-78.530000	4.690000	-157.564896	25.409600	3.731133	270.485478	2160.710730
-78.530000	4.690000	-157.314896	15.159600	-1.101192	268.286503	2151.421797
-78.530000	4.690000	-157.314896	15.409600	-1.300013	268.339728	2151.090072
-78.530000	4.690000	-157.314896	15.659600	-1.353370	268.393085	2150.758347
-78.530000	4.690000	-157.314896	15.909600	1.295381	268.446574	2150.426622
-78.530000	4.690000	-157.314896	16.159600	4.090592	268.500201	2150.700152
-78.530000	4.690000	-157.314896	16.409600	4.237248	268.553965	2151.019625
-78.530000	4.690000	-157.314896	16.659600	4.183341	268.607871	2151.339098
-78.530000	4.690000	-157.314896	16.909600	4.129294	268.661919	2151.658571
-78.530000	4.690000	-157.314896	17.159600	3.981898	268.716115	2151.978044
-78.530000	4.690000	-157.314896	17.409600	3.813775	268.770457	2152.277045
-78.530000	4.690000	-157.314896	17.659600	3.739038	268.824952	2152.571528
-78.530000	4.690000	-157.314896	17.909600	3.684390	268.879600	2152.866011
-78.530000	4.690000	-157.314896	18.159600	3.629585	268.934405	2153.160493
-78.530000	4.690000	-157.314896	18.409600	3.574622	268.989368	2153.454976
-78.530000	4.690000	-157.314896	18.659600	3.419100	269.044494	2153.749458
-78.530000	4.690000	-157.314896	18.909600	3.105943	269.099783	2154.020851
-78.530000	4.690000	-157.314896	19.159600	2.889273	269.155241	2154.255243
-78.530000	4.690000	-157.314896	19.409600	2.833646	269.210867	2154.489636
-78.530000	4.690000	-157.314896	19.659600	2.777846	269.266668	2154.724028
-78.530000	4.690000	-157.314896	19.909600	1.946312	269.322643	2154.958421
-78.530000	4.690000	-157.314896	20.159600	1.120273	269.378797	2155.017001
-78.530000	4.690000	-157.314896	20.409600	1.059165	269.435132	2155.074470
-78.530000	4.690000	-157.314896	20.659600	0.022899	269.491652	2155.131940
-78.530000	4.690000	-157.314896	20.909600	-1.066285	269.548359	2154.962186
-78.530000	4.690000	-157.314896	21.159600	-1.163643	269.605256	2154.783129
-78.530000	4.690000	-157.314896	21.409600	-1.210202	269.662347	2154.604073
-78.530000	4.690000	-157.314896	21.659600	-1.157504	269.719634	2154.427601
-78.530000	4.690000	-157.314896	21.909600	-1.115849	269.777120	2154.274469
-78.530000	4.690000	-157.314896	22.159600	-1.173624	269.834809	2154.121337
-78.530000	4.690000	-157.314896	22.409600	-1.231518	269.892703	2153.968205
-78.530000	4.690000	-157.314896	22.659600	-1.289622	269.950807	2153.815073
-78.530000	4.690000	-157.314896	22.909600	-1.347938	270.009123	2153.661941
-78.530000	4.690000	-157.314896	23.159600	-1.406469	270.067654	2153.508809
-78.530000	4.690000	-157.314896	23.409600	-1.465219	270.126404	2153.355677
-78.530000	4.690000	-157.314896	23.659600	-1.910677	270.185376	2153.202546
-78.530000	4.690000	-157.314896	23.909600	-3.133129	270.244574	2152.966365
-78.530000	4.690000	-157.314896	24.159600	-2.040096	270.304000	2152.563015
-78.530000	4.690000	-157.314896	24.409600	1.869602	270.363659	2152.589783
-78.530000	4.690000	-157.314896	24.659600	3.793056	270.423554	2153.052157
-78.530000	4.690000	-157.314896	24.909600	3.732921	270.483689	2153.514531
-78.530000	4.690000	-157.314896	25.159600	3.672544	270.544066	2153.976906
-78.530000	4.690000	-157.314896	25.409600	3.611920	270.604691	2154.439280
-78.530000	4.690000	-157.314896	25.659600	3.551045	270.665565	2154.901655
-78.530000	4.690000	-157.064896	15.159600	-1.032137	268.352665	2144.978650
-78.530000	4.690000	-157.064896	15.409600	-1.235385	268.407157	2144.675311
-78.530000	4.690000	-157.064896	15.659600	-1.421979	268.461694	2144.343586
-78.530000	4.690000	-157.064896	15.909600	0.607687	268.516456	2144.011862
-78.530000	4.690000	-157.064896	16.159600	3.417433	268.571269	2144.147452
-78.530000	4.690000	-157.064896	16.409600	4.164900	268.626312	2144.466925
-78.530000	4.690000	-157.064896	16.659600	4.109802	268.681410	2144.786398
-78.530000	4.690000	-157.064896	16.909600	3.968004	268.736744	2145.105871
-78.530000	4.690000	-157.064896	17.159600	3.798806	268.792138	2145.406349
-78.530000	4.690000	-157.064896	17.409600	3.716216	268.847774	2145.700832
-78.530000	4.690000	-157.064896	17.659600	3.660516	268.903474	2145.995314
-78.530000	4.690000	-157.064896	17.909600	3.604569	268.959421	2146.289797
-78.530000	4.690000	-157.064896	18.159600	3.548552	269.015438	2146.584279
-78.530000	4.690000	-157.064896	18.409600	3.492283	269.071707	2146.878762
-78.530000	4.690000	-157.064896	18.659600	3.380526	269.128052	2147.173245
-78.530000	4.690000	-157.064896	18.909600	3.066141	269.184655	2147.454982
-78.530000	4.690000	-157.064896	19.159600	2.803174	269.241339	2147.689375
-78.530000	4.690000	-157.064896	19.409600	2.746226	269.298287	2147.923768
-78.530000	4.690000	-157.064896	19.659600	2.276235	269.355321	2148.158160
-78.530000	4.690000	-157.064896	19.909600	1.436695	269.412626	2148.298177
-78.530000	4.690000	-157.064896	20.159600	1.024275	269.470022	2148.355647
-78.530000	4.690000	-157.064896	20.409600	0.966603	269.527694	2148.413116
-78.530000	4.690000	-157.064896	20.659600	0.274748	269.585464	2148.470586
-78.530000	4.690000	-157.064896	20.909600	-0.814372	269.643516	2148.380612
-78.530000	4.690000	-157.064896	21.159600	-1.235020	269.701671	2148.201556
-78.530000	4.690000	-157.064896	21.409600	-1.183420	269.760115	2148.028508
-78.530000	4.690000	-157.064896	21.659600	-1.157483	269.818669	2147.875376
-78.530000	4.690000	-157.064896	21.909600	-1.216332	269.877517	2147.722244
-78.530000	4.690000	-157.064896	22.159600	-1.275297	269.936482	2147.569113
-78.530000	4.690000	-157.064896	22.409600	-1.334562	269.995748	2147.415981
-78.530000	4.690000	-157.064896	22.659600	-1.394009	270.055136	2147.262849
-78.530000	4.690000	-157.064896	22.909600	-1.454522	270.114832	2147.109717
-78.530000	4.690000	-157.064896	23.159600	-1.515164	270.174657	2146.956585
-78.530000	4.690000	-157.064896	23.409600	-1.576123	270.234797	2146.803453
-78.530000	4.690000	-157.064896	23.659600	-1.637218	270.295073	2146.650321
-78.530000	4.690000	-157.064896	23.909600	-1.716566	270.355670	2146.497189
-78.530000	4.690000	-157.064896	24.159600	-1.237468	270.416410	2146.344057
-78.530000	4.690000	-157.064896	24.409600	1.534094	270.477479	2146.318333
-78.530000	4.690000	-157.064896	24.659600	3.677914	270.538697	2146.780707
-78.530000	4.690000	-157.064896	24.909600	3.616359	270.600252	2147.243082
-78.530000	4.690000	-157.064896	25.159600	3.554648	270.661963	2147.705456
-78.530000	4.690000	-157.064896	25.409600	3.492592	270.724018	2148.167831
-78.530000	4.690000	-157.064896	25.659600	3.430373	270.786237	2148.630205
-78.530000	4.690000	-156.814896	15.159600	-1.082440	268.418946	2138.534835
-78.530000	4.690000	-156.814896	15.409600	-1.167572	268.474617	2138.235067
-78.530000	4.690000	-156.814896	15.659600	-1.372202	268.530427	2137.928826
-78.530000	4.690000	-156.814896	15.909600	-0.077990	268.586374	2137.597101
-78.530000	4.690000	-156.814896	16.159600	2.743705	268.642465	2137.594752
-78.530000	4.690000	-156.814896	16.409600	4.092513	268.698699	2137.914225
-78.530000	4.690000	-156.814896	16.659600	3.956404	268.755082	2138.233698
-78.530000	4.690000	-156.814896	16.909600	3.786044	268.811614	2138.535653
-78.530000	4.690000	-156.814896	17.159600	3.695691	268.868299	2138.830135
-78.530000	4.690000	-156.814896	17.409600	3.638852	268.925138	2139.124618
-78.530000	4.690000	-156.814896	17.659600	3.581854	268.982136	2139.419100
-78.530000	4.690000	-156.814896	17.909600	3.524696	269.039294	2139.713583
-78.530000	4.690000	-156.814896	18.159600	3.467374	269.096616	2140.008066
-78.530000	4.690000	-156.814896	18.409600	3.409887	269.154103	2140.302548
-78.530000	4.690000	-156.814896	18.659600	3.341798	269.211760	2140.597031
-78.530000	4.690000	-156.814896	18.909600	3.024890	269.269588	2140.889114
-78.530000	4.690000	-156.814896	19.159600	2.716922	269.327591	2141.123507
-78.530000	4.690000	-156.814896	19.409600	2.602358	269.385771	2141.357899
-78.530000	4.690000	-156.814896	19.659600	1.762709	269.444133	2141.579353
-78.530000	4.690000	-156.814896	19.909600	0.991620	269.502677	2141.636823
-78.530000	4.690000	-156.814896	20.159600	0.932889	269.561408	2141.694293
-78.530000	4.690000	-156.814896	20.409600	0.873969	269.620328	2141.751762
-78.530000	4.690000	-156.814896	20.659600	0.523873	269.679441	2141.809232
-78.530000	4.690000	-156.814896	20.909600	-0.524176	269.738748	2141.799038
-78.530000	4.690000	-156.814896	21.159600	-1.211484	269.798255	2141.629416
-78.530000	4.690000	-156.814896	21.409600	-1.201881	269.857964	2141.476284
-78.530000	4.690000	-156.814896	21.659600	-1.262617	269.917877	2141.323152
-78.530000	4.690000	-156.814896	21.909600	-1.323562	269.977999	2141.170020
-78.530000	4.690000	-156.814896	22.159600	-1.384720	270.038332	2141.016888
-78.530000	4.690000	-156.814896	22.409600	-1.443571	270.098880	2140.863756
-78.530000	4.690000	-156.814896	22.659600	-1.470010	270.159645	2140.711198
-78.530000	4.690000	-156.814896	22.909600	-1.502796	270.220633	2140.566055
-78.530000	4.690000	-156.814896	23.159600	-1.580147	270.281845	2140.420912
-78.530000	4.690000	-156.814896	23.409600	-1.658139	270.343285	2140.275769
-78.530000	4.690000	-156.814896	23.659600	-1.327927	270.404957	2140.130626
-78.530000	4.690000	-156.814896	23.909600	-0.689348	270.466865	2140.074618
-78.530000	4.690000	-156.814896	24.159600	-0.137395	270.529011	2140.082769
-78.530000	4.690000	-156.814896	24.409600	1.422366	270.591400	2140.157756
-78.530000	4.690000	-156.814896	24.659600	3.133831	270.654035	2140.509258
-78.530000	4.690000	-156.814896	24.909600	3.539634	270.716920	2140.971632
-78.530000	4.690000	-156.814896	25.159600	3.436552	270.780058	2141.434007
-78.530000	4.690000	-156.814896	25.409600	3.373155	270.843455	2141.896381
-78.530000	4.690000	-156.814896	25.659600	3.309499	270.907112	2142.358756
-78.530000	4.690000	-156.814896	25.909600	3.245576	270.971035	2142.821130
-78.530000	4.690000	-156.564896	15.159600	-1.148664	268.485171	2132.091020
-78.530000	4.690000	-156.564896	15.409600	-1.205607	268.542114	2131.791252
-78.530000	4.690000	-156.564896	15.659600	-1.305550	268.599107	2131.491484
-78.530000	4.690000	-156.564896	15.909600	-0.659577	268.656333	2131.182340
-78.530000	4.690000	-156.564896	16.159600	2.069718	268.713613	2131.042052
-78.530000	4.690000	-156.564896	16.409600	3.947093	268.771132	2131.361525
-78.530000	4.690000	-156.564896	16.659600	3.775661	268.828711	2131.664956
-78.530000	4.690000	-156.564896	16.909600	3.677457	268.886533	2131.959439
-78.530000	4.690000	-156.564896	17.159600	3.619569	268.944421	2132.253921
-78.530000	4.690000	-156.564896	17.409600	3.561433	269.002557	2132.548404
-78.530000	4.690000	-156.564896	17.659600	3.503226	269.060764	2132.842887
-78.530000	4.690000	-156.564896	17.909600	3.444764	269.119226	2133.137369
-78.530000	4.690000	-156.564896	18.159600	3.386226	269.177764	2133.431852
-78.530000	4.690000	-156.564896	18.409600	3.327428	269.236562	2133.726334
-78.530000	4.690000	-156.564896	18.659600	3.268548	269.295442	2134.020817
-78.530000	4.690000	-156.564896	18.909600	2.983090	269.354589	2134.315300
-78.530000	4.690000	-156.564896	19.159600	2.665317	269.413822	2134.557639
-78.530000	4.690000	-156.564896	19.409600	2.095364	269.473328	2134.792031
-78.530000	4.690000	-156.564896	19.659600	1.255917	269.532927	2134.917999
-78.530000	4.690000	-156.564896	19.909600	0.901492	269.592805	2134.975469
-78.530000	4.690000	-156.564896	20.159600	0.841515	269.652782	2135.032938
-78.530000	4.690000	-156.564896	20.409600	0.785422	269.713043	2135.090408
-78.530000	4.690000	-156.564896	20.659600	0.987157	269.773409	2135.147878
-78.530000	4.690000	-156.564896	20.909600	0.038529	269.834067	2135.264118
-78.530000	4.690000	-156.564896	21.159600	-1.176630	269.894836	2135.118975
-78.530000	4.690000	-156.564896	21.409600	-1.238485	269.955902	2134.973832
-78.530000	4.690000	-156.564896	21.659600	-1.300460	270.017086	2134.828689
-78.530000	4.690000	-156.564896	21.909600	-1.362740	270.078574	2134.683546
-78.530000	4.690000	-156.564896	22.159600	-1.438997	270.140187	2134.538403
-78.530000	4.690000	-156.564896	22.409600	-1.517485	270.202110	2134.393261
-78.530000	4.690000	-156.564896	22.659600	-1.426883	270.264164	2134.248118
-78.530000	4.690000	-156.564896	22.909600	-0.791425	270.326536	2134.139935
-78.530000	4.690000	-156.564896	23.159600	-0.312328	270.389045	2134.148086
-78.530000	4.690000	-156.564896	23.409600	-0.374184	270.451880	2134.156237
-78.530000	4.690000	-156.564896	23.659600	-0.436160	270.514859	2134.164388
-78.530000	4.690000	-156.564896	23.909600	-0.499044	270.578171	2134.172539
-78.530000	4.690000	-156.564896	24.159600	-0.562506	270.641634	2134.180690
-78.530000	4.690000	-156.564896	24.409600	0.776697	270.705437	2134.188841
-78.530000	4.690000	-156.564896	24.659600	2.227927	270.769398	2134.487839
-78.530000	4.690000	-156.564896	24.909600	2.343830	270.833707	2134.818315
-78.530000	4.690000	-156.564896	25.159600	2.858205	270.898183	2135.162557
-78.530000	4.690000	-156.564896	25.409600	3.296020	270.963014	2135.624932
-78.530000	4.690000	-156.564896	25.659600	3.188592	271.028018	2136.087306
-78.530000	4.690000	-156.564896	25.909600	3.123224	271.093387	2136.549681
-78.530000	4.690000	-156.314896	15.159600	-1.215014	268.551520	2125.647205
-78.530000	4.690000	-156.314896	15.409600	-1.273140	268.609646	2125.347437
-78.530000	4.690000	-156.314896	15.659600	-1.331411	268.667917	2125.047669
-78.530000	4.690000	-156.314896	15.909600	-1.208750	268.726331	2124.747901
-78.530000	4.690000	-156.314896	16.159600	1.421763	268.784896	2124.489352
-78.530000	4.690000	-156.314896	16.409600	3.807000	268.843609	2124.794260
-78.530000	4.690000	-156.314896	16.659600	3.686423	268.902478	2125.088742
-78.530000	4.690000	-156.314896	16.909600	3.613674	268.961501	2125.383225
-78.530000	4.690000	-156.314896	17.159600	3.543305	269.020685	2125.677708
-78.530000	4.690000	-156.314896	17.409600	3.483961	269.080029	2125.972190
-78.530000	4.690000	-156.314896	17.659600	3.424451	269.139539	2126.266673
-78.530000	4.690000	-156.314896	17.909600	3.364775	269.199215	2126.561155
-78.530000	4.690000	-156.314896	18.159600	3.304927	269.259063	2126.855638
-78.530000	4.690000	-156.314896	18.409600	3.244907	269.319083	2127.150121
-78.530000	4.690000	-156.314896	18.659600	3.184710	269.379280	2127.444603
-78.530000	4.690000	-156.314896	18.909600	2.942589	269.439655	2127.739086
-78.530000	4.690000	-156.314896	19.159600	2.506408	269.500213	2127.991770
-78.530000	4.690000	-156.314896	19.409600	1.583903	269.560955	2128.199176
-78.530000	4.690000	-156.314896	19.659600	0.872411	269.621886	2128.256645
-78.530000	4.690000	-156.314896	19.909600	0.815683	269.683007	2128.314115
-78.530000	4.690000	-156.314896	20.159600	1.247124	269.744324	2128.371584
-78.530000	4.690000	-156.314896	20.409600	1.752186	269.805837	2128.540463
-78.530000	4.690000	-156.314896	20.659600	1.296192	269.867550	2128.723907
-78.530000	4.690000	-156.314896	20.909600	-0.230935	269.929468	2128.801038
-78.530000	4.690000	-156.314896	21.159600	-1.286685	269.991592	2128.655895
-78.530000	4.690000	-156.314896	21.409600	-1.364663	270.053927	2128.510752
-78.530000	4.690000	-156.314896	21.659600	-1.443236	270.116475	2128.365609
-78.530000	4.690000	-156.314896	21.909600	-0.883602	270.179240	2128.220466
-78.530000	4.690000	-156.314896	22.159600	-0.237122	270.242225	2128.213404
-78.530000	4.690000	-156.314896	22.409600	-0.228074	270.305435	2128.221555
-78.530000	4.690000	-156.314896	22.659600	-0.290515	270.368870	2128.229706
-78.530000	4.690000	-156.314896	22.909600	-0.353410	270.432537	2128.237857
-78.530000	4.690000	-156.314896	23.159600	-0.417311	270.496438	2128.246008
-78.530000	4.690000	-156.314896	23.409600	-0.481450	270.560577	2128.254159
-78.530000	4.690000	-156.314896	23.659600	-0.545829	270.624957	2128.262310
-78.530000	4.690000	-156.314896	23.909600	-0.610455	270.689582	2128.270461
-78.530000	4.690000	-156.314896	24.159600	-0.675328	270.754455	2128.278612
-78.530000	4.690000	-156.314896	24.409600	0.193967	270.819582	2128.286763
-78.530000	4.690000	-156.314896	24.659600	1.649316	270.884964	2128.487446
-78.530000	4.690000	-156.314896	24.909600	2.201814	270.950608	2128.817922
-78.530000	4.690000	-156.314896	25.159600	2.132303	271.016514	2129.148398
-78.530000	4.690000	-156.314896	25.409600	2.062603	271.082689	2129.478874
-78.530000	4.690000	-156.314896	25.659600	2.575734	271.149135	2129.815857
-78.530000	4.690000	-156.314896	25.909600	3.045657	271.215859	2130.278231
-78.530000	4.690000	-156.314896	26.159600	2.934002	271.282861	2130.740606
-78.530000	4.690000	-156.064896	15.159600	-1.281311	268.617817	2119.203390
-78.530000	4.690000	-156.064896	15.409600	-1.340714	268.677220	2118.903622
-78.530000	4.690000	-156.064896	15.659600	-1.400173	268.736679	2118.603854
-78.530000	4.690000	-156.064896	15.909600	-0.638643	268.796377	2118.304086
-78.530000	4.690000	-156.064896	16.159600	1.652710	268.856135	2118.189328
-78.530000	4.690000	-156.064896	16.409600	3.147171	268.916138	2118.414290
-78.530000	4.690000	-156.064896	16.659600	3.075690	268.976206	2118.639252
-78.530000	4.690000	-156.064896	16.909600	3.059898	269.036525	2118.864214
-78.530000	4.690000	-156.064896	17.159600	3.301270	269.096916	2119.101494
-78.530000	4.690000	-156.064896	17.409600	3.483811	269.157562	2119.395976
-78.530000	4.690000	-156.064896	17.659600	3.408802	269.218285	2119.690459
-78.530000	4.690000	-156.064896	17.909600	3.333685	269.279270	2119.984942
-78.530000	4.690000	-156.064896	18.159600	3.258636	269.340338	2120.279424
-78.530000	4.690000	-156.064896	18.409600	3.183469	269.401674	2120.573907
-78.530000	4.690000	-156.064896	18.659600	3.108359	269.463098	2120.868390
-78.530000	4.690000	-156.064896	18.909600	2.902437	269.524796	2121.162872
-78.530000	4.690000	-156.064896	19.159600	2.043836	269.586589	2121.425902
-78.530000	4.690000	-156.064896	19.409600	1.086552	269.648661	2121.537821
-78.530000	4.690000	-156.064896	19.659600	1.306439	269.710834	2121.595291
-78.530000	4.690000	-156.064896	19.909600	1.809400	269.773294	2121.770145
-78.530000	4.690000	-156.064896	20.159600	1.799399	269.835859	2121.953590
-78.530000	4.690000	-156.064896	20.409600	1.737141	269.898718	2122.137035
-78.530000	4.690000	-156.064896	20.659600	0.933653	269.961690	2122.320479
-78.530000	4.690000	-156.064896	20.909600	-0.214621	270.024962	2122.337957
-78.530000	4.690000	-156.064896	21.159600	-0.326714	270.088352	2122.278722
-78.530000	4.690000	-156.064896	21.409600	-0.075022	270.152049	2122.286873
-78.530000	4.690000	-156.064896	21.659600	-0.137858	270.215872	2122.295024
-78.530000	4.690000	-156.064896	21.909600	-0.200982	270.280008	2122.303174
-78.530000	4.690000	-156.064896	22.159600	-0.265149	270.344276	2122.311325
-78.530000	4.690000	-156.064896	22.409600	-0.329738	270.408865	2122.319476
-78.530000	4.690000	-156.064896	22.659600	-0.394466	270.473593	2122.327627
-78.530000	4.690000	-156.064896	22.909600	-0.459522	270.538649	2122.335778
-78.530000	4.690000	-156.064896	23.159600	-0.524723	270.603851	2122.343929
-78.530000	4.690000	-156.064896	23.409600	-0.590261	270.669388	2122.352080
-78.530000	4.690000	-156.064896	23.659600	-0.655951	270.735078	2122.360231
-78.530000	4.690000	-156.064896	23.909600	-0.721984	270.801112	2122.368382
-78.530000	4.690000	-156.064896	24.159600	-0.788178	270.867306	2122.376533
-78.530000	4.690000	-156.064896	24.409600	-0.397414	270.933850	2122.384684
-78.530000	4.690000	-156.064896	24.659600	1.065796	271.000563	2122.487054
-78.530000	4.690000	-156.064896	24.909600	2.084787	271.067634	2122.817530
-78.530000	4.690000	-156.064896	25.159600	2.017540	271.134881	2123.148005
-78.530000	4.690000	-156.064896	25.409600	1.949926	271.202495	2123.478481
-78.530000	4.690000	-156.064896	25.659600	1.880424	271.270292	2123.808957
-78.530000	4.690000	-156.064896	25.909600	1.778085	271.338465	2124.139433
-78.530000	4.690000	-156.064896	26.159600	2.286482	271.406829	2124.469909
-78.530000	4.690000	-155.814896	15.159600	-1.347739	268.684245	2112.759575
-78.530000	4.690000	-155.814896	15.409600	-1.408329	268.744835	2112.459807
-78.530000	4.690000	-155.814896	15.659600	-1.469070	268.805577	2112.160039
-78.530000	4.690000	-155.814896	15.909600	0.771951	268.866467	2111.860271
-78.530000	4.690000	-155.814896	16.159600	3.160807	268.927514	2112.080795
-78.530000	4.690000	-155.814896	16.409600	3.120394	268.988716	2112.305757
-78.530000	4.690000	-155.814896	16.659600	3.059031	269.050079	2112.530719
-78.530000	4.690000	-155.814896	16.909600	2.997507	269.111603	2112.755682
-78.530000	4.690000	-155.814896	17.159600	2.933693	269.173295	2112.980644
-78.530000	4.690000	-155.814896	17.409600	2.859935	269.235153	2113.205606
-78.530000	4.690000	-155.814896	17.659600	2.786138	269.297184	2113.430569
-78.530000	4.690000	-155.814896	17.909600	2.712300	269.359388	2113.655531
-78.530000	4.690000	-155.814896	18.159600	2.638413	269.421771	2113.880493
-78.530000	4.690000	-155.814896	18.409600	2.564473	269.484332	2114.105455
-78.530000	4.690000	-155.814896	18.659600	2.623317	269.547078	2114.330418
-78.530000	4.690000	-155.814896	18.909600	2.555411	269.610009	2114.586658
-78.530000	4.690000	-155.814896	19.159600	2.133971	269.673130	2114.818998
-78.530000	4.690000	-155.814896	19.409600	1.820906	269.736443	2114.999273
-78.530000	4.690000	-155.814896	19.659600	1.741814	269.799952	2115.172879
-78.530000	4.690000	-155.814896	19.909600	1.677957	269.863660	2115.346486
-78.530000	4.690000	-155.814896	20.159600	1.612873	269.927570	2115.520092
-78.530000	4.690000	-155.814896	20.409600	1.547586	269.991685	2115.693698
-78.530000	4.690000	-155.814896	20.659600	2.130408	270.056008	2115.867305
-78.530000	4.690000	-155.814896	20.909600	2.200760	270.120544	2116.186128
-78.530000	4.690000	-155.814896	21.159600	0.751080	270.185295	2116.376643
-78.530000	4.690000	-155.814896	21.409600	-0.171194	270.250264	2116.384794
-78.530000	4.690000	-155.814896	21.659600	-0.236328	270.315455	2116.392945
-78.530000	4.690000	-155.814896	21.909600	-0.301745	270.380872	2116.401096
-78.530000	4.690000	-155.814896	22.159600	-0.367391	270.446518	2116.409247
-78.530000	4.690000	-155.814896	22.409600	-0.433269	270.512397	2116.417398
-78.530000	4.690000	-155.814896	22.659600	-0.499383	270.578511	2116.425549
-78.530000	4.690000	-155.814896	22.909600	-0.565738	270.644865	2116.433700
-78.530000	4.690000	-155.814896	23.159600	-0.632335	270.711463	2116.441851
-78.530000	4.690000	-155.814896	23.409600	-0.699181	270.778308	2116.450002
-78.530000	4.690000	-155.814896	23.659600	-0.766276	270.845403	2116.458153
-78.530000	4.690000	-155.814896	23.909600	-0.833627	270.912754	2116.466304
-78.530000	4.690000	-155.814896	24.159600	-0.901235	270.980363	2116.474454
-78.530000	4.690000	-155.814896	24.409600	-0.969108	271.048235	2116.482605
-78.530000	4.690000	-155.814896	24.659600	0.494116	271.116372	2116.490756
-78.530000	4.690000	-155.814896	24.909600	1.948146	271.184781	2116.817137
-78.530000	4.690000	-155.814896	25.159600	1.898959	271.253462	2117.147613
-78.530000	4.690000	-155.814896	25.409600	1.829997	271.322424	2117.478089
-78.530000	4.690000	-155.814896	25.659600	1.760754	271.391667	2117.808565
-78.530000	4.690000	-155.814896	25.909600	1.691223	271.461198	2118.139041
-78.530000	4.690000	-155.814896	26.159600	1.621402	271.531019	2118.469516
-78.530000	4.690000	-155.814896	26.409600	1.517274	271.601137	2118.799992
-78.530000	4.690000	-155.564896	15.159600	-1.414119	268.750625	2106.315760
-78.530000	4.690000	-155.564896	15.409600	-1.475991	268.812497	2106.015992
-78.530000	4.690000	-155.564896	15.659600	-0.082055	268.874431	2105.716224
-78.530000	4.690000	-155.564896	15.909600	2.263549	268.936609	2105.747300
-78.530000	4.690000	-155.564896	16.159600	3.110256	268.998854	2105.972262
-78.530000	4.690000	-155.564896	16.409600	3.047760	269.061350	2106.197224
-78.530000	4.690000	-155.564896	16.659600	2.985192	269.123918	2106.422187
-78.530000	4.690000	-155.564896	16.909600	2.922367	269.186743	2106.647149
-78.530000	4.690000	-155.564896	17.159600	2.859464	269.249646	2106.872111
-78.530000	4.690000	-155.564896	17.409600	2.796299	269.312811	2107.097074
-78.530000	4.690000	-155.564896	17.659600	2.733050	269.376060	2107.322036
-78.530000	4.690000	-155.564896	17.909600	2.669532	269.439578	2107.546998
-78.530000	4.690000	-155.564896	18.159600	2.586487	269.503184	2107.771960
-78.530000	4.690000	-155.564896	18.409600	2.264842	269.567067	2107.996923
-78.530000	4.690000	-155.564896	18.659600	1.477325	269.631044	2108.171296
-78.530000	4.690000	-155.564896	18.909600	1.093641	269.695303	2108.241477
-78.530000	4.690000	-155.564896	19.159600	1.479316	269.759663	2108.347923
-78.530000	4.690000	-155.564896	19.409600	1.710874	269.824311	2108.521530
-78.530000	4.690000	-155.564896	19.659600	1.646118	269.889067	2108.695136
-78.530000	4.690000	-155.564896	19.909600	1.581068	269.954117	2108.868742
-78.530000	4.690000	-155.564896	20.159600	1.515904	270.019281	2109.042349
-78.530000	4.690000	-155.564896	20.409600	1.595825	270.084746	2109.215955
-78.530000	4.690000	-155.564896	20.659600	2.330556	270.150332	2109.422462
-78.530000	4.690000	-155.564896	20.909600	2.912862	270.216226	2109.773047
-78.530000	4.690000	-155.564896	21.159600	2.886305	270.282247	2110.123633
-78.530000	4.690000	-155.564896	21.409600	1.358274	270.348583	2110.474218
-78.530000	4.690000	-155.564896	21.659600	-0.296460	270.415053	2110.490866
-78.530000	4.690000	-155.564896	21.909600	-0.402718	270.481846	2110.499017
-78.530000	4.690000	-155.564896	22.159600	-0.469651	270.548778	2110.507168
-78.530000	4.690000	-155.564896	22.409600	-0.536914	270.616041	2110.515319
-78.530000	4.690000	-155.564896	22.659600	-0.604324	270.683451	2110.523470
-78.530000	4.690000	-155.564896	22.909600	-0.672072	270.751199	2110.531621
-78.530000	4.690000	-155.564896	23.159600	-0.739975	270.819102	2110.539772
-78.530000	4.690000	-155.564896	23.409600	-0.808223	270.887350	2110.547923
-78.530000	4.690000	-155.564896	23.659600	-0.876633	270.955760	2110.556074
-78.530000	4.690000	-155.564896	23.909600	-0.945396	271.024523	2110.564225
-78.530000	4.690000	-155.564896	24.159600	-1.014328	271.093456	2110.572376
-78.530000	4.690000	-155.564896	24.409600	-1.083622	271.162750	2110.580527
-78.530000	4.690000	-155.564896	24.659600	-0.085807	271.232221	2110.588678
-78.530000	4.690000	-155.564896	24.909600	1.362684	271.302062	2110.816744
-78.530000	4.690000	-155.564896	25.159600	1.780333	271.372088	2111.147220
-78.530000	4.690000	-155.564896	25.409600	1.709929	271.442492	2111.477696
-78.530000	4.690000	-155.564896	25.659600	1.639331	271.513090	2111.808172
-78.530000	4.690000	-155.564896	25.909600	1.568347	271.584074	2112.138648
-78.530000	4.690000	-155.564896	26.159600	1.497161	271.655260	2112.469124
-78.530000	4.690000	-155.564896	26.409600	1.425579	271.726842	2112.799600
-78.530000	4.690000	-155.314896	15.159600	-1.480634	268.817140	2099.871945
-78.530000	4.690000	-155.314896	15.409600	-0.916147	268.880205	2099.572177
-78.530000	4.690000	-155.314896	15.659600	1.363986	268.943425	2099.413805
-78.530000	4.690000	-155.314896	15.909600	3.102308	269.006802	2099.638767
-78.530000	4.690000	-155.314896	16.159600	3.038770	269.070340	2099.863729
-78.530000	4.690000	-155.314896	16.409600	2.975070	269.134040	2100.088692
-78.530000	4.690000	-155.314896	16.659600	2.911202	269.197908	2100.313654
-78.530000	4.690000	-155.314896	16.909600	2.847167	269.261943	2100.538616
-78.530000	4.690000	-155.314896	17.159600	2.782959	269.326151	2100.763579
-78.530000	4.690000	-155.314896	17.409600	2.714768	269.390533	2100.988541
-78.530000	4.690000	-155.314896	17.659600	2.623938	269.455094	2101.213503
-78.530000	4.690000	-155.314896	17.909600	2.014744	269.519836	2101.438465
-78.530000	4.690000	-155.314896	18.159600	1.233329	269.584762	2101.549683
-78.530000	4.690000	-155.314896	18.409600	0.975544	269.649874	2101.619864
-78.530000	4.690000	-155.314896	18.659600	0.905214	269.715178	2101.690045
-78.530000	4.690000	-155.314896	18.909600	1.015494	269.780674	2101.760226
-78.530000	4.690000	-155.314896	19.159600	1.407482	269.846368	2101.870180
-78.530000	4.690000	-155.314896	19.409600	1.622924	269.912261	2102.043786
-78.530000	4.690000	-155.314896	19.659600	1.556827	269.978358	2102.217393
-78.530000	4.690000	-155.314896	19.909600	1.490524	270.044661	2102.390999
-78.530000	4.690000	-155.314896	20.159600	1.424012	270.111173	2102.564605
-78.530000	4.690000	-155.314896	20.409600	1.788353	270.177899	2102.738212
-78.530000	4.690000	-155.314896	20.659600	2.530428	270.244841	2103.009381
-78.530000	4.690000	-155.314896	20.909600	2.817084	270.312004	2103.359966
-78.530000	4.690000	-155.314896	21.159600	2.749699	270.379389	2103.710552
-78.530000	4.690000	-155.314896	21.409600	2.682086	270.447002	2104.061137
-78.530000	4.690000	-155.314896	21.659600	1.941111	270.514845	2104.411723
-78.530000	4.690000	-155.314896	21.909600	0.328877	270.582923	2104.596939
-78.530000	4.690000	-155.314896	22.159600	-0.572131	270.651237	2104.605090
-78.530000	4.690000	-155.314896	22.409600	-0.640667	270.719794	2104.613241
-78.530000	4.690000	-155.314896	22.659600	-0.709468	270.788595	2104.621392
-78.530000	4.690000	-155.314896	22.909600	-0.778518	270.857646	2104.629542
-78.530000	4.690000	-155.314896	23.159600	-0.847821	270.926948	2104.637693
-78.530000	4.690000	-155.314896	23.409600	-0.917381	270.996508	2104.645844
-78.530000	4.690000	-155.314896	23.659600	-0.987200	271.066327	2104.653995
-78.530000	4.690000	-155.314896	23.909600	-1.057284	271.136412	2104.662146
-78.530000	4.690000	-155.314896	24.159600	-1.127636	271.206763	2104.670297
-78.530000	4.690000	-155.314896	24.409600	-1.198261	271.277388	2104.678448
-78.530000	4.690000	-155.314896	24.659600	-0.678955	271.348288	2104.686599
-78.530000	4.690000	-155.314896	24.909600	0.776737	271.419471	2104.816351
-78.530000	4.690000	-155.314896	25.159600	1.661486	271.490935	2105.146827
-78.530000	4.690000	-155.314896	25.409600	1.589730	271.562691	2105.477303
-78.530000	4.690000	-155.314896	25.659600	1.517683	271.634738	2105.807779
-78.530000	4.690000	-155.314896	25.909600	1.445336	271.707085	2106.138255
-78.530000	4.690000	-155.314896	26.159600	1.372690	271.779731	2106.468731
-78.530000	4.690000	-155.064896	15.159600	-1.547107	268.883613	2093.428130
-78.530000	4.690000	-155.064896	15.409600	0.493400	268.947964	2093.128362
-78.530000	4.690000	-155.064896	15.659600	2.871644	269.012382	2093.305272
-78.530000	4.690000	-155.064896	15.909600	3.032058	269.077052	2093.530234
-78.530000	4.690000	-155.064896	16.159600	2.967317	269.141793	2093.755197
-78.530000	4.690000	-155.064896	16.409600	2.902318	269.206792	2093.980159
-78.530000	4.690000	-155.064896	16.659600	2.837241	269.271869	2094.205121
-78.530000	4.690000	-155.064896	16.909600	2.757294	269.337210	2094.430083
-78.530000	4.690000	-155.064896	17.159600	2.564254	269.402634	2094.655046
-78.530000	4.690000	-155.064896	17.409600	1.771820	269.468328	2094.857888
-78.530000	4.690000	-155.064896	17.659600	1.095796	269.534111	2094.928069
-78.530000	4.690000	-155.064896	17.909600	1.022191	269.600171	2094.998250
-78.530000	4.690000	-155.064896	18.159600	0.954066	269.666326	2095.068431
-78.530000	4.690000	-155.064896	18.409600	0.887627	269.732765	2095.138612
-78.530000	4.690000	-155.064896	18.659600	0.821088	269.799304	2095.208793
-78.530000	4.690000	-155.064896	18.909600	0.945540	269.866133	2095.278974
-78.530000	4.690000	-155.064896	19.159600	1.336289	269.933070	2095.392437
-78.530000	4.690000	-155.064896	19.409600	1.534881	270.000304	2095.566043
-78.530000	4.690000	-155.064896	19.659600	1.467534	270.067651	2095.739649
-78.530000	4.690000	-155.064896	19.909600	1.399883	270.135301	2095.913256
-78.530000	4.690000	-155.064896	20.159600	1.332112	270.203072	2096.086862
-78.530000	4.690000	-155.064896	20.409600	1.989380	270.271154	2096.260469
-78.530000	4.690000	-155.064896	20.659600	2.724011	270.339362	2096.596300
-78.530000	4.690000	-155.064896	20.909600	2.721200	270.407888	2096.946886
-78.530000	4.690000	-155.064896	21.159600	2.652540	270.476548	2097.297471
-78.530000	4.690000	-155.064896	21.409600	2.583555	270.545533	2097.648056
-78.530000	4.690000	-155.064896	21.659600	2.514430	270.614658	2097.998642
-78.530000	4.690000	-155.064896	21.909600	2.485760	270.684116	2098.349227
-78.530000	4.690000	-155.064896	22.159600	0.929243	270.753722	2098.699813
-78.530000	4.690000	-155.064896	22.409600	-0.730374	270.823667	2098.711162
-78.530000	4.690000	-155.064896	22.659600	-0.814641	270.893769	2098.719313
-78.530000	4.690000	-155.064896	22.909600	-0.885090	270.964217	2098.727464
-78.530000	4.690000	-155.064896	23.159600	-0.955701	271.034829	2098.735615
-78.530000	4.690000	-155.064896	23.409600	-1.026668	271.105796	2098.743766
-78.530000	4.690000	-155.064896	23.659600	-1.097806	271.176933	2098.751917
-78.530000	4.690000	-155.064896	23.909600	-1.169307	271.248434	2098.760068
-78.530000	4.690000	-155.064896	24.159600	-1.240987	271.320114	2098.768219
-78.530000	4.690000	-155.064896	24.409600	-1.313038	271.392165	2098.776370
-78.530000	4.690000	-155.064896	24.659600	-1.272244	271.464403	2098.784521
-78.530000	4.690000	-155.064896	24.909600	0.201215	271.537022	2098.815959
-78.530000	4.690000	-155.064896	25.159600	1.542586	271.609835	2099.146435
-78.530000	4.690000	-155.064896	25.409600	1.469384	271.683037	2099.476911
-78.530000	4.690000	-155.064896	25.659600	1.395979	271.756443	2099.807387
-78.530000	4.690000	-155.064896	25.909600	1.322175	271.830246	2100.137862
-78.530000	4.690000	-155.064896	26.159600	1.248160	271.904261	2100.468338
-78.530000	4.690000	-154.814896	15.159600	-0.349013	268.950226	2086.984315
-78.530000	4.690000	-154.814896	15.409600	1.976452	269.015774	2086.971777
-78.530000	4.690000	-154.814896	15.659600	3.027626	269.081484	2087.196739
-78.530000	4.690000	-154.814896	15.909600	2.961753	269.147357	2087.421702
-78.530000	4.690000	-154.814896	16.159600	2.895714	269.213396	2087.646664
-78.530000	4.690000	-154.814896	16.409600	2.804211	269.279604	2087.871626
-78.530000	4.690000	-154.814896	16.659600	2.322259	269.345986	2088.096588
-78.530000	4.690000	-154.814896	16.909600	1.536044	269.412541	2088.236274
-78.530000	4.690000	-154.814896	17.159600	1.147530	269.479276	2088.306455
-78.530000	4.690000	-154.814896	17.409600	1.074200	269.546192	2088.376636
-78.530000	4.690000	-154.814896	17.659600	1.007099	269.613293	2088.446817
-78.530000	4.690000	-154.814896	17.909600	0.939811	269.680581	2088.516998
-78.530000	4.690000	-154.814896	18.159600	0.872331	269.748061	2088.587179
-78.530000	4.690000	-154.814896	18.409600	0.804658	269.815734	2088.657360
-78.530000	4.690000	-154.814896	18.659600	0.736787	269.883605	2088.727541
-78.530000	4.690000	-154.814896	18.909600	0.875502	269.951676	2088.797722
-78.530000	4.690000	-154.814896	19.159600	1.264917	270.019952	2088.914693
-78.530000	4.690000	-154.814896	19.409600	1.446750	270.088434	2089.088300
-78.530000	4.690000	-154.814896	19.659600	1.378057	270.157127	2089.261906
-78.530000	4.690000	-154.814896	19.909600	1.309150	270.226035	2089.435513
-78.530000	4.690000	-154.814896	20.159600	1.460564	270.295160	2089.609119
-78.530000	4.690000	-154.814896	20.409600	2.195408	270.364506	2089.832634
-78.530000	4.690000	-154.814896	20.659600	2.695012	270.434076	2090.183219
-78.530000	4.690000	-154.814896	20.909600	2.625214	270.503874	2090.533805
-78.530000	4.690000	-154.814896	21.159600	2.555184	270.573904	2090.884390
-78.530000	4.690000	-154.814896	21.409600	2.484919	270.644169	2091.234976
-78.530000	4.690000	-154.814896	21.659600	2.414415	270.714673	2091.585561
-78.530000	4.690000	-154.814896	21.909600	2.343668	270.785420	2091.936147
-78.530000	4.690000	-154.814896	22.159600	2.272676	270.856412	2092.286732
-78.530000	4.690000	-154.814896	22.409600	1.505070	270.927656	2092.637318
-78.530000	4.690000	-154.814896	22.659600	-0.111949	270.999152	2092.817234
-78.530000	4.690000	-154.814896	22.909600	-0.991781	271.070908	2092.825385
-78.530000	4.690000	-154.814896	23.159600	-1.063796	271.142923	2092.833536
-78.530000	4.690000	-154.814896	23.409600	-1.136079	271.215207	2092.841687
-78.530000	4.690000	-154.814896	23.659600	-1.208630	271.287758	2092.849838
-78.530000	4.690000	-154.814896	23.909600	-1.281457	271.360584	2092.857989
-78.530000	4.690000	-154.814896	24.159600	-1.354560	271.433687	2092.866140
-78.530000	4.690000	-154.814896	24.409600	-1.427947	271.507074	2092.874291
-78.530000	4.690000	-154.814896	24.659600	-1.501617	271.580745	2092.882442
-78.530000	4.690000	-154.814896	24.909600	-0.377960	271.654708	2092.890593
-78.530000	4.690000	-154.814896	25.159600	1.066219	271.728964	2093.146042
-78.530000	4.690000	-154.814896	25.409600	1.348899	271.803522	2093.476518
-78.530000	4.690000	-154.814896	25.659600	1.274041	271.878380	2093.806994
-78.530000	4.690000	-154.814896	25.909600	1.198871	271.953550	2094.137470
-78.530000	4.690000	-154.564896	15.159600	1.088897	269.016801	2080.638282
-78.530000	4.690000	-154.564896	15.409600	3.025469	269.083641	2080.863244
-78.530000	4.690000	-154.564896	15.659600	2.948803	269.150554	2081.088207
-78.530000	4.690000	-154.564896	15.909600	2.855511	269.217724	2081.313169
-78.530000	4.690000	-154.564896	16.159600	2.087538	269.284972	2081.538131
-78.530000	4.690000	-154.564896	16.409600	1.307381	269.352484	2081.614660
-78.530000	4.690000	-154.564896	16.659600	1.203656	269.420080	2081.684841
-78.530000	4.690000	-154.564896	16.909600	1.132446	269.487946	2081.755022
-78.530000	4.690000	-154.564896	17.159600	1.064490	269.555902	2081.825203
-78.530000	4.690000	-154.564896	17.409600	0.996257	269.624135	2081.895384
-78.530000	4.690000	-154.564896	17.659600	0.927929	269.692463	2081.965565
-78.530000	4.690000	-154.564896	17.909600	0.859317	269.761075	2082.035746
-78.530000	4.690000	-154.564896	18.159600	0.790604	269.829788	2082.105927
-78.530000	4.690000	-154.564896	18.409600	0.721600	269.898792	2082.176108
-78.530000	4.690000	-154.564896	18.659600	0.652488	269.967904	2082.246289
-78.530000	4.690000	-154.564896	18.909600	0.805370	270.037313	2082.316470
-78.530000	4.690000	-154.564896	19.159600	1.193541	270.106836	2082.436950
-78.530000	4.690000	-154.564896	19.409600	1.358521	270.176664	2082.610556
-78.530000	4.690000	-154.564896	19.659600	1.288572	270.246613	2082.784163
-78.530000	4.690000	-154.564896	19.909600	1.218312	270.316873	2082.957769
-78.530000	4.690000	-154.564896	20.159600	1.654474	270.387260	2083.131376
-78.530000	4.690000	-154.564896	20.409600	2.393097	270.457967	2083.419553
-78.530000	4.690000	-154.564896	20.659600	2.600280	270.528808	2083.770139
-78.530000	4.690000	-154.564896	20.909600	2.529113	270.599974	2084.120724
-78.530000	4.690000	-154.564896	21.159600	2.457805	270.671283	2084.471309
-78.530000	4.690000	-154.564896	21.409600	2.386163	270.742925	2084.821895
-78.530000	4.690000	-154.564896	21.659600	2.314372	270.814716	2085.172480
-78.530000	4.690000	-154.564896	21.909600	2.242240	270.886847	2085.523066
-78.530000	4.690000	-154.564896	22.159600	2.169952	270.959135	2085.873651
-78.530000	4.690000	-154.564896	22.409600	2.097315	271.031773	2086.224237
-78.530000	4.690000	-154.564896	22.659600	2.057144	271.104573	2086.574822
-78.530000	4.690000	-154.564896	22.909600	0.481320	271.177731	2086.923307
-78.530000	4.690000	-154.564896	23.159600	-1.173034	271.251061	2086.931458
-78.530000	4.690000	-154.564896	23.409600	-1.245628	271.324755	2086.939609
-78.530000	4.690000	-154.564896	23.659600	-1.319502	271.398629	2086.947760
-78.530000	4.690000	-154.564896	23.909600	-1.393749	271.472876	2086.955911
-78.530000	4.690000	-154.564896	24.159600	-1.468184	271.547311	2086.964061
-78.530000	4.690000	-154.564896	24.409600	-1.543001	271.622129	2086.972212
-78.530000	4.690000	-154.564896	24.659600	-1.618014	271.697141	2086.980363
-78.530000	4.690000	-154.564896	24.909600	-0.970322	271.772545	2086.988514
-78.530000	4.690000	-154.564896	25.159600	0.478585	271.848153	2087.145649
-78.530000	4.690000	-154.564896	25.409600	1.228260	271.924161	2087.476125
-78.530000	4.690000	-154.564896	25.659600	1.152039	272.000382	2087.806601
-78.530000	4.690000	-154.564896	25.909600	1.075409	272.077012	2088.137077
-78.530000	4.690000	-154.314896	15.159600	2.579837	269.083522	2074.529749
-78.530000	4.690000	-154.314896	15.409600	2.650936	269.151564	2074.754711
-78.530000	4.690000	-154.314896	15.659600	1.859883	269.219774	2074.922866
-78.530000	4.690000	-154.314896	15.909600	1.340048	269.288152	2074.993047
-78.530000	4.690000	-154.314896	16.159600	1.263992	269.356704	2075.063228
-78.530000	4.690000	-154.314896	16.409600	1.194962	269.425430	2075.133409
-78.530000	4.690000	-154.314896	16.659600	1.126057	269.494335	2075.203590
-78.530000	4.690000	-154.314896	16.909600	1.056970	269.563422	2075.273771
-78.530000	4.690000	-154.314896	17.159600	0.987699	269.632693	2075.343952
-78.530000	4.690000	-154.314896	17.409600	0.918239	269.702153	2075.414133
-78.530000	4.690000	-154.314896	17.659600	0.848589	269.771803	2075.484313
-78.530000	4.690000	-154.314896	17.909600	0.778744	269.841648	2075.554494
-78.530000	4.690000	-154.314896	18.159600	0.708701	269.911691	2075.624675
-78.530000	4.690000	-154.314896	18.409600	0.638457	269.981935	2075.694856
-78.530000	4.690000	-154.314896	18.659600	0.568009	270.052383	2075.765037
-78.530000	4.690000	-154.314896	18.909600	0.735148	270.123039	2075.835218
-78.530000	4.690000	-154.314896	19.159600	1.121979	270.193906	2075.959207
-78.530000	4.690000	-154.314896	19.409600	1.270196	270.264988	2076.132813
-78.530000	4.690000	-154.314896	19.659600	1.198897	270.336288	2076.306420
-78.530000	4.690000	-154.314896	19.909600	1.137338	270.407810	2076.480026
-78.530000	4.690000	-154.314896	20.159600	1.859446	270.479556	2076.655887
-78.530000	4.690000	-154.314896	20.409600	2.577556	270.551532	2077.006472
-78.530000	4.690000	-154.314896	20.659600	2.505349	270.623739	2077.357058
-78.530000	4.690000	-154.314896	20.909600	2.432905	270.696183	2077.707643
-78.530000	4.690000	-154.314896	21.159600	2.360222	270.768866	2078.058229
-78.530000	4.690000	-154.314896	21.409600	2.287294	270.841793	2078.408814
-78.530000	4.690000	-154.314896	21.659600	2.214121	270.914967	2078.759400
-78.530000	4.690000	-154.314896	21.909600	2.140695	270.988393	2079.109985
-78.530000	4.690000	-154.314896	22.159600	2.067016	271.062072	2079.460571
-78.530000	4.690000	-154.314896	22.409600	1.993077	271.136011	2079.811156
-78.530000	4.690000	-154.314896	22.659600	1.918876	271.210212	2080.161741
-78.530000	4.690000	-154.314896	22.909600	1.844918	271.284681	2080.512327
-78.530000	4.690000	-154.314896	23.159600	1.050057	271.359419	2080.862912
-78.530000	4.690000	-154.314896	23.409600	-0.571850	271.434434	2081.037530
-78.530000	4.690000	-154.314896	23.659600	-1.430599	271.509726	2081.045681
-78.530000	4.690000	-154.314896	23.909600	-1.506176	271.585303	2081.053832
-78.530000	4.690000	-154.314896	24.159600	-1.582038	271.661166	2081.061983
-78.530000	4.690000	-154.314896	24.409600	-1.658195	271.737322	2081.070134
-78.530000	4.690000	-154.314896	24.659600	-1.734645	271.813772	2081.078285
-78.530000	4.690000	-154.314896	24.909600	-1.565456	271.890525	2081.086436
-78.530000	4.690000	-154.314896	25.159600	-0.102197	271.967580	2081.145257
-78.530000	4.690000	-154.314896	25.409600	1.107474	272.044947	2081.475733
-78.530000	4.690000	-154.314896	25.659600	1.029796	272.122626	2081.806208
-78.530000	4.690000	-154.314896	25.909600	0.951796	272.200625	2082.136684
-78.530000	4.690000	-154.064896	15.159600	1.639450	269.150209	2068.301252
-78.530000	4.690000	-154.064896	15.409600	1.405567	269.219549	2068.371433
-78.530000	4.690000	-154.064896	15.659600	1.331425	269.288967	2068.441614
-78.530000	4.690000	-154.064896	15.909600	1.261743	269.358649	2068.511795
-78.530000	4.690000	-154.064896	16.159600	1.191979	269.428413	2068.581976
-78.530000	4.690000	-154.064896	16.409600	1.121943	269.498449	2068.652157
-78.530000	4.690000	-154.064896	16.659600	1.051818	269.568574	2068.722338
-78.530000	4.690000	-154.064896	16.909600	0.981416	269.638976	2068.792519
-78.530000	4.690000	-154.064896	17.159600	0.910919	269.709473	2068.862700
-78.530000	4.690000	-154.064896	17.409600	0.840137	269.780255	2068.932881
-78.530000	4.690000	-154.064896	17.659600	0.769254	269.851138	2069.003062
-78.530000	4.690000	-154.064896	17.909600	0.698080	269.922312	2069.073243
-78.530000	4.690000	-154.064896	18.159600	0.626798	269.993594	2069.143424
-78.530000	4.690000	-154.064896	18.409600	0.555218	270.065174	2069.213605
-78.530000	4.690000	-154.064896	18.659600	0.483524	270.136867	2069.283786
-78.530000	4.690000	-154.064896	18.909600	0.664826	270.208867	2069.353967
-78.530000	4.690000	-154.064896	19.159600	1.050407	270.280986	2069.481464
-78.530000	4.690000	-154.064896	19.409600	1.181766	270.353419	2069.655070
-78.530000	4.690000	-154.064896	19.659600	1.109206	270.425979	2069.828676
-78.530000	4.690000	-154.064896	19.909600	1.332012	270.498858	2070.002283
-78.530000	4.690000	-154.064896	20.159600	2.066804	270.571872	2070.242806
-78.530000	4.690000	-154.064896	20.409600	2.483875	270.645213	2070.593392
-78.530000	4.690000	-154.064896	20.659600	2.410392	270.718696	2070.943977
-78.530000	4.690000	-154.064896	20.909600	2.336575	270.792513	2071.294562
-78.530000	4.690000	-154.064896	21.159600	2.262608	270.866480	2071.645148
-78.530000	4.690000	-154.064896	21.409600	2.188300	270.940788	2071.995733
-78.530000	4.690000	-154.064896	21.659600	2.113834	271.015253	2072.346319
-78.530000	4.690000	-154.064896	21.909600	2.039019	271.090069	2072.696904
-78.530000	4.690000	-154.064896	22.159600	1.964040	271.165048	2073.047490
-78.530000	4.690000	-154.064896	22.409600	1.888702	271.240386	2073.398075
-78.530000	4.690000	-154.064896	22.659600	1.813192	271.315896	2073.748661
-78.530000	4.690000	-154.064896	22.909600	1.737316	271.391772	2074.099246
-78.530000	4.690000	-154.064896	23.159600	1.661260	271.467828	2074.449832
-78.530000	4.690000	-154.064896	23.409600	1.594852	271.544259	2074.800417
-78.530000	4.690000	-154.064896	23.659600	0.014239	271.620878	2075.143602
-78.530000	4.690000	-154.064896	23.909600	-1.619819	271.697880	2075.151753
-78.530000	4.690000	-154.064896	24.159600	-1.695952	271.775079	2075.159904
-78.530000	4.690000	-154.064896	24.409600	-1.773543	271.852670	2075.168055
-78.530000	4.690000	-154.064896	24.659600	-1.851339	271.930466	2075.176206
-78.530000	4.690000	-154.064896	24.909600	-1.929536	272.008664	2075.184357
-78.530000	4.690000	-154.064896	25.159600	-0.681003	272.087075	2075.192508
-78.530000	4.690000	-154.064896	25.409600	0.759695	272.165897	2075.475340
-78.530000	4.690000	-154.064896	25.659600	0.907480	272.244941	2075.805816
-78.530000	4.690000	-153.814896	15.409600	1.332797	269.287595	2061.890181
-78.530000	4.690000	-153.814896	15.659600	1.262076	269.358316	2061.960362
-78.530000	4.690000	-153.814896	15.909600	1.191181	269.429211	2062.030543
-78.530000	4.690000	-153.814896	16.159600	1.120107	269.500284	2062.100724
-78.530000	4.690000	-153.814896	16.409600	1.048853	269.571539	2062.170905
-78.530000	4.690000	-153.814896	16.659600	0.977413	269.642979	2062.241086
-78.530000	4.690000	-153.814896	16.909600	0.905785	269.714606	2062.311267
-78.530000	4.690000	-153.814896	17.159600	0.833966	269.786425	2062.381448
-78.530000	4.690000	-153.814896	17.409600	0.761953	269.858439	2062.451629
-78.530000	4.690000	-153.814896	17.659600	0.689742	269.930650	2062.521810
-78.530000	4.690000	-153.814896	17.909600	0.617330	270.003062	2062.591991
-78.530000	4.690000	-153.814896	18.159600	0.544714	270.075678	2062.662172
-78.530000	4.690000	-153.814896	18.409600	0.471889	270.148503	2062.732353
-78.530000	4.690000	-153.814896	18.659600	0.398853	270.221539	2062.802534
-78.530000	4.690000	-153.814896	18.909600	0.594407	270.294790	2062.872715
-78.530000	4.690000	-153.814896	19.159600	0.978643	270.368259	2063.003720
-78.530000	4.690000	-153.814896	19.409600	1.093235	270.441950	2063.177327
-78.530000	4.690000	-153.814896	19.659600	1.019319	270.515866	2063.350933
-78.530000	4.690000	-153.814896	19.909600	1.529637	270.590012	2063.524539
-78.530000	4.690000	-153.814896	20.159600	2.262459	270.664390	2063.829725
-78.530000	4.690000	-153.814896	20.409600	2.390083	270.739005	2064.180311
-78.530000	4.690000	-153.814896	20.659600	2.315229	270.813859	2064.530896
-78.530000	4.690000	-153.814896	20.909600	2.240129	270.888959	2064.881482
-78.530000	4.690000	-153.814896	21.159600	2.164784	270.964304	2065.232067
-78.530000	4.690000	-153.814896	21.409600	2.089185	271.039903	2065.582653
-78.530000	4.690000	-153.814896	21.659600	2.013332	271.115756	2065.933238
-78.530000	4.690000	-153.814896	21.909600	1.937218	271.191870	2066.283824
-78.530000	4.690000	-153.814896	22.159600	1.860843	271.268245	2066.634409
-78.530000	4.690000	-153.814896	22.409600	1.784198	271.344890	2066.984994
-78.530000	4.690000	-153.814896	22.659600	1.707284	271.421804	2067.335580
-78.530000	4.690000	-153.814896	22.909600	1.630092	271.498996	2067.686165
-78.530000	4.690000	-153.814896	23.159600	1.552623	271.576465	2068.036751
-78.530000	4.690000	-153.814896	23.409600	1.474867	271.654221	2068.387336
-78.530000	4.690000	-153.814896	23.659600	1.398628	271.732262	2068.737922
-78.530000	4.690000	-153.814896	23.909600	0.575606	271.810599	2069.088507
-78.530000	4.690000	-153.814896	24.159600	-1.051286	271.889230	2069.257826
-78.530000	4.690000	-153.814896	24.409600	-1.889037	271.968164	2069.265977
-78.530000	4.690000	-153.814896	24.659600	-1.968275	272.047402	2069.274128
-78.530000	4.690000	-153.814896	24.909600	-2.047825	272.126953	2069.282279
-78.530000	4.690000	-153.814896	25.159600	-1.271711	272.206815	2069.290429
-78.530000	4.690000	-153.814896	25.409600	0.170245	272.287000	2069.474947
-78.530000	4.690000	-153.814896	25.659600	0.784915	272.367506	2069.805423
-78.530000	4.690000	-153.564896	15.659600	1.192750	269.427642	2055.479110
-78.530000	4.690000	-153.564896	15.909600	1.120546	269.499846	2055.549291
-78.530000	4.690000	-153.564896	16.159600	1.048253	269.572138	2055.619472
-78.530000	4.690000	-153.564896	16.409600	0.975683	269.644709	2055.689653
-78.530000	4.690000	-153.564896	16.659600	0.903019	269.717373	2055.759834
-78.530000	4.690000	-153.564896	16.909600	0.830070	269.790322	2055.830015
-78.530000	4.690000	-153.564896	17.159600	0.757020	269.863372	2055.900196
-78.530000	4.690000	-153.564896	17.409600	0.683679	269.936713	2055.970377
-78.530000	4.690000	-153.564896	17.659600	0.610231	270.010161	2056.040558
-78.530000	4.690000	-153.564896	17.909600	0.536484	270.083908	2056.110739
-78.530000	4.690000	-153.564896	18.159600	0.462624	270.157768	2056.180920
-78.530000	4.690000	-153.564896	18.409600	0.388458	270.231934	2056.251101
-78.530000	4.690000	-153.564896	18.659600	0.314171	270.306221	2056.321282
-78.530000	4.690000	-153.564896	18.909600	0.523881	270.380820	2056.391463
-78.530000	4.690000	-153.564896	19.159600	0.906863	270.455547	2056.525977
-78.530000	4.690000	-153.564896	19.409600	1.004591	270.530594	2056.699583
-78.530000	4.690000	-153.564896	19.659600	1.014535	270.605775	2056.873190
-78.530000	4.690000	-153.564896	19.909600	1.736385	270.681284	2057.066059
-78.530000	4.690000	-153.564896	20.159600	2.372154	270.756934	2057.416644
-78.530000	4.690000	-153.564896	20.409600	2.296168	270.832920	2057.767230
-78.530000	4.690000	-153.564896	20.659600	2.220033	270.909055	2058.117815
-78.530000	4.690000	-153.564896	20.909600	2.143555	270.985532	2058.468401
-78.530000	4.690000	-153.564896	21.159600	2.066921	271.062166	2058.818986
-78.530000	4.690000	-153.564896	21.409600	1.989936	271.139152	2059.169572
-78.530000	4.690000	-153.564896	21.659600	1.912787	271.216301	2059.520157
-78.530000	4.690000	-153.564896	21.909600	1.835278	271.293809	2059.870743
-78.530000	4.690000	-153.564896	22.159600	1.757598	271.371490	2060.221328
-78.530000	4.690000	-153.564896	22.409600	1.679550	271.449538	2060.571914
-78.530000	4.690000	-153.564896	22.659600	1.601323	271.527765	2060.922499
-78.530000	4.690000	-153.564896	22.909600	1.522719	271.606369	2061.273085
-78.530000	4.690000	-153.564896	23.159600	1.443927	271.685161	2061.623670
-78.530000	4.690000	-153.564896	23.409600	1.364751	271.764337	2061.974256
-78.530000	4.690000	-153.564896	23.659600	1.285378	271.843710	2062.324841
-78.530000	4.690000	-153.564896	23.909600	1.205612	271.923476	2062.675427
-78.530000	4.690000	-153.564896	24.159600	1.113036	272.003447	2063.026012
-78.530000	4.690000	-153.564896	24.409600	-0.472661	272.083821	2063.363898
-78.530000	4.690000	-153.564896	24.659600	-2.086313	272.164409	2063.372049
-78.530000	4.690000	-153.564896	24.909600	-2.166282	272.245409	2063.380200
-78.530000	4.690000	-153.564896	25.159600	-1.868657	272.326631	2063.388351
-78.530000	4.690000	-153.564896	25.409600	-0.416346	272.408275	2063.474554
-78.530000	4.690000	-153.314896	16.159600	0.976232	269.644160	2049.138220
-78.530000	4.690000	-153.314896	16.409600	0.902438	269.717954	2049.208401
-78.530000	4.690000	-153.314896	16.659600	0.828452	269.791940	2049.278582
-78.530000	4.690000	-153.314896	16.909600	0.754273	269.866119	2049.348763
-78.530000	4.690000	-153.314896	17.159600	0.679896	269.940496	2049.418944
-78.530000	4.690000	-153.314896	17.409600	0.605318	270.015074	2049.489125
-78.530000	4.690000	-153.314896	17.659600	0.530536	270.089856	2049.559306
-78.530000	4.690000	-153.314896	17.909600	0.455546	270.164846	2049.629487
-78.530000	4.690000	-153.314896	18.159600	0.380345	270.240047	2049.699668
-78.530000	4.690000	-153.314896	18.409600	0.304929	270.315463	2049.769849
-78.530000	4.690000	-153.314896	18.659600	0.229295	270.391097	2049.840030
-78.530000	4.690000	-153.314896	18.909600	0.453253	270.466953	2049.910211
-78.530000	4.690000	-153.314896	19.159600	0.834883	270.543034	2050.048234
-78.530000	4.690000	-153.314896	19.409600	0.915840	270.619345	2050.221840
-78.530000	4.690000	-153.314896	19.659600	1.210121	270.695888	2050.395447
-78.530000	4.690000	-153.314896	19.909600	1.941821	270.772668	2050.652978
-78.530000	4.690000	-153.314896	20.159600	2.279400	270.849687	2051.003564
-78.530000	4.690000	-153.314896	20.409600	2.202136	270.926952	2051.354149
-78.530000	4.690000	-153.314896	20.659600	2.124624	271.004464	2051.704735
-78.530000	4.690000	-153.314896	20.909600	2.046859	271.082228	2052.055320
-78.530000	4.690000	-153.314896	21.159600	1.968841	271.160247	2052.405906
-78.530000	4.690000	-153.314896	21.409600	1.890561	271.238527	2052.756491
-78.530000	4.690000	-153.314896	21.659600	1.812019	271.317069	2053.107077
-78.530000	4.690000	-153.314896	21.909600	1.733207	271.395881	2053.457662
-78.530000	4.690000	-153.314896	22.159600	1.654126	271.474962	2053.808247
-78.530000	4.690000	-153.314896	22.409600	1.574766	271.554321	2054.158833
-78.530000	4.690000	-153.314896	22.659600	1.495129	271.633959	2054.509418
-78.530000	4.690000	-153.314896	22.909600	1.415205	271.713883	2054.860004
-78.530000	4.690000	-153.314896	23.159600	1.334995	271.794093	2055.210589
-78.530000	4.690000	-153.314896	23.409600	1.254490	271.874598	2055.561175
-78.530000	4.690000	-153.314896	23.659600	1.173690	271.955398	2055.911760
-78.530000	4.690000	-153.314896	23.909600	1.092585	272.036503	2056.262346
-78.530000	4.690000	-153.314896	24.159600	1.011177	272.117911	2056.612931
-78.530000	4.690000	-153.314896	24.409600	0.932550	272.199632	2056.963517
-78.530000	4.690000	-153.314896	24.659600	0.081247	272.281666	2057.314102
-78.530000	4.690000	-153.314896	24.909600	-1.550742	272.364023	2057.478121
-78.530000	4.690000	-153.314896	25.159600	-2.367574	272.446701	2057.486272
-78.530000	4.690000	-153.314896	25.409600	-0.994928	272.529712	2057.494423
-78.530000	4.690000	-153.064896	16.409600	0.829107	269.791285	2042.727150
-78.530000	4.690000	-153.064896	16.659600	0.753892	269.866500	2042.797331
-78.530000	4.690000	-153.064896	16.909600	0.678385	269.942007	2042.867512
-78.530000	4.690000	-153.064896	17.159600	0.602772	270.017620	2042.937693
-78.530000	4.690000	-153.064896	17.409600	0.526860	270.093532	2043.007874
-78.530000	4.690000	-153.064896	17.659600	0.450836	270.169556	2043.078055
-78.530000	4.690000	-153.064896	17.909600	0.374505	270.245886	2043.148235
-78.530000	4.690000	-153.064896	18.159600	0.298055	270.322336	2043.218416
-78.530000	4.690000	-153.064896	18.409600	0.221292	270.399100	2043.288597
-78.530000	4.690000	-153.064896	18.659600	0.144403	270.475989	2043.358778
-78.530000	4.690000	-153.064896	18.909600	0.382510	270.553200	2043.428959
-78.530000	4.690000	-153.064896	19.159600	0.762881	270.630544	2043.570491
-78.530000	4.690000	-153.064896	19.409600	0.826969	270.708216	2043.744097
-78.530000	4.690000	-153.064896	19.659600	1.411732	270.786029	2043.917703
-78.530000	4.690000	-153.064896	19.909600	2.138446	270.864177	2044.239897
-78.530000	4.690000	-153.064896	20.159600	2.186613	270.942475	2044.590483
-78.530000	4.690000	-153.064896	20.409600	2.107972	271.021115	2044.941068
-78.530000	4.690000	-153.064896	20.659600	2.029176	271.099912	2045.291654
-78.530000	4.690000	-153.064896	20.909600	1.950027	271.179060	2045.642239
-78.530000	4.690000	-153.064896	21.159600	1.870716	271.258372	2045.992825
-78.530000	4.690000	-153.064896	21.409600	1.791044	271.338044	2046.343410
-78.530000	4.690000	-153.064896	21.659600	1.711201	271.417887	2046.693996
-78.530000	4.690000	-153.064896	21.909600	1.630989	271.498099	2047.044581
-78.530000	4.690000	-153.064896	22.159600	1.550599	271.578489	2047.395167
-78.530000	4.690000	-153.064896	22.409600	1.469831	271.659257	2047.745752
-78.530000	4.690000	-153.064896	22.659600	1.388876	271.740212	2048.096338
-78.530000	4.690000	-153.064896	22.909600	1.307535	271.821553	2048.446923
-78.530000	4.690000	-153.064896	23.159600	1.225998	271.903090	2048.797509
-78.530000	4.690000	-153.064896	23.409600	1.144067	271.985021	2049.148094
-78.530000	4.690000	-153.064896	23.659600	1.061931	272.067157	2049.498679
-78.530000	4.690000	-153.064896	23.909600	0.979392	272.149696	2049.849265
-78.530000	4.690000	-153.064896	24.159600	0.896639	272.232449	2050.199850
-78.530000	4.690000	-153.064896	24.409600	0.813473	272.315615	2050.550436
-78.530000	4.690000	-153.064896	24.659600	0.730085	272.399003	2050.901021
-78.530000	4.690000	-153.064896	24.909600	0.611023	272.482813	2051.251607
-78.530000	4.690000	-153.064896	25.159600	-0.979672	272.566855	2051.584194
-78.530000	4.690000	-153.064896	25.409600	-1.596802	272.651330	2051.592345
-78.530000	4.690000	-152.814896	16.659600	0.679152	269.941240	2036.316079
-78.530000	4.690000	-152.814896	16.909600	0.602410	270.017982	2036.386260
-78.530000	4.690000	-152.814896	17.159600	0.525463	270.094929	2036.456441
-78.530000	4.690000	-152.814896	17.409600	0.448310	270.172082	2036.526622
-78.530000	4.690000	-152.814896	17.659600	0.370946	270.249446	2036.596803
-78.530000	4.690000	-152.814896	17.909600	0.293367	270.327025	2036.666984
-78.530000	4.690000	-152.814896	18.159600	0.215571	270.404821	2036.737165
-78.530000	4.690000	-152.814896	18.409600	0.137552	270.482840	2036.807346
-78.530000	4.690000	-152.814896	18.659600	0.059310	270.561082	2036.877527
-78.530000	4.690000	-152.814896	18.909600	0.311659	270.639555	2036.947708
-78.530000	4.690000	-152.814896	19.159600	0.690673	270.718259	2037.092747
-78.530000	4.690000	-152.814896	19.409600	0.898266	270.797200	2037.266354
-78.530000	4.690000	-152.814896	19.659600	1.620154	270.876380	2037.476231
-78.530000	4.690000	-152.814896	19.909600	2.173282	270.955806	2037.826817
-78.530000	4.690000	-152.814896	20.159600	2.093610	271.035477	2038.177402
-78.530000	4.690000	-152.814896	20.409600	2.013686	271.115402	2038.527988
-78.530000	4.690000	-152.814896	20.659600	1.933507	271.195581	2038.878573
-78.530000	4.690000	-152.814896	20.909600	1.853067	271.276021	2039.229159
-78.530000	4.690000	-152.814896	21.159600	1.772365	271.356723	2039.579744
-78.530000	4.690000	-152.814896	21.409600	1.691393	271.437695	2039.930330
-78.530000	4.690000	-152.814896	21.659600	1.610152	271.518936	2040.280915
-78.530000	4.690000	-152.814896	21.909600	1.528633	271.600455	2040.631500
-78.530000	4.690000	-152.814896	22.159600	1.446836	271.682252	2040.982086
-78.530000	4.690000	-152.814896	22.409600	1.364752	271.764336	2041.332671
-78.530000	4.690000	-152.814896	22.659600	1.282382	271.846706	2041.683257
-78.530000	4.690000	-152.814896	22.909600	1.199716	271.929372	2042.033842
-78.530000	4.690000	-152.814896	23.159600	1.116756	272.012332	2042.384428
-78.530000	4.690000	-152.814896	23.409600	1.033491	272.095597	2042.735013
-78.530000	4.690000	-152.814896	23.659600	0.949923	272.179165	2043.085599
-78.530000	4.690000	-152.814896	23.909600	0.866041	272.263047	2043.436184
-78.530000	4.690000	-152.814896	24.159600	0.781847	272.347241	2043.786770
-78.530000	4.690000	-152.814896	24.409600	0.697330	272.431758	2044.137355
-78.530000	4.690000	-152.814896	24.659600	0.612491	272.516597	2044.487941
-78.530000	4.690000	-152.564896	17.159600	0.448149	270.172243	2029.975189
-78.530000	4.690000	-152.564896	17.409600	0.369656	270.250736	2030.045370
-78.530000	4.690000	-152.564896	17.659600	0.291044	270.329348	2030.115551
-78.530000	4.690000	-152.564896	17.909600	0.212119	270.408273	2030.185732
-78.530000	4.690000	-152.564896	18.159600	0.133068	270.487324	2030.255913
-78.530000	4.690000	-152.564896	18.409600	0.053697	270.566695	2030.326094
-78.530000	4.690000	-152.564896	18.659600	-0.025807	270.646199	2030.396275
-78.530000	4.690000	-152.564896	18.909600	0.240686	270.726031	2030.466456
-78.530000	4.690000	-152.564896	19.159600	0.618436	270.806003	2030.615004
-78.530000	4.690000	-152.564896	19.409600	1.094831	270.886311	2030.788610
-78.530000	4.690000	-152.564896	19.659600	1.823525	270.966767	2031.063150
-78.530000	4.690000	-152.564896	19.909600	2.081521	271.047566	2031.413736
-78.530000	4.690000	-152.564896	20.159600	2.000567	271.128521	2031.764321
-78.530000	4.690000	-152.564896	20.409600	1.919260	271.209827	2032.114907
-78.530000	4.690000	-152.564896	20.659600	1.837791	271.291297	2032.465492
-78.530000	4.690000	-152.564896	20.909600	1.755962	271.373126	2032.816078
-78.530000	4.690000	-152.564896	21.159600	1.673962	271.455126	2033.166663
-78.530000	4.690000	-152.564896	21.409600	1.591593	271.537495	2033.517249
-78.530000	4.690000	-152.564896	21.659600	1.509046	271.620042	2033.867834
-78.530000	4.690000	-152.564896	21.909600	1.426122	271.702966	2034.218420
-78.530000	4.690000	-152.564896	22.159600	1.343010	271.786078	2034.569005
-78.530000	4.690000	-152.564896	22.409600	1.259513	271.869575	2034.919591
-78.530000	4.690000	-152.564896	22.659600	1.175820	271.953268	2035.270176
-78.530000	4.690000	-152.564896	22.909600	1.091733	272.037355	2035.620762
-78.530000	4.690000	-152.564896	23.159600	1.007441	272.121647	2035.971347
-78.530000	4.690000	-152.564896	23.409600	0.922746	272.206342	2036.321932
-78.530000	4.690000	-152.564896	23.659600	0.837838	272.291250	2036.672518
-78.530000	4.690000	-152.564896	23.909600	0.752516	272.376572	2037.023103
-78.530000	4.690000	-152.314896	17.409600	0.290904	270.329488	2023.564118
-78.530000	4.690000	-152.314896	17.659600	0.210946	270.409446	2023.634299
-78.530000	4.690000	-152.314896	17.909600	0.130767	270.489625	2023.704480
-78.530000	4.690000	-152.314896	18.159600	0.050364	270.570028	2023.774661
-78.530000	4.690000	-152.314896	18.409600	-0.030268	270.650659	2023.844842
-78.530000	4.690000	-152.314896	18.659600	-0.111130	270.731522	2023.915023
-78.530000	4.690000	-152.314896	18.909600	0.169599	270.812622	2023.985204
-78.530000	4.690000	-152.314896	19.159600	0.545986	270.893960	2024.137261
-78.530000	4.690000	-152.314896	19.409600	1.300527	270.975543	2024.310867
-78.530000	4.690000	-152.314896	19.659600	2.021017	271.057371	2024.650070
-78.530000	4.690000	-152.314896	19.909600	1.989635	271.139453	2025.000655
-78.530000	4.690000	-152.314896	20.159600	1.907300	271.221787	2025.351241
-78.530000	4.690000	-152.314896	20.409600	1.824705	271.304383	2025.701826
-78.530000	4.690000	-152.314896	20.659600	1.741848	271.387240	2026.052412
-78.530000	4.690000	-152.314896	20.909600	1.658721	271.470366	2026.402997
-78.530000	4.690000	-152.314896	21.159600	1.575326	271.553762	2026.753582
-78.530000	4.690000	-152.314896	21.409600	1.491653	271.637435	2027.104168
-78.530000	4.690000	-152.314896	21.659600	1.407702	271.721386	2027.454753
-78.530000	4.690000	-152.314896	21.909600	1.323465	271.805623	2027.805339
-78.530000	4.690000	-152.314896	22.159600	1.238942	271.890146	2028.155924
-78.530000	4.690000	-152.314896	22.409600	1.154123	271.974965	2028.506510
-78.530000	4.690000	-152.314896	22.659600	1.069011	272.060077	2028.857095
-78.530000	4.690000	-152.314896	22.909600	0.983594	272.145494	2029.207681
-78.530000	4.690000	-152.064896	17.909600	0.049300	270.571092	2017.223228
-78.530000	4.690000	-152.064896	18.159600	-0.032363	270.652755	2017.293409
-78.530000	4.690000	-152.064896	18.409600	-0.114354	270.734746	2017.363590
-78.530000	4.690000	-152.064896	18.659600	-0.196484	270.816876	2017.433771
-78.530000	4.690000	-152.064896	18.909600	0.098383	270.899341	2017.503952
-78.530000	4.690000	-152.064896	19.159600	0.708951	270.981953	2017.659518
-78.530000	4.690000	-152.064896	19.409600	1.510692	271.064908	2017.886403
-78.530000	4.690000	-152.064896	19.659600	1.981070	271.148017	2018.236989
-78.530000	4.690000	-152.064896	19.909600	1.897609	271.231479	2018.587574
-78.530000	4.690000	-152.064896	20.159600	1.813986	271.315102	2018.938160
-78.530000	4.690000	-152.064896	20.409600	1.730003	271.399085	2019.288745
-78.530000	4.690000	-152.064896	20.659600	1.645851	271.483237	2019.639331
-78.530000	4.690000	-152.064896	20.909600	1.561330	271.567758	2019.989916
-78.530000	4.690000	-152.064896	21.159600	1.476631	271.652457	2020.340502
-78.530000	4.690000	-152.064896	21.409600	1.391555	271.737533	2020.691087
-78.530000	4.690000	-152.064896	21.659600	1.306293	271.822795	2021.041673
-78.530000	4.690000	-152.064896	21.909600	1.220645	271.908443	2021.392258
-78.530000	4.690000	-152.064896	22.159600	1.134803	271.994285	2021.742844
-78.530000	4.690000	-151.814896	18.159600	-0.115299	270.735691	2010.812157
-78.530000	4.690000	-151.814896	18.409600	-0.198556	270.818948	2010.882338
-78.530000	4.690000	-151.814896	18.659600	-0.282051	270.902443	2010.952519
-78.530000	4.690000	-151.814896	18.909600	0.027047	270.986181	2011.022700
-78.530000	4.690000	-151.814896	19.159600	0.922779	271.070165	2011.181774
-78.530000	4.690000	-151.814896	19.409600	1.711684	271.154400	2011.473323
-78.530000	4.690000	-151.814896	19.659600	1.890199	271.238889	2011.823908
-78.530000	4.690000	-151.814896	19.909600	1.805451	271.323637	2012.174494
-78.530000	4.690000	-151.814896	20.159600	1.720442	271.408646	2012.525079
-78.530000	4.690000	-151.814896	20.409600	1.635164	271.493924	2012.875665
-78.530000	4.690000	-151.814896	20.659600	1.549618	271.579470	2013.226250
-78.530000	4.690000	-151.814896	20.909600	1.463795	271.665293	2013.576835
-78.530000	4.690000	-151.814896	21.159600	1.377695	271.751393	2013.927421
-78.530000	4.690000	-151.564896	18.409600	-0.282888	270.903279	2004.401087
-78.530000	4.690000	-151.564896	18.659600	-0.367654	270.988046	2004.471268
-78.530000	4.690000	-151.564896	18.909600	-0.019569	271.073157	2004.541449
-78.530000	4.690000	-151.564896	19.159600	1.147220	271.158419	2004.709656
-78.530000	4.690000	-151.564896	19.409600	1.885054	271.244034	2005.060242
-78.530000	4.690000	-151.564896	19.659600	1.799280	271.329808	2005.410827
-78.530000	4.690000	-151.564896	19.909600	1.713145	271.415943	2005.761413
-78.530000	4.690000	-151.564896	20.159600	1.626843	271.502245	2006.111998
-78.530000	4.690000	-151.314896	18.909600	0.194518	271.160260	1998.060197
-78.530000	4.690000	-151.314896	19.159600	1.373301	271.246901	1998.296576
-78.530000	4.690000	-151.314896	19.409600	1.795287	271.333801	1998.647161
-78.530000	4.690000	-151.064896	19.159600	1.588585	271.335431	1991.883495
