-155.772995	19.079000	1559.183000	-3.464439
-157.931000	21.646000	1474.171000	NaN
-155.996994	20.771000	1534.161000	-2.132571
-154.983002	19.601000	1572.196000	-1.918989
-156.658005	20.891001	1517.179000	-1.802412
-156.755997	21.136000	1511.195000	2.891374
-154.617798	20.088900	1574.207000	-1.616304
-155.679398	21.205500	1536.182000	-1.273540
-154.994400	21.507000	1548.253000	-1.572060
-154.482803	21.001900	1566.163000	-0.635028
-153.982697	21.519699	1570.236000	0.316761
-153.503204	19.495199	1608.203000	-3.481033
-154.393997	19.262501	1590.226000	-2.847708
-153.992294	18.797600	1605.159000	-6.353989
-153.295898	18.800900	1621.237000	-3.759627
-152.132401	18.481400	1651.229000	-3.778932
-153.290604	17.906200	1631.227000	-5.569198
-154.691299	17.180099	1603.161000	-10.165632
-154.495895	18.401699	1597.224000	-5.371088
-154.797394	18.803101	1586.148000	-5.142184
