-155.772995	19.079000	1406.088000	159.690000	-7.660000
-157.931000	21.646000	1388.077000	159.690000	-7.660000
-155.996994	20.771000	1424.069000	159.690000	-7.660000
-154.983002	19.601000	1432.082000	159.690000	-7.660000
-156.658005	20.891001	1410.085000	159.690000	-7.660000
-156.755997	21.136000	1411.101000	159.690000	-7.660000
-154.617798	20.088900	1447.108000	159.690000	-7.660000
-155.679398	21.205500	1438.074000	159.690000	-7.660000
-154.994400	21.507000	1457.169000	159.690000	-7.660000
-154.482803	21.001900	1462.070000	159.690000	-7.660000
-153.982697	21.519699	1480.148000	159.690000	-7.660000
-153.503204	19.495199	1463.099000	159.690000	-7.660000
-154.393997	19.262501	1441.082000	159.690000	-7.660000
-152.132401	18.481400	1481.138000	159.690000	-7.660000
-153.700806	17.297501	1432.079000	159.690000	-7.660000
-154.691299	17.180099	1407.064000	159.690000	-7.660000
-154.495895	18.401699	1426.129000	159.690000	-7.660000
-156.808197	18.404200	1372.104000	159.690000	-7.660000
-157.227295	18.984800	1371.076000	159.690000	-7.660000
