120.080000	-1.010000	-157.431000	20.680099	4.605160	86.383813	2305.936193	2.000000
120.080000	-1.010000	-157.431000	20.930099	4.632641	86.354694	2305.808484	2.000000
120.080000	-1.010000	-157.431000	21.180099	4.561530	86.325652	2305.680774	2.000000
120.080000	-1.010000	-157.431000	21.430099	4.473665	86.296675	2305.578592	1.000000
120.080000	-1.010000	-157.181000	19.680099	-0.183848	86.586772	2310.982135	4.000000
120.080000	-1.010000	-157.181000	19.930099	-1.097635	86.558449	2311.413074	3.000000
120.080000	-1.010000	-157.181000	20.180099	-2.371686	86.530116	2312.078073	2.000000
120.080000	-1.010000	-157.181000	20.430099	0.397504	86.501927	2312.866636	2.000000
120.080000	-1.010000	-157.181000	20.680099	4.055858	86.473730	2312.857580	2.000000
120.080000	-1.010000	-157.181000	20.930099	4.541657	86.445678	2312.729871	1.000000
120.080000	-1.010000	-157.181000	21.180099	3.389129	86.417619	2312.602161	2.000000
120.080000	-1.010000	-157.181000	21.430099	2.293837	86.389706	2312.779943	1.000000
120.080000	-1.010000	-156.931000	18.930099	1.387632	86.754921	2316.446701	3.000000
120.080000	-1.010000	-156.931000	19.180099	0.406383	86.727403	2316.840365	4.000000
120.080000	-1.010000	-156.931000	19.430099	0.743119	86.699943	2317.157961	4.000000
120.080000	-1.010000	-156.931000	19.680099	0.027081	86.672552	2317.472934	3.000000
120.080000	-1.010000	-156.931000	19.930099	-1.808321	86.645221	2317.972136	3.000000
120.080000	-1.010000	-156.931000	20.180099	-2.938178	86.617960	2318.760699	3.000000
120.080000	-1.010000	-156.931000	20.430099	-0.674489	86.590760	2319.549262	2.000000
120.080000	-1.010000	-156.931000	20.680099	3.041411	86.563632	2319.778967	2.000000
120.080000	-1.010000	-156.931000	20.930099	4.450771	86.536564	2319.651258	2.000000
120.080000	-1.010000	-156.931000	21.180099	2.239167	86.509570	2319.523548	1.000000
120.080000	-1.010000	-156.931000	21.430099	-0.437854	86.482638	2319.981294	1.000000
120.080000	-1.010000	-156.681000	18.680099	1.859548	86.863961	2322.978996	3.000000
120.080000	-1.010000	-156.681000	18.930099	0.911638	86.837455	2323.144279	4.000000
120.080000	-1.010000	-156.681000	19.180099	0.117671	86.810932	2323.537944	4.000000
120.080000	-1.010000	-156.681000	19.430099	0.278049	86.784550	2323.909621	4.000000
120.080000	-1.010000	-156.681000	19.680099	-0.294206	86.758152	2324.276206	3.000000
120.080000	-1.010000	-156.681000	19.930099	-1.285677	86.731894	2324.811359	3.000000
120.080000	-1.010000	-156.681000	20.180099	-2.336719	86.705623	2325.443324	4.000000
120.080000	-1.010000	-156.681000	20.430099	-1.716305	86.679493	2326.231888	3.000000
120.080000	-1.010000	-156.681000	20.680099	2.027352	86.653350	2326.700355	2.000000
120.080000	-1.010000	-156.681000	20.930099	3.406677	86.627349	2326.572645	2.000000
120.080000	-1.010000	-156.681000	21.180099	8.837537	86.601337	2326.691553	2.000000
120.080000	-1.010000	-156.431000	18.680099	-0.045702	86.945409	2329.435364	3.000000
120.080000	-1.010000	-156.431000	18.930099	-0.366417	86.919900	2329.898018	3.000000
120.080000	-1.010000	-156.431000	19.180099	-0.140758	86.894457	2330.312100	3.000000
120.080000	-1.010000	-156.431000	19.430099	-0.374430	86.869068	2330.726182	3.000000
120.080000	-1.010000	-156.431000	19.680099	-0.778295	86.843745	2331.213132	3.000000
120.080000	-1.010000	-156.431000	19.930099	-0.945436	86.818478	2331.748285	2.000000
120.080000	-1.010000	-156.431000	20.180099	-1.328204	86.793278	2332.283439	2.000000
120.080000	-1.010000	-156.431000	20.430099	-2.066339	86.768135	2332.914513	2.000000
120.080000	-1.010000	-156.431000	20.680099	0.988215	86.743060	2333.621742	2.000000
120.080000	-1.010000	-156.431000	20.930099	2.247803	86.718042	2333.494032	2.000000
120.080000	-1.010000	-156.181000	18.430099	-1.005064	87.051250	2335.457139	3.000000
120.080000	-1.010000	-156.181000	18.680099	-2.866750	87.026685	2336.110828	3.000000
120.080000	-1.010000	-156.181000	18.930099	-1.742038	87.002256	2336.914436	3.000000
120.080000	-1.010000	-156.181000	19.180099	-0.314893	86.977807	2337.328518	3.000000
120.080000	-1.010000	-156.181000	19.430099	-0.549363	86.953495	2337.781053	3.000000
120.080000	-1.010000	-156.181000	19.680099	-0.653519	86.929163	2338.268849	3.000000
120.080000	-1.010000	-156.181000	19.930099	-0.635978	86.904969	2338.756646	3.000000
120.080000	-1.010000	-156.181000	20.180099	-0.707318	86.880757	2339.244443	2.000000
120.080000	-1.010000	-156.181000	20.430099	-1.277732	86.856683	2339.755518	2.000000
120.080000	-1.010000	-156.181000	20.680099	-0.182685	86.832593	2340.385702	1.000000
120.080000	-1.010000	-156.181000	20.930099	0.543555	86.808641	2340.603162	2.000000
120.080000	-1.010000	-155.931000	18.180099	-0.890397	87.154991	2341.478913	2.000000
120.080000	-1.010000	-155.931000	18.430099	-2.990150	87.131446	2342.075194	3.000000
120.080000	-1.010000	-155.931000	18.680099	-3.897582	87.107962	2342.932545	3.000000
120.080000	-1.010000	-155.931000	18.930099	-2.683374	87.084529	2343.789896	3.000000
120.080000	-1.010000	-155.931000	19.180099	-1.141513	87.061158	2344.349546	3.000000
120.080000	-1.010000	-155.931000	19.430099	-0.841670	87.037838	2344.837343	3.000000
120.080000	-1.010000	-155.931000	19.680099	-0.830601	87.014581	2345.325140	3.000000
120.080000	-1.010000	-155.931000	19.930099	-0.819628	86.991376	2345.812936	3.000000
120.080000	-1.010000	-155.931000	20.180099	-0.646213	86.968234	2346.300733	2.000000
120.080000	-1.010000	-155.931000	20.430099	-0.381999	86.945146	2346.747122	2.000000
120.080000	-1.010000	-155.931000	20.680099	-1.129669	86.922122	2347.169230	2.000000
120.080000	-1.010000	-155.931000	20.930099	-1.182494	86.899153	2347.804513	2.000000
120.080000	-1.010000	-155.681000	18.180099	-2.894969	87.234022	2348.039561	1.000000
120.080000	-1.010000	-155.681000	18.430099	-4.011037	87.211560	2348.896912	1.000000
120.080000	-1.010000	-155.681000	18.680099	-4.077656	87.189073	2349.754263	1.000000
120.080000	-1.010000	-155.681000	18.930099	-3.154952	87.166719	2350.587349	2.000000
120.080000	-1.010000	-155.681000	19.180099	-1.270738	87.144341	2351.196686	2.000000
120.080000	-1.010000	-155.681000	19.430099	-0.537082	87.122096	2351.618794	2.000000
120.080000	-1.010000	-155.681000	19.680099	-0.526370	87.099830	2352.040902	1.000000
120.080000	-1.010000	-155.681000	19.930099	-0.515841	87.077696	2352.463010	2.000000
120.080000	-1.010000	-155.681000	20.180099	-0.505341	87.055542	2352.885118	1.000000
120.080000	-1.010000	-155.681000	20.430099	-0.905055	87.033522	2353.307226	2.000000
120.080000	-1.010000	-155.681000	20.680099	-2.358498	87.011482	2353.832614	2.000000
120.080000	-1.010000	-155.681000	20.930099	-3.392541	86.989577	2354.649655	2.000000
120.080000	-1.010000	-155.431000	17.930099	-2.795149	87.334573	2354.003928	0.000000
120.080000	-1.010000	-155.431000	18.180099	-4.258601	87.313062	2354.861279	1.000000
120.080000	-1.010000	-155.431000	18.430099	-2.867436	87.291598	2355.718630	1.000000
120.080000	-1.010000	-155.431000	18.680099	-1.976477	87.270190	2356.187846	1.000000
120.080000	-1.010000	-155.431000	18.930099	-4.292845	87.248831	2356.797082	2.000000
120.080000	-1.010000	-155.431000	19.180099	-2.822511	87.227530	2357.852955	2.000000
120.080000	-1.010000	-155.431000	19.430099	-0.265178	87.206277	2358.178899	2.000000
120.080000	-1.010000	-155.431000	19.680099	-0.652178	87.185083	2358.601007	2.000000
120.080000	-1.010000	-155.431000	19.930099	-0.625603	87.163939	2359.023115	3.000000
120.080000	-1.010000	-155.431000	20.180099	-0.599021	87.142853	2359.445223	2.000000
120.080000	-1.010000	-155.431000	20.430099	-1.753425	87.121819	2359.867331	2.000000
120.080000	-1.010000	-155.431000	20.680099	-3.178928	87.100844	2360.588038	2.000000
120.080000	-1.010000	-155.431000	20.930099	1.126150	87.079921	2361.405079	2.000000
120.080000	-1.010000	-155.181000	17.930099	-3.442360	87.412453	2360.825645	1.000000
120.080000	-1.010000	-155.181000	18.180099	-1.567707	87.391941	2361.412629	0.000000
120.080000	-1.010000	-155.181000	18.430099	-0.758407	87.371558	2361.788342	1.000000
120.080000	-1.010000	-155.181000	18.680099	-4.080123	87.351147	2362.164055	2.000000
120.080000	-1.010000	-155.181000	18.930099	-7.001179	87.330866	2363.334160	2.000000
120.080000	-1.010000	-155.181000	19.180099	-3.337876	87.310557	2364.519271	2.000000
120.080000	-1.010000	-155.181000	19.430099	0.105304	87.290379	2364.819887	3.000000
120.080000	-1.010000	-155.181000	19.680099	-0.390219	87.270174	2365.161111	3.000000
120.080000	-1.010000	-155.181000	19.930099	-0.711765	87.250101	2365.583219	2.000000
120.080000	-1.010000	-155.181000	20.180099	-1.090250	87.230002	2366.005327	2.000000
120.080000	-1.010000	-155.181000	20.430099	-2.564257	87.210034	2366.526421	2.000000
120.080000	-1.010000	-155.181000	20.680099	-0.960199	87.190043	2367.343462	2.000000
120.080000	-1.010000	-155.181000	20.930099	14.584411	87.170183	2367.423442	3.000000
120.080000	-1.010000	-154.931000	17.680099	-2.163819	87.509747	2366.637412	2.000000
120.080000	-1.010000	-154.931000	17.930099	-0.854002	87.490264	2367.013125	2.000000
120.080000	-1.010000	-154.931000	18.180099	-0.889035	87.470834	2367.388838	1.000000
120.080000	-1.010000	-154.931000	18.430099	-2.884029	87.451449	2367.764551	2.000000
120.080000	-1.010000	-154.931000	18.680099	-6.178071	87.432116	2368.599404	2.000000
120.080000	-1.010000	-154.931000	18.930099	-7.840543	87.412829	2369.871238	2.000000
120.080000	-1.010000	-154.931000	19.180099	-4.004566	87.393596	2371.143072	2.000000
120.080000	-1.010000	-154.931000	19.430099	0.018505	87.374408	2371.486203	3.000000
120.080000	-1.010000	-154.931000	19.680099	-0.020442	87.355276	2371.786818	3.000000
120.080000	-1.010000	-154.931000	19.930099	-0.517259	87.336190	2372.143324	2.000000
120.080000	-1.010000	-154.931000	20.180099	-1.824234	87.317159	2372.565432	1.000000
120.080000	-1.010000	-154.931000	20.430099	-0.500289	87.298176	2373.246978	1.000000
120.080000	-1.010000	-154.931000	20.680099	2.035028	87.279249	2373.323458	2.000000
120.080000	-1.010000	-154.681000	17.680099	-1.014247	87.586404	2372.613621	2.000000
120.080000	-1.010000	-154.681000	17.930099	-0.991059	87.568005	2372.989334	2.000000
120.080000	-1.010000	-154.681000	18.180099	-1.529649	87.549573	2373.365047	1.000000
120.080000	-1.010000	-154.681000	18.430099	-5.106403	87.531267	2373.864647	2.000000
120.080000	-1.010000	-154.681000	18.680099	-7.955808	87.512930	2375.136481	2.000000
120.080000	-1.010000	-154.681000	18.930099	-7.922433	87.494720	2376.408315	1.000000
120.080000	-1.010000	-154.681000	19.180099	-4.658076	87.476479	2377.680150	1.000000
120.080000	-1.010000	-154.681000	19.430099	-0.589996	87.458365	2378.152519	2.000000
120.080000	-1.010000	-154.681000	19.680099	0.113529	87.440221	2378.453134	2.000000
120.080000	-1.010000	-154.681000	19.930099	-0.267833	87.422205	2378.753750	2.000000
120.080000	-1.010000	-154.681000	20.180099	0.589350	87.404160	2379.146994	1.000000
120.080000	-1.010000	-154.681000	20.430099	1.926710	87.386243	2379.223473	1.000000
120.080000	-1.010000	-154.681000	20.680099	1.945778	87.368299	2379.299953	1.000000
120.080000	-1.010000	-154.431000	17.680099	-0.738282	87.663081	2378.589830	3.000000
120.080000	-1.010000	-154.431000	17.930099	-1.068736	87.645682	2378.965543	3.000000
120.080000	-1.010000	-154.431000	18.180099	-3.957518	87.628331	2379.341256	1.000000
120.080000	-1.010000	-154.431000	18.430099	-7.216780	87.611022	2380.401725	2.000000
120.080000	-1.010000	-154.431000	18.680099	-8.162815	87.593762	2381.673559	2.000000
120.080000	-1.010000	-154.431000	18.930099	-8.328005	87.576545	2382.945393	1.000000
120.080000	-1.010000	-154.431000	19.180099	-5.610416	87.559379	2384.217227	2.000000
120.080000	-1.010000	-154.431000	19.430099	-0.935581	87.542255	2384.809877	3.000000
120.080000	-1.010000	-154.431000	19.680099	0.578510	87.525182	2385.038158	2.000000
120.080000	-1.010000	-154.431000	19.930099	2.020586	87.508153	2385.266440	2.000000
120.080000	-1.010000	-154.431000	20.180099	2.802762	87.491176	2385.149959	2.000000
120.080000	-1.010000	-154.431000	20.430099	1.957600	87.474243	2385.199968	1.000000
120.080000	-1.010000	-154.431000	20.680099	1.856714	87.457363	2385.276448	1.000000
120.080000	-1.010000	-154.181000	17.680099	0.644268	87.739610	2384.693631	3.000000
120.080000	-1.010000	-154.181000	17.930099	-2.033777	87.723293	2384.941752	3.000000
120.080000	-1.010000	-154.181000	18.180099	-6.449938	87.706940	2385.666969	1.000000
120.080000	-1.010000	-154.181000	18.430099	-8.105397	87.690710	2386.938803	3.000000
120.080000	-1.010000	-154.181000	18.680099	-7.218950	87.674445	2388.051024	3.000000
120.080000	-1.010000	-154.181000	18.930099	-7.103469	87.658304	2389.079816	3.000000
120.080000	-1.010000	-154.181000	19.180099	-7.227207	87.642129	2390.129748	3.000000
120.080000	-1.010000	-154.181000	19.430099	-3.129661	87.626078	2391.209096	3.000000
120.080000	-1.010000	-154.181000	19.680099	1.028623	87.609994	2391.437377	3.000000
120.080000	-1.010000	-154.181000	19.930099	2.964990	87.594034	2391.532120	3.000000
120.080000	-1.010000	-154.181000	20.180099	3.974458	87.578042	2391.308431	2.000000
120.080000	-1.010000	-154.181000	20.430099	2.685203	87.562174	2391.176463	2.000000
120.080000	-1.010000	-154.181000	20.680099	1.767801	87.546275	2391.252943	2.000000
120.080000	-1.010000	-153.931000	17.680099	0.560633	87.816165	2390.983974	4.000000
120.080000	-1.010000	-153.931000	17.930099	-0.684734	87.800846	2391.251754	2.000000
120.080000	-1.010000	-153.931000	18.180099	-4.117155	87.785573	2391.678621	3.000000
120.080000	-1.010000	-153.931000	18.430099	-7.442235	87.770339	2392.707413	4.000000
120.080000	-1.010000	-153.931000	18.680099	-7.482675	87.755151	2393.736205	4.000000
120.080000	-1.010000	-153.931000	18.930099	-8.985910	87.740003	2394.764997	4.000000
120.080000	-1.010000	-153.931000	19.180099	-10.346260	87.724902	2396.126336	3.000000
120.080000	-1.010000	-153.931000	19.430099	-4.956827	87.709840	2397.608315	4.000000
120.080000	-1.010000	-153.931000	19.680099	1.953881	87.694826	2397.836596	3.000000
120.080000	-1.010000	-153.931000	19.930099	3.936460	87.679853	2397.690592	3.000000
120.080000	-1.010000	-153.931000	20.180099	4.287676	87.664928	2397.466902	3.000000
120.080000	-1.010000	-153.931000	20.430099	3.392758	87.650043	2397.243212	2.000000
120.080000	-1.010000	-153.931000	20.680099	2.083589	87.635208	2397.229438	2.000000
120.080000	-1.010000	-153.681000	17.680099	-0.852293	87.892576	2397.694648	3.000000
120.080000	-1.010000	-153.681000	17.930099	0.374365	87.878340	2398.061329	4.000000
120.080000	-1.010000	-153.681000	18.180099	0.772789	87.864064	2398.130972	3.000000
120.080000	-1.010000	-153.681000	18.430099	-3.560681	87.849908	2398.392594	3.000000
120.080000	-1.010000	-153.681000	18.680099	-7.563238	87.835714	2399.421386	4.000000
120.080000	-1.010000	-153.681000	18.930099	-10.260868	87.821641	2400.450178	4.000000
120.080000	-1.010000	-153.681000	19.180099	-12.975431	87.807531	2402.122924	3.000000
120.080000	-1.010000	-153.681000	19.430099	-6.100247	87.793541	2403.892520	3.000000
120.080000	-1.010000	-153.681000	19.680099	2.410808	87.779515	2404.072753	3.000000
120.080000	-1.010000	-153.681000	19.930099	4.191886	87.765610	2403.849063	3.000000
120.080000	-1.010000	-153.681000	20.180099	4.200935	87.751669	2403.625373	3.000000
120.080000	-1.010000	-153.681000	20.430099	4.089947	87.737850	2403.401683	3.000000
120.080000	-1.010000	-153.681000	20.680099	2.804064	87.723996	2403.205933	1.000000
120.080000	-1.010000	-153.431000	17.930099	0.411733	87.955780	2404.860208	4.000000
120.080000	-1.010000	-153.431000	18.180099	1.700704	87.942583	2404.904760	3.000000
120.080000	-1.010000	-153.431000	18.430099	1.250838	87.929423	2404.949311	3.000000
120.080000	-1.010000	-153.431000	18.680099	-4.025111	87.916306	2405.106566	4.000000
120.080000	-1.010000	-153.431000	18.930099	-10.448539	87.903225	2406.349916	2.000000
120.080000	-1.010000	-153.431000	19.180099	-13.138833	87.890187	2408.119512	2.000000
120.080000	-1.010000	-153.431000	19.430099	-6.855842	87.877187	2410.202390	3.000000
120.080000	-1.010000	-153.431000	19.680099	3.077121	87.864231	2410.154842	2.000000
120.080000	-1.010000	-153.431000	19.930099	3.831114	87.851312	2409.996313	2.000000
120.080000	-1.010000	-153.431000	20.180099	4.125354	87.838437	2409.783845	2.000000
120.080000	-1.010000	-153.431000	20.430099	4.174519	87.825600	2409.560155	2.000000
120.080000	-1.010000	-153.181000	18.180099	1.423039	88.020966	2411.728320	2.000000
120.080000	-1.010000	-153.181000	18.430099	1.632594	88.008884	2411.773534	3.000000
120.080000	-1.010000	-153.181000	18.680099	-3.900062	87.996760	2411.818747	2.000000
120.080000	-1.010000	-153.181000	18.930099	-11.484091	87.984754	2413.257710	2.000000
120.080000	-1.010000	-153.181000	19.180099	-8.750954	87.972707	2415.470491	2.000000
120.080000	-1.010000	-153.181000	19.430099	0.117455	87.960777	2416.040513	2.000000
120.080000	-1.010000	-153.181000	19.680099	3.544177	87.948808	2415.881984	1.000000
120.080000	-1.010000	-153.181000	19.930099	3.553685	87.936957	2415.723455	2.000000
120.080000	-1.010000	-152.931000	18.180099	0.545518	88.099384	2418.613981	3.000000
120.080000	-1.010000	-152.931000	18.430099	1.554781	88.088296	2418.659194	3.000000
120.080000	-1.010000	-152.931000	18.680099	-5.981676	88.077248	2418.704408	3.000000
120.080000	-1.010000	-152.931000	18.930099	-9.892663	88.066233	2420.738592	3.000000
120.080000	-1.010000	-152.931000	19.180099	-2.616628	88.055259	2421.926184	2.000000
120.080000	-1.010000	-152.931000	19.430099	3.450982	88.044318	2421.767655	2.000000
120.080000	-1.010000	-152.681000	18.430099	-0.352969	88.167659	2425.544855	3.000000
120.080000	-1.010000	-152.681000	18.680099	-6.423246	88.157604	2426.006692	3.000000
120.080000	-1.010000	-152.681000	18.930099	-5.085408	88.147664	2427.811855	3.000000
