94.470000	2.470000	-157.431000	20.654200	-0.832005	98.964346	2958.765498	2.000000
94.470000	2.470000	-157.431000	20.904200	0.158970	99.034937	2957.530436	3.000000
94.470000	2.470000	-157.431000	21.154200	0.073417	99.105343	2956.295374	3.000000
94.470000	2.470000	-157.431000	21.404200	0.127695	99.175539	2955.060313	2.000000
94.470000	2.470000	-157.181000	19.904200	-1.995055	98.846908	2967.388474	3.000000
94.470000	2.470000	-157.181000	20.154200	-3.844419	98.919202	2966.704350	2.000000
94.470000	2.470000	-157.181000	20.404200	-4.540588	98.991204	2966.164712	2.000000
94.470000	2.470000	-157.181000	20.654200	-3.041244	99.063105	2965.625073	2.000000
94.470000	2.470000	-157.181000	20.904200	-0.809594	99.134712	2964.658817	2.000000
94.470000	2.470000	-157.181000	21.154200	0.766828	99.206215	2963.423755	3.000000
94.470000	2.470000	-157.181000	21.404200	1.849504	99.277421	2961.970738	2.000000
94.470000	2.470000	-156.931000	19.154200	-3.279435	98.721670	2976.275397	3.000000
94.470000	2.470000	-156.931000	19.404200	-1.154984	98.795564	2975.431589	3.000000
94.470000	2.470000	-156.931000	19.654200	-1.598837	98.869276	2974.511137	3.000000
94.470000	2.470000	-156.931000	19.904200	-3.473772	98.942781	2973.742130	3.000000
94.470000	2.470000	-156.931000	20.154200	-4.558332	99.016100	2973.202491	3.000000
94.470000	2.470000	-156.931000	20.404200	-4.638593	99.089209	2972.662853	2.000000
94.470000	2.470000	-156.931000	20.654200	-4.721241	99.162130	2972.123214	2.000000
94.470000	2.470000	-156.931000	20.904200	-3.033197	99.234837	2971.583576	3.000000
94.470000	2.470000	-156.931000	21.154200	1.045941	99.307354	2970.552136	1.000000
94.470000	2.470000	-156.931000	21.404200	3.914520	99.379655	2968.816662	2.000000
94.470000	2.470000	-156.681000	18.904200	-2.977869	98.739340	2982.453637	4.000000
94.470000	2.470000	-156.681000	19.154200	-5.092560	98.814563	2982.092924	3.000000
94.470000	2.470000	-156.681000	19.404200	-3.214274	98.889493	2981.633801	3.000000
94.470000	2.470000	-156.681000	19.654200	-3.190847	98.964323	2980.779910	2.000000
94.470000	2.470000	-156.681000	19.904200	-4.672061	99.038857	2980.240271	2.000000
94.470000	2.470000	-156.681000	20.154200	-4.778198	99.113288	2979.700633	3.000000
94.470000	2.470000	-156.681000	20.404200	-4.912825	99.187421	2979.160994	4.000000
94.470000	2.470000	-156.681000	20.654200	-5.318842	99.261448	2978.628672	3.000000
94.470000	2.470000	-156.681000	20.904200	-5.089698	99.335173	2978.165327	3.000000
94.470000	2.470000	-156.681000	21.154200	0.226724	99.408790	2977.548407	3.000000
94.470000	2.470000	-156.681000	21.404200	5.309064	99.482103	2975.647381	2.000000
94.470000	2.470000	-156.431000	18.904200	1.409311	98.831458	2988.467046	3.000000
94.470000	2.470000	-156.431000	19.154200	-6.532763	98.907721	2988.180333	3.000000
94.470000	2.470000	-156.431000	19.404200	-6.157767	98.983773	2987.893620	3.000000
94.470000	2.470000	-156.431000	19.654200	-5.645778	99.059637	2987.490673	2.000000
94.470000	2.470000	-156.431000	19.904200	-5.520524	99.135287	2987.031365	2.000000
94.470000	2.470000	-156.431000	20.154200	-5.617389	99.210747	2986.568020	2.000000
94.470000	2.470000	-156.431000	20.404200	-5.724890	99.285990	2986.104675	3.000000
94.470000	2.470000	-156.431000	20.654200	-5.823179	99.361039	2985.641331	2.000000
94.470000	2.470000	-156.431000	20.904200	-4.618915	99.435868	2985.177986	3.000000
94.470000	2.470000	-156.431000	21.154200	1.929258	99.510501	2984.383783	3.000000
94.470000	2.470000	-156.431000	21.404200	7.428952	99.584911	2982.222712	2.000000
94.470000	2.470000	-156.181000	18.904200	-1.328036	98.923781	2995.440178	3.000000
94.470000	2.470000	-156.181000	19.154200	-6.562259	99.001171	2995.153465	3.000000
94.470000	2.470000	-156.181000	19.404200	-6.103661	99.078261	2994.811356	3.000000
94.470000	2.470000	-156.181000	19.654200	-5.881176	99.155247	2994.392130	2.000000
94.470000	2.470000	-156.181000	19.904200	-5.972426	99.231930	2993.972903	3.000000
94.470000	2.470000	-156.181000	20.154200	-5.998407	99.308504	2993.553677	2.000000
94.470000	2.470000	-156.181000	20.404200	-5.916222	99.384774	2993.117334	3.000000
94.470000	2.470000	-156.181000	20.654200	-5.571214	99.460931	2992.653989	2.000000
94.470000	2.470000	-156.181000	20.904200	-3.758048	99.536782	2992.105863	3.000000
94.470000	2.470000	-156.181000	21.154200	3.195609	99.612517	2991.168480	3.000000
94.470000	2.470000	-156.181000	21.404200	8.865889	99.687942	2988.798043	2.000000
94.470000	2.470000	-155.931000	18.904200	-2.996998	99.016460	3003.001286	3.000000
94.470000	2.470000	-155.931000	19.154200	-4.042993	99.094893	3002.126598	4.000000
94.470000	2.470000	-155.931000	19.404200	-5.879994	99.173109	3001.712812	4.000000
94.470000	2.470000	-155.931000	19.654200	-5.932879	99.251132	3001.293586	2.000000
94.470000	2.470000	-155.931000	19.904200	-6.007049	99.328934	3000.874360	3.000000
94.470000	2.470000	-155.931000	20.154200	-6.005496	99.406540	3000.455134	2.000000
94.470000	2.470000	-155.931000	20.404200	-5.940154	99.483922	3000.016810	2.000000
94.470000	2.470000	-155.931000	20.654200	-5.110939	99.561106	2999.561329	2.000000
94.470000	2.470000	-155.931000	20.904200	-3.213643	99.638062	2998.890560	3.000000
94.470000	2.470000	-155.931000	21.154200	3.910874	99.714817	2997.953177	2.000000
94.470000	2.470000	-155.931000	21.404200	10.275171	99.791342	2995.373373	3.000000
94.470000	2.470000	-155.681000	18.904200	-3.855982	99.109352	3009.491937	3.000000
94.470000	2.470000	-155.681000	19.154200	-5.038005	99.188916	3008.921817	3.000000
94.470000	2.470000	-155.681000	19.404200	-5.594192	99.268174	3008.466337	3.000000
94.470000	2.470000	-155.681000	19.654200	-5.669067	99.347321	3008.010856	2.000000
94.470000	2.470000	-155.681000	19.904200	-5.743679	99.426159	3007.555375	3.000000
94.470000	2.470000	-155.681000	20.154200	-5.820744	99.504883	3007.099895	2.000000
94.470000	2.470000	-155.681000	20.404200	-5.942513	99.583295	3006.644414	2.000000
94.470000	2.470000	-155.681000	20.654200	-4.797935	99.661590	3006.195135	2.000000
94.470000	2.470000	-155.681000	20.904200	-3.647503	99.739571	3005.447836	2.000000
94.470000	2.470000	-155.681000	21.154200	4.163189	99.817430	3004.700536	2.000000
94.470000	2.470000	-155.681000	21.404200	11.393084	99.894973	3001.948704	3.000000
94.470000	2.470000	-155.431000	18.904200	-4.212486	99.202609	3015.982587	3.000000
94.470000	2.470000	-155.431000	19.154200	-5.617096	99.283219	3015.476017	2.000000
94.470000	2.470000	-155.431000	19.404200	-5.944667	99.363606	3015.093941	2.000000
94.470000	2.470000	-155.431000	19.654200	-5.740726	99.443794	3014.638460	3.000000
94.470000	2.470000	-155.431000	19.904200	-5.868485	99.523755	3014.182979	3.000000
94.470000	2.470000	-155.431000	20.154200	-6.223257	99.603513	3013.736603	2.000000
94.470000	2.470000	-155.431000	20.404200	-5.598955	99.683041	3013.343865	2.000000
94.470000	2.470000	-155.431000	20.654200	-4.146083	99.762364	3012.719782	3.000000
94.470000	2.470000	-155.431000	20.904200	-2.976556	99.841455	3011.972483	3.000000
94.470000	2.470000	-155.431000	21.154200	4.496839	99.920336	3011.060583	4.000000
94.470000	2.470000	-155.431000	21.404200	9.880561	99.998982	3008.524035	3.000000
94.470000	2.470000	-155.181000	18.904200	-4.540322	99.296087	3022.473238	2.000000
94.470000	2.470000	-155.181000	19.154200	-6.141508	99.377832	3022.023201	2.000000
94.470000	2.470000	-155.181000	19.404200	-6.349055	99.459264	3021.689429	2.000000
94.470000	2.470000	-155.181000	19.654200	-6.049651	99.540579	3021.266064	3.000000
94.470000	2.470000	-155.181000	19.904200	-6.277229	99.621579	3020.829341	3.000000
94.470000	2.470000	-155.181000	20.154200	-6.344143	99.702459	3020.436603	2.000000
94.470000	2.470000	-155.181000	20.404200	-4.934451	99.783020	3019.991729	3.000000
94.470000	2.470000	-155.181000	20.654200	-2.940213	99.863458	3019.244429	3.000000
94.470000	2.470000	-155.181000	20.904200	-1.414622	99.943575	3018.322376	4.000000
94.470000	2.470000	-155.181000	21.154200	4.120632	100.023565	3017.210716	4.000000
94.470000	2.470000	-155.181000	21.404200	7.916429	100.103231	3015.010970	3.000000
94.470000	2.470000	-154.931000	18.904200	-4.878960	99.389938	3028.963888	2.000000
94.470000	2.470000	-154.931000	19.154200	-6.469389	99.472733	3028.570385	4.000000
94.470000	2.470000	-154.931000	19.404200	-6.857956	99.555298	3028.236612	3.000000
94.470000	2.470000	-154.931000	19.654200	-6.754459	99.637657	3027.915996	2.000000
94.470000	2.470000	-154.931000	19.904200	-6.580682	99.719783	3027.529341	2.000000
94.470000	2.470000	-154.931000	20.154200	-5.727842	99.801700	3027.136603	3.000000
94.470000	2.470000	-154.931000	20.404200	-3.425300	99.883381	3026.516376	3.000000
94.470000	2.470000	-154.931000	20.654200	-2.071654	99.964850	3025.584169	3.000000
94.470000	2.470000	-154.931000	20.904200	-0.525415	100.046080	3024.640886	3.000000
94.470000	2.470000	-154.931000	21.154200	4.943494	100.127094	3023.315440	3.000000
94.470000	2.470000	-154.931000	21.404200	8.214894	100.207866	3021.115693	4.000000
94.470000	2.470000	-154.681000	18.904200	-5.254312	99.484019	3035.454538	2.000000
94.470000	2.470000	-154.681000	19.154200	-6.825077	99.567952	3035.117568	3.000000
94.470000	2.470000	-154.681000	19.404200	-7.074835	99.651565	3034.790432	3.000000
94.470000	2.470000	-154.681000	19.654200	-7.280532	99.735056	3034.491147	2.000000
94.470000	2.470000	-154.681000	19.904200	-6.984466	99.818224	3034.191861	2.000000
94.470000	2.470000	-154.681000	20.154200	-4.373625	99.901267	3033.788322	3.000000
94.470000	2.470000	-154.681000	20.404200	-2.070863	99.983983	3032.845962	3.000000
94.470000	2.470000	-154.681000	20.654200	-2.144712	100.066571	3031.902679	3.000000
94.470000	2.470000	-154.681000	20.904200	0.224806	100.148830	3030.959396	3.000000
94.470000	2.470000	-154.681000	21.154200	5.250082	100.230956	3029.420163	3.000000
94.470000	2.470000	-154.681000	21.404200	7.284335	100.312750	3027.307855	4.000000
94.470000	2.470000	-154.431000	18.904200	-5.629394	99.578481	3041.998524	2.000000
94.470000	2.470000	-154.431000	19.154200	-7.054688	99.663468	3041.664868	3.000000
94.470000	2.470000	-154.431000	19.404200	-7.312467	99.748217	3041.365582	3.000000
94.470000	2.470000	-154.431000	19.654200	-7.879954	99.832755	3041.066297	3.000000
94.470000	2.470000	-154.431000	19.904200	-6.407942	99.917053	3040.879965	3.000000
94.470000	2.470000	-154.431000	20.154200	-3.129701	100.001136	3040.192408	2.000000
94.470000	2.470000	-154.431000	20.404200	-2.088980	100.084976	3039.231460	2.000000
94.470000	2.470000	-154.431000	20.654200	-2.015102	100.168598	3038.270513	3.000000
94.470000	2.470000	-154.431000	20.904200	1.455177	100.251973	3037.309565	3.000000
94.470000	2.470000	-154.431000	21.154200	6.057767	100.335126	3035.610981	3.000000
94.470000	2.470000	-154.431000	21.404200	7.012984	100.418030	3033.517030	3.000000
94.470000	2.470000	-154.181000	18.904200	-6.143444	99.673182	3048.545708	2.000000
94.470000	2.470000	-154.181000	19.154200	-7.812488	99.759311	3048.240018	3.000000
94.470000	2.470000	-154.181000	19.404200	-8.506423	99.845112	3048.062739	3.000000
94.470000	2.470000	-154.181000	19.654200	-8.075208	99.930786	3047.903994	3.000000
94.470000	2.470000	-154.181000	19.904200	-4.812503	100.016129	3047.591336	3.000000
94.470000	2.470000	-154.181000	20.154200	-2.123477	100.101341	3046.630389	3.000000
94.470000	2.470000	-154.181000	20.404200	-0.794467	100.186220	3045.669441	2.000000
94.470000	2.470000	-154.181000	20.654200	1.918786	100.270963	3044.454646	3.000000
94.470000	2.470000	-154.181000	20.904200	3.696743	100.355370	3042.948948	3.000000
94.470000	2.470000	-154.181000	21.154200	4.290095	100.439638	3041.443250	3.000000
94.470000	2.470000	-154.181000	21.404200	4.390322	100.523568	3039.726205	3.000000
94.470000	2.470000	-153.931000	18.904200	-7.730854	99.768273	3055.245513	2.000000
94.470000	2.470000	-153.931000	19.154200	-8.596438	99.855459	3055.086767	2.000000
94.470000	2.470000	-153.931000	19.404200	-8.693003	99.942401	3054.928022	3.000000
94.470000	2.470000	-153.931000	19.654200	-6.448231	100.029125	3054.769276	3.000000
94.470000	2.470000	-153.931000	19.904200	-2.861454	100.115602	3054.029317	2.000000
94.470000	2.470000	-153.931000	20.154200	0.697893	100.201857	3053.066153	3.000000
94.470000	2.470000	-153.931000	20.404200	3.540906	100.287863	3051.560455	3.000000
94.470000	2.470000	-153.931000	20.654200	3.826744	100.373643	3050.054757	2.000000
94.470000	2.470000	-153.931000	20.904200	3.767112	100.459170	3048.549059	1.000000
94.470000	2.470000	-153.681000	18.904200	-9.106502	99.863612	3061.857425	2.000000
94.470000	2.470000	-153.681000	19.154200	-9.692901	99.951943	3061.886414	2.000000
94.470000	2.470000	-153.681000	19.404200	-8.217939	100.039941	3061.793304	2.000000
94.470000	2.470000	-153.681000	19.654200	-3.127655	100.127804	3061.428245	3.000000
94.470000	2.470000	-153.681000	19.904200	2.372423	100.215330	3060.171962	2.000000
94.470000	2.470000	-153.681000	20.154200	4.164782	100.302718	3058.666264	2.000000
94.470000	2.470000	-153.681000	20.404200	4.285590	100.389766	3057.135545	3.000000
94.470000	2.470000	-153.431000	18.904200	-9.669326	99.959349	3068.454937	2.000000
94.470000	2.470000	-153.431000	19.154200	-10.286558	100.048741	3068.483926	2.000000
94.470000	2.470000	-153.431000	19.404200	-4.574656	100.137883	3068.512915	2.000000
94.470000	2.470000	-153.431000	19.654200	3.255043	100.226801	3067.204461	1.000000
94.470000	2.470000	-153.431000	19.904200	4.584857	100.315464	3065.659252	1.000000
94.470000	2.470000	-153.431000	20.154200	4.525406	100.403899	3064.114043	1.000000
94.470000	2.470000	-153.181000	18.904200	-10.233271	100.055343	3075.052449	2.000000
94.470000	2.470000	-153.181000	19.154200	-6.438981	100.145886	3075.081438	2.000000
94.470000	2.470000	-153.181000	19.404200	1.491087	100.236087	3074.182959	2.000000
94.470000	2.470000	-153.181000	19.654200	4.667354	100.326148	3072.637750	1.000000
94.470000	2.470000	-152.931000	18.904200	-8.249246	100.151745	3081.649961	2.000000
94.470000	2.470000	-152.931000	19.154200	-0.770187	100.243352	3081.161457	1.000000
94.470000	2.470000	-152.681000	18.904200	-2.907058	100.248412	3088.139955	2.000000
