-155.772995	19.079000	1385.563000	0.620667
-155.996994	20.771000	1406.548000	1.223373
-154.983002	19.601000	1411.567000	0.094413
-156.658005	20.891001	1393.553000	1.243006
-156.755997	21.136000	1395.575000	0.658129
-154.617798	20.088900	1427.541000	-0.387341
-154.994400	21.507000	1439.547000	1.073049
-154.482803	21.001900	1443.544000	-0.774744
-153.982697	21.519699	1461.678000	-0.292984
-153.292099	20.892599	1466.246000	-0.852861
-153.503204	19.495199	1440.451000	-2.993526
-154.393997	19.262501	1419.606000	-2.319671
-153.992294	18.797600	1419.485000	-3.411892
-152.132401	18.481400	1454.658000	-3.427300
-153.290604	17.906200	1420.641000	-3.845358
-153.700806	17.297501	1401.546000	-5.314201
-154.691299	17.180099	1380.543000	-2.452432
-154.797394	18.803101	1402.633000	-2.599135
-155.714996	18.000299	1370.817000	0.540830
-157.227295	18.984800	1351.562000	1.276530
-156.510101	19.477699	1374.712000	1.027363
-156.932007	19.832701	1371.397000	1.177764
-157.627594	20.346100	1363.743000	1.546785
