124.850000	-7.850000	-156.727295	18.930099	-1.161402	78.713095	2264.507133	3.000000
124.850000	-7.850000	-156.477295	18.930099	-0.356932	78.800799	2270.748275	3.000000
124.850000	-7.850000	-156.477295	19.180099	0.803506	78.766268	2271.964663	2.000000
124.850000	-7.850000	-156.227295	18.680099	-3.329399	78.921991	2275.457365	3.000000
124.850000	-7.850000	-156.227295	18.930099	-0.587465	78.888267	2277.067957	4.000000
124.850000	-7.850000	-156.227295	19.180099	1.149257	78.854776	2278.205805	3.000000
124.850000	-7.850000	-156.227295	19.430099	0.807277	78.821481	2279.422194	3.000000
124.850000	-7.850000	-155.977295	18.430099	1.157237	79.041129	2280.324605	4.000000
124.850000	-7.850000	-155.977295	18.680099	-1.147219	79.008176	2281.572039	4.000000
124.850000	-7.850000	-155.977295	18.930099	-1.600400	78.975495	2283.303076	3.000000
124.850000	-7.850000	-155.977295	19.180099	0.937520	78.942965	2284.580262	3.000000
124.850000	-7.850000	-155.977295	19.430099	1.387383	78.910708	2285.716740	3.000000
124.850000	-7.850000	-155.727295	18.180099	-0.090341	79.158255	2286.173121	2.000000
124.850000	-7.850000	-155.727295	18.430099	1.198790	79.126118	2287.378229	3.000000
124.850000	-7.850000	-155.727295	18.680099	1.240929	79.094210	2288.575192	3.000000
124.850000	-7.850000	-155.727295	18.930099	0.855579	79.062492	2289.772154	4.000000
124.850000	-7.850000	-155.727295	19.180099	1.228897	79.031004	2290.978670	2.000000
124.850000	-7.850000	-155.727295	19.430099	1.647661	78.999706	2292.105919	2.000000
124.850000	-7.850000	-155.727295	19.680099	1.646668	78.968639	2293.233168	3.000000
124.850000	-7.850000	-155.477295	18.180099	0.418139	79.241964	2292.494558	3.000000
124.850000	-7.850000	-155.477295	18.430099	0.592378	79.210875	2293.691520	3.000000
124.850000	-7.850000	-155.477295	18.680099	0.620162	79.179931	2294.888482	3.000000
124.850000	-7.850000	-155.477295	18.930099	0.169199	79.149256	2296.089712	3.000000
124.850000	-7.850000	-155.477295	19.180099	0.304462	79.118729	2297.421355	3.000000
124.850000	-7.850000	-155.477295	19.430099	1.334462	79.088470	2298.625693	3.000000
124.850000	-7.850000	-155.477295	19.680099	1.654238	79.058360	2299.752942	3.000000
124.850000	-7.850000	-155.477295	19.930099	1.365311	79.028519	2300.890341	3.000000
124.850000	-7.850000	-155.227295	17.930099	-0.049131	79.355839	2297.560514	3.000000
124.850000	-7.850000	-155.227295	18.180099	0.241976	79.325530	2298.807849	3.000000
124.850000	-7.850000	-155.227295	18.430099	0.507845	79.295408	2300.004811	3.000000
124.850000	-7.850000	-155.227295	18.680099	0.247556	79.265509	2301.201773	4.000000
124.850000	-7.850000	-155.227295	18.930099	-0.155008	79.235797	2302.474430	3.000000
124.850000	-7.850000	-155.227295	19.180099	-0.350307	79.206310	2303.806073	3.000000
124.850000	-7.850000	-155.227295	19.430099	0.598578	79.177010	2305.137716	3.000000
124.850000	-7.850000	-155.227295	19.680099	1.324069	79.147936	2306.272717	3.000000
124.850000	-7.850000	-155.227295	19.930099	1.083460	79.119051	2307.467655	3.000000
124.850000	-7.850000	-155.227295	20.180099	0.498613	79.090392	2308.689037	2.000000
124.850000	-7.850000	-154.977295	17.680099	-0.193110	79.467609	2302.604309	3.000000
124.850000	-7.850000	-154.977295	17.930099	-0.148958	79.438129	2303.855838	3.000000
124.850000	-7.850000	-154.977295	18.180099	0.069080	79.408789	2305.107368	2.000000
124.850000	-7.850000	-154.977295	18.430099	0.314271	79.379713	2306.318102	3.000000
124.850000	-7.850000	-154.977295	18.680099	-0.074817	79.350779	2307.527505	4.000000
124.850000	-7.850000	-154.977295	18.930099	-0.482494	79.322110	2308.859148	2.000000
124.850000	-7.850000	-154.977295	19.180099	-0.449664	79.293584	2310.190791	3.000000
124.850000	-7.850000	-154.977295	19.430099	-0.298125	79.265323	2311.522434	2.000000
124.850000	-7.850000	-154.977295	19.680099	0.327186	79.237206	2312.823587	2.000000
124.850000	-7.850000	-154.977295	19.930099	0.782968	79.209355	2314.044969	2.000000
124.850000	-7.850000	-154.977295	20.180099	0.894300	79.181650	2315.266351	2.000000
124.850000	-7.850000	-154.727295	17.680099	-0.336153	79.548712	2308.899633	3.000000
124.850000	-7.850000	-154.727295	17.930099	-0.274360	79.520202	2310.151163	3.000000
124.850000	-7.850000	-154.727295	18.180099	-0.117154	79.491911	2311.402692	2.000000
124.850000	-7.850000	-154.727295	18.430099	-0.129042	79.463802	2312.631393	2.000000
124.850000	-7.850000	-154.727295	18.680099	-0.422957	79.435912	2313.912223	3.000000
124.850000	-7.850000	-154.727295	18.930099	-0.543821	79.408206	2315.243866	2.000000
124.850000	-7.850000	-154.727295	19.180099	-0.428379	79.380720	2316.561324	3.000000
124.850000	-7.850000	-154.727295	19.430099	-0.337294	79.353418	2317.871963	2.000000
124.850000	-7.850000	-154.727295	19.680099	-0.302858	79.326338	2319.168953	2.000000
124.850000	-7.850000	-154.727295	19.930099	-0.245578	79.299442	2320.481359	2.000000
124.850000	-7.850000	-154.727295	20.180099	0.039764	79.272769	2321.793764	2.000000
124.850000	-7.850000	-154.727295	20.430099	0.521762	79.246282	2323.065047	2.000000
124.850000	-7.850000	-154.477295	17.680099	-0.722092	79.629514	2315.120942	3.000000
124.850000	-7.850000	-154.477295	17.930099	-0.660243	79.602054	2316.394556	4.000000
124.850000	-7.850000	-154.477295	18.180099	-0.623769	79.574731	2317.668169	2.000000
124.850000	-7.850000	-154.477295	18.430099	-0.627660	79.547669	2318.960254	2.000000
124.850000	-7.850000	-154.477295	18.680099	-0.612317	79.520744	2320.274903	2.000000
124.850000	-7.850000	-154.477295	18.930099	-0.584059	79.494081	2321.589552	3.000000
124.850000	-7.850000	-154.477295	19.180099	-0.453356	79.467556	2322.904201	4.000000
124.850000	-7.850000	-154.477295	19.430099	-0.365291	79.441293	2324.192543	3.000000
124.850000	-7.850000	-154.477295	19.680099	-0.418575	79.415170	2325.491339	2.000000
124.850000	-7.850000	-154.477295	19.930099	-0.431718	79.389309	2326.803744	1.000000
124.850000	-7.850000	-154.477295	20.180099	-0.388854	79.363589	2328.116150	2.000000
124.850000	-7.850000	-154.477295	20.430099	-0.311231	79.338132	2329.428556	2.000000
124.850000	-7.850000	-154.477295	20.680099	-0.245144	79.312817	2330.740961	1.000000
124.850000	-7.850000	-154.227295	17.680099	-0.859013	79.710185	2321.278204	3.000000
124.850000	-7.850000	-154.227295	17.930099	-0.986596	79.683695	2322.551818	4.000000
124.850000	-7.850000	-154.227295	18.180099	-1.275309	79.657421	2323.886108	2.000000
124.850000	-7.850000	-154.227295	18.430099	-1.257388	79.631325	2325.259898	2.000000
124.850000	-7.850000	-154.227295	18.680099	-0.918481	79.605444	2326.617780	2.000000
124.850000	-7.850000	-154.227295	18.930099	-0.598732	79.579744	2327.932429	4.000000
124.850000	-7.850000	-154.227295	19.180099	-0.466972	79.554260	2329.225970	4.000000
124.850000	-7.850000	-154.227295	19.430099	-0.455497	79.528956	2330.513124	3.000000
124.850000	-7.850000	-154.227295	19.680099	-0.514697	79.503870	2331.813725	2.000000
124.850000	-7.850000	-154.227295	19.930099	-0.521374	79.478964	2333.126130	2.000000
124.850000	-7.850000	-154.227295	20.180099	-0.479542	79.454277	2334.438536	3.000000
124.850000	-7.850000	-154.227295	20.430099	-0.332394	79.429772	2335.750941	2.000000
124.850000	-7.850000	-154.227295	20.680099	0.457650	79.405485	2336.999991	2.000000
124.850000	-7.850000	-154.227295	20.930099	1.002262	79.381382	2338.089910	2.000000
124.850000	-7.850000	-153.977295	17.680099	-1.205252	79.790560	2327.435467	3.000000
124.850000	-7.850000	-153.977295	17.930099	-1.458173	79.765121	2328.808702	2.000000
124.850000	-7.850000	-153.977295	18.180099	-1.349850	79.739815	2330.182492	3.000000
124.850000	-7.850000	-153.977295	18.430099	-1.275022	79.714766	2331.556282	3.000000
124.850000	-7.850000	-153.977295	18.680099	-1.005250	79.689850	2332.930071	3.000000
124.850000	-7.850000	-153.977295	18.930099	-0.637364	79.665192	2334.259396	3.000000
124.850000	-7.850000	-153.977295	19.180099	-0.528019	79.640669	2335.546550	3.000000
124.850000	-7.850000	-153.977295	19.430099	-0.550385	79.616404	2336.833704	4.000000
124.850000	-7.850000	-153.977295	19.680099	-0.610524	79.592275	2338.136110	2.000000
124.850000	-7.850000	-153.977295	19.930099	-0.679636	79.568405	2339.448516	1.000000
124.850000	-7.850000	-153.977295	20.180099	-0.064405	79.544672	2340.760922	3.000000
124.850000	-7.850000	-153.977295	20.430099	0.741894	79.521197	2341.890256	2.000000
124.850000	-7.850000	-153.977295	20.680099	0.825593	79.497861	2342.980175	2.000000
124.850000	-7.850000	-153.977295	20.930099	0.864397	79.474784	2344.070095	2.000000
124.850000	-7.850000	-153.727295	17.680099	-1.750074	79.870811	2333.768560	1.000000
124.850000	-7.850000	-153.727295	17.930099	-1.657541	79.846342	2335.180175	3.000000
124.850000	-7.850000	-153.727295	18.180099	-1.567914	79.822084	2336.591791	3.000000
124.850000	-7.850000	-153.727295	18.430099	-1.494012	79.798001	2338.003407	3.000000
124.850000	-7.850000	-153.727295	18.680099	-0.903796	79.774130	2339.415023	3.000000
124.850000	-7.850000	-153.727295	18.930099	0.080291	79.750435	2340.698129	3.000000
124.850000	-7.850000	-153.727295	19.180099	0.008845	79.726953	2341.867130	3.000000
124.850000	-7.850000	-153.727295	19.430099	-0.607423	79.703648	2343.154284	3.000000
124.850000	-7.850000	-153.727295	19.680099	-0.543627	79.680555	2344.458496	2.000000
124.850000	-7.850000	-153.727295	19.930099	0.215831	79.657641	2345.690602	1.000000
124.850000	-7.850000	-153.727295	20.180099	0.688888	79.634940	2346.780521	2.000000
124.850000	-7.850000	-153.727295	20.430099	0.695491	79.612418	2347.870440	3.000000
124.850000	-7.850000	-153.727295	20.680099	0.733344	79.590110	2348.960360	2.000000
124.850000	-7.850000	-153.477295	17.930099	-1.864275	79.927353	2341.653867	3.000000
124.850000	-7.850000	-153.477295	18.180099	-1.715894	79.904063	2343.082842	3.000000
124.850000	-7.850000	-153.477295	18.430099	-1.586817	79.881027	2344.494457	3.000000
124.850000	-7.850000	-153.477295	18.680099	-1.015045	79.858121	2345.906073	2.000000
124.850000	-7.850000	-153.477295	18.930099	-0.015579	79.835469	2347.190339	3.000000
124.850000	-7.850000	-153.477295	19.180099	0.478421	79.812948	2348.357163	3.000000
124.850000	-7.850000	-153.477295	19.430099	0.795645	79.790682	2349.519585	3.000000
124.850000	-7.850000	-153.477295	19.680099	0.947070	79.768548	2350.580867	2.000000
124.850000	-7.850000	-153.477295	19.930099	0.721509	79.746669	2351.670786	2.000000
124.850000	-7.850000	-153.477295	20.180099	0.724466	79.724922	2352.760705	2.000000
124.850000	-7.850000	-153.477295	20.430099	0.727212	79.703431	2353.850625	2.000000
124.850000	-7.850000	-153.227295	17.930099	-2.022120	80.008165	2348.063243	2.000000
124.850000	-7.850000	-153.227295	18.180099	-1.979083	79.985923	2349.496856	2.000000
124.850000	-7.850000	-153.227295	18.430099	-1.920296	79.963854	2350.930469	1.000000
124.850000	-7.850000	-153.227295	18.680099	-1.100153	79.941993	2352.364082	1.000000
124.850000	-7.850000	-153.227295	18.930099	0.135412	79.920304	2353.609652	2.000000
124.850000	-7.850000	-153.227295	19.180099	0.815855	79.898824	2354.725704	2.000000
124.850000	-7.850000	-153.227295	19.430099	1.060165	79.877518	2355.802862	2.000000
124.850000	-7.850000	-153.227295	19.680099	1.214746	79.856420	2356.848936	1.000000
124.850000	-7.850000	-153.227295	19.930099	1.218684	79.835497	2357.895009	2.000000
124.850000	-7.850000	-153.227295	20.180099	1.222462	79.814784	2358.941083	2.000000
124.850000	-7.850000	-152.977295	18.180099	-2.064874	80.067500	2355.906231	2.000000
124.850000	-7.850000	-152.977295	18.430099	-2.027047	80.046478	2357.339845	2.000000
124.850000	-7.850000	-152.977295	18.680099	-0.906464	80.025581	2358.773458	2.000000
124.850000	-7.850000	-152.977295	18.930099	0.423099	80.004936	2359.931824	3.000000
124.850000	-7.850000	-152.977295	19.180099	0.876086	79.984417	2361.027207	2.000000
124.850000	-7.850000	-152.977295	19.430099	1.095038	79.964151	2362.073280	2.000000
124.850000	-7.850000	-152.977295	19.680099	1.128801	79.944011	2363.119354	1.000000
124.850000	-7.850000	-152.727295	18.430099	-1.927206	80.128908	2363.749220	2.000000
124.850000	-7.850000	-152.727295	18.680099	-0.692774	80.109056	2365.137944	2.000000
124.850000	-7.850000	-152.727295	18.930099	0.694147	80.089374	2366.251552	3.000000
124.850000	-7.850000	-152.727295	19.180099	0.975837	80.069897	2367.297625	3.000000
