5.510000	78.730000	-157.127594	19.680099	2.732521	183.384130	2265.184774	4.000000
5.510000	78.730000	-157.127594	19.930099	3.113435	183.386475	2257.851984	3.000000
5.510000	78.730000	-157.127594	20.180099	0.027049	183.388885	2251.181297	3.000000
5.510000	78.730000	-157.127594	20.430099	-0.009093	183.391365	2244.663748	3.000000
5.510000	78.730000	-156.877594	19.180099	-2.077128	183.426958	2279.979436	4.000000
5.510000	78.730000	-156.877594	19.430099	-3.308409	183.429201	2272.383288	4.000000
5.510000	78.730000	-156.877594	19.680099	-1.824150	183.431513	2264.676120	3.000000
5.510000	78.730000	-156.877594	19.930099	-0.724447	183.433893	2257.323220	4.000000
5.510000	78.730000	-156.877594	20.180099	0.233333	183.436342	2250.811856	4.000000
5.510000	78.730000	-156.877594	20.430099	0.170924	183.438860	2244.294307	2.000000
5.510000	78.730000	-156.877594	20.680099	-1.467133	183.441447	2237.776757	2.000000
5.510000	78.730000	-156.627594	18.930099	-0.491361	183.472003	2286.750631	3.000000
5.510000	78.730000	-156.627594	19.180099	-0.454274	183.474211	2279.659742	4.000000
5.510000	78.730000	-156.627594	19.430099	-2.651211	183.476491	2272.487138	4.000000
5.510000	78.730000	-156.627594	19.680099	-4.390705	183.478837	2264.786857	4.000000
5.510000	78.730000	-156.627594	19.930099	-3.026624	183.481255	2257.235166	4.000000
5.510000	78.730000	-156.627594	20.180099	-1.190378	183.483740	2250.396975	4.000000
5.510000	78.730000	-156.627594	20.430099	0.378988	183.486298	2243.893140	4.000000
5.510000	78.730000	-156.627594	20.680099	0.219704	183.488923	2237.389304	3.000000
5.510000	78.730000	-156.377594	18.680099	-0.215543	183.516991	2293.534930	3.000000
5.510000	78.730000	-156.377594	18.930099	0.118235	183.519165	2286.369667	4.000000
5.510000	78.730000	-156.377594	19.180099	0.184244	183.521408	2279.268712	3.000000
5.510000	78.730000	-156.377594	19.430099	-0.536041	183.523722	2272.181248	4.000000
5.510000	78.730000	-156.377594	19.680099	-3.658040	183.526105	2264.904697	4.000000
5.510000	78.730000	-156.377594	19.930099	-3.932919	183.528558	2257.215875	3.000000
5.510000	78.730000	-156.377594	20.180099	-3.060638	183.531083	2250.310334	4.000000
5.510000	78.730000	-156.377594	20.430099	-1.208877	183.533677	2243.470731	4.000000
5.510000	78.730000	-156.377594	20.680099	0.232523	183.536343	2236.966896	4.000000
5.510000	78.730000	-156.377594	20.930099	1.094862	183.539081	2229.762768	4.000000
5.510000	78.730000	-156.127594	18.680099	0.589811	183.564059	2293.111000	4.000000
5.510000	78.730000	-156.127594	18.930099	0.252624	183.566268	2285.892777	3.000000
5.510000	78.730000	-156.127594	19.180099	0.417582	183.568544	2278.791821	4.000000
5.510000	78.730000	-156.127594	19.430099	-0.087005	183.570894	2271.780145	4.000000
5.510000	78.730000	-156.127594	19.680099	-1.525246	183.573311	2264.819305	4.000000
5.510000	78.730000	-156.127594	19.930099	-4.557183	183.575803	2257.331998	3.000000
5.510000	78.730000	-156.127594	20.180099	-3.409489	183.578364	2250.291042	4.000000
5.510000	78.730000	-156.127594	20.430099	-3.116121	183.580999	2243.385501	4.000000
5.510000	78.730000	-156.127594	20.680099	-0.625903	183.583703	2236.544487	3.000000
5.510000	78.730000	-156.127594	20.930099	-1.146108	183.586482	2229.422696	4.000000
5.510000	78.730000	-155.877594	18.430099	2.892416	183.608901	2299.573780	4.000000
5.510000	78.730000	-155.877594	18.680099	2.059249	183.611070	2292.541473	4.000000
5.510000	78.730000	-155.877594	18.930099	1.223593	183.613310	2285.465542	4.000000
5.510000	78.730000	-155.877594	19.180099	1.020730	183.615622	2278.339884	4.000000
5.510000	78.730000	-155.877594	19.430099	0.746630	183.618005	2271.379043	4.000000
5.510000	78.730000	-155.877594	19.680099	0.635344	183.620461	2264.418202	3.000000
5.510000	78.730000	-155.877594	19.930099	-1.799250	183.622988	2257.449839	4.000000
5.510000	78.730000	-155.877594	20.180099	-1.767707	183.625588	2250.271751	3.000000
5.510000	78.730000	-155.877594	20.430099	-0.926679	183.628261	2243.366210	3.000000
5.510000	78.730000	-155.877594	20.680099	0.130185	183.631006	2236.291933	3.000000
5.510000	78.730000	-155.877594	20.930099	-0.042963	183.633825	2229.187204	4.000000
5.510000	78.730000	-155.627594	18.180099	3.788060	183.653687	2305.839909	2.000000
5.510000	78.730000	-155.627594	18.430099	2.671274	183.655817	2298.811946	3.000000
5.510000	78.730000	-155.627594	18.680099	2.659803	183.658017	2291.783983	3.000000
5.510000	78.730000	-155.627594	18.930099	2.456005	183.660292	2284.756021	4.000000
5.510000	78.730000	-155.627594	19.180099	2.197678	183.662637	2277.712865	4.000000
5.510000	78.730000	-155.627594	19.430099	2.481728	183.665057	2270.778089	3.000000
5.510000	78.730000	-155.627594	19.680099	2.375634	183.667547	2263.843314	3.000000
5.510000	78.730000	-155.627594	19.930099	2.383341	183.670113	2256.908538	4.000000
5.510000	78.730000	-155.627594	20.180099	1.895221	183.672750	2249.862248	3.000000
5.510000	78.730000	-155.627594	20.430099	2.689612	183.675462	2242.767336	2.000000
5.510000	78.730000	-155.627594	20.680099	2.785112	183.678247	2235.672424	2.000000
5.510000	78.730000	-155.627594	20.930099	2.678959	183.681108	2228.577512	3.000000
5.510000	78.730000	-155.377594	17.930099	5.558010	183.698422	2311.736122	3.000000
5.510000	78.730000	-155.377594	18.180099	5.596314	183.700511	2304.876008	3.000000
5.510000	78.730000	-155.377594	18.430099	3.319356	183.702671	2298.095200	4.000000
5.510000	78.730000	-155.377594	18.680099	2.439664	183.704905	2291.067238	4.000000
5.510000	78.730000	-155.377594	18.930099	2.452719	183.707212	2284.039275	4.000000
5.510000	78.730000	-155.377594	19.180099	2.533230	183.709593	2276.984828	4.000000
5.510000	78.730000	-155.377594	19.430099	3.127680	183.712047	2269.970428	4.000000
5.510000	78.730000	-155.377594	19.680099	3.314031	183.714574	2263.035652	4.000000
5.510000	78.730000	-155.377594	19.930099	3.775884	183.717176	2256.055978	4.000000
5.510000	78.730000	-155.377594	20.180099	3.854286	183.719852	2248.977801	3.000000
5.510000	78.730000	-155.377594	20.430099	3.854788	183.722603	2241.882889	3.000000
5.510000	78.730000	-155.377594	20.680099	3.772860	183.725429	2234.787977	4.000000
5.510000	78.730000	-155.377594	20.930099	3.366170	183.728329	2227.711244	3.000000
5.510000	78.730000	-155.127594	17.930099	4.948667	183.745151	2310.717811	3.000000
5.510000	78.730000	-155.127594	18.180099	5.867659	183.747269	2303.718370	3.000000
5.510000	78.730000	-155.127594	18.430099	5.574046	183.749463	2297.198292	4.000000
5.510000	78.730000	-155.127594	18.680099	2.957021	183.751728	2290.350492	4.000000
5.510000	78.730000	-155.127594	18.930099	2.439410	183.754070	2283.318347	3.000000
5.510000	78.730000	-155.127594	19.180099	2.565629	183.756484	2276.259289	3.000000
5.510000	78.730000	-155.127594	19.430099	3.671511	183.758974	2269.200230	4.000000
5.510000	78.730000	-155.127594	19.680099	3.892668	183.761537	2262.227990	4.000000
5.510000	78.730000	-155.127594	19.930099	3.829165	183.764178	2255.170258	3.000000
5.510000	78.730000	-155.127594	20.180099	3.807920	183.766891	2248.093354	2.000000
5.510000	78.730000	-155.127594	20.430099	3.695649	183.769682	2240.998442	4.000000
5.510000	78.730000	-155.127594	20.680099	3.298375	183.772547	2233.927310	4.000000
5.510000	78.730000	-155.127594	20.930099	2.936922	183.775490	2226.940504	4.000000
5.510000	78.730000	-155.127594	21.180099	3.121437	183.778507	2219.904535	4.000000
5.510000	78.730000	-154.877594	17.680099	4.892089	183.789740	2316.698942	3.000000
5.510000	78.730000	-154.877594	17.930099	4.902002	183.791816	2309.699500	3.000000
5.510000	78.730000	-154.877594	18.180099	5.107636	183.793966	2302.700058	3.000000
5.510000	78.730000	-154.877594	18.430099	6.938761	183.796191	2296.013060	3.000000
5.510000	78.730000	-154.877594	18.680099	5.769578	183.798490	2289.520576	3.000000
5.510000	78.730000	-154.877594	18.930099	5.409694	183.800864	2282.592808	2.000000
5.510000	78.730000	-154.877594	19.180099	6.047271	183.803314	2275.507485	4.000000
5.510000	78.730000	-154.877594	19.430099	6.236193	183.805839	2268.244707	4.000000
5.510000	78.730000	-154.877594	19.680099	6.080064	183.808440	2261.260280	4.000000
5.510000	78.730000	-154.877594	19.930099	4.697274	183.811116	2254.284538	3.000000
5.510000	78.730000	-154.877594	20.180099	3.628751	183.813869	2247.208908	3.000000
5.510000	78.730000	-154.877594	20.430099	3.221563	183.816698	2240.143376	3.000000
5.510000	78.730000	-154.877594	20.680099	2.905150	183.819605	2233.156570	3.000000
5.510000	78.730000	-154.877594	20.930099	2.875372	183.822588	2226.169764	3.000000
5.510000	78.730000	-154.877594	21.180099	3.120668	183.825648	2219.103260	3.000000
5.510000	78.730000	-154.877594	21.430099	3.562609	183.828786	2211.919149	4.000000
5.510000	78.730000	-154.627594	17.680099	6.483068	183.836309	2315.680631	3.000000
5.510000	78.730000	-154.627594	17.930099	6.192269	183.838416	2308.681189	3.000000
5.510000	78.730000	-154.627594	18.180099	6.029231	183.840596	2301.681747	3.000000
5.510000	78.730000	-154.627594	18.430099	7.469660	183.842854	2294.827829	3.000000
5.510000	78.730000	-154.627594	18.680099	8.834738	183.845185	2288.207486	3.000000
5.510000	78.730000	-154.627594	18.930099	8.757693	183.847595	2281.168967	3.000000
5.510000	78.730000	-154.627594	19.180099	9.021205	183.850078	2273.906190	4.000000
5.510000	78.730000	-154.627594	19.430099	7.805535	183.852640	2266.820972	4.000000
5.510000	78.730000	-154.627594	19.680099	7.677537	183.855276	2259.936587	2.000000
5.510000	78.730000	-154.627594	19.930099	6.988200	183.857991	2253.194059	2.000000
5.510000	78.730000	-154.627594	20.180099	5.660395	183.860782	2246.359442	3.000000
5.510000	78.730000	-154.627594	20.430099	4.848214	183.863652	2239.372636	3.000000
5.510000	78.730000	-154.627594	20.680099	4.471009	183.866597	2232.385830	3.000000
5.510000	78.730000	-154.627594	20.930099	3.974412	183.869623	2225.399024	3.000000
5.510000	78.730000	-154.627594	21.180099	3.486070	183.872724	2218.285613	3.000000
5.510000	78.730000	-154.627594	21.430099	3.818959	183.875907	2211.003223	3.000000
5.510000	78.730000	-154.377594	17.680099	8.108949	183.882815	2314.277195	4.000000
5.510000	78.730000	-154.377594	17.930099	7.962913	183.884951	2307.343646	4.000000
5.510000	78.730000	-154.377594	18.180099	7.753772	183.887164	2300.410097	3.000000
5.510000	78.730000	-154.377594	18.430099	8.335342	183.889453	2293.455828	4.000000
5.510000	78.730000	-154.377594	18.680099	9.732194	183.891818	2286.609335	4.000000
5.510000	78.730000	-154.377594	18.930099	9.378568	183.894260	2279.567673	3.000000
5.510000	78.730000	-154.377594	19.180099	7.982677	183.896780	2272.410914	4.000000
5.510000	78.730000	-154.377594	19.430099	7.376454	183.899376	2265.526529	4.000000
5.510000	78.730000	-154.377594	19.680099	7.456117	183.902050	2258.642144	4.000000
5.510000	78.730000	-154.377594	19.930099	8.055102	183.904802	2251.839009	4.000000
5.510000	78.730000	-154.377594	20.180099	7.990657	183.907632	2245.033048	3.000000
5.510000	78.730000	-154.377594	20.430099	7.523103	183.910541	2238.136837	3.000000
5.510000	78.730000	-154.377594	20.680099	7.056446	183.913528	2231.240625	4.000000
5.510000	78.730000	-154.377594	20.930099	6.511722	183.916594	2224.355407	3.000000
5.510000	78.730000	-154.377594	21.180099	5.230805	183.919739	2217.369686	3.000000
5.510000	78.730000	-154.377594	21.430099	3.771902	183.922964	2210.087296	3.000000
5.510000	78.730000	-154.127594	17.680099	7.944029	183.929252	2312.870877	4.000000
5.510000	78.730000	-154.127594	17.930099	7.327239	183.931420	2305.913395	4.000000
5.510000	78.730000	-154.127594	18.180099	6.682351	183.933663	2298.963471	3.000000
5.510000	78.730000	-154.127594	18.430099	5.961964	183.935985	2291.991108	4.000000
5.510000	78.730000	-154.127594	18.680099	6.701421	183.938382	2285.018745	4.000000
5.510000	78.730000	-154.127594	18.930099	6.722270	183.940860	2278.000856	3.000000
5.510000	78.730000	-154.127594	19.180099	6.006576	183.943413	2271.116471	4.000000
5.510000	78.730000	-154.127594	19.430099	6.311106	183.946047	2264.232086	4.000000
5.510000	78.730000	-154.127594	19.680099	6.631606	183.948757	2257.347701	4.000000
5.510000	78.730000	-154.127594	19.930099	7.324393	183.951548	2250.483959	4.000000
5.510000	78.730000	-154.127594	20.180099	7.396601	183.954415	2243.649597	3.000000
5.510000	78.730000	-154.127594	20.430099	7.029797	183.957365	2236.758627	3.000000
5.510000	78.730000	-154.127594	20.680099	6.705882	183.960391	2229.886609	4.000000
5.510000	78.730000	-154.127594	20.930099	6.412931	183.963500	2223.014590	4.000000
5.510000	78.730000	-153.877594	18.180099	4.988823	183.980098	2297.930850	3.000000
5.510000	78.730000	-153.877594	18.430099	4.011108	183.982451	2291.147399	2.000000
5.510000	78.730000	-153.877594	18.680099	3.063585	183.984883	2284.119523	3.000000
5.510000	78.730000	-153.877594	18.930099	2.082405	183.987393	2277.091648	2.000000
5.510000	78.730000	-153.877594	19.180099	1.839239	183.989983	2270.129577	3.000000
5.510000	78.730000	-153.877594	19.430099	2.323359	183.992652	2263.176855	3.000000
5.510000	78.730000	-153.877594	19.680099	2.543828	183.995400	2256.224133	3.000000
5.510000	78.730000	-153.877594	19.930099	2.394494	183.998228	2249.271411	2.000000
5.510000	78.730000	-153.627594	18.430099	4.777332	184.028849	2290.151111	2.000000
5.510000	78.730000	-153.627594	18.680099	2.604966	184.031313	2283.372395	3.000000
5.510000	78.730000	-153.627594	18.930099	0.393788	184.033860	2276.593679	2.000000
5.510000	78.730000	-153.627594	19.180099	-0.922888	184.036483	2269.774743	3.000000
5.510000	78.730000	-153.627594	19.430099	-0.586597	184.039189	2262.780633	3.000000
5.510000	78.730000	-153.627594	19.680099	-0.705816	184.041973	2255.846839	3.000000
