-154.994400	21.507000	2210.257000	5.510000	78.730000
-153.982697	21.519699	2206.118000	5.510000	78.730000
-153.700806	17.297501	2321.367000	5.510000	78.730000
-155.714996	18.000299	2311.345000	5.510000	78.730000
-156.167007	18.301001	2304.316000	5.510000	78.730000
-156.510101	19.477699	2271.181000	5.510000	78.730000
-157.627594	20.346100	2247.230000	5.510000	78.730000
-155.772995	19.079000	2280.987000	5.510000	78.730000
-155.996994	20.771000	2233.959000	5.510000	78.730000
-154.983002	19.601000	2263.955000	5.510000	78.730000
-155.710999	20.046000	2253.963000	5.510000	78.730000
-156.658005	20.891001	2231.954000	5.510000	78.730000
-156.755997	21.136000	2223.978000	5.510000	78.730000
-154.617798	20.088900	2248.878000	5.510000	78.730000
-155.679398	21.205500	2220.945000	5.510000	78.730000
-154.994400	21.507000	2209.957000	5.510000	78.730000
-154.482803	21.001900	2222.946000	5.510000	78.730000
-153.982697	21.519699	2205.943000	5.510000	78.730000
-153.902405	19.979099	2247.948000	5.510000	78.730000
-153.503204	19.495199	2260.773000	5.510000	78.730000
-153.992294	18.797600	2280.949000	5.510000	78.730000
-153.700806	17.297501	2320.942000	5.510000	78.730000
-154.691299	17.180099	2329.939000	5.510000	78.730000
-154.030502	17.988400	2303.741000	5.510000	78.730000
-154.495895	18.401699	2294.941000	5.510000	78.730000
-154.797394	18.803101	2285.946000	5.510000	78.730000
-155.714996	18.000299	2310.945000	5.510000	78.730000
-156.167007	18.301001	2303.941000	5.510000	78.730000
-156.465103	18.775000	2290.942000	5.510000	78.730000
-157.227295	18.984800	2285.966000	5.510000	78.730000
-156.510101	19.477699	2270.956000	5.510000	78.730000
-156.932007	19.832701	2259.949000	5.510000	78.730000
-157.627594	20.346100	2247.955000	5.510000	78.730000
