-154.994400	21.507000	1573.680000	140.810000	35.610000
-155.714996	18.000299	1598.781000	140.810000	35.610000
-156.167007	18.301001	1584.749000	140.810000	35.610000
-156.510101	19.477699	1564.598000	140.810000	35.610000
-157.627594	20.346100	1526.652000	140.810000	35.610000
-155.772995	19.079000	1587.383000	140.810000	35.610000
-155.710999	20.046000	1577.360000	140.810000	35.610000
-154.994400	21.507000	1574.355000	140.810000	35.610000
-154.691299	17.180099	1631.359000	140.810000	35.610000
-154.030502	17.988400	1640.109000	140.810000	35.610000
-155.714996	18.000299	1599.356000	140.810000	35.610000
-156.808197	18.404200	1567.349000	140.810000	35.610000
-156.167007	18.301001	1585.349000	140.810000	35.610000
-156.465103	18.775000	1572.350000	140.810000	35.610000
-157.227295	18.984800	1551.368000	140.810000	35.610000
-156.510101	19.477699	1564.349000	140.810000	35.610000
-156.932007	19.832701	1549.356000	140.810000	35.610000
-157.627594	20.346100	1527.352000	140.810000	35.610000
