140.810000	35.610000	-157.127594	19.680099	-7.874344	120.315755	1546.274970	4.000000
140.810000	35.610000	-157.127594	19.930099	-8.113589	120.171431	1543.577201	3.000000
140.810000	35.610000	-157.127594	20.180099	-6.508996	120.026175	1541.023585	2.000000
140.810000	35.610000	-156.877594	18.930099	-10.719173	120.745392	1560.595145	3.000000
140.810000	35.610000	-156.877594	19.180099	-9.461733	120.604777	1558.191245	4.000000
140.810000	35.610000	-156.877594	19.430099	-8.103833	120.463392	1555.404026	4.000000
140.810000	35.610000	-156.877594	19.680099	-7.420801	120.320997	1552.532580	3.000000
140.810000	35.610000	-156.877594	19.930099	-8.018288	120.177831	1549.717917	3.000000
140.810000	35.610000	-156.877594	20.180099	-6.065078	120.033651	1547.197642	3.000000
140.810000	35.610000	-156.627594	18.680099	-10.557330	120.886518	1569.210562	4.000000
140.810000	35.610000	-156.627594	18.930099	-10.850523	120.747947	1566.815575	4.000000
140.810000	35.610000	-156.627594	19.180099	-10.492920	120.608467	1564.411675	4.000000
140.810000	35.610000	-156.627594	19.430099	-8.701224	120.468134	1561.945781	4.000000
140.810000	35.610000	-156.627594	19.680099	-6.163086	120.326887	1558.949470	4.000000
140.810000	35.610000	-156.627594	19.930099	-7.175932	120.184786	1555.891973	3.000000
140.810000	35.610000	-156.627594	20.180099	-5.293953	120.041767	1553.371698	3.000000
140.810000	35.610000	-156.627594	20.430099	-1.273639	119.897891	1549.886281	2.000000
140.810000	35.610000	-156.377594	18.430099	-12.460953	121.025275	1578.236819	4.000000
140.810000	35.610000	-156.377594	18.680099	-10.460724	120.888585	1575.622667	4.000000
140.810000	35.610000	-156.377594	18.930099	-10.945143	120.751138	1573.136695	4.000000
140.810000	35.610000	-156.377594	19.180099	-11.011196	120.612700	1570.749338	3.000000
140.810000	35.610000	-156.377594	19.430099	-7.916523	120.473504	1568.304349	4.000000
140.810000	35.610000	-156.377594	19.680099	-5.206172	120.333311	1565.237541	4.000000
140.810000	35.610000	-156.377594	19.930099	-6.518814	120.192359	1562.066029	2.000000
140.810000	35.610000	-156.377594	20.180099	-4.448214	120.050406	1559.426510	2.000000
140.810000	35.610000	-156.377594	20.430099	-1.153671	119.907692	1555.903298	2.000000
140.810000	35.610000	-156.127594	18.430099	-11.614112	121.026883	1584.754903	4.000000
140.810000	35.610000	-156.127594	18.680099	-10.314920	120.891307	1582.182648	4.000000
140.810000	35.610000	-156.127594	18.930099	-10.977608	120.754893	1579.615462	3.000000
140.810000	35.610000	-156.127594	19.180099	-9.863366	120.617581	1577.228105	4.000000
140.810000	35.610000	-156.127594	19.430099	-6.689273	120.479429	1574.459381	4.000000
140.810000	35.610000	-156.127594	19.680099	-5.446879	120.340375	1571.473510	4.000000
140.810000	35.610000	-156.127594	19.930099	-5.934014	120.200479	1568.352672	3.000000
140.810000	35.610000	-156.127594	20.180099	-3.416684	120.059677	1565.443527	2.000000
140.810000	35.610000	-156.127594	20.430099	-1.164010	119.918032	1561.920315	2.000000
140.810000	35.610000	-156.127594	20.680099	-1.060973	119.775476	1558.397102	1.000000
140.810000	35.610000	-155.877594	18.180099	-13.763054	121.162707	1593.344513	3.000000
140.810000	35.610000	-155.877594	18.430099	-10.961386	121.029127	1590.968190	4.000000
140.810000	35.610000	-155.877594	18.680099	-10.961818	120.894574	1588.591868	4.000000
140.810000	35.610000	-155.877594	18.930099	-10.392749	120.759275	1586.170375	4.000000
140.810000	35.610000	-155.877594	19.180099	-7.488027	120.622998	1583.600285	4.000000
140.810000	35.610000	-155.877594	19.430099	-5.515013	120.485973	1580.614414	4.000000
140.810000	35.610000	-155.877594	19.680099	-5.455070	120.347965	1577.628543	3.000000
140.810000	35.610000	-155.877594	19.930099	-4.940998	120.209208	1574.640743	3.000000
140.810000	35.610000	-155.877594	20.180099	-2.380928	120.069465	1571.460543	2.000000
140.810000	35.610000	-155.877594	20.430099	-1.174950	119.928971	1567.937331	1.000000
140.810000	35.610000	-155.877594	20.680099	-1.072982	119.787485	1564.414119	1.000000
140.810000	35.610000	-155.627594	18.180099	-10.960830	121.164502	1599.479175	2.000000
140.810000	35.610000	-155.627594	18.430099	-10.712145	121.031936	1597.097529	2.000000
140.810000	35.610000	-155.627594	18.680099	-10.597877	120.898488	1594.715884	2.000000
140.810000	35.610000	-155.627594	18.930099	-8.471305	120.764213	1592.334239	2.000000
140.810000	35.610000	-155.627594	19.180099	-5.464293	120.629053	1589.510043	2.000000
140.810000	35.610000	-155.627594	19.430099	-4.910226	120.493065	1586.552471	2.000000
140.810000	35.610000	-155.627594	19.680099	-4.777676	120.356187	1583.594898	2.000000
140.810000	35.610000	-155.627594	19.930099	-3.295389	120.218478	1580.637326	2.000000
140.810000	35.610000	-155.627594	20.180099	-1.190250	120.079876	1577.433675	1.000000
140.810000	35.610000	-155.627594	20.430099	-0.597784	119.940442	1573.954348	1.000000
140.810000	35.610000	-155.627594	20.680099	-0.973412	119.800110	1570.431136	1.000000
140.810000	35.610000	-155.627594	20.930099	-0.984450	119.658945	1566.907923	2.000000
140.810000	35.610000	-155.377594	17.930099	-12.086999	121.297581	1607.901941	2.000000
140.810000	35.610000	-155.377594	18.180099	-10.865102	121.166844	1605.553275	2.000000
140.810000	35.610000	-155.377594	18.430099	-10.630787	121.035371	1603.171630	2.000000
140.810000	35.610000	-155.377594	18.680099	-9.620813	120.902939	1600.789984	2.000000
140.810000	35.610000	-155.377594	18.930099	-6.283069	120.769771	1598.181252	2.000000
140.810000	35.610000	-155.377594	19.180099	-4.581609	120.635638	1595.223680	2.000000
140.810000	35.610000	-155.377594	19.430099	-4.108121	120.500768	1592.266107	2.000000
140.810000	35.610000	-155.377594	19.680099	-2.472586	120.364928	1589.264449	2.000000
140.810000	35.610000	-155.377594	19.930099	-0.977986	120.228349	1586.046443	2.000000
140.810000	35.610000	-155.377594	20.180099	-0.846864	120.090797	1582.828437	1.000000
140.810000	35.610000	-155.377594	20.430099	-1.328286	119.952505	1579.610432	1.000000
140.810000	35.610000	-155.377594	20.680099	-0.967997	119.813234	1576.392426	2.000000
140.810000	35.610000	-155.377594	20.930099	-0.427668	119.673223	1572.924940	2.000000
140.810000	35.610000	-155.127594	17.930099	-11.451585	121.299483	1613.976900	2.000000
140.810000	35.610000	-155.127594	18.180099	-10.864703	121.169830	1611.627376	2.000000
140.810000	35.610000	-155.127594	18.430099	-10.589105	121.039364	1609.245730	2.000000
140.810000	35.610000	-155.127594	18.680099	-7.618814	120.908029	1606.852461	2.000000
140.810000	35.610000	-155.127594	18.930099	-4.687761	120.775878	1603.894889	1.000000
140.810000	35.610000	-155.127594	19.180099	-3.872785	120.642854	1600.937316	1.000000
140.810000	35.610000	-155.127594	19.430099	-2.231199	120.509012	1597.877216	2.000000
140.810000	35.610000	-155.127594	19.680099	-1.053016	120.374293	1594.659211	2.000000
140.810000	35.610000	-155.127594	19.930099	-0.955902	120.238754	1591.441205	1.000000
140.810000	35.610000	-155.127594	20.180099	-0.858401	120.102334	1588.223200	1.000000
140.810000	35.610000	-155.127594	20.430099	-0.760574	119.965093	1585.005194	1.000000
140.810000	35.610000	-155.127594	20.680099	-0.662358	119.826967	1581.787188	2.000000
140.810000	35.610000	-155.127594	20.930099	-1.117302	119.688018	1578.569183	1.000000
140.810000	35.610000	-154.877594	17.680099	-11.912446	121.429724	1622.311927	3.000000
140.810000	35.610000	-154.877594	17.930099	-11.450705	121.302011	1620.051859	3.000000
140.810000	35.610000	-154.877594	18.180099	-10.864844	121.173356	1617.701476	2.000000
140.810000	35.610000	-154.877594	18.430099	-8.932856	121.043976	1615.319831	2.000000
140.810000	35.610000	-154.877594	18.680099	-5.577611	120.913649	1612.566097	1.000000
140.810000	35.610000	-154.877594	18.930099	-3.633461	120.782596	1609.608525	1.000000
140.810000	35.610000	-154.877594	19.180099	-1.985776	120.650591	1606.489984	1.000000
140.810000	35.610000	-154.877594	19.430099	-1.158652	120.517859	1603.271979	2.000000
140.810000	35.610000	-154.877594	19.680099	-1.062893	120.384170	1600.053973	1.000000
140.810000	35.610000	-154.877594	19.930099	-0.966900	120.249752	1596.835967	1.000000
140.810000	35.610000	-154.627594	17.680099	-11.914543	121.431822	1628.386886	2.000000
140.810000	35.610000	-154.627594	17.930099	-11.450382	121.305097	1626.126818	2.000000
140.810000	35.610000	-154.627594	18.180099	-10.250838	121.177519	1623.775577	1.000000
140.810000	35.610000	-154.627594	18.430099	-6.871471	121.049138	1621.237306	1.000000
140.810000	35.610000	-154.627594	18.680099	-3.390094	120.919900	1618.279734	1.000000
140.810000	35.610000	-154.627594	18.930099	-1.736553	120.789857	1615.102752	0.000000
140.810000	35.610000	-154.627594	19.180099	-1.262309	120.658952	1611.884746	0.000000
140.810000	35.610000	-154.377594	17.930099	-11.450678	121.308803	1632.201778	2.000000
140.810000	35.610000	-154.377594	18.180099	-8.145554	121.182215	1629.849677	1.000000
