-155.996994	20.771000	1698.980000	-2.287501
-155.710999	20.046000	1699.984000	-2.678248
-159.401001	21.971001	1625.980000	NaN
-156.658005	20.891001	1683.976000	-3.473205
-157.270004	21.108999	1670.001000	-2.221965
-155.679398	21.205500	1710.980000	-2.351968
-154.994400	21.507000	1730.979000	-2.920133
-154.482803	21.001900	1740.967000	3.519883
-153.982697	21.519699	1753.977000	11.107390
-152.132401	18.481400	1777.120000	1.582224
-153.290604	17.906200	1743.966000	1.635854
-153.700806	17.297501	1730.314000	2.068043
-154.691299	17.180099	1703.981000	1.548085
-154.030502	17.988400	1725.730000	1.214161
-156.932007	19.832701	1666.653000	-3.074651
-157.627594	20.346100	1653.978000	-2.727668
