-155.772995	19.079000	1693.006000	-1.112242
-154.983002	19.601000	1716.969000	-1.310107
-154.617798	20.088900	1729.882000	-1.415404
-153.292099	20.892599	1769.977000	-1.411430
-153.902405	19.979099	1746.970000	-1.490402
-153.503204	19.495199	1753.766000	-1.528389
-154.393997	19.262501	1730.027000	-1.722339
-153.992294	18.797600	1735.821000	-1.521596
-153.295898	18.800900	1752.969000	-2.650175
-154.495895	18.401699	1720.007000	-1.698355
-154.797394	18.803101	1715.341000	-1.629191
-155.714996	18.000299	1686.404000	-1.005818
-156.808197	18.404200	1661.965000	-0.297477
-156.167007	18.301001	1676.972000	-1.349742
-156.465103	18.775000	1672.974000	-0.815687
-157.227295	18.984800	1655.984000	-1.047818
-156.510101	19.477699	1677.221000	-0.453836
