-155.714996	18.000299	1437.535000	-1.204336
-156.167007	18.301001	1436.503000	-0.317398
-155.772995	19.079000	1460.137000	-1.801194
-154.983002	19.601000	1484.103000	-1.699341
-155.679398	21.205500	1509.108000	NaN
-153.992294	18.797600	1482.953000	-0.152668
-153.290604	17.906200	1478.221000	0.927209
-153.700806	17.297501	1459.443000	1.615732
-154.691299	17.180099	1439.111000	0.356677
-154.030502	17.988400	1466.859000	-0.131543
-154.495895	18.401699	1467.140000	-0.037622
-154.797394	18.803101	1469.473000	0.568999
-155.714996	18.000299	1438.111000	-1.204336
-156.808197	18.404200	1428.623000	-1.623148
-156.167007	18.301001	1437.104000	-0.317398
-156.465103	18.775000	1441.730000	-0.976588
-157.627594	20.346100	1457.406000	NaN
