170.500000	-22.010000	-156.770004	19.231400	-0.053315	39.377561	1445.564525	3.000000
170.500000	-22.010000	-156.770004	19.481400	0.689565	39.255115	1450.829783	3.000000
170.500000	-22.010000	-156.770004	19.731400	0.589653	39.133819	1456.083097	3.000000
170.500000	-22.010000	-156.770004	19.981400	-0.179372	39.013699	1461.489024	3.000000
170.500000	-22.010000	-156.770004	20.231400	-0.443821	38.894713	1467.120786	4.000000
170.500000	-22.010000	-156.770004	20.481400	0.208407	38.776882	1472.753838	3.000000
170.500000	-22.010000	-156.770004	20.731400	1.083475	38.660166	1478.301001	3.000000
170.500000	-22.010000	-156.520004	19.231400	-0.615814	39.600874	1449.644836	3.000000
170.500000	-22.010000	-156.520004	19.481400	-0.268147	39.478515	1454.982048	4.000000
170.500000	-22.010000	-156.520004	19.731400	0.707907	39.357289	1460.333885	3.000000
170.500000	-22.010000	-156.520004	19.981400	0.459937	39.237248	1465.720978	4.000000
170.500000	-22.010000	-156.520004	20.231400	-0.569039	39.118322	1471.182796	4.000000
170.500000	-22.010000	-156.520004	20.481400	-1.433859	39.000559	1476.813925	4.000000
170.500000	-22.010000	-156.520004	20.731400	-0.934633	38.883895	1482.455672	3.000000
170.500000	-22.010000	-156.520004	20.981400	1.213945	38.768374	1488.064899	3.000000
170.500000	-22.010000	-156.270004	19.231400	-0.809358	39.822924	1453.725147	3.000000
170.500000	-22.010000	-156.270004	19.481400	-1.230028	39.700654	1459.051501	3.000000
170.500000	-22.010000	-156.270004	19.731400	-0.630455	39.579521	1464.584672	3.000000
170.500000	-22.010000	-156.270004	19.981400	0.301798	39.459558	1469.952932	3.000000
170.500000	-22.010000	-156.270004	20.231400	0.208237	39.340716	1475.414750	4.000000
170.500000	-22.010000	-156.270004	20.481400	-0.624800	39.223022	1480.876567	4.000000
170.500000	-22.010000	-156.270004	20.731400	-1.719961	39.106433	1486.507064	3.000000
170.500000	-22.010000	-156.270004	20.981400	-0.342410	38.990971	1492.230471	3.000000
170.500000	-22.010000	-156.020004	19.231400	-0.991327	40.043816	1457.805458	2.000000
170.500000	-22.010000	-156.020004	19.481400	-1.370056	39.921654	1463.117008	3.000000
170.500000	-22.010000	-156.020004	19.731400	-2.617992	39.800617	1468.628278	3.000000
170.500000	-22.010000	-156.020004	19.981400	-0.505974	39.680753	1474.189466	2.000000
170.500000	-22.010000	-156.020004	20.231400	-0.021425	39.561995	1479.646704	4.000000
170.500000	-22.010000	-156.020004	20.481400	-0.011267	39.444391	1485.108522	3.000000
170.500000	-22.010000	-156.020004	20.731400	-1.248887	39.327877	1490.570339	3.000000
170.500000	-22.010000	-156.020004	20.981400	-1.437702	39.212497	1496.304906	2.000000
170.500000	-22.010000	-155.770004	19.231400	-1.171978	40.263454	1461.885769	2.000000
170.500000	-22.010000	-155.770004	19.481400	-1.020572	40.141406	1467.182515	2.000000
170.500000	-22.010000	-155.770004	19.731400	-3.225731	40.020483	1472.490683	2.000000
170.500000	-22.010000	-155.770004	19.981400	-2.889930	39.900721	1478.390804	3.000000
170.500000	-22.010000	-155.770004	20.231400	-0.554644	39.782068	1483.872589	2.000000
170.500000	-22.010000	-155.770004	20.481400	-0.373483	39.664557	1489.292048	2.000000
170.500000	-22.010000	-155.770004	20.731400	-0.988767	39.548138	1494.711508	2.000000
170.500000	-22.010000	-155.770004	20.981400	-2.029637	39.432840	1500.379342	3.000000
170.500000	-22.010000	-155.520004	19.231400	-1.365744	40.481943	1465.966080	1.000000
170.500000	-22.010000	-155.520004	19.481400	-1.102154	40.360025	1471.248023	2.000000
170.500000	-22.010000	-155.520004	19.731400	-2.236481	40.239221	1476.519330	3.000000
170.500000	-22.010000	-155.520004	19.981400	-4.512066	40.119580	1482.253209	2.000000
170.500000	-22.010000	-155.520004	20.231400	-2.487891	40.001035	1487.997165	3.000000
170.500000	-22.010000	-155.520004	20.481400	-0.792378	39.883635	1493.416625	3.000000
170.500000	-22.010000	-155.520004	20.731400	-1.129885	39.767313	1498.836085	3.000000
170.500000	-22.010000	-155.520004	20.981400	-2.205811	39.652118	1504.450787	2.000000
170.500000	-22.010000	-155.270004	19.231400	-1.594830	40.699189	1470.042222	1.000000
170.500000	-22.010000	-155.270004	19.481400	-1.291226	40.577408	1475.313530	2.000000
170.500000	-22.010000	-155.270004	19.731400	-1.808143	40.456739	1480.584837	2.000000
170.500000	-22.010000	-155.270004	19.981400	-4.375146	40.337223	1486.115614	2.000000
170.500000	-22.010000	-155.270004	20.231400	-4.232566	40.218804	1491.913907	3.000000
170.500000	-22.010000	-155.270004	20.481400	-2.001203	40.101519	1497.541202	4.000000
170.500000	-22.010000	-155.270004	20.731400	-1.210548	39.985315	1502.960661	4.000000
170.500000	-22.010000	-155.270004	20.981400	-2.301140	39.870224	1508.521296	2.000000
170.500000	-22.010000	-155.020004	19.231400	-1.808434	40.915296	1474.107730	1.000000
170.500000	-22.010000	-155.020004	19.481400	-1.507484	40.793666	1479.379037	2.000000
170.500000	-22.010000	-155.020004	19.731400	-1.493004	40.673139	1484.650345	2.000000
170.500000	-22.010000	-155.020004	19.981400	-3.595681	40.553764	1489.978018	2.000000
170.500000	-22.010000	-155.020004	20.231400	-4.919722	40.435476	1495.782255	3.000000
170.500000	-22.010000	-155.020004	20.481400	-3.737914	40.318323	1501.530933	4.000000
170.500000	-22.010000	-155.020004	20.731400	-1.842394	40.202239	1507.085238	4.000000
170.500000	-22.010000	-155.020004	20.981400	-2.385707	40.087271	1512.591805	3.000000
170.500000	-22.010000	-155.020004	21.231400	-2.873043	39.973357	1518.365830	2.000000
170.500000	-22.010000	-154.770004	19.231400	-1.984087	41.130170	1478.173237	1.000000
170.500000	-22.010000	-154.770004	19.481400	-1.722518	41.008699	1483.444544	1.000000
170.500000	-22.010000	-154.770004	19.731400	-1.558497	40.888328	1488.715852	2.000000
170.500000	-22.010000	-154.770004	19.981400	-2.611045	40.769102	1493.987159	3.000000
170.500000	-22.010000	-154.770004	20.231400	-4.575068	40.650960	1499.650603	3.000000
170.500000	-22.010000	-154.770004	20.481400	-4.725813	40.533944	1505.399280	3.000000
170.500000	-22.010000	-154.770004	20.731400	-3.432998	40.417997	1511.147958	3.000000
170.500000	-22.010000	-154.770004	20.981400	-2.549196	40.303156	1516.662313	3.000000
170.500000	-22.010000	-154.520004	18.981400	1.308035	41.466374	1476.945711	0.000000
170.500000	-22.010000	-154.520004	19.231400	-2.158545	41.343915	1482.238744	2.000000
170.500000	-22.010000	-154.520004	19.481400	-1.936434	41.222616	1487.510052	2.000000
170.500000	-22.010000	-154.520004	19.731400	-1.772577	41.102409	1492.781359	3.000000
170.500000	-22.010000	-154.520004	19.981400	-2.766015	40.983344	1498.052667	2.000000
170.500000	-22.010000	-154.520004	20.231400	-3.660352	40.865355	1503.583789	3.000000
170.500000	-22.010000	-154.520004	20.481400	-4.058587	40.748491	1509.301228	3.000000
170.500000	-22.010000	-154.520004	20.731400	-4.355967	40.632686	1515.018667	4.000000
170.500000	-22.010000	-154.520004	20.981400	-3.604243	40.517988	1520.753851	3.000000
170.500000	-22.010000	-154.270004	18.981400	0.746254	41.678711	1481.026022	2.000000
170.500000	-22.010000	-154.270004	19.231400	-2.331715	41.556438	1486.304251	2.000000
170.500000	-22.010000	-154.270004	19.481400	-2.149139	41.435320	1491.575559	2.000000
170.500000	-22.010000	-154.270004	19.731400	-2.779408	41.315290	1496.846866	3.000000
170.500000	-22.010000	-154.270004	19.981400	-3.053029	41.196395	1501.981097	2.000000
170.500000	-22.010000	-154.270004	20.231400	-3.872307	41.078572	1507.663408	3.000000
170.500000	-22.010000	-154.270004	20.481400	-4.311586	40.961867	1513.380847	3.000000
170.500000	-22.010000	-154.270004	20.731400	-4.379738	40.846219	1519.009320	4.000000
170.500000	-22.010000	-154.270004	20.981400	-4.504123	40.731669	1524.513929	3.000000
170.500000	-22.010000	-154.020004	18.981400	0.165314	41.889917	1485.098451	2.000000
170.500000	-22.010000	-154.020004	19.231400	-2.524696	41.767842	1490.369759	2.000000
170.500000	-22.010000	-154.020004	19.481400	-2.597136	41.646916	1495.641066	3.000000
170.500000	-22.010000	-154.020004	19.731400	-3.367210	41.527071	1500.582343	3.000000
170.500000	-22.010000	-154.020004	19.981400	-3.955472	41.408358	1506.035809	2.000000
170.500000	-22.010000	-154.020004	20.231400	-4.833149	41.290709	1511.704663	4.000000
170.500000	-22.010000	-154.020004	20.481400	-5.029182	41.174175	1517.209271	4.000000
170.500000	-22.010000	-154.020004	20.731400	-5.296219	41.058691	1522.713880	4.000000
170.500000	-22.010000	-153.770004	18.981400	-0.382910	42.099903	1489.163958	2.000000
170.500000	-22.010000	-153.770004	19.231400	-2.963288	41.978035	1494.435266	3.000000
170.500000	-22.010000	-153.770004	19.481400	-3.805991	41.857312	1499.385948	3.000000
170.500000	-22.010000	-153.770004	19.731400	-3.471229	41.737663	1504.535355	2.000000
170.500000	-22.010000	-153.770004	19.981400	-4.207550	41.619141	1509.988162	3.000000
170.500000	-22.010000	-153.770004	20.231400	-5.146913	41.501678	1515.409223	3.000000
170.500000	-22.010000	-153.770004	20.481400	-5.582265	41.385324	1520.913831	3.000000
170.500000	-22.010000	-153.770004	20.731400	-5.482218	41.270016	1526.418440	3.000000
170.500000	-22.010000	-153.520004	18.981400	-0.013394	42.308768	1493.229466	2.000000
170.500000	-22.010000	-153.520004	19.231400	-1.431257	42.187120	1498.189553	3.000000
170.500000	-22.010000	-153.520004	19.481400	-1.397602	42.066607	1503.094101	3.000000
170.500000	-22.010000	-153.520004	19.731400	-2.144546	41.947166	1508.454356	2.000000
170.500000	-22.010000	-153.520004	19.981400	-2.686681	41.828844	1513.852330	3.000000
170.500000	-22.010000	-153.520004	20.231400	-3.032085	41.711577	1519.250305	3.000000
170.500000	-22.010000	-153.520004	20.481400	-3.875624	41.595413	1524.648280	3.000000
170.500000	-22.010000	-153.270004	18.981400	0.741171	42.516428	1497.284965	2.000000
170.500000	-22.010000	-153.270004	19.231400	-0.150720	42.395004	1502.462511	2.000000
170.500000	-22.010000	-153.270004	19.481400	0.907160	42.274716	1507.700498	2.000000
170.500000	-22.010000	-153.270004	19.731400	0.706250	42.155489	1512.973277	2.000000
170.500000	-22.010000	-153.270004	19.981400	0.478614	42.037380	1518.246056	2.000000
170.500000	-22.010000	-153.270004	20.231400	0.245496	41.920317	1523.518834	2.000000
170.500000	-22.010000	-153.020004	18.981400	0.566133	42.722974	1501.907431	3.000000
170.500000	-22.010000	-153.020004	19.231400	0.762375	42.601791	1507.120617	2.000000
170.500000	-22.010000	-153.020004	19.481400	0.870406	42.481732	1512.393396	2.000000
170.500000	-22.010000	-153.020004	19.731400	1.033859	42.362733	1517.666174	2.000000
170.500000	-22.010000	-152.770004	18.981400	0.384378	42.928328	1506.540736	3.000000
170.500000	-22.010000	-152.770004	19.231400	0.500911	42.807389	1511.813514	3.000000
