-178.300000	51.080000	-158.401001	21.430099	-0.410453	157.189255	919.400336	0.000000
-178.300000	51.080000	-158.151001	21.180099	-0.386665	157.103379	928.587450	1.000000
-178.300000	51.080000	-158.151001	21.430099	-0.148974	156.956949	922.023428	1.000000
-178.300000	51.080000	-157.901001	20.930099	-0.577151	157.018829	937.774563	1.000000
-178.300000	51.080000	-157.901001	21.180099	-0.064811	156.873686	931.210541	1.000000
-178.300000	51.080000	-157.901001	21.430099	0.120416	156.726402	924.641948	1.000000
-178.300000	51.080000	-157.651001	20.680099	-0.799743	156.935474	946.961677	1.000000
-178.300000	51.080000	-157.651001	20.930099	0.044913	156.791567	940.397655	2.000000
-178.300000	51.080000	-157.651001	21.180099	0.179327	156.645597	933.833632	1.000000
-178.300000	51.080000	-157.651001	21.430099	0.370116	156.497438	927.258020	1.000000
-178.300000	51.080000	-157.401001	20.430099	-1.024740	156.853361	956.148791	1.000000
-178.300000	51.080000	-157.401001	20.680099	0.160089	156.710724	949.584768	1.000000
-178.300000	51.080000	-157.401001	20.930099	0.272448	156.566015	943.020746	2.000000
-178.300000	51.080000	-157.401001	21.180099	0.444529	156.419200	936.455467	1.000000
-178.300000	51.080000	-157.401001	21.430099	0.606383	156.270232	929.874092	1.000000
-178.300000	51.080000	-157.151001	20.180099	-1.252023	156.772365	965.335904	2.000000
-178.300000	51.080000	-157.151001	20.430099	0.273710	156.630948	958.771882	2.000000
-178.300000	51.080000	-157.151001	20.680099	-0.001320	156.487535	952.207860	2.000000
-178.300000	51.080000	-157.151001	20.930099	-1.205688	156.342009	945.643837	2.000000
-178.300000	51.080000	-157.151001	21.180099	0.703137	156.194410	939.071539	2.000000
-178.300000	51.080000	-157.151001	21.430099	0.831998	156.044618	932.490164	2.000000
-178.300000	51.080000	-156.901001	19.930099	-1.481643	156.692531	974.465134	1.000000
-178.300000	51.080000	-156.901001	20.180099	0.294256	156.552368	967.958996	2.000000
-178.300000	51.080000	-156.901001	20.430099	-0.524275	156.410200	961.394973	2.000000
-178.300000	51.080000	-156.901001	20.680099	-2.335557	156.265996	954.928718	2.000000
-178.300000	51.080000	-156.901001	20.930099	-1.985084	156.119712	948.706629	2.000000
-178.300000	51.080000	-156.901001	21.180099	1.068969	155.971316	941.687611	2.000000
-178.300000	51.080000	-156.901001	21.430099	1.055855	155.820761	935.106236	2.000000
-178.300000	51.080000	-156.651001	19.430099	-2.612337	156.750729	989.854165	1.000000
-178.300000	51.080000	-156.651001	19.680099	-1.713486	156.613741	983.591177	1.000000
-178.300000	51.080000	-156.651001	19.930099	0.079113	156.474782	977.146109	2.000000
-178.300000	51.080000	-156.651001	20.180099	-1.091006	156.333892	970.582087	3.000000
-178.300000	51.080000	-156.651001	20.430099	-2.980771	156.190959	964.237573	3.000000
-178.300000	51.080000	-156.651001	20.680099	-3.778174	156.046022	958.015483	2.000000
-178.300000	51.080000	-156.651001	20.930099	0.278197	155.898967	951.639899	4.000000
-178.300000	51.080000	-156.651001	21.180099	1.141357	155.749833	944.444071	3.000000
-178.300000	51.080000	-156.651001	21.430099	1.496844	155.598503	937.722307	2.000000
-178.300000	51.080000	-156.401001	19.180099	-2.499111	156.671861	998.980209	1.000000
-178.300000	51.080000	-156.401001	19.430099	-1.947603	156.536039	992.717221	2.000000
-178.300000	51.080000	-156.401001	19.680099	-0.625791	156.398317	986.333223	2.000000
-178.300000	51.080000	-156.401001	19.930099	-1.739370	156.258655	979.769200	2.000000
-178.300000	51.080000	-156.401001	20.180099	-3.854235	156.117024	973.546427	3.000000
-178.300000	51.080000	-156.401001	20.430099	-4.472923	155.973382	967.340906	3.000000
-178.300000	51.080000	-156.401001	20.680099	-0.611606	155.827700	961.124927	3.000000
-178.300000	51.080000	-156.401001	20.930099	2.313895	155.679931	954.303416	4.000000
-178.300000	51.080000	-156.401001	21.180099	1.339148	155.530047	947.225320	3.000000
-178.300000	51.080000	-156.151001	18.930099	-2.387341	156.593937	1008.106252	1.000000
-178.300000	51.080000	-156.151001	19.180099	-2.179462	156.459312	1001.843264	2.000000
-178.300000	51.080000	-156.151001	19.430099	-1.626093	156.322779	995.520336	2.000000
-178.300000	51.080000	-156.151001	19.680099	-2.608828	156.184376	989.077371	2.000000
-178.300000	51.080000	-156.151001	19.930099	-4.592325	156.043998	982.874859	2.000000
-178.300000	51.080000	-156.151001	20.180099	-4.818025	155.901682	976.716204	3.000000
-178.300000	51.080000	-156.151001	20.430099	-0.967343	155.757319	970.557549	3.000000
-178.300000	51.080000	-156.151001	20.680099	2.548478	155.610946	963.647336	3.000000
-178.300000	51.080000	-156.151001	20.930099	2.463525	155.462453	956.886784	3.000000
-178.300000	51.080000	-156.151001	21.180099	1.576718	155.311875	950.006569	3.000000
-178.300000	51.080000	-155.901001	18.680099	-2.277143	156.517077	1017.232296	1.000000
-178.300000	51.080000	-155.901001	18.930099	-2.080243	156.383603	1010.969308	1.000000
-178.300000	51.080000	-155.901001	19.180099	-1.471912	156.248290	1004.706320	2.000000
-178.300000	51.080000	-155.901001	19.430099	-2.395307	156.111099	998.408811	2.000000
-178.300000	51.080000	-155.901001	19.680099	-3.849093	155.972003	992.250157	2.000000
-178.300000	51.080000	-155.901001	19.930099	-4.102475	155.830962	986.091502	3.000000
-178.300000	51.080000	-155.901001	20.180099	-1.227872	155.687948	979.932848	2.000000
-178.300000	51.080000	-155.901001	20.430099	2.378365	155.542918	973.106439	3.000000
-178.300000	51.080000	-155.901001	20.680099	1.933419	155.395845	966.251037	3.000000
-178.300000	51.080000	-155.901001	20.930099	1.897028	155.246681	959.470153	3.000000
-178.300000	51.080000	-155.901001	21.180099	2.219084	155.095400	952.769592	2.000000
-178.300000	51.080000	-155.651001	18.430099	-2.162227	156.441098	1026.358339	1.000000
-178.300000	51.080000	-155.651001	18.680099	-1.647892	156.308805	1020.095351	1.000000
-178.300000	51.080000	-155.651001	18.930099	-0.926056	156.174666	1013.807699	2.000000
-178.300000	51.080000	-155.651001	19.180099	-0.486621	156.038716	1007.431671	3.000000
-178.300000	51.080000	-155.651001	19.430099	-0.874076	155.900854	1001.321919	3.000000
-178.300000	51.080000	-155.651001	19.680099	-0.968021	155.761117	995.212167	3.000000
-178.300000	51.080000	-155.651001	19.930099	0.481292	155.619402	989.102415	4.000000
-178.300000	51.080000	-155.651001	20.180099	4.048417	155.475744	982.539985	3.000000
-178.300000	51.080000	-155.651001	20.430099	4.291701	155.330036	975.758155	2.000000
-178.300000	51.080000	-155.651001	20.680099	4.117567	155.182315	968.976324	2.000000
-178.300000	51.080000	-155.651001	20.930099	4.044065	155.032471	962.194494	3.000000
-178.300000	51.080000	-155.651001	21.180099	2.940586	154.880539	955.424298	3.000000
-178.300000	51.080000	-155.401001	18.180099	-1.772409	156.366115	1035.484383	2.000000
-178.300000	51.080000	-155.401001	18.430099	-1.135896	156.234960	1029.219834	2.000000
-178.300000	51.080000	-155.401001	18.680099	-0.481188	156.102023	1022.862360	2.000000
-178.300000	51.080000	-155.401001	18.930099	0.200894	155.967268	1016.491947	2.000000
-178.300000	51.080000	-155.401001	19.180099	0.367291	155.830670	1010.067620	3.000000
-178.300000	51.080000	-155.401001	19.430099	1.230026	155.692188	1003.775789	4.000000
-178.300000	51.080000	-155.401001	19.680099	1.657955	155.551800	997.666037	4.000000
-178.300000	51.080000	-155.401001	19.930099	5.133100	155.409461	991.370548	4.000000
-178.300000	51.080000	-155.401001	20.180099	6.696423	155.265148	984.609770	3.000000
-178.300000	51.080000	-155.401001	20.430099	6.841724	155.118814	977.827939	3.000000
-178.300000	51.080000	-155.401001	20.680099	6.582739	154.970436	971.046109	4.000000
-178.300000	51.080000	-155.401001	20.930099	3.252588	154.819964	964.309645	3.000000
-178.300000	51.080000	-155.401001	21.180099	2.628778	154.667374	958.094338	4.000000
-178.300000	51.080000	-155.151001	17.930099	-1.261097	156.291955	1044.610426	2.000000
-178.300000	51.080000	-155.151001	18.180099	-0.627926	156.161965	1038.274495	1.000000
-178.300000	51.080000	-155.151001	18.430099	-0.123936	156.030188	1031.917020	2.000000
-178.300000	51.080000	-155.151001	18.680099	0.126599	155.896655	1025.559546	3.000000
-178.300000	51.080000	-155.151001	18.930099	0.554523	155.761273	1019.153678	3.000000
-178.300000	51.080000	-155.151001	19.180099	0.690259	155.624075	1012.729351	3.000000
-178.300000	51.080000	-155.151001	19.430099	0.925753	155.484963	1006.305023	4.000000
-178.300000	51.080000	-155.151001	19.680099	3.825446	155.343972	1000.119908	4.000000
-178.300000	51.080000	-155.151001	19.930099	6.672544	155.201001	993.438720	3.000000
-178.300000	51.080000	-155.151001	20.180099	6.903479	155.056082	986.679554	3.000000
-178.300000	51.080000	-155.151001	20.430099	6.491725	154.909115	979.897724	4.000000
-178.300000	51.080000	-155.151001	20.680099	3.024692	154.760130	973.194993	4.000000
-178.300000	51.080000	-155.151001	20.930099	0.146906	154.609023	967.064260	4.000000
-178.300000	51.080000	-155.151001	21.180099	3.128867	154.455825	960.685187	4.000000
-178.300000	51.080000	-154.901001	17.680099	-0.753867	156.218728	1053.686630	2.000000
-178.300000	51.080000	-154.901001	17.930099	-0.207530	156.089862	1047.329155	2.000000
-178.300000	51.080000	-154.901001	18.180099	-0.022212	155.959270	1040.971681	2.000000
-178.300000	51.080000	-154.901001	18.430099	0.107844	155.826915	1034.614206	2.000000
-178.300000	51.080000	-154.901001	18.680099	0.529594	155.692777	1028.239736	3.000000
-178.300000	51.080000	-154.901001	18.930099	0.759877	155.556815	1021.815409	3.000000
-178.300000	51.080000	-154.901001	19.180099	0.813144	155.419008	1015.391082	4.000000
-178.300000	51.080000	-154.901001	19.430099	1.478913	155.279314	1008.968327	4.000000
-178.300000	51.080000	-154.901001	19.680099	5.202632	155.137712	1002.275401	4.000000
-178.300000	51.080000	-154.901001	19.930099	6.562527	154.994156	995.506892	4.000000
-178.300000	51.080000	-154.901001	20.180099	6.367884	154.848625	988.749339	3.000000
-178.300000	51.080000	-154.901001	20.430099	2.925850	154.701071	982.080340	3.000000
-178.300000	51.080000	-154.901001	20.680099	-0.204441	154.551473	975.949607	4.000000
-178.300000	51.080000	-154.901001	20.930099	0.642412	154.399779	969.818874	3.000000
-178.300000	51.080000	-154.901001	21.180099	3.649663	154.245968	963.276037	2.000000
-178.300000	51.080000	-154.651001	17.680099	2.695412	156.018553	1056.383816	3.000000
-178.300000	51.080000	-154.651001	17.930099	2.273587	155.889104	1050.026341	2.000000
-178.300000	51.080000	-154.651001	18.180099	1.854275	155.757954	1043.668867	2.000000
-178.300000	51.080000	-154.651001	18.430099	2.101055	155.625014	1037.311392	2.000000
-178.300000	51.080000	-154.651001	18.680099	2.041047	155.490314	1030.901467	3.000000
-178.300000	51.080000	-154.651001	18.930099	1.478363	155.353765	1024.484573	3.000000
-178.300000	51.080000	-154.651001	19.180099	0.984044	155.215394	1018.072928	3.000000
-178.300000	51.080000	-154.651001	19.430099	3.549573	155.075111	1011.616940	3.000000
-178.300000	51.080000	-154.651001	19.680099	5.896286	154.932943	1004.648191	3.000000
-178.300000	51.080000	-154.651001	19.930099	6.945601	154.788796	997.679442	3.000000
-178.300000	51.080000	-154.651001	20.180099	3.911888	154.642699	990.965687	3.000000
-178.300000	51.080000	-154.651001	20.430099	0.678845	154.494553	984.834954	3.000000
-178.300000	51.080000	-154.651001	20.680099	0.616692	154.344388	978.704221	3.000000
-178.300000	51.080000	-154.651001	20.930099	1.575873	154.192103	972.573489	3.000000
-178.300000	51.080000	-154.401001	17.680099	6.079322	155.819797	1058.406062	4.000000
-178.300000	51.080000	-154.401001	17.930099	5.465515	155.689809	1052.176918	4.000000
-178.300000	51.080000	-154.401001	18.180099	5.682661	155.558093	1045.947774	3.000000
-178.300000	51.080000	-154.401001	18.430099	6.715623	155.424611	1039.575492	3.000000
-178.300000	51.080000	-154.401001	18.680099	7.233075	155.289343	1033.265106	3.000000
-178.300000	51.080000	-154.401001	18.930099	6.573925	155.152249	1027.008300	4.000000
-178.300000	51.080000	-154.401001	19.180099	5.991831	155.013309	1020.751493	4.000000
-178.300000	51.080000	-154.401001	19.430099	7.188039	154.872479	1013.923503	3.000000
-178.300000	51.080000	-154.401001	19.680099	8.067408	154.729741	1006.837938	3.000000
-178.300000	51.080000	-154.401001	19.930099	6.220674	154.585047	999.752373	3.000000
-178.300000	51.080000	-154.401001	20.180099	2.289905	154.438378	993.485061	3.000000
-178.300000	51.080000	-154.401001	20.430099	1.943673	154.289685	987.396035	2.000000
-178.300000	51.080000	-154.401001	20.680099	1.876729	154.138950	981.308308	2.000000
-178.300000	51.080000	-154.401001	20.930099	3.350226	153.986118	975.220581	2.000000
-178.300000	51.080000	-154.151001	17.680099	7.111073	155.622388	1060.254160	4.000000
-178.300000	51.080000	-154.151001	17.930099	6.359684	155.491853	1054.071824	4.000000
-178.300000	51.080000	-154.151001	18.180099	7.465687	155.359613	1047.735093	3.000000
-178.300000	51.080000	-154.151001	18.430099	8.725507	155.225582	1041.188350	4.000000
-178.300000	51.080000	-154.151001	18.680099	9.692622	155.089788	1034.650033	4.000000
-178.300000	51.080000	-154.151001	18.930099	10.623355	154.952144	1028.393227	4.000000
-178.300000	51.080000	-154.151001	19.180099	9.883771	154.812677	1022.327049	4.000000
-178.300000	51.080000	-154.151001	19.430099	8.423760	154.671296	1015.864943	4.000000
-178.300000	51.080000	-154.151001	19.680099	8.852164	154.528029	1008.779379	3.000000
-178.300000	51.080000	-154.151001	19.930099	4.050599	154.382785	1002.049511	3.000000
-178.300000	51.080000	-154.151001	20.180099	2.422841	154.235588	995.953712	3.000000
-178.300000	51.080000	-154.151001	20.430099	2.553232	154.086346	989.859792	3.000000
-178.300000	51.080000	-154.151001	20.680099	2.672503	153.935082	983.772065	3.000000
-178.300000	51.080000	-154.151001	20.930099	4.461880	153.781703	977.684338	3.000000
-178.300000	51.080000	-153.901001	17.680099	5.412383	155.426399	1062.060104	3.000000
-178.300000	51.080000	-153.901001	17.930099	4.781225	155.295358	1056.081204	2.000000
-178.300000	51.080000	-153.901001	18.180099	5.123630	155.162588	1049.730869	3.000000
-178.300000	51.080000	-153.901001	18.430099	5.709351	155.028049	1043.146600	2.000000
-178.300000	51.080000	-153.901001	18.680099	5.969443	154.891724	1036.562331	3.000000
-178.300000	51.080000	-153.901001	18.930099	6.558047	154.753571	1030.006493	3.000000
-178.300000	51.080000	-153.901001	19.180099	8.287642	154.613571	1023.989382	3.000000
-178.300000	51.080000	-153.901001	19.430099	8.762752	154.471681	1017.806384	3.000000
-178.300000	51.080000	-153.901001	19.680099	6.692605	154.327883	1010.720819	3.000000
-178.300000	51.080000	-153.901001	19.930099	2.693827	154.182128	1004.518161	3.000000
-178.300000	51.080000	-153.901001	20.180099	2.627241	154.034401	998.422362	4.000000
-178.300000	51.080000	-153.901001	20.430099	2.742612	153.884650	992.326563	3.000000
-178.300000	51.080000	-153.901001	20.680099	2.879894	153.732858	986.235822	3.000000
-178.300000	51.080000	-153.651001	17.680099	3.315022	155.231759	1064.271746	2.000000
-178.300000	51.080000	-153.651001	17.930099	3.668761	155.100206	1058.323607	2.000000
-178.300000	51.080000	-153.651001	18.180099	3.384567	154.966945	1052.138497	2.000000
-178.300000	51.080000	-153.651001	18.430099	4.089830	154.831894	1045.554227	2.000000
-178.300000	51.080000	-153.651001	18.680099	4.153962	154.695077	1038.969958	3.000000
-178.300000	51.080000	-153.651001	18.930099	4.170130	154.556410	1032.416078	3.000000
-178.300000	51.080000	-153.651001	19.180099	5.992209	154.415919	1025.871685	3.000000
-178.300000	51.080000	-153.651001	19.430099	7.581428	154.273516	1019.634604	2.000000
-178.300000	51.080000	-153.651001	19.680099	3.486959	154.129226	1013.082611	3.000000
-178.300000	51.080000	-153.651001	19.930099	2.558350	153.982961	1006.986812	3.000000
-178.300000	51.080000	-153.651001	20.180099	2.826899	153.834743	1000.891013	3.000000
-178.300000	51.080000	-153.651001	20.430099	2.943212	153.684483	994.795214	4.000000
-178.300000	51.080000	-153.651001	20.680099	3.107894	153.532202	988.699579	2.000000
-178.300000	51.080000	-153.401001	17.930099	3.595938	154.906512	1060.566010	2.000000
-178.300000	51.080000	-153.401001	18.180099	3.707720	154.772756	1054.546124	2.000000
-178.300000	51.080000	-153.401001	18.430099	4.284493	154.637230	1047.961855	2.000000
-178.300000	51.080000	-153.401001	18.680099	4.322859	154.499919	1041.377585	2.000000
-178.300000	51.080000	-153.401001	18.930099	4.336367	154.360777	1034.830485	2.000000
-178.300000	51.080000	-153.401001	19.180099	4.418496	154.219791	1028.286091	2.000000
-178.300000	51.080000	-153.401001	19.430099	3.846026	154.076914	1021.758932	2.000000
-178.300000	51.080000	-153.401001	19.680099	1.579216	153.932131	1015.625422	1.000000
-178.300000	51.080000	-153.401001	19.930099	1.845035	153.785393	1009.491911	2.000000
-178.300000	51.080000	-153.401001	20.180099	2.049123	153.636684	1003.359663	2.000000
-178.300000	51.080000	-153.401001	20.430099	2.257831	153.485953	997.263864	2.000000
-178.300000	51.080000	-153.151001	18.180099	4.335361	154.579950	1056.860274	1.000000
-178.300000	51.080000	-153.151001	18.430099	4.334422	154.443947	1050.369482	3.000000
-178.300000	51.080000	-153.151001	18.680099	4.479477	154.306177	1043.789284	2.000000
-178.300000	51.080000	-153.151001	18.930099	4.526573	154.166559	1037.244891	2.000000
-178.300000	51.080000	-153.151001	19.180099	3.280767	154.025116	1030.700498	2.000000
-178.300000	51.080000	-153.151001	19.430099	1.107513	153.881764	1024.477213	1.000000
-178.300000	51.080000	-153.151001	19.680099	1.058108	153.736525	1018.343703	1.000000
-178.300000	51.080000	-153.151001	19.930099	1.170612	153.589314	1012.210192	2.000000
-178.300000	51.080000	-152.901001	18.180099	4.574738	154.388596	1059.102677	1.000000
-178.300000	51.080000	-152.901001	18.430099	4.268867	154.252150	1052.777109	1.000000
-178.300000	51.080000	-152.901001	18.680099	4.650897	154.113921	1046.203691	2.000000
-178.300000	51.080000	-152.901001	18.930099	3.963357	153.973862	1039.659298	2.000000
-178.300000	51.080000	-152.901001	19.180099	1.740606	153.831961	1033.329005	1.000000
-178.300000	51.080000	-152.901001	19.430099	1.140662	153.688170	1027.195495	1.000000
-178.300000	51.080000	-152.651001	18.430099	4.195918	154.061735	1055.184736	1.000000
-178.300000	51.080000	-152.651001	18.680099	4.672206	153.923081	1048.618098	1.000000
-178.300000	51.080000	-152.651001	18.930099	2.436541	153.782581	1042.180797	2.000000
