-156.510101	19.477699	1233.704000	0.811177
-157.627594	20.346100	1259.776000	1.115638
-155.772995	19.079000	1215.423000	1.610542
-155.996994	20.771000	1214.395000	-0.131445
-154.983002	19.601000	1193.398000	2.251926
-155.710999	20.046000	1210.398000	1.466346
-159.401001	21.971001	1296.424000	NaN
-156.658005	20.891001	1231.415000	0.687727
-156.755997	21.136000	1232.415000	-0.923142
-154.482803	21.001900	1175.381000	1.089141
-153.292099	20.892599	1145.389000	NaN
-154.393997	19.262501	1179.444000	1.889399
-153.992294	18.797600	1170.177000	1.556769
-154.691299	17.180099	1196.391000	-0.295079
-154.030502	17.988400	1175.049000	1.264963
-154.495895	18.401699	1184.419000	2.350081
-154.797394	18.803101	1190.376000	1.621185
-156.465103	18.775000	1235.207000	2.511916
-157.227295	18.984800	1254.403000	2.147633
-156.510101	19.477699	1233.380000	0.811177
-156.932007	19.832701	1243.942000	0.623333
-157.627594	20.346100	1260.376000	1.115638
