-138.910000	-57.570000	-158.651001	21.430099	7.746682	349.423830	2221.708726	1.000000
-138.910000	-57.570000	-158.401001	21.180099	7.744479	349.545126	2214.413015	0.000000
-138.910000	-57.570000	-158.401001	21.430099	7.087289	349.552679	2221.343804	0.000000
-138.910000	-57.570000	-158.151001	20.680099	8.947824	349.658642	2200.029281	2.000000
-138.910000	-57.570000	-158.151001	20.930099	7.730681	349.666555	2207.117305	2.000000
-138.910000	-57.570000	-158.151001	21.180099	7.093894	349.674244	2214.048094	1.000000
-138.910000	-57.570000	-158.151001	21.430099	5.491161	349.681750	2220.978883	1.000000
-138.910000	-57.570000	-157.901001	20.430099	8.927467	349.780022	2192.710960	2.000000
-138.910000	-57.570000	-157.901001	20.680099	7.716082	349.788064	2199.821595	2.000000
-138.910000	-57.570000	-157.901001	20.930099	6.977649	349.795902	2206.752384	2.000000
-138.910000	-57.570000	-157.901001	21.180099	6.898083	349.803539	2213.683173	1.000000
-138.910000	-57.570000	-157.901001	21.430099	2.989021	349.810974	2220.333828	1.000000
-138.910000	-57.570000	-157.651001	19.930099	7.888345	349.893175	2178.191830	2.000000
-138.910000	-57.570000	-157.651001	20.180099	7.005161	349.901540	2185.392638	2.000000
-138.910000	-57.570000	-157.651001	20.430099	7.367262	349.909724	2192.525884	2.000000
-138.910000	-57.570000	-157.651001	20.680099	6.837840	349.917686	2199.456673	2.000000
-138.910000	-57.570000	-157.651001	20.930099	6.848082	349.925469	2206.387463	2.000000
-138.910000	-57.570000	-157.651001	21.180099	6.299236	349.933031	2213.318252	1.000000
-138.910000	-57.570000	-157.651001	21.430099	1.401199	349.940416	2219.527580	1.000000
-138.910000	-57.570000	-157.401001	19.680099	5.619552	350.014678	2170.788136	3.000000
-138.910000	-57.570000	-157.401001	19.930099	4.685319	350.023178	2177.784852	2.000000
-138.910000	-57.570000	-157.401001	20.180099	4.874154	350.031479	2184.783081	3.000000
-138.910000	-57.570000	-157.401001	20.430099	5.571693	350.039580	2192.084130	3.000000
-138.910000	-57.570000	-157.401001	20.680099	6.642980	350.047484	2199.086449	3.000000
-138.910000	-57.570000	-157.401001	20.930099	6.633503	350.055188	2206.022542	3.000000
-138.910000	-57.570000	-157.401001	21.180099	3.942689	350.062696	2212.876294	2.000000
-138.910000	-57.570000	-157.401001	21.430099	0.608282	350.070007	2218.656208	1.000000
-138.910000	-57.570000	-157.151001	19.430099	3.169336	350.136359	2162.979850	3.000000
-138.910000	-57.570000	-157.151001	19.680099	2.738085	350.144970	2169.976565	4.000000
-138.910000	-57.570000	-157.151001	19.930099	3.538595	350.153403	2176.973281	3.000000
-138.910000	-57.570000	-157.151001	20.180099	4.916709	350.161617	2184.196132	3.000000
-138.910000	-57.570000	-157.151001	20.430099	4.894862	350.169655	2191.497181	4.000000
-138.910000	-57.570000	-157.151001	20.680099	6.038955	350.177476	2198.702596	4.000000
-138.910000	-57.570000	-157.151001	20.930099	6.315536	350.185123	2205.642259	4.000000
-138.910000	-57.570000	-157.151001	21.180099	1.812890	350.192554	2212.081217	2.000000
-138.910000	-57.570000	-157.151001	21.430099	0.416816	350.199812	2217.784836	2.000000
-138.910000	-57.570000	-156.901001	18.930099	2.748938	350.249230	2148.239440	3.000000
-138.910000	-57.570000	-156.901001	19.180099	2.603274	350.258165	2155.120171	4.000000
-138.910000	-57.570000	-156.901001	19.430099	2.266527	350.266900	2162.123562	4.000000
-138.910000	-57.570000	-156.901001	19.680099	2.841235	350.275439	2169.143016	3.000000
-138.910000	-57.570000	-156.901001	19.930099	4.270104	350.283781	2176.307127	4.000000
-138.910000	-57.570000	-156.901001	20.180099	4.675035	350.291929	2183.609183	4.000000
-138.910000	-57.570000	-156.901001	20.430099	4.705444	350.299881	2190.910232	3.000000
-138.910000	-57.570000	-156.901001	20.680099	5.054450	350.307640	2198.211281	3.000000
-138.910000	-57.570000	-156.901001	20.930099	5.117017	350.315206	2205.258406	4.000000
-138.910000	-57.570000	-156.901001	21.180099	0.968003	350.322580	2211.286140	2.000000
-138.910000	-57.570000	-156.901001	21.430099	0.224390	350.329761	2216.913464	2.000000
-138.910000	-57.570000	-156.651001	18.680099	2.038258	350.371114	2140.666022	4.000000
-138.910000	-57.570000	-156.651001	18.930099	2.747711	350.380165	2147.457914	4.000000
-138.910000	-57.570000	-156.651001	19.180099	2.790123	350.389000	2154.338645	4.000000
-138.910000	-57.570000	-156.651001	19.430099	2.365997	350.397660	2161.246697	4.000000
-138.910000	-57.570000	-156.651001	19.680099	3.304271	350.406104	2168.364368	3.000000
-138.910000	-57.570000	-156.651001	19.930099	3.907114	350.414376	2175.676679	3.000000
-138.910000	-57.570000	-156.651001	20.180099	3.859045	350.422434	2182.988990	3.000000
-138.910000	-57.570000	-156.651001	20.430099	3.815083	350.430321	2190.301302	3.000000
-138.910000	-57.570000	-156.651001	20.680099	3.667307	350.437995	2197.613613	2.000000
-138.910000	-57.570000	-156.651001	20.930099	2.037788	350.445500	2204.666606	2.000000
-138.910000	-57.570000	-156.651001	21.180099	0.161152	350.452794	2210.416389	1.000000
-138.910000	-57.570000	-156.651001	21.430099	0.092895	350.459920	2216.042091	1.000000
-138.910000	-57.570000	-156.401001	18.430099	1.474473	350.493163	2132.939604	3.000000
-138.910000	-57.570000	-156.401001	18.680099	1.833653	350.502307	2139.774883	3.000000
-138.910000	-57.570000	-156.401001	18.930099	2.677079	350.511255	2146.680742	3.000000
-138.910000	-57.570000	-156.401001	19.180099	2.710513	350.520010	2153.562415	3.000000
-138.910000	-57.570000	-156.401001	19.430099	2.731964	350.528572	2160.444087	2.000000
-138.910000	-57.570000	-156.401001	19.680099	3.112609	350.536942	2167.645478	2.000000
-138.910000	-57.570000	-156.401001	19.930099	3.061526	350.545120	2174.940028	2.000000
-138.910000	-57.570000	-156.401001	20.180099	2.970051	350.553109	2182.234579	2.000000
-138.910000	-57.570000	-156.401001	20.430099	2.878404	350.560907	2189.529130	2.000000
-138.910000	-57.570000	-156.401001	20.680099	1.476060	350.568517	2196.823680	2.000000
-138.910000	-57.570000	-156.401001	20.930099	-0.008561	350.575938	2203.680556	2.000000
-138.910000	-57.570000	-156.401001	21.180099	-0.323645	350.583173	2209.532804	1.000000
-138.910000	-57.570000	-156.401001	21.430099	-0.027346	350.590219	2215.170719	1.000000
-138.910000	-57.570000	-156.151001	18.430099	1.699413	350.624661	2132.032255	2.000000
-138.910000	-57.570000	-156.151001	18.680099	1.902578	350.633697	2138.914336	2.000000
-138.910000	-57.570000	-156.151001	18.930099	2.220317	350.642562	2145.900077	2.000000
-138.910000	-57.570000	-156.151001	19.180099	2.626892	350.651215	2152.795590	2.000000
-138.910000	-57.570000	-156.151001	19.430099	2.737647	350.659699	2159.677263	2.000000
-138.910000	-57.570000	-156.151001	19.680099	2.629548	350.667972	2166.845317	2.000000
-138.910000	-57.570000	-156.151001	19.930099	2.668680	350.676077	2174.139867	1.000000
-138.910000	-57.570000	-156.151001	20.180099	2.650270	350.683973	2181.434418	2.000000
-138.910000	-57.570000	-156.151001	20.430099	1.768850	350.691703	2188.728968	2.000000
-138.910000	-57.570000	-156.151001	20.680099	0.105608	350.699225	2195.763411	1.000000
-138.910000	-57.570000	-156.151001	20.930099	-0.063511	350.706583	2202.694506	2.000000
-138.910000	-57.570000	-156.151001	21.180099	-0.729871	350.713734	2208.577222	1.000000
-138.910000	-57.570000	-156.151001	21.430099	-0.089065	350.720723	2214.299347	1.000000
-138.910000	-57.570000	-155.901001	18.180099	1.480447	350.747173	2124.179585	1.000000
-138.910000	-57.570000	-155.901001	18.430099	1.664671	350.756311	2131.171708	2.000000
-138.910000	-57.570000	-155.901001	18.680099	1.769462	350.765261	2138.053788	2.000000
-138.910000	-57.570000	-155.901001	18.930099	1.783110	350.774020	2145.036614	2.000000
-138.910000	-57.570000	-155.901001	19.180099	2.396516	350.782591	2152.028765	3.000000
-138.910000	-57.570000	-155.901001	19.430099	2.590808	350.790973	2158.910438	3.000000
-138.910000	-57.570000	-155.901001	19.680099	2.483007	350.799170	2166.045155	3.000000
-138.910000	-57.570000	-155.901001	19.930099	2.537579	350.807178	2173.339706	2.000000
-138.910000	-57.570000	-155.901001	20.180099	2.047394	350.815003	2180.634257	1.000000
-138.910000	-57.570000	-155.901001	20.430099	0.316646	350.822641	2187.751936	1.000000
-138.910000	-57.570000	-155.901001	20.680099	0.006229	350.830096	2194.708631	1.000000
-138.910000	-57.570000	-155.901001	20.930099	-0.414468	350.837367	2201.708457	2.000000
-138.910000	-57.570000	-155.901001	21.180099	-0.764541	350.844457	2207.621640	1.000000
-138.910000	-57.570000	-155.651001	18.180099	1.365958	350.879130	2123.272863	1.000000
-138.910000	-57.570000	-155.651001	18.430099	1.360879	350.888178	2130.280896	3.000000
-138.910000	-57.570000	-155.651001	18.680099	1.652237	350.897017	2137.193240	3.000000
-138.910000	-57.570000	-155.651001	18.930099	1.682906	350.905691	2144.173151	4.000000
-138.910000	-57.570000	-155.651001	19.180099	1.898267	350.914157	2151.228223	4.000000
-138.910000	-57.570000	-155.651001	19.430099	2.459501	350.922458	2158.143613	2.000000
-138.910000	-57.570000	-155.651001	19.680099	2.336209	350.930554	2165.244994	2.000000
-138.910000	-57.570000	-155.651001	19.930099	2.320553	350.938487	2172.539545	3.000000
-138.910000	-57.570000	-155.651001	20.180099	0.594867	350.946216	2179.740461	1.000000
-138.910000	-57.570000	-155.651001	20.430099	-0.310291	350.953784	2186.672878	0.000000
-138.910000	-57.570000	-155.651001	20.680099	-0.091600	350.961149	2193.657091	1.000000
-138.910000	-57.570000	-155.651001	20.930099	-0.776229	350.968354	2200.659504	1.000000
-138.910000	-57.570000	-155.651001	21.180099	-0.750248	350.975358	2206.666058	1.000000
-138.910000	-57.570000	-155.401001	17.930099	1.253501	351.002137	2115.358108	1.000000
-138.910000	-57.570000	-155.401001	18.180099	1.233829	351.011259	2122.366141	2.000000
-138.910000	-57.570000	-155.401001	18.430099	1.186635	351.020193	2129.374174	2.000000
-138.910000	-57.570000	-155.401001	18.680099	1.543182	351.028943	2136.332692	2.000000
-138.910000	-57.570000	-155.401001	18.930099	1.549567	351.037507	2143.309688	3.000000
-138.910000	-57.570000	-155.401001	19.180099	1.548413	351.045888	2150.364760	2.000000
-138.910000	-57.570000	-155.401001	19.430099	2.129249	351.054086	2157.376789	2.000000
-138.910000	-57.570000	-155.401001	19.680099	2.184332	351.062102	2164.444833	2.000000
-138.910000	-57.570000	-155.401001	19.930099	0.882691	351.069936	2171.728986	2.000000
-138.910000	-57.570000	-155.401001	20.180099	-0.487276	351.077591	2178.661403	1.000000
-138.910000	-57.570000	-155.401001	20.430099	-0.305908	351.085064	2185.603140	1.000000
-138.910000	-57.570000	-155.401001	20.680099	-0.211146	351.092360	2192.605552	2.000000
-138.910000	-57.570000	-155.401001	20.930099	-0.848676	351.099476	2199.607965	1.000000
-138.910000	-57.570000	-155.401001	21.180099	-0.738237	351.106415	2205.710476	1.000000
-138.910000	-57.570000	-155.151001	17.930099	1.121402	351.134575	2114.451386	2.000000
-138.910000	-57.570000	-155.151001	18.180099	1.101510	351.143578	2121.459419	2.000000
-138.910000	-57.570000	-155.151001	18.430099	1.079774	351.152419	2128.467452	2.000000
-138.910000	-57.570000	-155.151001	18.680099	1.251626	351.161056	2135.472144	1.000000
-138.910000	-57.570000	-155.151001	18.930099	1.416019	351.169532	2142.446226	2.000000
-138.910000	-57.570000	-155.151001	19.180099	1.438838	351.177805	2149.501297	2.000000
-138.910000	-57.570000	-155.151001	19.430099	1.481430	351.185919	2156.556368	2.000000
-138.910000	-57.570000	-155.151001	19.680099	1.048844	351.193832	2163.644672	2.000000
-138.910000	-57.570000	-155.151001	19.930099	-0.554505	351.201589	2170.649929	2.000000
-138.910000	-57.570000	-155.151001	20.180099	-0.600535	351.209145	2177.582346	1.000000
-138.910000	-57.570000	-155.151001	20.430099	-0.341917	351.216545	2184.551600	2.000000
-138.910000	-57.570000	-155.151001	20.680099	-0.342534	351.223747	2191.554013	2.000000
-138.910000	-57.570000	-155.151001	20.930099	-0.910474	351.230795	2198.556425	2.000000
-138.910000	-57.570000	-155.151001	21.180099	-0.730489	351.237646	2204.754894	1.000000
-138.910000	-57.570000	-154.901001	17.680099	0.821388	351.258071	2106.536631	2.000000
-138.910000	-57.570000	-154.901001	17.930099	0.759377	351.267158	2113.544664	2.000000
-138.910000	-57.570000	-154.901001	18.180099	0.697260	351.276064	2120.552697	2.000000
-138.910000	-57.570000	-154.901001	18.430099	0.635037	351.284788	2127.560730	2.000000
-138.910000	-57.570000	-154.901001	18.680099	0.603253	351.293333	2134.568763	2.000000
-138.910000	-57.570000	-154.901001	18.930099	0.745634	351.301697	2141.582763	3.000000
-138.910000	-57.570000	-154.901001	19.180099	0.528948	351.309883	2148.637834	3.000000
-138.910000	-57.570000	-154.901001	19.430099	0.250983	351.317891	2155.660441	3.000000
-138.910000	-57.570000	-154.901001	19.680099	-0.441110	351.325722	2162.637094	3.000000
-138.910000	-57.570000	-154.901001	19.930099	-0.755509	351.333376	2169.570871	3.000000
-138.910000	-57.570000	-154.901001	20.180099	-0.620657	351.340856	2176.503288	3.000000
-138.910000	-57.570000	-154.901001	20.430099	-0.455893	351.348159	2183.500061	3.000000
-138.910000	-57.570000	-154.901001	20.680099	-0.474076	351.355289	2190.502473	2.000000
-138.910000	-57.570000	-154.901001	20.930099	-0.973377	351.362245	2197.504886	2.000000
-138.910000	-57.570000	-154.901001	21.180099	-0.726811	351.369029	2203.799312	2.000000
-138.910000	-57.570000	-154.651001	17.680099	0.036457	351.390965	2105.585447	3.000000
-138.910000	-57.570000	-154.651001	17.930099	-0.026251	351.399951	2112.583523	3.000000
-138.910000	-57.570000	-154.651001	18.180099	-0.089056	351.408736	2119.581600	3.000000
-138.910000	-57.570000	-154.651001	18.430099	-0.130913	351.417364	2126.579677	3.000000
-138.910000	-57.570000	-154.651001	18.680099	-0.089007	351.425793	2133.580833	3.000000
-138.910000	-57.570000	-154.651001	18.930099	-0.139718	351.434066	2140.587097	4.000000
-138.910000	-57.570000	-154.651001	19.180099	-0.430148	351.442141	2147.594478	4.000000
-138.910000	-57.570000	-154.651001	19.430099	-0.688984	351.450063	2154.599541	4.000000
-138.910000	-57.570000	-154.651001	19.680099	-0.777931	351.457789	2161.543122	3.000000
-138.910000	-57.570000	-154.651001	19.930099	-0.633268	351.465362	2168.486702	3.000000
-138.910000	-57.570000	-154.651001	20.180099	-0.405973	351.472741	2175.446109	3.000000
-138.910000	-57.570000	-154.651001	20.430099	-0.414131	351.479969	2182.448522	3.000000
-138.910000	-57.570000	-154.651001	20.680099	-0.473400	351.487003	2189.450934	2.000000
-138.910000	-57.570000	-154.651001	20.930099	-1.134984	351.493889	2196.453346	2.000000
-138.910000	-57.570000	-154.651001	21.180099	-0.727059	351.500582	2202.843730	2.000000
-138.910000	-57.570000	-154.401001	17.680099	0.533099	351.524024	2104.526419	3.000000
-138.910000	-57.570000	-154.401001	17.930099	-0.570426	351.532884	2111.524495	4.000000
-138.910000	-57.570000	-154.401001	18.180099	-0.563527	351.541570	2118.522572	3.000000
-138.910000	-57.570000	-154.401001	18.430099	-0.470373	351.550078	2125.525204	3.000000
-138.910000	-57.570000	-154.401001	18.680099	-0.402742	351.558412	2132.546957	3.000000
-138.910000	-57.570000	-154.401001	18.930099	-0.444426	351.566571	2139.553015	4.000000
-138.910000	-57.570000	-154.401001	19.180099	-0.567584	351.574557	2146.544516	4.000000
-138.910000	-57.570000	-154.401001	19.430099	-0.649756	351.582369	2153.520748	4.000000
-138.910000	-57.570000	-154.401001	19.680099	-0.454212	351.590010	2160.491100	4.000000
-138.910000	-57.570000	-154.401001	19.930099	-0.353970	351.597479	2167.461452	4.000000
-138.910000	-57.570000	-154.401001	20.180099	-0.249496	351.604778	2174.443351	3.000000
-138.910000	-57.570000	-154.401001	20.430099	-0.334775	351.611907	2181.436895	3.000000
-138.910000	-57.570000	-154.401001	20.680099	-1.073194	351.618867	2188.430438	4.000000
-138.910000	-57.570000	-154.401001	20.930099	-2.142186	351.625658	2195.379900	3.000000
-138.910000	-57.570000	-154.401001	21.180099	-1.760186	351.632282	2201.888149	2.000000
-138.910000	-57.570000	-154.151001	17.680099	2.473953	351.657265	2103.749363	3.000000
-138.910000	-57.570000	-154.151001	17.930099	0.668941	351.666023	2110.465468	3.000000
-138.910000	-57.570000	-154.151001	18.180099	-0.057260	351.674584	2117.469576	3.000000
-138.910000	-57.570000	-154.151001	18.430099	-0.037556	351.682994	2124.491329	3.000000
-138.910000	-57.570000	-154.151001	18.680099	-0.118148	351.691209	2131.513081	3.000000
-138.910000	-57.570000	-154.151001	18.930099	-0.598746	351.699274	2138.518932	4.000000
-138.910000	-57.570000	-154.151001	19.180099	-0.647439	351.707147	2145.506654	4.000000
-138.910000	-57.570000	-154.151001	19.430099	-0.607877	351.714871	2152.500562	4.000000
-138.910000	-57.570000	-154.151001	19.680099	-0.500893	351.722404	2159.495985	4.000000
-138.910000	-57.570000	-154.151001	19.930099	-0.384756	351.729790	2166.466337	4.000000
-138.910000	-57.570000	-154.151001	20.180099	-0.865257	351.736985	2173.451796	3.000000
-138.910000	-57.570000	-154.151001	20.430099	-1.635454	351.744036	2180.437471	4.000000
-138.910000	-57.570000	-154.151001	20.680099	-2.420446	351.750898	2187.278703	4.000000
-138.910000	-57.570000	-154.151001	20.930099	-3.106211	351.757616	2194.119934	4.000000
-138.910000	-57.570000	-154.151001	21.180099	-3.164999	351.764146	2200.721283	3.000000
-138.910000	-57.570000	-153.901001	17.680099	3.224964	351.790667	2103.226236	4.000000
-138.910000	-57.570000	-153.901001	17.930099	2.498888	351.799296	2109.767655	2.000000
-138.910000	-57.570000	-153.901001	18.180099	1.697950	351.807756	2116.558921	4.000000
-138.910000	-57.570000	-153.901001	18.430099	0.896479	351.816043	2123.568598	4.000000
-138.910000	-57.570000	-153.901001	18.680099	0.770313	351.824161	2130.578275	4.000000
-138.910000	-57.570000	-153.901001	18.930099	0.291688	351.832109	2137.480323	4.000000
-138.910000	-57.570000	-153.901001	19.180099	-0.465512	351.839890	2144.467072	4.000000
-138.910000	-57.570000	-153.901001	19.430099	-0.831481	351.847501	2151.456490	4.000000
-138.910000	-57.570000	-153.901001	19.680099	-0.831610	351.854948	2158.460427	3.000000
-138.910000	-57.570000	-153.901001	19.930099	-1.518471	351.862226	2165.464365	3.000000
-138.910000	-57.570000	-153.901001	20.180099	-2.305187	351.869341	2172.336274	4.000000
-138.910000	-57.570000	-153.901001	20.430099	-2.995183	351.876289	2179.177505	3.000000
-138.910000	-57.570000	-153.901001	20.680099	-3.019721	351.883074	2186.018737	3.000000
-138.910000	-57.570000	-153.901001	20.930099	-3.283035	351.889695	2192.859968	3.000000
-138.910000	-57.570000	-153.901001	21.180099	-3.764421	351.896154	2199.434934	3.000000
-138.910000	-57.570000	-153.651001	17.680099	3.272725	351.924246	2102.660711	3.000000
-138.910000	-57.570000	-153.651001	17.930099	2.990462	351.932769	2109.198915	4.000000
-138.910000	-57.570000	-153.651001	18.180099	3.092130	351.941102	2115.976974	4.000000
-138.910000	-57.570000	-153.651001	18.430099	2.228335	351.949288	2122.790475	4.000000
-138.910000	-57.570000	-153.651001	18.680099	1.324508	351.957285	2129.800152	4.000000
-138.910000	-57.570000	-153.651001	18.930099	1.190266	351.965138	2136.701498	4.000000
-138.910000	-57.570000	-153.651001	19.180099	0.441594	351.972802	2143.504249	4.000000
-138.910000	-57.570000	-153.651001	19.430099	0.285170	351.980324	2150.414239	4.000000
-138.910000	-57.570000	-153.651001	19.680099	-1.008950	351.987658	2157.412458	3.000000
-138.910000	-57.570000	-153.651001	19.930099	-2.377006	351.994852	2164.246799	3.000000
-138.910000	-57.570000	-153.651001	20.180099	-3.047415	352.001860	2171.081140	3.000000
-138.910000	-57.570000	-153.651001	20.430099	-3.095921	352.008728	2177.917539	4.000000
-138.910000	-57.570000	-153.651001	20.680099	-3.150335	352.015413	2184.758771	3.000000
-138.910000	-57.570000	-153.651001	20.930099	-3.553247	352.021959	2191.594766	3.000000
-138.910000	-57.570000	-153.401001	17.930099	3.941445	352.066373	2108.642107	4.000000
-138.910000	-57.570000	-153.401001	18.180099	3.614799	352.074601	2115.436720	4.000000
-138.910000	-57.570000	-153.401001	18.430099	3.522043	352.082662	2122.231333	4.000000
-138.910000	-57.570000	-153.401001	18.680099	2.602738	352.090560	2129.025945	4.000000
-138.910000	-57.570000	-153.401001	18.930099	2.567292	352.098292	2135.924355	3.000000
-138.910000	-57.570000	-153.401001	19.180099	3.175594	352.105863	2142.742278	3.000000
-138.910000	-57.570000	-153.401001	19.430099	2.493186	352.113269	2149.675078	3.000000
-138.910000	-57.570000	-153.401001	19.680099	1.134622	352.120515	2156.392577	3.000000
-138.910000	-57.570000	-153.401001	19.930099	0.597002	352.127599	2163.110076	3.000000
-138.910000	-57.570000	-153.401001	20.180099	0.123521	352.134523	2169.831487	2.000000
-138.910000	-57.570000	-153.401001	20.430099	-0.353980	352.141287	2176.665828	2.000000
-138.910000	-57.570000	-153.151001	18.180099	4.292620	352.208270	2115.003800	2.000000
-138.910000	-57.570000	-153.151001	18.430099	4.313033	352.216228	2121.799537	3.000000
-138.910000	-57.570000	-153.151001	18.680099	4.330212	352.224002	2128.595273	3.000000
-138.910000	-57.570000	-153.151001	18.930099	4.513474	352.231636	2135.490030	2.000000
-138.910000	-57.570000	-153.151001	19.180099	4.502490	352.239087	2142.432256	2.000000
-138.910000	-57.570000	-153.151001	19.430099	3.470125	352.246401	2149.198856	2.000000
-138.910000	-57.570000	-153.151001	19.680099	3.440754	352.253533	2155.916355	2.000000
-138.910000	-57.570000	-153.151001	19.930099	3.427012	352.260530	2162.633854	2.000000
-138.910000	-57.570000	-152.901001	18.180099	4.941650	352.342087	2114.653552	3.000000
-138.910000	-57.570000	-152.901001	18.430099	4.540508	352.349917	2121.449289	3.000000
-138.910000	-57.570000	-152.901001	18.680099	4.704693	352.357589	2128.245026	3.000000
-138.910000	-57.570000	-152.901001	18.930099	4.650346	352.365101	2135.180009	3.000000
-138.910000	-57.570000	-152.901001	19.180099	3.587796	352.372456	2142.005135	2.000000
-138.910000	-57.570000	-152.901001	19.430099	3.321278	352.379652	2148.722634	2.000000
-138.910000	-57.570000	-152.651001	18.430099	4.389762	352.483793	2121.099041	3.000000
-138.910000	-57.570000	-152.651001	18.680099	4.743806	352.491338	2127.927762	3.000000
-138.910000	-57.570000	-152.651001	18.930099	3.744312	352.498750	2134.811415	3.000000
