-155.679398	21.205500	989.731000	0.522443
-156.510101	19.477699	1042.680000	1.292992
-156.932007	19.832701	1038.691000	0.858514
-157.627594	20.346100	1034.772000	0.622123
-155.772995	19.079000	1044.321000	1.527791
-157.931000	21.646000	1006.290000	-1.985919
-155.996994	20.771000	1004.295000	0.910363
-154.983002	19.601000	1022.303000	0.862237
-159.401001	21.971001	1012.322000	NaN
-156.658005	20.891001	1010.278000	1.343891
-157.270004	21.108999	1012.314000	2.262798
-156.755997	21.136000	1004.312000	0.942000
-155.679398	21.205500	989.281000	0.522443
-154.482803	21.001900	982.280000	-0.258594
-153.982697	21.519699	962.544000	1.495725
-153.902405	19.979099	999.372000	3.742703
-153.992294	18.797600	1031.003000	0.641483
-152.132401	18.481400	1021.493000	NaN
-154.691299	17.180099	1079.277000	1.098109
-154.030502	17.988400	1050.837000	2.056783
-154.797394	18.803101	1039.502000	2.137156
-155.714996	18.000299	1070.988000	1.336977
-156.808197	18.404200	1074.424000	2.567697
-156.167007	18.301001	1066.937000	1.407741
-156.465103	18.775000	1060.328000	1.161162
-157.227295	18.984800	1063.287000	0.164337
-156.510101	19.477699	1043.280000	1.292992
-156.932007	19.832701	1039.291000	0.858514
-157.627594	20.346100	1035.297000	0.622123
