179.520000	51.150000	-157.431000	20.680099	-1.050272	154.920550	974.376974	3.000000
179.520000	51.150000	-157.431000	20.930099	-0.650985	154.770433	967.903244	4.000000
179.520000	51.150000	-157.431000	21.180099	-0.535002	154.618210	961.429514	3.000000
179.520000	51.150000	-157.431000	21.430099	-0.075617	154.463828	954.954878	2.000000
179.520000	51.150000	-157.181000	20.180099	-1.293368	155.006868	990.000678	3.000000
179.520000	51.150000	-157.181000	20.430099	-1.046994	154.860247	983.822014	3.000000
179.520000	51.150000	-157.181000	20.680099	-1.619995	154.711617	977.418551	3.000000
179.520000	51.150000	-157.181000	20.930099	-0.529960	154.560878	970.836767	3.000000
179.520000	51.150000	-157.181000	21.180099	-0.173000	154.408058	964.363037	3.000000
179.520000	51.150000	-157.181000	21.430099	0.768456	154.253054	957.800626	2.000000
179.520000	51.150000	-156.931000	19.930099	-0.567446	154.945936	999.078520	4.000000
179.520000	51.150000	-156.931000	20.180099	-0.757721	154.800752	992.899856	4.000000
179.520000	51.150000	-156.931000	20.430099	-0.890695	154.653555	986.721191	2.000000
179.520000	51.150000	-156.931000	20.680099	-0.950933	154.504324	980.542527	2.000000
179.520000	51.150000	-156.931000	20.930099	-1.285244	154.353009	973.842547	3.000000
179.520000	51.150000	-156.931000	21.180099	0.543790	154.199589	967.296559	1.000000
179.520000	51.150000	-156.681000	19.430099	-0.211518	155.027528	1014.639901	2.000000
179.520000	51.150000	-156.681000	19.680099	-0.751765	154.885697	1008.306964	2.000000
179.520000	51.150000	-156.681000	19.930099	-0.625513	154.741898	1001.926817	4.000000
179.520000	51.150000	-156.681000	20.180099	-0.189312	154.596158	995.646986	4.000000
179.520000	51.150000	-156.681000	20.430099	0.040889	154.448381	989.529426	4.000000
179.520000	51.150000	-156.681000	20.680099	0.218022	154.298595	983.411865	3.000000
179.520000	51.150000	-156.681000	20.930099	0.831706	154.146700	977.122174	3.000000
179.520000	51.150000	-156.431000	19.180099	-0.090711	154.966678	1023.936953	2.000000
179.520000	51.150000	-156.431000	19.430099	0.083458	154.826186	1017.541390	1.000000
179.520000	51.150000	-156.431000	19.680099	0.024416	154.683796	1011.233647	2.000000
179.520000	51.150000	-156.431000	19.930099	-0.063974	154.539460	1004.853499	3.000000
179.520000	51.150000	-156.431000	20.180099	-0.060291	154.393161	998.473351	3.000000
179.520000	51.150000	-156.431000	20.430099	0.461412	154.244847	992.192598	3.000000
179.520000	51.150000	-156.431000	20.680099	1.549476	154.094502	986.075038	3.000000
179.520000	51.150000	-156.431000	20.930099	3.067858	153.942072	979.616413	4.000000
179.520000	51.150000	-156.181000	18.680099	-0.337800	155.043761	1039.563800	2.000000
179.520000	51.150000	-156.181000	18.930099	0.592535	154.906447	1033.199376	2.000000
179.520000	51.150000	-156.181000	19.180099	1.485977	154.767318	1026.676304	2.000000
179.520000	51.150000	-156.181000	19.430099	1.045032	154.626286	1020.249204	1.000000
179.520000	51.150000	-156.181000	19.680099	0.890386	154.483378	1013.952077	2.000000
179.520000	51.150000	-156.181000	19.930099	0.670213	154.338503	1007.654950	2.000000
179.520000	51.150000	-156.181000	20.180099	0.524232	154.191685	1001.357823	3.000000
179.520000	51.150000	-156.181000	20.430099	0.675056	154.042833	995.019886	3.000000
179.520000	51.150000	-156.181000	20.680099	1.680492	153.891971	988.738210	2.000000
179.520000	51.150000	-156.181000	20.930099	1.643942	153.739005	982.298014	4.000000
179.520000	51.150000	-155.931000	18.430099	0.374872	154.982934	1048.857362	2.000000
179.520000	51.150000	-155.931000	18.680099	1.619806	154.846940	1042.334290	3.000000
179.520000	51.150000	-155.931000	18.930099	2.301013	154.709126	1035.811218	3.000000
179.520000	51.150000	-155.931000	19.180099	1.661319	154.569477	1029.318021	2.000000
179.520000	51.150000	-155.931000	19.430099	1.076517	154.427945	1022.966631	1.000000
179.520000	51.150000	-155.931000	19.680099	1.093258	154.284516	1016.669504	2.000000
179.520000	51.150000	-155.931000	19.930099	1.204516	154.139141	1010.372377	2.000000
179.520000	51.150000	-155.931000	20.180099	1.317233	153.991804	1004.075250	2.000000
179.520000	51.150000	-155.931000	20.430099	1.268214	153.842453	997.778123	2.000000
179.520000	51.150000	-155.931000	20.680099	1.618193	153.691074	991.480996	2.000000
179.520000	51.150000	-155.931000	20.930099	1.533407	153.537610	985.127989	3.000000
179.520000	51.150000	-155.681000	18.430099	2.329946	154.788005	1051.469203	1.000000
179.520000	51.150000	-155.681000	18.680099	2.436345	154.651529	1044.946132	1.000000
179.520000	51.150000	-155.681000	18.930099	2.118176	154.513213	1038.423060	2.000000
179.520000	51.150000	-155.681000	19.180099	1.446750	154.373080	1032.019186	2.000000
179.520000	51.150000	-155.681000	19.430099	1.245594	154.231047	1025.684057	1.000000
179.520000	51.150000	-155.681000	19.680099	1.290638	154.087136	1019.386930	1.000000
179.520000	51.150000	-155.681000	19.930099	1.402397	153.941260	1013.089804	2.000000
179.520000	51.150000	-155.681000	20.180099	1.515595	153.793442	1006.792677	1.000000
179.520000	51.150000	-155.681000	20.430099	1.702373	153.643593	1000.495550	2.000000
179.520000	51.150000	-155.681000	20.680099	2.013716	153.491735	994.179404	2.000000
179.520000	51.150000	-155.681000	20.930099	2.070092	153.337777	987.848212	2.000000
179.520000	51.150000	-155.431000	18.180099	2.425419	154.729745	1060.604117	2.000000
179.520000	51.150000	-155.431000	18.430099	2.523391	154.594560	1054.081045	1.000000
179.520000	51.150000	-155.431000	18.680099	2.534113	154.457599	1047.557973	1.000000
179.520000	51.150000	-155.431000	18.930099	1.814160	154.318817	1041.094705	1.000000
179.520000	51.150000	-155.431000	19.180099	1.564457	154.178200	1034.720351	0.000000
179.520000	51.150000	-155.431000	19.430099	1.413057	154.035702	1028.401484	0.000000
179.520000	51.150000	-155.431000	19.680099	1.486466	153.891308	1022.104357	0.000000
179.520000	51.150000	-155.431000	19.930099	1.598688	153.744969	1015.807230	1.000000
179.520000	51.150000	-155.431000	20.180099	1.731598	153.596671	1009.510103	1.000000
179.520000	51.150000	-155.431000	20.430099	2.041757	153.446360	1003.203177	1.000000
179.520000	51.150000	-155.431000	20.680099	2.260472	153.294025	996.871985	1.000000
179.520000	51.150000	-155.181000	17.930099	2.540874	154.672013	1069.743743	2.000000
179.520000	51.150000	-155.181000	18.180099	2.616827	154.538141	1063.215959	2.000000
179.520000	51.150000	-155.181000	18.430099	2.714821	154.402488	1056.692887	1.000000
179.520000	51.150000	-155.181000	18.680099	2.230814	154.265078	1050.170223	1.000000
179.520000	51.150000	-155.181000	18.930099	1.742534	154.125829	1043.795870	0.000000
179.520000	51.150000	-155.181000	19.180099	1.687517	153.984764	1037.421517	0.000000
179.520000	51.150000	-155.181000	19.430099	1.579017	153.841801	1031.118911	0.000000
179.520000	51.150000	-155.181000	19.680099	1.680814	153.696960	1024.821784	0.000000
179.520000	51.150000	-155.181000	19.930099	1.794500	153.550159	1018.524657	0.000000
179.520000	51.150000	-155.181000	20.180099	2.068941	153.401416	1012.226949	1.000000
179.520000	51.150000	-155.181000	20.430099	2.339147	153.250647	1005.895757	1.000000
179.520000	51.150000	-154.931000	17.680099	2.646983	154.614909	1078.896265	3.000000
179.520000	51.150000	-154.931000	17.930099	2.730387	154.482304	1072.355460	3.000000
179.520000	51.150000	-154.931000	18.180099	2.806790	154.347980	1065.827801	2.000000
179.520000	51.150000	-154.931000	18.430099	2.644385	154.211895	1059.304729	2.000000
179.520000	51.150000	-154.931000	18.680099	1.924510	154.074034	1052.871389	0.000000
179.520000	51.150000	-154.931000	18.930099	1.915918	153.934354	1046.497036	0.000000
179.520000	51.150000	-154.931000	19.180099	1.787192	153.792841	1040.133464	0.000000
179.520000	51.150000	-154.931000	19.430099	1.761943	153.649447	1033.836337	0.000000
179.520000	51.150000	-154.931000	19.680099	1.873613	153.504161	1027.539210	0.000000
179.520000	51.150000	-154.931000	19.930099	2.095239	153.356932	1021.242083	0.000000
179.520000	51.150000	-154.931000	20.180099	2.402138	153.207747	1014.919530	0.000000
179.520000	51.150000	-154.681000	17.680099	2.834917	154.426975	1081.507982	2.000000
179.520000	51.150000	-154.681000	17.930099	2.918560	154.293936	1074.967176	3.000000
179.520000	51.150000	-154.681000	18.180099	2.947633	154.159194	1068.439643	2.000000
179.520000	51.150000	-154.681000	18.430099	2.337226	154.022675	1061.946907	1.000000
179.520000	51.150000	-154.681000	18.680099	2.015712	153.884398	1055.572554	1.000000
179.520000	51.150000	-154.681000	18.930099	2.078650	153.744287	1049.198201	0.000000
179.520000	51.150000	-154.681000	19.180099	1.928161	153.602359	1042.850891	0.000000
179.520000	51.150000	-154.681000	19.430099	1.952853	153.458537	1036.553764	0.000000
179.520000	51.150000	-154.681000	19.680099	2.120720	153.312839	1030.256637	0.000000
179.520000	51.150000	-154.681000	19.930099	2.428777	153.165185	1023.943302	0.000000
179.520000	51.150000	-154.681000	20.180099	5.101997	153.015591	1017.612111	0.000000
179.520000	51.150000	-154.431000	17.680099	3.192397	154.240450	1084.119698	3.000000
179.520000	51.150000	-154.431000	17.930099	3.105290	154.107009	1077.578893	3.000000
179.520000	51.150000	-154.431000	18.180099	2.755482	153.971850	1071.051485	1.000000
179.520000	51.150000	-154.431000	18.430099	2.144983	153.834930	1064.648073	1.000000
179.520000	51.150000	-154.431000	18.680099	2.203873	153.696237	1058.273720	1.000000
179.520000	51.150000	-154.431000	18.930099	2.239817	153.555726	1051.899366	0.000000
179.520000	51.150000	-154.431000	19.180099	2.089325	153.413386	1045.568317	0.000000
179.520000	51.150000	-154.431000	19.430099	2.154247	153.269168	1039.271190	0.000000
179.520000	51.150000	-154.431000	19.680099	2.452231	153.123061	1032.967075	0.000000
179.520000	51.150000	-154.431000	19.930099	5.197351	152.975013	1026.635883	0.000000
179.520000	51.150000	-154.181000	17.680099	3.708152	154.055266	1086.675572	3.000000
179.520000	51.150000	-154.181000	17.930099	3.515164	153.921423	1080.190609	3.000000
179.520000	51.150000	-154.181000	18.180099	2.444469	153.785878	1073.723591	1.000000
179.520000	51.150000	-154.181000	18.430099	2.282816	153.648558	1067.349238	2.000000
179.520000	51.150000	-154.181000	18.680099	2.390629	153.509482	1060.974885	2.000000
179.520000	51.150000	-154.181000	18.930099	2.399518	153.368574	1054.600532	1.000000
179.520000	51.150000	-154.181000	19.180099	2.248991	153.225852	1048.285744	1.000000
179.520000	51.150000	-154.181000	19.430099	2.474958	153.081241	1041.988617	0.000000
179.520000	51.150000	-154.181000	19.680099	5.288504	152.934756	1035.659656	0.000000
179.520000	51.150000	-153.931000	17.680099	4.417553	153.871489	1089.149803	4.000000
179.520000	51.150000	-153.931000	17.930099	4.206232	153.737274	1082.699207	2.000000
179.520000	51.150000	-153.931000	18.180099	2.944326	153.601344	1076.424757	3.000000
179.520000	51.150000	-153.931000	18.430099	2.467720	153.463655	1070.050404	3.000000
179.520000	51.150000	-153.931000	18.680099	2.575914	153.324196	1063.676051	3.000000
179.520000	51.150000	-153.931000	18.930099	2.498647	153.182922	1057.301697	2.000000
179.520000	51.150000	-153.931000	19.180099	2.499258	153.039822	1051.003171	1.000000
179.520000	51.150000	-153.931000	19.430099	5.359376	152.894847	1044.683428	1.000000
179.520000	51.150000	-153.681000	17.680099	4.942118	153.689050	1091.561392	3.000000
179.520000	51.150000	-153.681000	17.930099	4.642323	153.554466	1085.096057	4.000000
179.520000	51.150000	-153.681000	18.180099	3.713512	153.418180	1078.937511	3.000000
179.520000	51.150000	-153.681000	18.430099	3.191455	153.280125	1072.751569	3.000000
179.520000	51.150000	-153.681000	18.680099	2.734878	153.140313	1066.377216	3.000000
179.520000	51.150000	-153.681000	18.930099	2.630082	152.998676	1060.017724	2.000000
179.520000	51.150000	-153.681000	19.180099	5.401575	152.855227	1053.707201	1.000000
179.520000	51.150000	-153.431000	17.930099	4.446393	153.373089	1087.503955	4.000000
179.520000	51.150000	-153.431000	18.180099	4.159686	153.236451	1081.371324	3.000000
179.520000	51.150000	-153.431000	18.430099	4.092542	153.098056	1075.238692	3.000000
179.520000	51.150000	-153.431000	18.680099	3.565779	152.957896	1069.078382	3.000000
179.520000	51.150000	-153.431000	18.930099	5.512251	152.815923	1062.730973	1.000000
179.520000	51.150000	-153.431000	19.180099	8.247765	152.672130	1055.937605	1.000000
179.520000	51.150000	-153.181000	18.180099	4.592318	153.056088	1083.789104	2.000000
179.520000	51.150000	-153.181000	18.430099	4.602341	152.917359	1077.656259	3.000000
179.520000	51.150000	-153.181000	18.680099	5.295533	152.776877	1071.523414	2.000000
179.520000	51.150000	-153.181000	18.930099	8.029249	152.634575	1064.957166	1.000000
179.520000	51.150000	-152.931000	18.180099	5.015187	152.877155	1086.186880	3.000000
179.520000	51.150000	-152.931000	18.430099	4.864829	152.738117	1080.054036	3.000000
179.520000	51.150000	-152.931000	18.680099	6.481440	152.597319	1073.921191	3.000000
179.520000	51.150000	-152.681000	18.430099	5.346995	152.560244	1082.451812	3.000000
