-156.510101	19.477699	2636.357000	1.700688
-155.772995	19.079000	2613.989000	1.560099
-154.482803	21.001900	2602.947000	NaN
-153.982697	21.519699	2594.942000	NaN
-153.292099	20.892599	2571.940000	NaN
-153.992294	18.797600	2566.661000	0.067493
-152.132401	18.481400	2520.165000	1.810833
-153.290604	17.906200	2540.941000	1.485732
-153.700806	17.297501	2544.759000	1.642017
-154.691299	17.180099	2567.970000	0.482867
-154.030502	17.988400	2559.489000	1.788425
-154.495895	18.401699	2574.978000	-0.077469
-154.797394	18.803101	2586.957000	0.806155
-155.714996	18.000299	2601.674000	0.741376
-156.808197	18.404200	2632.963000	1.359966
-156.167007	18.301001	2614.946000	3.025324
-156.465103	18.775000	2627.950000	1.992452
-157.227295	18.984800	2648.972000	2.439640
-156.510101	19.477699	2636.957000	1.700688
