-69.230000	-20.020000	-156.727295	18.680099	0.729671	289.773465	2633.583525	4.000000
-69.230000	-20.020000	-156.727295	18.930099	2.031654	289.756604	2636.078403	4.000000
-69.230000	-20.020000	-156.477295	18.680099	2.047716	289.847967	2627.240396	4.000000
-69.230000	-20.020000	-156.477295	18.930099	2.540706	289.832070	2629.927407	4.000000
-69.230000	-20.020000	-156.477295	19.180099	2.562894	289.815730	2632.626966	3.000000
-69.230000	-20.020000	-156.227295	18.430099	-0.728545	289.937499	2617.960051	4.000000
-69.230000	-20.020000	-156.227295	18.680099	3.249529	289.922824	2620.849166	4.000000
-69.230000	-20.020000	-156.227295	18.930099	2.870094	289.907815	2623.699739	4.000000
-69.230000	-20.020000	-156.227295	19.180099	2.416326	289.892435	2626.398598	3.000000
-69.230000	-20.020000	-156.227295	19.430099	2.573666	289.876721	2629.111233	3.000000
-69.230000	-20.020000	-155.977295	18.180099	-1.220774	290.025050	2609.429776	3.000000
-69.230000	-20.020000	-155.977295	18.430099	2.575381	290.011706	2611.980457	4.000000
-69.230000	-20.020000	-155.977295	18.680099	3.236254	289.997918	2614.537231	4.000000
-69.230000	-20.020000	-155.977295	18.930099	3.357624	289.983868	2617.426345	4.000000
-69.230000	-20.020000	-155.977295	19.180099	2.598964	289.969374	2620.170230	3.000000
-69.230000	-20.020000	-155.977295	19.430099	2.567771	289.954617	2622.900543	3.000000
-69.230000	-20.020000	-155.977295	19.680099	1.134437	289.939418	2625.632085	2.000000
-69.230000	-20.020000	-155.727295	18.180099	1.833832	290.098657	2603.786096	2.000000
-69.230000	-20.020000	-155.727295	18.430099	1.856839	290.086199	2606.312101	4.000000
-69.230000	-20.020000	-155.727295	18.680099	1.755791	290.073369	2608.832098	4.000000
-69.230000	-20.020000	-155.727295	18.930099	1.473490	290.060204	2611.352095	3.000000
-69.230000	-20.020000	-155.727295	19.180099	2.111445	290.046666	2613.958311	3.000000
-69.230000	-20.020000	-155.727295	19.430099	2.512703	290.032794	2616.689853	2.000000
-69.230000	-20.020000	-155.727295	19.680099	2.476995	290.018549	2619.421395	1.000000
-69.230000	-20.020000	-155.477295	17.930099	0.610196	290.183745	2595.020791	1.000000
-69.230000	-20.020000	-155.477295	18.180099	0.797414	290.172508	2597.559184	3.000000
-69.230000	-20.020000	-155.477295	18.430099	0.952063	290.161008	2600.097741	4.000000
-69.230000	-20.020000	-155.477295	18.680099	0.865228	290.149062	2602.617738	4.000000
-69.230000	-20.020000	-155.477295	18.930099	1.358601	290.136852	2605.137735	3.000000
-69.230000	-20.020000	-155.477295	19.180099	2.168930	290.124197	2607.790641	2.000000
-69.230000	-20.020000	-155.477295	19.430099	2.351247	290.111278	2610.490514	3.000000
-69.230000	-20.020000	-155.477295	19.680099	2.399381	290.097915	2613.210705	1.000000
-69.230000	-20.020000	-155.477295	19.930099	2.379450	290.084287	2615.942247	1.000000
-69.230000	-20.020000	-155.227295	17.930099	0.097755	290.257003	2588.743435	3.000000
-69.230000	-20.020000	-155.227295	18.180099	0.854371	290.246724	2591.200678	3.000000
-69.230000	-20.020000	-155.227295	18.430099	1.201052	290.236106	2593.883382	4.000000
-69.230000	-20.020000	-155.227295	18.680099	0.804020	290.225116	2596.403379	4.000000
-69.230000	-20.020000	-155.227295	18.930099	1.554344	290.213787	2598.927277	2.000000
-69.230000	-20.020000	-155.227295	19.180099	2.274133	290.202086	2601.627151	2.000000
-69.230000	-20.020000	-155.227295	19.430099	2.255252	290.190047	2604.327024	2.000000
-69.230000	-20.020000	-155.227295	19.680099	2.220986	290.177635	2607.026897	2.000000
-69.230000	-20.020000	-155.227295	19.930099	2.268267	290.164885	2609.731557	1.000000
-69.230000	-20.020000	-155.227295	20.180099	2.297258	290.151763	2612.463100	0.000000
-69.230000	-20.020000	-154.977295	17.680099	-0.031010	290.339536	2580.027784	3.000000
-69.230000	-20.020000	-154.977295	17.930099	-0.048181	290.330586	2582.466079	3.000000
-69.230000	-20.020000	-154.977295	18.180099	0.605850	290.321189	2584.904373	3.000000
-69.230000	-20.020000	-154.977295	18.430099	1.208137	290.311525	2587.526928	4.000000
-69.230000	-20.020000	-154.977295	18.680099	1.267057	290.301415	2590.189019	4.000000
-69.230000	-20.020000	-154.977295	18.930099	1.704356	290.291039	2592.763787	2.000000
-69.230000	-20.020000	-154.977295	19.180099	2.183244	290.280217	2595.463660	2.000000
-69.230000	-20.020000	-154.977295	19.430099	2.176171	290.269128	2598.163533	2.000000
-69.230000	-20.020000	-154.977295	19.680099	2.156387	290.257593	2600.863406	2.000000
-69.230000	-20.020000	-154.977295	19.930099	2.128639	290.245792	2603.563280	0.000000
-69.230000	-20.020000	-154.977295	20.180099	2.135040	290.233546	2606.263153	1.000000
-69.230000	-20.020000	-154.977295	20.430099	0.546066	290.221033	2608.983952	1.000000
-69.230000	-20.020000	-154.727295	17.680099	-0.018359	290.412533	2573.750428	3.000000
-69.230000	-20.020000	-154.727295	17.930099	-0.062102	290.404464	2576.188722	3.000000
-69.230000	-20.020000	-154.727295	18.180099	0.287314	290.396021	2578.627017	4.000000
-69.230000	-20.020000	-154.727295	18.430099	0.930851	290.387237	2581.168422	3.000000
-69.230000	-20.020000	-154.727295	18.680099	1.702959	290.378079	2583.853178	3.000000
-69.230000	-20.020000	-154.727295	18.930099	2.048516	290.368581	2586.575315	3.000000
-69.230000	-20.020000	-154.727295	19.180099	2.002014	290.358709	2589.292395	2.000000
-69.230000	-20.020000	-154.727295	19.430099	1.945320	290.348497	2592.000042	2.000000
-69.230000	-20.020000	-154.727295	19.680099	1.923664	290.337910	2594.699916	1.000000
-69.230000	-20.020000	-154.727295	19.930099	1.930874	290.326984	2597.399789	0.000000
-69.230000	-20.020000	-154.727295	20.180099	1.938065	290.315683	2600.099662	1.000000
-69.230000	-20.020000	-154.727295	20.430099	1.931315	290.304044	2602.799536	1.000000
-69.230000	-20.020000	-154.727295	20.680099	-0.917959	290.292029	2605.504804	1.000000
-69.230000	-20.020000	-154.477295	17.680099	-0.057380	290.485787	2567.530496	4.000000
-69.230000	-20.020000	-154.477295	17.930099	-0.107449	290.478671	2569.951657	4.000000
-69.230000	-20.020000	-154.477295	18.180099	-0.036359	290.471106	2572.372817	3.000000
-69.230000	-20.020000	-154.477295	18.430099	1.104785	290.463274	2574.821881	4.000000
-69.230000	-20.020000	-154.477295	18.680099	1.940986	290.454993	2577.562905	4.000000
-69.230000	-20.020000	-154.477295	18.930099	1.841402	290.446444	2580.291557	2.000000
-69.230000	-20.020000	-154.477295	19.180099	1.777423	290.437448	2583.008637	2.000000
-69.230000	-20.020000	-154.477295	19.430099	1.771098	290.428183	2585.725718	2.000000
-69.230000	-20.020000	-154.477295	19.680099	1.777228	290.418470	2588.442798	2.000000
-69.230000	-20.020000	-154.477295	19.930099	1.785785	290.408489	2591.159878	0.000000
-69.230000	-20.020000	-154.477295	20.180099	1.800206	290.398061	2593.876959	1.000000
-69.230000	-20.020000	-154.477295	20.430099	1.814526	290.387364	2596.594039	1.000000
-69.230000	-20.020000	-154.477295	20.680099	1.820243	290.376221	2599.311120	2.000000
-69.230000	-20.020000	-154.227295	17.680099	-0.120536	290.559414	2561.366328	4.000000
-69.230000	-20.020000	-154.227295	17.930099	-0.042525	290.553177	2563.781416	4.000000
-69.230000	-20.020000	-154.227295	18.180099	0.391251	290.546563	2566.208164	3.000000
-69.230000	-20.020000	-154.227295	18.430099	0.993097	290.539608	2568.711814	4.000000
-69.230000	-20.020000	-154.227295	18.680099	1.438787	290.532275	2571.279311	4.000000
-69.230000	-20.020000	-154.227295	18.930099	1.769312	290.524602	2574.007799	2.000000
-69.230000	-20.020000	-154.227295	19.180099	1.713299	290.516552	2576.724880	2.000000
-69.230000	-20.020000	-154.227295	19.430099	1.699362	290.508160	2579.441960	2.000000
-69.230000	-20.020000	-154.227295	19.680099	1.691268	290.499392	2582.159040	1.000000
-69.230000	-20.020000	-154.227295	19.930099	1.696426	290.490283	2584.877714	0.000000
-69.230000	-20.020000	-154.227295	20.180099	1.695653	290.480797	2587.600008	1.000000
-69.230000	-20.020000	-154.227295	20.430099	1.681486	290.470971	2590.322301	2.000000
-69.230000	-20.020000	-154.227295	20.680099	1.667286	290.460767	2593.044595	2.000000
-69.230000	-20.020000	-154.227295	20.930099	0.167867	290.450223	2595.766888	3.000000
-69.230000	-20.020000	-153.977295	17.680099	-0.022074	290.633303	2555.223568	4.000000
-69.230000	-20.020000	-153.977295	17.930099	0.411124	290.628015	2557.637507	2.000000
-69.230000	-20.020000	-153.977295	18.180099	0.830679	290.622278	2560.130164	3.000000
-69.230000	-20.020000	-153.977295	18.430099	0.823448	290.616270	2562.628739	3.000000
-69.230000	-20.020000	-153.977295	18.680099	1.301093	290.609812	2565.127314	2.000000
-69.230000	-20.020000	-153.977295	18.930099	1.916505	290.603084	2567.728210	1.000000
-69.230000	-20.020000	-153.977295	19.180099	2.111105	290.595907	2570.450503	1.000000
-69.230000	-20.020000	-153.977295	19.430099	1.850148	290.588459	2573.172797	1.000000
-69.230000	-20.020000	-153.977295	19.680099	1.680163	290.580562	2575.895090	1.000000
-69.230000	-20.020000	-153.977295	19.930099	1.662585	290.572394	2578.617384	0.000000
-69.230000	-20.020000	-153.977295	20.180099	1.639252	290.563778	2581.339677	2.000000
-69.230000	-20.020000	-153.977295	20.430099	1.615794	290.554890	2584.061971	2.000000
-69.230000	-20.020000	-153.977295	20.680099	1.592389	290.545554	2586.784264	2.000000
-69.230000	-20.020000	-153.977295	20.930099	-0.087297	290.535948	2589.506558	2.000000
-69.230000	-20.020000	-153.977295	21.180099	-2.117469	290.525893	2591.782565	3.000000
-69.230000	-20.020000	-153.727295	17.680099	0.643873	290.707569	2549.174537	3.000000
-69.230000	-20.020000	-153.727295	17.930099	0.813213	290.703157	2551.644873	2.000000
-69.230000	-20.020000	-153.727295	18.180099	0.946887	290.698367	2554.140667	3.000000
-69.230000	-20.020000	-153.727295	18.430099	1.700161	290.693233	2556.639242	3.000000
-69.230000	-20.020000	-153.727295	18.680099	2.313438	290.687721	2559.268829	3.000000
-69.230000	-20.020000	-153.727295	18.930099	2.030055	290.681865	2561.863291	1.000000
-69.230000	-20.020000	-153.727295	19.180099	1.661545	290.675631	2564.435895	1.000000
-69.230000	-20.020000	-153.727295	19.430099	1.593078	290.669053	2567.008498	1.000000
-69.230000	-20.020000	-153.727295	19.680099	1.891101	290.662097	2569.634760	1.000000
-69.230000	-20.020000	-153.727295	19.930099	1.978788	290.654798	2572.357053	0.000000
-69.230000	-20.020000	-153.727295	20.180099	1.708740	290.647121	2575.079347	1.000000
-69.230000	-20.020000	-153.727295	20.430099	1.531585	290.639100	2577.801640	2.000000
-69.230000	-20.020000	-153.727295	20.680099	1.507242	290.630701	2580.523934	2.000000
-69.230000	-20.020000	-153.727295	20.930099	-0.405032	290.621959	2583.246227	2.000000
-69.230000	-20.020000	-153.477295	17.930099	0.967316	290.778635	2545.652595	3.000000
-69.230000	-20.020000	-153.477295	18.180099	1.876550	290.774719	2548.173130	3.000000
-69.230000	-20.020000	-153.477295	18.430099	2.617016	290.770529	2550.821164	3.000000
-69.230000	-20.020000	-153.477295	18.680099	2.355257	290.765889	2553.469198	3.000000
-69.230000	-20.020000	-153.477295	18.930099	1.992154	290.760975	2556.050837	1.000000
-69.230000	-20.020000	-153.477295	19.180099	1.930942	290.755611	2558.623440	1.000000
-69.230000	-20.020000	-153.477295	19.430099	1.905433	290.749973	2561.196044	1.000000
-69.230000	-20.020000	-153.477295	19.680099	1.786434	290.743885	2563.768647	0.000000
-69.230000	-20.020000	-153.477295	19.930099	1.504128	290.737524	2566.341250	1.000000
-69.230000	-20.020000	-153.477295	20.180099	1.439483	290.730713	2568.913854	1.000000
-69.230000	-20.020000	-153.477295	20.430099	1.735275	290.723628	2571.541310	1.000000
-69.230000	-20.020000	-153.477295	20.680099	1.665221	290.716093	2574.263603	2.000000
-69.230000	-20.020000	-153.227295	17.930099	0.913569	290.854421	2539.739422	2.000000
-69.230000	-20.020000	-153.227295	18.180099	2.544323	290.851449	2542.373500	2.000000
-69.230000	-20.020000	-153.227295	18.430099	2.557654	290.848130	2545.021534	2.000000
-69.230000	-20.020000	-153.227295	18.680099	2.203147	290.844432	2547.665780	2.000000
-69.230000	-20.020000	-153.227295	18.930099	1.876909	290.840388	2550.238383	1.000000
-69.230000	-20.020000	-153.227295	19.180099	1.850589	290.835963	2552.810986	1.000000
-69.230000	-20.020000	-153.227295	19.430099	1.824213	290.831193	2555.383590	1.000000
-69.230000	-20.020000	-153.227295	19.680099	1.797815	290.826043	2557.956193	0.000000
-69.230000	-20.020000	-153.227295	19.930099	1.771360	290.820547	2560.528796	1.000000
-69.230000	-20.020000	-153.227295	20.180099	1.744884	290.814671	2563.101399	1.000000
-69.230000	-20.020000	-152.977295	18.180099	1.571920	290.928446	2536.573870	2.000000
-69.230000	-20.020000	-152.977295	18.430099	2.429084	290.926068	2539.221904	2.000000
-69.230000	-20.020000	-152.977295	18.680099	2.057565	290.923239	2541.853325	3.000000
-69.230000	-20.020000	-152.977295	18.930099	1.797163	290.920134	2544.425929	2.000000
-69.230000	-20.020000	-152.977295	19.180099	1.769976	290.916576	2546.998532	0.000000
-69.230000	-20.020000	-152.977295	19.430099	1.742663	290.912743	2549.571135	0.000000
-69.230000	-20.020000	-152.977295	19.680099	1.715400	290.908457	2552.143739	0.000000
-69.230000	-20.020000	-152.727295	18.430099	2.257307	291.004316	2533.422274	2.000000
-69.230000	-20.020000	-152.727295	18.680099	1.927611	291.002425	2536.040871	2.000000
-69.230000	-20.020000	-152.727295	18.930099	1.717110	291.000186	2538.613475	1.000000
-69.230000	-20.020000	-152.727295	19.180099	1.688987	290.997565	2541.186078	1.000000
