-111.930000	-23.990000	-157.127594	19.930099	-0.094990	312.866292	1741.425593	2.000000
-111.930000	-23.990000	-157.127594	20.180099	-1.364485	312.962545	1746.103891	2.000000
-111.930000	-23.990000	-156.877594	19.180099	0.459124	312.741103	1722.129841	2.000000
-111.930000	-23.990000	-156.877594	19.430099	0.235222	312.840376	1726.955609	1.000000
-111.930000	-23.990000	-156.877594	19.680099	-0.155248	312.938756	1731.780016	1.000000
-111.930000	-23.990000	-156.877594	19.930099	-1.124574	313.036313	1736.535936	2.000000
-111.930000	-23.990000	-156.877594	20.180099	-1.647957	313.132986	1741.177268	2.000000
-111.930000	-23.990000	-156.627594	18.680099	0.362110	312.708703	1707.542724	1.000000
-111.930000	-23.990000	-156.627594	18.930099	-0.033408	312.810148	1712.367131	2.000000
-111.930000	-23.990000	-156.627594	19.180099	-0.216705	312.910712	1717.191538	2.000000
-111.930000	-23.990000	-156.627594	19.430099	-0.363982	313.010415	1722.015945	1.000000
-111.930000	-23.990000	-156.627594	19.680099	-0.748399	313.109245	1726.840351	1.000000
-111.930000	-23.990000	-156.627594	19.930099	-1.452289	313.207221	1731.583502	1.000000
-111.930000	-23.990000	-156.627594	20.180099	-1.815053	313.304334	1736.250645	3.000000
-111.930000	-23.990000	-156.377594	18.430099	-0.931084	312.775557	1697.564914	1.000000
-111.930000	-23.990000	-156.377594	18.680099	0.115472	312.878311	1702.597682	1.000000
-111.930000	-23.990000	-156.377594	18.930099	-0.231191	312.980215	1707.427466	1.000000
-111.930000	-23.990000	-156.377594	19.180099	-0.391134	313.081208	1712.251873	2.000000
-111.930000	-23.990000	-156.377594	19.430099	-0.534926	313.181359	1717.076280	1.000000
-111.930000	-23.990000	-156.377594	19.680099	-0.973709	313.280608	1721.900687	1.000000
-111.930000	-23.990000	-156.377594	19.930099	-1.678308	313.379023	1726.625760	2.000000
-111.930000	-23.990000	-156.377594	20.180099	-1.981791	313.476545	1731.298102	2.000000
-111.930000	-23.990000	-156.127594	18.430099	-1.099452	312.945658	1692.488625	1.000000
-111.930000	-23.990000	-156.127594	18.680099	-0.033769	313.048872	1697.521393	1.000000
-111.930000	-23.990000	-156.127594	18.930099	-0.203197	313.151204	1702.487802	1.000000
-111.930000	-23.990000	-156.127594	19.180099	-0.562570	313.252645	1707.312209	0.000000
-111.930000	-23.990000	-156.127594	19.430099	-0.706781	313.353213	1712.136616	1.000000
-111.930000	-23.990000	-156.127594	19.680099	-1.200040	313.452900	1716.961023	1.000000
-111.930000	-23.990000	-156.127594	19.930099	-1.905801	313.551723	1721.668018	2.000000
-111.930000	-23.990000	-156.127594	20.180099	-2.154339	313.649673	1726.340360	2.000000
-111.930000	-23.990000	-156.127594	20.430099	-2.297897	313.746769	1731.012701	2.000000
-111.930000	-23.990000	-155.877594	18.180099	-2.769427	313.012131	1682.860776	1.000000
-111.930000	-23.990000	-155.877594	18.430099	-1.268763	313.116702	1687.412336	1.000000
-111.930000	-23.990000	-155.877594	18.680099	-0.016159	313.220342	1692.445104	1.000000
-111.930000	-23.990000	-155.877594	18.930099	-0.368837	313.323120	1697.477873	0.000000
-111.930000	-23.990000	-155.877594	19.180099	-0.527654	313.424978	1702.372545	1.000000
-111.930000	-23.990000	-155.877594	19.430099	-0.879550	313.525982	1707.196952	1.000000
-111.930000	-23.990000	-155.877594	19.680099	-1.431682	313.626076	1712.021359	1.000000
-111.930000	-23.990000	-155.877594	19.930099	-2.134287	313.725325	1716.710277	3.000000
-111.930000	-23.990000	-155.877594	20.180099	-2.328339	313.823673	1721.382618	1.000000
-111.930000	-23.990000	-155.877594	20.430099	-2.684670	313.921184	1726.054959	1.000000
-111.930000	-23.990000	-155.627594	18.180099	-2.939166	313.183692	1677.783903	0.000000
-111.930000	-23.990000	-155.627594	18.430099	-1.439017	313.288688	1682.336047	0.000000
-111.930000	-23.990000	-155.627594	18.680099	-0.188592	313.392775	1687.368815	0.000000
-111.930000	-23.990000	-155.627594	18.930099	-0.338445	313.495969	1692.401584	1.000000
-111.930000	-23.990000	-155.627594	19.180099	-0.690316	313.598262	1697.432881	1.000000
-111.930000	-23.990000	-155.627594	19.430099	-1.057684	313.699673	1702.257288	1.000000
-111.930000	-23.990000	-155.627594	19.680099	-1.712122	313.800191	1707.080193	1.000000
-111.930000	-23.990000	-155.627594	19.930099	-2.359207	313.899837	1711.752535	3.000000
-111.930000	-23.990000	-155.627594	20.180099	-2.841156	313.998599	1716.424876	2.000000
-111.930000	-23.990000	-155.627594	20.430099	-2.163126	314.096498	1721.050229	1.000000
-111.930000	-23.990000	-155.377594	17.930099	-3.148774	313.249861	1668.213505	2.000000
-111.930000	-23.990000	-155.377594	18.180099	-3.109837	313.356185	1672.707031	1.000000
-111.930000	-23.990000	-155.377594	18.430099	-1.610222	313.461626	1677.259758	1.000000
-111.930000	-23.990000	-155.377594	18.680099	-0.361945	313.566128	1682.292526	2.000000
-111.930000	-23.990000	-155.377594	18.930099	-0.508053	313.669755	1687.325295	2.000000
-111.930000	-23.990000	-155.377594	19.180099	-0.858313	313.772454	1692.358063	1.000000
-111.930000	-23.990000	-155.377594	19.430099	-1.070552	313.874286	1697.317624	1.000000
-111.930000	-23.990000	-155.377594	19.680099	-1.989109	313.975201	1702.122451	2.000000
-111.930000	-23.990000	-155.377594	19.930099	-2.997488	314.075258	1706.794793	2.000000
-111.930000	-23.990000	-155.377594	20.180099	-3.952077	314.174407	1711.398966	2.000000
-111.930000	-23.990000	-155.377594	20.430099	0.681378	314.272708	1715.933648	2.000000
-111.930000	-23.990000	-155.127594	17.930099	-3.321809	313.422896	1663.136633	2.000000
-111.930000	-23.990000	-155.127594	18.180099	-3.281495	313.529664	1667.630159	1.000000
-111.930000	-23.990000	-155.127594	18.430099	-1.782383	313.635520	1672.183469	1.000000
-111.930000	-23.990000	-155.127594	18.680099	-0.536271	313.740454	1677.216237	2.000000
-111.930000	-23.990000	-155.127594	18.930099	-0.682783	313.844486	1682.249006	2.000000
-111.930000	-23.990000	-155.127594	19.180099	-0.828988	313.947606	1687.281774	2.000000
-111.930000	-23.990000	-155.127594	19.430099	-1.121393	314.049833	1692.314542	1.000000
-111.930000	-23.990000	-155.127594	19.680099	-2.640914	314.151158	1697.164709	2.000000
-111.930000	-23.990000	-155.127594	19.930099	-4.108731	314.251600	1701.747703	2.000000
-111.930000	-23.990000	-155.127594	20.180099	-2.999241	314.351150	1706.282385	1.000000
-111.930000	-23.990000	-155.127594	20.430099	4.685697	314.449827	1711.343239	3.000000
-111.930000	-23.990000	-154.877594	17.680099	-3.348113	313.488764	1653.566235	2.000000
-111.930000	-23.990000	-154.877594	17.930099	-3.495819	313.596906	1658.059761	2.000000
-111.930000	-23.990000	-154.877594	18.180099	-3.454097	313.704087	1662.553287	1.000000
-111.930000	-23.990000	-154.877594	18.430099	-1.955505	313.810374	1667.107180	2.000000
-111.930000	-23.990000	-154.877594	18.680099	-0.711528	313.915711	1672.139948	3.000000
-111.930000	-23.990000	-154.877594	18.930099	-0.468109	314.020162	1677.172717	2.000000
-111.930000	-23.990000	-154.877594	19.180099	0.040452	314.123675	1682.205485	3.000000
-111.930000	-23.990000	-154.877594	19.430099	-1.167005	314.226311	1687.297999	2.000000
-111.930000	-23.990000	-154.877594	19.680099	-3.713355	314.328020	1692.086626	2.000000
-111.930000	-23.990000	-154.877594	19.930099	-4.661310	314.428861	1696.631122	2.000000
-111.930000	-23.990000	-154.877594	20.180099	0.379688	314.528785	1701.165803	3.000000
-111.930000	-23.990000	-154.877594	20.430099	6.952702	314.627850	1706.957033	3.000000
-111.930000	-23.990000	-154.877594	20.680099	7.323763	314.726008	1712.968523	2.000000
-111.930000	-23.990000	-154.627594	17.680099	-2.993548	313.663341	1648.489363	3.000000
-111.930000	-23.990000	-154.627594	17.930099	-3.177060	313.771895	1652.982889	2.000000
-111.930000	-23.990000	-154.627594	18.180099	-3.236348	313.879507	1657.476415	1.000000
-111.930000	-23.990000	-154.627594	18.430099	-1.288395	313.986195	1662.030891	2.000000
-111.930000	-23.990000	-154.627594	18.680099	0.604798	314.091952	1667.063660	3.000000
-111.930000	-23.990000	-154.627594	18.930099	1.425260	314.196794	1672.234053	2.000000
-111.930000	-23.990000	-154.627594	19.180099	0.520526	314.300716	1677.435359	3.000000
-111.930000	-23.990000	-154.627594	19.430099	-2.955888	314.403734	1682.342506	3.000000
-111.930000	-23.990000	-154.627594	19.680099	-3.549215	314.505840	1686.916939	2.000000
-111.930000	-23.990000	-154.627594	19.930099	1.552306	314.607053	1691.491371	2.000000
-111.930000	-23.990000	-154.627594	20.180099	9.581299	314.707364	1696.559337	3.000000
-111.930000	-23.990000	-154.627594	20.430099	11.532381	314.806793	1702.570827	3.000000
-111.930000	-23.990000	-154.627594	20.680099	10.141547	314.905329	1708.582318	2.000000
-111.930000	-23.990000	-154.377594	17.680099	-2.676483	313.838886	1643.624573	3.000000
-111.930000	-23.990000	-154.377594	17.930099	-2.811301	313.947869	1648.081813	4.000000
-111.930000	-23.990000	-154.377594	18.180099	-1.506087	314.055882	1652.539053	2.000000
-111.930000	-23.990000	-154.377594	18.430099	1.231894	314.162987	1657.249705	2.000000
-111.930000	-23.990000	-154.377594	18.680099	2.047288	314.269134	1662.371413	2.000000
-111.930000	-23.990000	-154.377594	18.930099	1.509813	314.374382	1667.572719	3.000000
-111.930000	-23.990000	-154.377594	19.180099	-0.860981	314.478684	1672.598386	3.000000
-111.930000	-23.990000	-154.377594	19.430099	1.524624	314.582097	1677.172819	2.000000
-111.930000	-23.990000	-154.377594	19.680099	8.159573	314.684574	1682.161661	3.000000
-111.930000	-23.990000	-154.377594	19.930099	13.607839	314.786172	1687.925837	2.000000
-111.930000	-23.990000	-154.127594	17.680099	-2.262582	314.015452	1638.774550	4.000000
-111.930000	-23.990000	-154.127594	17.930099	-0.824656	314.124834	1643.272848	4.000000
-111.930000	-23.990000	-154.127594	18.180099	0.955399	314.233264	1647.987430	3.000000
-111.930000	-23.990000	-154.127594	18.430099	1.922676	314.340758	1652.830531	3.000000
-111.930000	-23.990000	-154.127594	18.680099	2.121320	314.447310	1657.723801	2.000000
-111.930000	-23.990000	-154.127594	18.930099	3.682276	314.552937	1662.854266	2.000000
-111.930000	-23.990000	-154.127594	19.180099	7.057955	314.657633	1667.919746	3.000000
-111.930000	-23.990000	-154.127594	19.430099	11.784981	314.761415	1673.665724	2.000000
-111.930000	-23.990000	-153.877594	17.680099	-0.234210	314.192997	1634.065633	4.000000
-111.930000	-23.990000	-153.877594	17.930099	0.723058	314.302794	1638.780216	2.000000
-111.930000	-23.990000	-153.877594	18.180099	1.420013	314.411611	1643.518089	2.000000
-111.930000	-23.990000	-153.877594	18.430099	2.977499	314.519508	1648.411358	3.000000
-111.930000	-23.990000	-153.877594	18.680099	7.078053	314.626438	1653.381922	3.000000
-111.930000	-23.990000	-153.627594	17.930099	0.765864	314.481758	1634.287584	3.000000
