-155.679398	21.205500	860.835000	-1.435971
-153.982697	21.519699	824.690000	-1.801689
-153.295898	18.800900	869.818000	-1.920945
-152.132401	18.481400	859.637000	-3.337401
-153.290604	17.906200	889.589000	-2.837461
-156.808197	18.404200	939.509000	-0.397052
-156.465103	18.775000	925.517000	-0.502468
-156.510101	19.477699	910.834000	-0.334322
-156.932007	19.832701	911.791000	-0.534800
-155.772995	19.079000	906.456000	-0.558435
-157.931000	21.646000	894.445000	-2.107893
-155.996994	20.771000	875.429000	-0.849329
-154.983002	19.601000	881.431000	-0.876490
-159.401001	21.971001	910.457000	NaN
-156.658005	20.891001	885.438000	0.034742
-157.270004	21.108999	893.450000	1.164906
-156.755997	21.136000	882.448000	0.138854
-154.617798	20.088900	864.431000	-1.228137
-155.679398	21.205500	860.409000	-1.435971
-154.482803	21.001900	845.416000	-0.876817
-153.982697	21.519699	825.415000	-1.801689
-153.292099	20.892599	825.413000	-0.041580
-153.902405	19.979099	855.433000	-0.882137
-153.503204	19.495199	859.423000	-2.184019
-153.992294	18.797600	881.420000	-2.055213
-153.295898	18.800900	869.418000	-1.920945
-152.132401	18.481400	859.412000	-3.337401
-153.290604	17.906200	889.414000	-2.837461
-153.700806	17.297501	908.424000	-1.738278
-154.691299	17.180099	927.433000	-0.999150
-154.030502	17.988400	899.420000	-1.687421
-154.495895	18.401699	897.420000	-0.365426
-154.797394	18.803101	894.411000	-0.879602
-155.714996	18.000299	927.433000	0.194970
-156.808197	18.404200	939.409000	-0.397052
-156.167007	18.301001	929.428000	-0.007142
-156.465103	18.775000	925.417000	-0.502468
-157.227295	18.984800	934.426000	-0.803199
-156.510101	19.477699	911.434000	-0.334322
-156.932007	19.832701	911.416000	-0.534800
-157.627594	20.346100	914.432000	-0.300599
