-155.996994	20.771000	1734.794000	-111.930000	-23.990000
-154.983002	19.601000	1692.819000	-111.930000	-23.990000
-154.617798	20.088900	1693.794000	-111.930000	-23.990000
-154.482803	21.001900	1713.780000	-111.930000	-23.990000
-153.992294	18.797600	1657.782000	-111.930000	-23.990000
-153.290604	17.906200	1627.781000	-111.930000	-23.990000
-153.700806	17.297501	1623.798000	-111.930000	-23.990000
-154.691299	17.180099	1640.796000	-111.930000	-23.990000
-154.495895	18.401699	1658.785000	-111.930000	-23.990000
-156.808197	18.404200	1705.787000	-111.930000	-23.990000
-156.932007	19.832701	1735.800000	-111.930000	-23.990000
-157.627594	20.346100	1758.776000	-111.930000	-23.990000
-154.617798	20.088900	1694.595000	-111.930000	-23.990000
-153.992294	18.797600	1657.482000	-111.930000	-23.990000
-153.700806	17.297501	1623.549000	-111.930000	-23.990000
-157.627594	20.346100	1759.302000	-111.930000	-23.990000
