-153.902405	19.979099	1217.863000	-107.380000	18.890000
-153.290604	17.906200	1209.947000	-107.380000	18.890000
-156.465103	18.775000	1290.938000	-107.380000	18.890000
-157.931000	21.646000	1317.794000	-107.380000	18.890000
-155.996994	20.771000	1271.781000	-107.380000	18.890000
-156.658005	20.891001	1288.792000	-107.380000	18.890000
-157.270004	21.108999	1302.801000	-107.380000	18.890000
-156.755997	21.136000	1289.801000	-107.380000	18.890000
-154.617798	20.088900	1235.767000	-107.380000	18.890000
-153.902405	19.979099	1217.763000	-107.380000	18.890000
-153.290604	17.906200	1209.772000	-107.380000	18.890000
-153.700806	17.297501	1223.765000	-107.380000	18.890000
-154.691299	17.180099	1250.771000	-107.380000	18.890000
-155.714996	18.000299	1274.781000	-107.380000	18.890000
-156.808197	18.404200	1301.769000	-107.380000	18.890000
-156.465103	18.775000	1290.764000	-107.380000	18.890000
