-97.460000	-36.380000	-158.651001	21.430099	5.668001	314.526205	2293.291454	1.000000
-97.460000	-36.380000	-158.401001	21.180099	6.193480	314.614840	2284.533186	0.000000
-97.460000	-36.380000	-158.401001	21.430099	1.834118	314.641635	2289.388873	0.000000
-97.460000	-36.380000	-158.151001	20.680099	9.954473	314.674133	2270.609709	2.000000
-97.460000	-36.380000	-158.151001	20.930099	6.442598	314.702528	2275.774918	2.000000
-97.460000	-36.380000	-158.151001	21.180099	4.510362	314.730343	2280.630605	1.000000
-97.460000	-36.380000	-158.151001	21.430099	-2.767126	314.757593	2285.486292	1.000000
-97.460000	-36.380000	-157.901001	20.430099	10.198544	314.759789	2261.806930	2.000000
-97.460000	-36.380000	-157.901001	20.680099	6.691678	314.789207	2267.016650	2.000000
-97.460000	-36.380000	-157.901001	20.930099	4.470206	314.818087	2271.872337	2.000000
-97.460000	-36.380000	-157.901001	21.180099	2.854519	314.846357	2276.728025	1.000000
-97.460000	-36.380000	-157.901001	21.430099	-7.984655	314.874091	2281.071790	1.000000
-97.460000	-36.380000	-157.651001	19.930099	9.042098	314.813406	2247.616923	2.000000
-97.460000	-36.380000	-157.651001	20.180099	7.178127	314.844464	2253.004151	2.000000
-97.460000	-36.380000	-157.651001	20.430099	4.978652	314.874950	2258.258382	2.000000
-97.460000	-36.380000	-157.651001	20.680099	3.705632	314.904851	2263.114069	2.000000
-97.460000	-36.380000	-157.651001	20.930099	4.354109	314.934184	2267.969757	2.000000
-97.460000	-36.380000	-157.651001	21.180099	-0.328993	314.962935	2272.825444	1.000000
-97.460000	-36.380000	-157.651001	21.430099	-10.982588	314.991120	2276.383137	1.000000
-97.460000	-36.380000	-157.401001	19.680099	4.090774	314.896060	2238.646839	3.000000
-97.460000	-36.380000	-157.401001	19.930099	2.028416	314.928187	2243.634105	2.000000
-97.460000	-36.380000	-157.401001	20.180099	1.742553	314.959697	2248.622397	3.000000
-97.460000	-36.380000	-157.401001	20.430099	2.044118	314.990665	2253.815966	3.000000
-97.460000	-36.380000	-157.401001	20.680099	2.668534	315.021017	2259.009536	3.000000
-97.460000	-36.380000	-157.401001	20.930099	2.266683	315.050829	2264.067176	2.000000
-97.460000	-36.380000	-157.401001	21.180099	-5.917785	315.080029	2268.782084	2.000000
-97.460000	-36.380000	-157.401001	21.430099	-12.699901	315.108690	2271.694484	1.000000
-97.460000	-36.380000	-157.151001	19.430099	1.560680	314.977787	2228.883868	3.000000
-97.460000	-36.380000	-157.151001	19.680099	0.136451	315.010942	2233.871135	4.000000
-97.460000	-36.380000	-157.151001	19.930099	0.098997	315.043521	2238.858401	3.000000
-97.460000	-36.380000	-157.151001	20.180099	1.147580	315.075511	2243.998961	2.000000
-97.460000	-36.380000	-157.151001	20.430099	1.132268	315.106927	2249.192531	3.000000
-97.460000	-36.380000	-157.151001	20.680099	0.906090	315.137757	2254.384015	3.000000
-97.460000	-36.380000	-157.151001	20.930099	-0.687612	315.168016	2259.552098	2.000000
-97.460000	-36.380000	-157.151001	21.180099	-8.652756	315.197690	2264.093431	1.000000
-97.460000	-36.380000	-157.151001	21.430099	-11.841889	315.226797	2267.005832	1.000000
-97.460000	-36.380000	-156.901001	18.930099	1.003454	315.023755	2214.206434	3.000000
-97.460000	-36.380000	-156.901001	19.180099	2.624084	315.058532	2219.677500	4.000000
-97.460000	-36.380000	-156.901001	19.430099	1.749403	315.092758	2224.530775	4.000000
-97.460000	-36.380000	-156.901001	19.680099	0.871432	315.126362	2229.303140	3.000000
-97.460000	-36.380000	-156.901001	19.930099	0.970069	315.159418	2234.160091	3.000000
-97.460000	-36.380000	-156.901001	20.180099	0.741969	315.191855	2239.328174	3.000000
-97.460000	-36.380000	-156.901001	20.430099	0.586236	315.223747	2244.496257	3.000000
-97.460000	-36.380000	-156.901001	20.680099	0.437021	315.255021	2249.664340	3.000000
-97.460000	-36.380000	-156.901001	20.930099	-1.341522	315.285753	2254.832423	3.000000
-97.460000	-36.380000	-156.901001	21.180099	-8.657029	315.315870	2259.404779	2.000000
-97.460000	-36.380000	-156.901001	21.430099	-10.669551	315.345447	2262.317179	1.000000
-97.460000	-36.380000	-156.651001	18.680099	-1.555662	315.102511	2204.546619	4.000000
-97.460000	-36.380000	-156.651001	18.930099	1.781845	315.138362	2209.567616	4.000000
-97.460000	-36.380000	-156.651001	19.180099	2.539450	315.173618	2215.038681	4.000000
-97.460000	-36.380000	-156.651001	19.430099	2.355745	315.208291	2220.372145	4.000000
-97.460000	-36.380000	-156.651001	19.680099	0.990067	315.242372	2225.114710	3.000000
-97.460000	-36.380000	-156.651001	19.930099	0.802940	315.275873	2229.798218	2.000000
-97.460000	-36.380000	-156.651001	20.180099	0.579445	315.308783	2234.608499	4.000000
-97.460000	-36.380000	-156.651001	20.430099	0.397783	315.341117	2239.776582	4.000000
-97.460000	-36.380000	-156.651001	20.680099	0.319180	315.372863	2244.944665	3.000000
-97.460000	-36.380000	-156.651001	20.930099	-1.572048	315.404035	2250.112749	3.000000
-97.460000	-36.380000	-156.651001	21.180099	-8.236291	315.434621	2254.716126	3.000000
-97.460000	-36.380000	-156.651001	21.430099	-9.125634	315.464636	2257.745691	2.000000
-97.460000	-36.380000	-156.401001	18.430099	-1.640372	315.180337	2195.110861	4.000000
-97.460000	-36.380000	-156.401001	18.680099	0.130646	315.217222	2199.748553	4.000000
-97.460000	-36.380000	-156.401001	18.930099	2.055038	315.253550	2204.925721	4.000000
-97.460000	-36.380000	-156.401001	19.180099	2.688259	315.289251	2210.396122	3.000000
-97.460000	-36.380000	-156.401001	19.430099	0.738898	315.324398	2215.843149	3.000000
-97.460000	-36.380000	-156.401001	19.680099	-0.625453	315.358922	2220.801508	3.000000
-97.460000	-36.380000	-156.401001	19.930099	-0.660898	315.392894	2225.564822	2.000000
-97.460000	-36.380000	-156.401001	20.180099	-0.125788	315.426245	2230.248329	2.000000
-97.460000	-36.380000	-156.401001	20.430099	0.383434	315.459048	2235.056908	2.000000
-97.460000	-36.380000	-156.401001	20.680099	0.013808	315.491232	2240.224991	3.000000
-97.460000	-36.380000	-156.401001	20.930099	-1.858343	315.522870	2245.325809	3.000000
-97.460000	-36.380000	-156.401001	21.180099	-7.140320	315.553893	2250.027473	3.000000
-97.460000	-36.380000	-156.401001	21.430099	-7.932034	315.584372	2253.300482	2.000000
-97.460000	-36.380000	-156.151001	18.430099	-0.255273	315.295178	2190.486336	3.000000
-97.460000	-36.380000	-156.151001	18.680099	0.964943	315.332538	2195.361013	3.000000
-97.460000	-36.380000	-156.151001	18.930099	1.892673	315.369310	2200.276517	3.000000
-97.460000	-36.380000	-156.151001	19.180099	1.618745	315.405483	2205.746917	3.000000
-97.460000	-36.380000	-156.151001	19.430099	-1.329034	315.441072	2210.916982	3.000000
-97.460000	-36.380000	-156.151001	19.680099	-2.012981	315.476065	2215.875341	3.000000
-97.460000	-36.380000	-156.151001	19.930099	-1.520108	315.510476	2220.833700	3.000000
-97.460000	-36.380000	-156.151001	20.180099	-0.903320	315.544294	2225.792059	2.000000
-97.460000	-36.380000	-156.151001	20.430099	-0.927220	315.577533	2230.698441	2.000000
-97.460000	-36.380000	-156.151001	20.680099	-1.297024	315.610182	2235.505316	1.000000
-97.460000	-36.380000	-156.151001	20.930099	-1.943573	315.642255	2240.519989	2.000000
-97.460000	-36.380000	-156.151001	21.180099	-6.296305	315.673739	2245.338820	2.000000
-97.460000	-36.380000	-156.151001	21.430099	-7.148070	315.704651	2248.855273	1.000000
-97.460000	-36.380000	-155.901001	18.180099	-0.542450	315.372175	2180.871626	2.000000
-97.460000	-36.380000	-155.901001	18.430099	0.154202	315.410609	2185.858754	3.000000
-97.460000	-36.380000	-155.901001	18.680099	0.475627	315.448411	2190.884916	3.000000
-97.460000	-36.380000	-155.901001	18.930099	1.193084	315.485653	2195.848149	3.000000
-97.460000	-36.380000	-155.901001	19.180099	-0.549273	315.522266	2201.032456	3.000000
-97.460000	-36.380000	-155.901001	19.430099	-1.871543	315.558322	2205.990815	3.000000
-97.460000	-36.380000	-155.901001	19.680099	-1.915955	315.593752	2210.949174	3.000000
-97.460000	-36.380000	-155.901001	19.930099	-1.941654	315.628628	2215.907533	3.000000
-97.460000	-36.380000	-155.901001	20.180099	-1.951174	315.662881	2220.872384	2.000000
-97.460000	-36.380000	-155.901001	20.430099	-1.826325	315.696582	2225.842838	2.000000
-97.460000	-36.380000	-155.901001	20.680099	-1.694637	315.729663	2230.813291	2.000000
-97.460000	-36.380000	-155.901001	20.930099	-2.507197	315.762195	2235.714169	2.000000
-97.460000	-36.380000	-155.901001	21.180099	-5.569867	315.794110	2240.557804	2.000000
-97.460000	-36.380000	-155.651001	18.180099	-0.461144	315.487748	2176.167552	1.000000
-97.460000	-36.380000	-155.651001	18.430099	-0.093132	315.526623	2181.172097	2.000000
-97.460000	-36.380000	-155.651001	18.680099	-0.111689	315.564893	2186.198259	2.000000
-97.460000	-36.380000	-155.651001	18.930099	-0.317362	315.602573	2191.224421	2.000000
-97.460000	-36.380000	-155.651001	19.180099	-1.423966	315.639652	2196.158230	2.000000
-97.460000	-36.380000	-155.651001	19.430099	-1.658402	315.676143	2201.126212	2.000000
-97.460000	-36.380000	-155.651001	19.680099	-1.695830	315.712035	2206.096665	1.000000
-97.460000	-36.380000	-155.651001	19.930099	-1.740360	315.747344	2211.067119	3.000000
-97.460000	-36.380000	-155.651001	20.180099	-1.804095	315.782057	2216.037572	2.000000
-97.460000	-36.380000	-155.651001	20.430099	-1.956220	315.816189	2221.008025	1.000000
-97.460000	-36.380000	-155.651001	20.680099	-2.447933	315.849728	2225.953586	1.000000
-97.460000	-36.380000	-155.651001	20.930099	-2.523557	315.882688	2230.846458	2.000000
-97.460000	-36.380000	-155.651001	21.180099	-2.804273	315.915058	2235.751959	2.000000
-97.460000	-36.380000	-155.401001	17.930099	-0.799950	315.563981	2166.556350	1.000000
-97.460000	-36.380000	-155.401001	18.180099	-0.486724	315.603889	2171.463479	1.000000
-97.460000	-36.380000	-155.401001	18.430099	-0.160048	315.643230	2176.485440	2.000000
-97.460000	-36.380000	-155.401001	18.680099	-0.278841	315.681936	2181.511602	2.000000
-97.460000	-36.380000	-155.401001	18.930099	-0.873943	315.720079	2186.520195	2.000000
-97.460000	-36.380000	-155.401001	19.180099	-1.511897	315.757591	2191.420698	1.000000
-97.460000	-36.380000	-155.401001	19.430099	-1.715310	315.794543	2196.291400	2.000000
-97.460000	-36.380000	-155.401001	19.680099	-1.762309	315.830867	2201.261853	2.000000
-97.460000	-36.380000	-155.401001	19.930099	-1.843066	315.866633	2206.232306	2.000000
-97.460000	-36.380000	-155.401001	20.180099	-1.923813	315.901775	2211.202760	2.000000
-97.460000	-36.380000	-155.401001	20.430099	-2.258450	315.936361	2216.173213	2.000000
-97.460000	-36.380000	-155.401001	20.680099	-2.323330	315.970327	2221.080405	3.000000
-97.460000	-36.380000	-155.401001	20.930099	1.313906	316.003740	2226.022524	3.000000
-97.460000	-36.380000	-155.401001	21.180099	-0.498444	316.036535	2231.475322	3.000000
-97.460000	-36.380000	-155.151001	17.930099	-0.857328	315.680276	2161.852276	1.000000
-97.460000	-36.380000	-155.151001	18.180099	-0.500123	315.720648	2166.772620	1.000000
-97.460000	-36.380000	-155.151001	18.430099	-0.265266	315.760423	2171.798782	2.000000
-97.460000	-36.380000	-155.151001	18.680099	-0.583972	315.799591	2176.824945	1.000000
-97.460000	-36.380000	-155.151001	18.930099	-1.185616	315.838166	2181.800781	1.000000
-97.460000	-36.380000	-155.151001	19.180099	-1.717450	315.876137	2186.683166	1.000000
-97.460000	-36.380000	-155.151001	19.430099	-1.826610	315.913518	2191.542343	2.000000
-97.460000	-36.380000	-155.151001	19.680099	-1.916533	315.950298	2196.427041	2.000000
-97.460000	-36.380000	-155.151001	19.930099	-1.962924	315.986491	2201.397494	1.000000
-97.460000	-36.380000	-155.151001	20.180099	-2.113465	316.022086	2206.367947	2.000000
-97.460000	-36.380000	-155.151001	20.430099	-1.992392	316.057097	2211.314351	3.000000
-97.460000	-36.380000	-155.151001	20.680099	1.889446	316.091513	2216.293089	3.000000
-97.460000	-36.380000	-155.151001	20.930099	4.480930	316.125348	2221.892758	4.000000
-97.460000	-36.380000	-155.151001	21.180099	-2.037782	316.158591	2227.061166	3.000000
-97.460000	-36.380000	-154.901001	17.680099	-0.931184	315.755729	2152.241073	2.000000
-97.460000	-36.380000	-154.901001	17.930099	-0.923502	315.797174	2157.148203	2.000000
-97.460000	-36.380000	-154.901001	18.180099	-0.554499	315.837979	2162.085963	1.000000
-97.460000	-36.380000	-154.901001	18.430099	-0.504907	315.878213	2167.112125	2.000000
-97.460000	-36.380000	-154.901001	18.680099	-0.895782	315.917812	2172.107541	2.000000
-97.460000	-36.380000	-154.901001	18.930099	-1.402345	315.956843	2177.081366	2.000000
-97.460000	-36.380000	-154.901001	19.180099	-1.889859	315.995241	2181.945634	3.000000
-97.460000	-36.380000	-154.901001	19.430099	-1.986454	316.033075	2186.804811	2.000000
-97.460000	-36.380000	-154.901001	19.680099	-2.028862	316.070280	2191.663988	1.000000
-97.460000	-36.380000	-154.901001	19.930099	-2.119236	316.106924	2196.562682	1.000000
-97.460000	-36.380000	-154.901001	20.180099	-1.587126	316.142941	2201.533135	2.000000
-97.460000	-36.380000	-154.901001	20.430099	2.105385	316.178401	2206.563654	2.000000
-97.460000	-36.380000	-154.901001	20.680099	5.538256	316.213237	2212.163323	3.000000
-97.460000	-36.380000	-154.901001	20.930099	3.604747	316.247518	2217.762992	3.000000
-97.460000	-36.380000	-154.901001	21.180099	-3.160680	316.281179	2222.647009	3.000000
-97.460000	-36.380000	-154.651001	17.680099	-1.048247	315.872793	2147.537000	3.000000
-97.460000	-36.380000	-154.651001	17.930099	-0.990362	315.914668	2152.444129	2.000000
-97.460000	-36.380000	-154.651001	18.180099	-0.654489	315.955931	2157.399306	2.000000
-97.460000	-36.380000	-154.651001	18.430099	-0.816894	315.996594	2162.414302	2.000000
-97.460000	-36.380000	-154.651001	18.680099	-1.120370	316.036647	2167.388127	2.000000
-97.460000	-36.380000	-154.651001	18.930099	-1.629256	316.076104	2172.348926	1.000000
-97.460000	-36.380000	-154.651001	19.180099	-2.024569	316.114954	2177.208102	2.000000
-97.460000	-36.380000	-154.651001	19.430099	-2.106590	316.153211	2182.067279	2.000000
-97.460000	-36.380000	-154.651001	19.680099	-2.113718	316.190865	2186.926456	1.000000
-97.460000	-36.380000	-154.651001	19.930099	-1.276408	316.227930	2191.785633	1.000000
-97.460000	-36.380000	-154.651001	20.180099	0.853414	316.264394	2196.834219	2.000000
-97.460000	-36.380000	-154.651001	20.430099	2.174199	316.300271	2202.433888	2.000000
-97.460000	-36.380000	-154.651001	20.680099	1.493867	316.335551	2208.033557	2.000000
-97.460000	-36.380000	-154.651001	20.930099	-0.181645	316.370248	2213.633226	3.000000
-97.460000	-36.380000	-154.651001	21.180099	-4.317973	316.404350	2218.232853	3.000000
-97.460000	-36.380000	-154.401001	17.680099	-1.146198	315.990439	2142.832926	3.000000
-97.460000	-36.380000	-154.401001	17.930099	-1.057918	316.032770	2147.740056	3.000000
-97.460000	-36.380000	-154.401001	18.180099	-0.891430	316.074460	2152.712648	2.000000
-97.460000	-36.380000	-154.401001	18.430099	-1.095581	316.115575	2157.694887	2.000000
-97.460000	-36.380000	-154.401001	18.680099	-1.292067	316.156052	2162.668713	2.000000
-97.460000	-36.380000	-154.401001	18.930099	-1.817397	316.195958	2167.611394	1.000000
-97.460000	-36.380000	-154.401001	19.180099	-2.038753	316.235230	2172.470571	2.000000
-97.460000	-36.380000	-154.401001	19.430099	-1.559761	316.273933	2177.329747	2.000000
-97.460000	-36.380000	-154.401001	19.680099	-0.679422	316.312006	2182.213678	2.000000
-97.460000	-36.380000	-154.401001	19.930099	0.131085	316.349514	2187.232527	1.000000
-97.460000	-36.380000	-154.401001	20.180099	-0.046171	316.386394	2192.251375	2.000000
-97.460000	-36.380000	-154.401001	20.430099	-0.847755	316.422713	2197.270224	2.000000
-97.460000	-36.380000	-154.401001	20.680099	-0.162990	316.458407	2202.672498	3.000000
-97.460000	-36.380000	-154.401001	20.930099	-2.367300	316.493542	2208.623947	3.000000
-97.460000	-36.380000	-154.401001	21.180099	-6.607096	316.528056	2213.818697	2.000000
-97.460000	-36.380000	-154.151001	17.680099	-1.260251	316.108717	2138.146129	3.000000
-97.460000	-36.380000	-154.151001	17.930099	-0.959070	316.151473	2143.035982	3.000000
-97.460000	-36.380000	-154.151001	18.180099	-0.827379	316.193614	2148.001648	2.000000
-97.460000	-36.380000	-154.151001	18.430099	-0.875885	316.235151	2152.975473	2.000000
-97.460000	-36.380000	-154.151001	18.680099	-0.964354	316.276076	2157.949299	2.000000
-97.460000	-36.380000	-154.151001	18.930099	-1.044477	316.316401	2162.873862	1.000000
-97.460000	-36.380000	-154.151001	19.180099	-0.354377	316.356118	2167.768078	1.000000
-97.460000	-36.380000	-154.151001	19.430099	0.427893	316.395238	2172.786927	2.000000
-97.460000	-36.380000	-154.151001	19.680099	0.780276	316.433753	2177.805775	2.000000
-97.460000	-36.380000	-154.151001	19.930099	0.695249	316.471675	2182.824624	1.000000
-97.460000	-36.380000	-154.151001	20.180099	0.610204	316.508994	2187.843473	2.000000
-97.460000	-36.380000	-153.901001	17.680099	-1.152517	316.227581	2133.474889	3.000000
-97.460000	-36.380000	-153.901001	17.930099	-0.617051	316.270786	2138.425957	2.000000
-97.460000	-36.380000	-153.901001	18.180099	-0.614743	316.313347	2143.389290	3.000000
-97.460000	-36.380000	-153.901001	18.430099	-0.466359	316.355330	2148.375068	2.000000
-97.460000	-36.380000	-153.901001	18.680099	-0.179799	316.396672	2153.393236	2.000000
-97.460000	-36.380000	-153.901001	18.930099	0.330815	316.437440	2158.411405	1.000000
-97.460000	-36.380000	-153.901001	19.180099	1.052341	316.477571	2163.429573	1.000000
-97.460000	-36.380000	-153.901001	19.430099	0.964688	316.517131	2168.447742	2.000000
-97.460000	-36.380000	-153.901001	19.680099	0.877052	316.556058	2173.465910	2.000000
-97.460000	-36.380000	-153.901001	19.930099	0.789363	316.594417	2178.484079	1.000000
