-155.772995	19.079000	2196.505000	-97.460000	-36.380000
-155.996994	20.771000	2234.477000	-97.460000	-36.380000
-159.401001	21.971001	2315.505000	-97.460000	-36.380000
-157.270004	21.108999	2265.497000	-97.460000	-36.380000
-154.617798	20.088900	2194.243000	-97.460000	-36.380000
-155.679398	21.205500	2236.790000	-97.460000	-36.380000
-154.482803	21.001900	2212.463000	-97.460000	-36.380000
-153.982697	21.519699	2211.769000	-97.460000	-36.380000
-153.992294	18.797600	2157.466000	-97.460000	-36.380000
-153.700806	17.297501	2122.478000	-97.460000	-36.380000
-154.691299	17.180099	2138.481000	-97.460000	-36.380000
-154.030502	17.988400	2141.913000	-97.460000	-36.380000
-156.808197	18.404200	2202.409000	-97.460000	-36.380000
-156.167007	18.301001	2188.250000	-97.460000	-36.380000
-156.465103	18.775000	2202.724000	-97.460000	-36.380000
-157.227295	18.984800	2221.458000	-97.460000	-36.380000
-156.510101	19.477699	2218.937000	-97.460000	-36.380000
-156.932007	19.832701	2232.732000	-97.460000	-36.380000
-157.627594	20.346100	2256.474000	-97.460000	-36.380000
-153.992294	18.797600	2157.116000	-97.460000	-36.380000
-153.700806	17.297501	2122.053000	-97.460000	-36.380000
-157.627594	20.346100	2256.049000	-97.460000	-36.380000
