-177.100000	-14.260000	-157.127594	19.680099	-0.322424	31.571566	1076.922504	4.000000
-177.100000	-14.260000	-157.127594	19.930099	-0.467563	31.412185	1082.853878	3.000000
-177.100000	-14.260000	-157.127594	20.180099	0.017876	31.254664	1088.826380	2.000000
-177.100000	-14.260000	-157.127594	20.430099	0.357891	31.099097	1094.808395	3.000000
-177.100000	-14.260000	-157.127594	20.680099	0.645612	30.945335	1100.815895	3.000000
-177.100000	-14.260000	-156.877594	19.180099	3.018243	32.226864	1068.840658	4.000000
-177.100000	-14.260000	-156.877594	19.430099	1.762547	32.062728	1074.598797	4.000000
-177.100000	-14.260000	-156.877594	19.680099	1.328973	31.900605	1080.394932	3.000000
-177.100000	-14.260000	-156.877594	19.930099	0.723249	31.740390	1086.258008	3.000000
-177.100000	-14.260000	-156.877594	20.180099	0.236707	31.582131	1092.298556	3.000000
-177.100000	-14.260000	-156.877594	20.430099	0.647767	31.425728	1098.339104	3.000000
-177.100000	-14.260000	-156.877594	20.680099	0.964488	31.271226	1104.379652	3.000000
-177.100000	-14.260000	-156.627594	18.930099	1.323029	32.722190	1067.094073	3.000000
-177.100000	-14.260000	-156.627594	19.180099	2.627512	32.555303	1072.679297	4.000000
-177.100000	-14.260000	-156.627594	19.430099	1.664106	32.390461	1078.292486	4.000000
-177.100000	-14.260000	-156.627594	19.680099	1.800646	32.227543	1084.114512	3.000000
-177.100000	-14.260000	-156.627594	19.930099	1.976259	32.066618	1089.973165	2.000000
-177.100000	-14.260000	-156.627594	20.180099	1.120857	31.907559	1095.862314	4.000000
-177.100000	-14.260000	-156.627594	20.430099	0.442989	31.750444	1101.902862	4.000000
-177.100000	-14.260000	-156.627594	20.680099	0.640576	31.595138	1107.943410	3.000000
-177.100000	-14.260000	-156.627594	20.930099	1.636739	31.441728	1113.983958	3.000000
-177.100000	-14.260000	-156.377594	18.680099	-0.682145	33.219074	1065.071072	3.000000
-177.100000	-14.260000	-156.377594	18.930099	0.346446	33.049448	1070.742967	3.000000
-177.100000	-14.260000	-156.377594	19.180099	0.627627	32.881888	1076.297016	3.000000
-177.100000	-14.260000	-156.377594	19.430099	0.632970	32.716282	1081.887621	3.000000
-177.100000	-14.260000	-156.377594	19.680099	0.552448	32.552684	1087.821310	3.000000
-177.100000	-14.260000	-156.377594	19.930099	1.193239	32.390989	1093.719457	2.000000
-177.100000	-14.260000	-156.377594	20.180099	1.576811	32.231246	1099.578110	2.000000
-177.100000	-14.260000	-156.377594	20.430099	0.988389	32.073356	1105.466620	2.000000
-177.100000	-14.260000	-156.377594	20.680099	0.086868	31.917363	1111.507168	3.000000
-177.100000	-14.260000	-156.377594	20.930099	0.840775	31.763174	1117.656594	3.000000
-177.100000	-14.260000	-156.127594	18.680099	-2.511691	33.544869	1068.352682	3.000000
-177.100000	-14.260000	-156.127594	18.930099	-1.578855	33.374601	1074.094783	3.000000
-177.100000	-14.260000	-156.127594	19.180099	-0.927862	33.206315	1079.648832	3.000000
-177.100000	-14.260000	-156.127594	19.430099	-0.292788	33.040061	1085.444784	3.000000
-177.100000	-14.260000	-156.127594	19.680099	-0.391817	32.875731	1091.378472	3.000000
-177.100000	-14.260000	-156.127594	19.930099	-0.046747	32.713381	1097.312160	3.000000
-177.100000	-14.260000	-156.127594	20.180099	0.477951	32.552899	1103.245849	2.000000
-177.100000	-14.260000	-156.127594	20.430099	0.985948	32.394350	1109.179537	2.000000
-177.100000	-14.260000	-156.127594	20.680099	0.114104	32.237613	1115.070926	1.000000
-177.100000	-14.260000	-156.127594	20.930099	-0.295099	32.082761	1121.344860	2.000000
-177.100000	-14.260000	-155.877594	18.430099	-2.486283	34.041708	1065.872172	3.000000
-177.100000	-14.260000	-155.877594	18.680099	-2.200043	33.868751	1071.619572	3.000000
-177.100000	-14.260000	-155.877594	18.930099	-1.791834	33.697790	1077.366972	4.000000
-177.100000	-14.260000	-155.877594	19.180099	-0.871721	33.528889	1083.068257	4.000000
-177.100000	-14.260000	-155.877594	19.430099	-0.625264	33.361933	1089.001946	4.000000
-177.100000	-14.260000	-155.877594	19.680099	-0.376992	33.196980	1094.935634	2.000000
-177.100000	-14.260000	-155.877594	19.930099	-0.153158	33.033921	1100.872715	3.000000
-177.100000	-14.260000	-155.877594	20.180099	0.076745	32.872810	1106.820308	2.000000
-177.100000	-14.260000	-155.877594	20.430099	0.333430	32.713544	1112.767901	2.000000
-177.100000	-14.260000	-155.877594	20.680099	0.497097	32.556174	1118.716623	2.000000
-177.100000	-14.260000	-155.877594	20.930099	-0.122848	32.400601	1125.035461	2.000000
-177.100000	-14.260000	-155.627594	18.180099	-1.787626	34.539679	1063.535252	2.000000
-177.100000	-14.260000	-155.627594	18.430099	-1.509262	34.364031	1069.302537	2.000000
-177.100000	-14.260000	-155.627594	18.680099	-1.223946	34.190422	1075.069821	2.000000
-177.100000	-14.260000	-155.627594	18.930099	-1.030003	34.018878	1080.837105	3.000000
-177.100000	-14.260000	-155.627594	19.180099	-0.544727	33.849315	1086.692129	3.000000
-177.100000	-14.260000	-155.627594	19.430099	-0.627595	33.681767	1092.639722	3.000000
-177.100000	-14.260000	-155.627594	19.680099	-0.371468	33.516142	1098.587315	2.000000
-177.100000	-14.260000	-155.627594	19.930099	-0.128874	33.352483	1104.534908	4.000000
-177.100000	-14.260000	-155.627594	20.180099	0.080913	33.190692	1110.482501	2.000000
-177.100000	-14.260000	-155.627594	20.430099	-0.044997	33.030821	1116.432148	1.000000
-177.100000	-14.260000	-155.627594	20.680099	0.528840	32.872764	1122.539436	1.000000
-177.100000	-14.260000	-155.627594	20.930099	0.250327	32.716580	1128.911598	2.000000
-177.100000	-14.260000	-155.377594	17.930099	-1.281337	35.038909	1061.411060	3.000000
-177.100000	-14.260000	-155.377594	18.180099	-1.271734	34.860607	1067.171959	3.000000
-177.100000	-14.260000	-155.377594	18.430099	-1.073714	34.684342	1072.939243	3.000000
-177.100000	-14.260000	-155.377594	18.680099	-0.928398	34.510185	1078.706527	4.000000
-177.100000	-14.260000	-155.377594	18.930099	-0.653936	34.338011	1084.503340	4.000000
-177.100000	-14.260000	-155.377594	19.180099	-0.577867	34.167889	1090.392048	2.000000
-177.100000	-14.260000	-155.377594	19.430099	-0.711038	33.999700	1096.301914	3.000000
-177.100000	-14.260000	-155.377594	19.680099	-0.651151	33.833508	1102.249507	3.000000
-177.100000	-14.260000	-155.377594	19.930099	-0.438167	33.669199	1108.197100	3.000000
-177.100000	-14.260000	-155.377594	20.180099	-0.225668	33.506833	1114.147673	2.000000
-177.100000	-14.260000	-155.377594	20.430099	-0.270448	33.346303	1120.101284	2.000000
-177.100000	-14.260000	-155.377594	20.680099	-0.167218	33.187665	1126.415572	3.000000
-177.100000	-14.260000	-155.377594	20.930099	-0.305233	33.030815	1132.732857	3.000000
-177.100000	-14.260000	-155.127594	17.930099	-1.761803	35.358151	1065.050666	3.000000
-177.100000	-14.260000	-155.127594	18.180099	-1.573234	35.179275	1070.809144	2.000000
-177.100000	-14.260000	-155.127594	18.430099	-1.390769	35.002495	1076.575949	3.000000
-177.100000	-14.260000	-155.127594	18.680099	-1.258979	34.827749	1082.343233	4.000000
-177.100000	-14.260000	-155.127594	18.930099	-0.991439	34.655049	1088.204442	3.000000
-177.100000	-14.260000	-155.127594	19.180099	-0.842665	34.484326	1094.093150	3.000000
-177.100000	-14.260000	-155.127594	19.430099	-0.734484	34.315600	1099.981857	3.000000
-177.100000	-14.260000	-155.127594	19.680099	-0.840475	34.148795	1105.911700	3.000000
-177.100000	-14.260000	-155.127594	19.930099	-0.743357	33.983940	1111.863199	2.000000
-177.100000	-14.260000	-155.127594	20.180099	-0.858653	33.820952	1117.816810	1.000000
-177.100000	-14.260000	-155.127594	20.430099	-0.460334	33.659869	1123.919546	3.000000
-177.100000	-14.260000	-155.127594	20.680099	-1.076051	33.500600	1130.219924	3.000000
-177.100000	-14.260000	-155.127594	20.930099	-0.678679	33.343191	1136.265738	4.000000
-177.100000	-14.260000	-154.877594	17.680099	-2.297493	35.856844	1062.931794	3.000000
-177.100000	-14.260000	-154.877594	17.930099	-2.078989	35.675337	1068.690272	3.000000
-177.100000	-14.260000	-154.877594	18.180099	-1.874510	35.495982	1074.448750	3.000000
-177.100000	-14.260000	-154.877594	18.430099	-1.784621	35.318648	1080.212655	3.000000
-177.100000	-14.260000	-154.877594	18.680099	-1.488851	35.143410	1086.016837	3.000000
-177.100000	-14.260000	-154.877594	18.930099	-1.214982	34.970142	1091.905544	3.000000
-177.100000	-14.260000	-154.877594	19.180099	-0.858828	34.798915	1097.794252	4.000000
-177.100000	-14.260000	-154.877594	19.430099	-0.521431	34.629608	1103.701647	4.000000
-177.100000	-14.260000	-154.877594	19.680099	-0.596147	34.462289	1109.600531	3.000000
-177.100000	-14.260000	-154.877594	19.930099	-0.817822	34.296843	1115.532335	3.000000
-177.100000	-14.260000	-154.877594	20.180099	-1.287790	34.133332	1121.485946	3.000000
-177.100000	-14.260000	-154.877594	20.430099	-1.482150	33.971647	1127.706990	3.000000
-177.100000	-14.260000	-154.877594	20.680099	-1.823099	33.811847	1133.752805	3.000000
-177.100000	-14.260000	-154.877594	20.930099	-0.584812	33.653828	1139.798619	3.000000
-177.100000	-14.260000	-154.627594	17.680099	-3.039611	36.172261	1066.571400	3.000000
-177.100000	-14.260000	-154.627594	17.930099	-2.726487	35.990310	1072.329878	2.000000
-177.100000	-14.260000	-154.627594	18.180099	-2.446126	35.810443	1078.088356	2.000000
-177.100000	-14.260000	-154.627594	18.430099	-3.141824	35.632651	1083.849361	2.000000
-177.100000	-14.260000	-154.627594	18.680099	-2.931286	35.456886	1089.717939	3.000000
-177.100000	-14.260000	-154.627594	18.930099	-2.195802	35.283146	1095.649693	3.000000
-177.100000	-14.260000	-154.627594	19.180099	-1.310598	35.111378	1101.591117	3.000000
-177.100000	-14.260000	-154.627594	19.430099	-1.022330	34.941588	1107.522384	3.000000
-177.100000	-14.260000	-154.627594	19.680099	-1.282848	34.773715	1113.387668	3.000000
-177.100000	-14.260000	-154.627594	19.930099	-1.991946	34.607775	1119.252953	3.000000
-177.100000	-14.260000	-154.627594	20.180099	-2.892411	34.443699	1125.194057	3.000000
-177.100000	-14.260000	-154.627594	20.430099	-3.595779	34.281512	1131.239871	3.000000
-177.100000	-14.260000	-154.627594	20.680099	-3.145775	34.121137	1137.285686	2.000000
-177.100000	-14.260000	-154.627594	20.930099	-1.265331	33.962607	1143.331500	2.000000
-177.100000	-14.260000	-154.627594	21.180099	2.015281	33.805840	1148.722625	3.000000
-177.100000	-14.260000	-154.377594	17.680099	-2.635914	36.485666	1070.100851	4.000000
-177.100000	-14.260000	-154.377594	17.930099	-3.557514	36.303240	1075.878176	4.000000
-177.100000	-14.260000	-154.377594	18.180099	-3.399206	36.122951	1081.655501	3.000000
-177.100000	-14.260000	-154.377594	18.430099	-4.793166	35.944667	1087.239034	4.000000
-177.100000	-14.260000	-154.377594	18.680099	-7.383226	35.768465	1093.145484	4.000000
-177.100000	-14.260000	-154.377594	18.930099	-7.062336	35.594217	1099.223418	3.000000
-177.100000	-14.260000	-154.377594	19.180099	-4.713418	35.421999	1105.301353	4.000000
-177.100000	-14.260000	-154.377594	19.430099	-2.900422	35.251687	1111.182573	4.000000
-177.100000	-14.260000	-154.377594	19.680099	-2.868394	35.083352	1116.908762	3.000000
-177.100000	-14.260000	-154.377594	19.930099	-3.208399	34.916878	1122.634951	3.000000
-177.100000	-14.260000	-154.377594	20.180099	-4.358870	34.752330	1128.394475	2.000000
-177.100000	-14.260000	-154.377594	20.430099	-5.731429	34.589596	1134.431060	2.000000
-177.100000	-14.260000	-154.377594	20.680099	-5.425741	34.428740	1140.543437	3.000000
-177.100000	-14.260000	-154.377594	20.930099	-3.521190	34.269655	1146.655814	3.000000
-177.100000	-14.260000	-154.377594	21.180099	-0.470074	34.112399	1152.074156	2.000000
-177.100000	-14.260000	-154.377594	21.430099	3.544735	33.956871	1157.054138	2.000000
-177.100000	-14.260000	-154.127594	17.680099	-0.741628	36.796784	1073.851755	4.000000
-177.100000	-14.260000	-154.127594	17.930099	-1.695573	36.613970	1079.399958	4.000000
-177.100000	-14.260000	-154.127594	18.180099	-1.981124	36.433232	1085.024125	3.000000
-177.100000	-14.260000	-154.127594	18.430099	-1.382575	36.254544	1090.438432	4.000000
-177.100000	-14.260000	-154.127594	18.680099	-4.790105	36.077874	1095.852739	4.000000
-177.100000	-14.260000	-154.127594	18.930099	-9.414333	35.903209	1101.901113	4.000000
-177.100000	-14.260000	-154.127594	19.180099	-8.555990	35.730508	1108.300069	4.000000
-177.100000	-14.260000	-154.127594	19.430099	-5.263297	35.559765	1114.456092	4.000000
-177.100000	-14.260000	-154.127594	19.680099	-4.161853	35.390933	1120.182281	3.000000
-177.100000	-14.260000	-154.127594	19.930099	-3.900441	35.224017	1125.924032	3.000000
-177.100000	-14.260000	-154.127594	20.180099	-3.861140	35.058959	1131.688250	3.000000
-177.100000	-14.260000	-154.127594	20.430099	-5.450538	34.895773	1137.513765	3.000000
-177.100000	-14.260000	-154.127594	20.680099	-6.406518	34.734395	1143.626142	3.000000
-177.100000	-14.260000	-154.127594	20.930099	-4.823723	34.574849	1149.738519	4.000000
-177.100000	-14.260000	-154.127594	21.180099	-2.855998	34.417061	1155.174902	3.000000
-177.100000	-14.260000	-153.877594	18.180099	0.021146	36.741568	1088.850418	3.000000
-177.100000	-14.260000	-153.877594	18.430099	1.233444	36.562447	1094.398258	2.000000
-177.100000	-14.260000	-153.877594	18.680099	2.445431	36.385395	1099.744590	3.000000
-177.100000	-14.260000	-153.877594	18.930099	-1.405757	36.210280	1105.090922	3.000000
-177.100000	-14.260000	-153.877594	19.180099	-6.455368	36.037181	1111.388902	3.000000
-177.100000	-14.260000	-153.877594	19.430099	-6.302991	35.865973	1117.729610	3.000000
-177.100000	-14.260000	-153.877594	19.680099	-4.442550	35.696731	1123.455799	3.000000
-177.100000	-14.260000	-153.877594	19.930099	-4.232375	35.529335	1129.217807	3.000000
-177.100000	-14.260000	-153.877594	20.180099	-4.031246	35.363855	1134.982025	4.000000
-177.100000	-14.260000	-153.877594	20.430099	-4.494976	35.200178	1140.746243	4.000000
-177.100000	-14.260000	-153.877594	20.680099	-6.364935	35.038368	1146.708847	3.000000
-177.100000	-14.260000	-153.877594	20.930099	-5.055554	34.878318	1152.821224	2.000000
-177.100000	-14.260000	-153.627594	20.180099	-3.533770	35.666762	1138.275800	3.000000
-177.100000	-14.260000	-153.627594	20.430099	-4.128969	35.502681	1144.040017	4.000000
-177.100000	-14.260000	-153.627594	20.680099	-5.369555	35.340403	1149.804235	2.000000
-177.100000	-14.260000	-153.627594	20.930099	-5.468374	35.179938	1155.882433	2.000000
-177.100000	-14.260000	-153.377594	20.430099	-3.961892	35.803422	1147.333792	2.000000
-177.100000	-14.260000	-153.377594	20.680099	-4.290063	35.640759	1153.098010	1.000000
