73.470000	34.380000	-155.496994	20.297501	3.700582	139.055255	3048.016076	3.000000
73.470000	34.380000	-155.496994	20.547501	3.560782	139.108786	3042.288832	3.000000
73.470000	34.380000	-155.496994	20.797501	2.926874	139.161657	3036.561588	3.000000
73.470000	34.380000	-155.246994	19.797501	2.915363	139.090827	3063.216717	2.000000
73.470000	34.380000	-155.246994	20.047501	3.431379	139.146012	3057.752193	2.000000
73.470000	34.380000	-155.246994	20.297501	3.902914	139.200515	3052.042507	3.000000
73.470000	34.380000	-155.246994	20.547501	3.216610	139.254380	3046.315263	4.000000
73.470000	34.380000	-155.246994	20.797501	0.207403	139.307568	3040.681178	4.000000
73.470000	34.380000	-154.996994	19.547501	2.869587	139.179955	3072.697362	3.000000
73.470000	34.380000	-154.996994	19.797501	2.770073	139.236118	3067.232838	2.000000
73.470000	34.380000	-154.996994	20.047501	3.260243	139.291620	3061.768314	2.000000
73.470000	34.380000	-154.996994	20.297501	2.951183	139.346454	3056.068938	3.000000
73.470000	34.380000	-154.996994	20.547501	0.009669	139.400635	3050.460631	4.000000
73.470000	34.380000	-154.996994	20.797501	-2.396324	139.454151	3045.230952	4.000000
73.470000	34.380000	-154.996994	21.047501	0.907597	139.507020	3040.001273	3.000000
73.470000	34.380000	-154.746994	19.297501	3.269151	139.268404	3082.178008	3.000000
73.470000	34.380000	-154.746994	19.547501	3.122186	139.325573	3076.713484	2.000000
73.470000	34.380000	-154.746994	19.797501	2.951378	139.382051	3071.248960	3.000000
73.470000	34.380000	-154.746994	20.047501	3.511553	139.437882	3065.784436	3.000000
73.470000	34.380000	-154.746994	20.297501	0.867166	139.493028	3060.240084	3.000000
73.470000	34.380000	-154.746994	20.547501	-1.789393	139.547533	3055.010406	2.000000
73.470000	34.380000	-154.746994	20.797501	-2.336036	139.601359	3049.780727	3.000000
73.470000	34.380000	-154.746994	21.047501	2.244230	139.654549	3044.546909	3.000000
73.470000	34.380000	-154.746994	21.297501	6.354883	139.707066	3037.722919	3.000000
73.470000	34.380000	-154.496994	18.797501	3.359571	139.297407	3096.945258	3.000000
73.470000	34.380000	-154.496994	19.047501	3.690875	139.356242	3091.503442	2.000000
73.470000	34.380000	-154.496994	19.297501	3.558243	139.414393	3086.059274	4.000000
73.470000	34.380000	-154.496994	19.547501	3.967777	139.471874	3080.615105	4.000000
73.470000	34.380000	-154.496994	19.797501	4.827931	139.528677	3075.170936	3.000000
73.470000	34.380000	-154.496994	20.047501	4.427575	139.584817	3069.575764	3.000000
73.470000	34.380000	-154.496994	20.297501	1.303517	139.640286	3064.440359	3.000000
73.470000	34.380000	-154.496994	20.547501	0.552995	139.695097	3059.354289	3.000000
73.470000	34.380000	-154.496994	20.797501	1.387777	139.749241	3054.268219	3.000000
73.470000	34.380000	-154.496994	21.047501	6.052546	139.802735	3048.825412	3.000000
73.470000	34.380000	-154.496994	21.297501	6.206382	139.855567	3042.001422	2.000000
73.470000	34.380000	-154.246994	18.547501	2.900737	139.383592	3106.099593	4.000000
73.470000	34.380000	-154.246994	18.797501	3.227982	139.443415	3100.816782	4.000000
73.470000	34.380000	-154.246994	19.047501	4.172542	139.502576	3095.373833	3.000000
73.470000	34.380000	-154.246994	19.297501	5.139157	139.561037	3089.929664	4.000000
73.470000	34.380000	-154.246994	19.547501	6.145121	139.618840	3084.322801	4.000000
73.470000	34.380000	-154.246994	19.797501	6.689133	139.675950	3078.697130	3.000000
73.470000	34.380000	-154.246994	20.047501	4.947909	139.732409	3073.104943	2.000000
73.470000	34.380000	-154.246994	20.297501	3.708273	139.788181	3068.018874	3.000000
73.470000	34.380000	-154.246994	20.547501	4.587492	139.843307	3062.932804	4.000000
73.470000	34.380000	-154.246994	20.797501	5.925013	139.897752	3057.712393	4.000000
73.470000	34.380000	-154.246994	21.047501	7.804182	139.951557	3052.311092	3.000000
73.470000	34.380000	-154.246994	21.297501	5.478636	140.004687	3046.279925	3.000000
73.470000	34.380000	-153.996994	18.047501	3.414118	139.407623	3120.565558	4.000000
73.470000	34.380000	-153.996994	18.297501	3.550829	139.469151	3115.274286	4.000000
73.470000	34.380000	-153.996994	18.547501	3.435144	139.529992	3109.983015	4.000000
73.470000	34.380000	-153.996994	18.797501	4.200207	139.590139	3104.688306	3.000000
73.470000	34.380000	-153.996994	19.047501	5.517516	139.649607	3099.069838	3.000000
73.470000	34.380000	-153.996994	19.297501	6.120734	139.708387	3093.444167	4.000000
73.470000	34.380000	-153.996994	19.547501	6.158765	139.766494	3087.818496	3.000000
73.470000	34.380000	-153.996994	19.797501	5.844861	139.823920	3082.192825	3.000000
73.470000	34.380000	-153.996994	20.047501	4.626600	139.880679	3076.683458	2.000000
73.470000	34.380000	-153.996994	20.297501	5.331264	139.936763	3071.500864	4.000000
73.470000	34.380000	-153.996994	20.547501	6.025705	139.992187	3066.255738	4.000000
73.470000	34.380000	-153.996994	20.797501	6.549160	140.046941	3061.010612	4.000000
73.470000	34.380000	-153.996994	21.047501	8.247111	140.101041	3055.556015	3.000000
73.470000	34.380000	-153.996994	21.297501	8.181285	140.154477	3049.730288	3.000000
73.470000	34.380000	-153.746994	17.797501	3.163498	139.491533	3129.789023	3.000000
73.470000	34.380000	-153.746994	18.047501	3.550884	139.554085	3124.420782	4.000000
73.470000	34.380000	-153.746994	18.297501	3.848126	139.615920	3118.966144	4.000000
73.470000	34.380000	-153.746994	18.547501	3.925902	139.677081	3113.671952	4.000000
73.470000	34.380000	-153.746994	18.797501	4.690016	139.737533	3108.380681	4.000000
73.470000	34.380000	-153.746994	19.047501	5.385108	139.797317	3102.769884	4.000000
73.470000	34.380000	-153.746994	19.297501	5.316139	139.856398	3097.138570	4.000000
73.470000	34.380000	-153.746994	19.547501	5.163198	139.914817	3091.494665	3.000000
73.470000	34.380000	-153.746994	19.797501	4.774843	139.972541	3085.852360	2.000000
73.470000	34.380000	-153.746994	20.047501	4.527850	140.029609	3080.267420	4.000000
73.470000	34.380000	-153.746994	20.297501	5.095626	140.085987	3074.799083	4.000000
73.470000	34.380000	-153.746994	20.547501	5.766034	140.141716	3069.553957	3.000000
73.470000	34.380000	-153.746994	20.797501	6.530052	140.196762	3064.308831	3.000000
73.470000	34.380000	-153.746994	21.047501	8.217500	140.251164	3058.800937	3.000000
73.470000	34.380000	-153.496994	17.797501	4.194687	139.638408	3133.673703	3.000000
73.470000	34.380000	-153.496994	18.047501	3.703904	139.701265	3128.290408	4.000000
73.470000	34.380000	-153.496994	18.297501	3.792750	139.763418	3122.835771	4.000000
73.470000	34.380000	-153.496994	18.547501	3.920856	139.824880	3117.381133	4.000000
73.470000	34.380000	-153.496994	18.797501	4.858186	139.885645	3112.069618	4.000000
73.470000	34.380000	-153.496994	19.047501	5.922102	139.945727	3106.460343	3.000000
73.470000	34.380000	-153.496994	19.297501	6.170766	140.005118	3100.847926	3.000000
73.470000	34.380000	-153.496994	19.547501	5.608975	140.063832	3095.244148	3.000000
73.470000	34.380000	-153.496994	19.797501	5.052338	140.121862	3089.659208	2.000000
73.470000	34.380000	-153.496994	20.047501	4.753679	140.179221	3084.074269	2.000000
73.470000	34.380000	-153.496994	20.297501	4.882757	140.235902	3078.489329	2.000000
73.470000	34.380000	-153.496994	20.547501	5.153444	140.291920	3072.904389	2.000000
73.470000	34.380000	-153.496994	20.797501	6.100606	140.347264	3067.607050	3.000000
73.470000	34.380000	-153.246994	18.047501	4.658317	139.849148	3132.072290	2.000000
73.470000	34.380000	-153.246994	18.297501	5.466218	139.911599	3126.614732	2.000000
73.470000	34.380000	-153.246994	18.547501	5.403113	139.973372	3121.157174	2.000000
73.470000	34.380000	-153.246994	18.797501	6.824103	140.034432	3115.688746	2.000000
73.470000	34.380000	-153.246994	19.047501	7.774371	140.094820	3109.960246	2.000000
73.470000	34.380000	-153.246994	19.297501	7.148696	140.154503	3104.231745	2.000000
73.470000	34.380000	-153.246994	19.547501	6.306195	140.213519	3098.694526	2.000000
73.470000	34.380000	-153.246994	19.797501	5.984366	140.271837	3093.163805	2.000000
73.470000	34.380000	-153.246994	20.047501	5.678833	140.329496	3087.633084	2.000000
73.470000	34.380000	-152.996994	18.297501	6.821869	140.060514	3129.990813	3.000000
73.470000	34.380000	-152.996994	18.547501	6.956823	140.122579	3124.533255	3.000000
73.470000	34.380000	-152.996994	18.797501	8.064245	140.183942	3118.990425	3.000000
73.470000	34.380000	-152.996994	19.047501	7.728324	140.244619	3113.261925	3.000000
73.470000	34.380000	-152.996994	19.297501	6.411921	140.304601	3107.673198	2.000000
73.470000	34.380000	-152.996994	19.547501	6.149608	140.363903	3102.142477	2.000000
73.470000	34.380000	-152.746994	18.297501	5.820351	140.210116	3133.366894	3.000000
73.470000	34.380000	-152.746994	18.547501	6.982872	140.272481	3127.909337	3.000000
73.470000	34.380000	-152.746994	18.797501	7.739927	140.334131	3122.292105	2.000000
73.470000	34.380000	-152.746994	19.047501	6.679054	140.395103	3116.651869	3.000000
73.470000	34.380000	-152.496994	18.547501	7.046426	140.423104	3131.285418	3.000000
