-155.996994	20.771000	3028.334000	-50.685400
-155.710999	20.046000	3050.331000	-130.407483
-154.617798	20.088900	3066.955000	-131.902787
-155.679398	21.205500	3024.277000	-51.492655
-154.482803	21.001900	3050.313000	-52.906393
-153.982697	21.519699	3044.738000	-54.041292
-153.292099	20.892599	3068.315000	-134.424182
-153.902405	19.979099	3079.429000	-132.768912
-153.503204	19.495199	3096.318000	-132.870519
-153.992294	18.797600	3104.759000	-131.560211
-153.295898	18.800900	3114.965000	-132.513166
-152.132401	18.481400	3137.652000	-133.825416
-153.290604	17.906200	3134.568000	-131.681343
-153.700806	17.297501	3141.145000	-50.541113
-154.030502	17.988400	3121.322000	-130.749760
-154.495895	18.401699	3105.319000	-130.509799
-154.797394	18.803101	3092.175000	-130.479849
