73.120000	34.700000	-159.164993	21.930099	-0.593484	137.746872	2949.484019	1.000000
73.120000	34.700000	-158.914993	21.680099	-0.498357	137.840779	2959.169512	1.000000
73.120000	34.700000	-158.664993	21.180099	-5.780271	137.887532	2973.703262	0.000000
73.120000	34.700000	-158.664993	21.430099	-2.582504	137.933961	2968.754316	1.000000
73.120000	34.700000	-158.414993	20.930099	-4.110606	137.978957	2983.273476	1.000000
73.120000	34.700000	-158.414993	21.180099	-2.713585	138.026364	2978.339120	0.000000
73.120000	34.700000	-158.414993	21.430099	-2.252450	138.073168	2973.308965	0.000000
73.120000	34.700000	-158.164993	20.680099	-3.791804	138.069640	2992.843690	1.000000
73.120000	34.700000	-158.164993	20.930099	-2.844573	138.118058	2987.923923	1.000000
73.120000	34.700000	-158.164993	21.180099	-2.324810	138.165837	2982.893769	1.000000
73.120000	34.700000	-158.164993	21.430099	-2.282441	138.212994	2977.863615	0.000000
73.120000	34.700000	-157.914993	20.180099	-5.566385	138.109528	3007.269833	2.000000
73.120000	34.700000	-157.914993	20.430099	-3.922182	138.159590	3002.413904	1.000000
73.120000	34.700000	-157.914993	20.680099	-2.975413	138.208988	2997.508727	1.000000
73.120000	34.700000	-157.914993	20.930099	-2.368648	138.257775	2992.478573	1.000000
73.120000	34.700000	-157.914993	21.180099	-2.464876	138.305904	2987.448419	1.000000
73.120000	34.700000	-157.914993	21.430099	-1.847540	138.353425	2982.418264	0.000000
73.120000	34.700000	-157.664993	19.930099	-4.567717	138.197763	3016.840048	2.000000
73.120000	34.700000	-157.664993	20.180099	-4.922648	138.248811	3011.984118	2.000000
73.120000	34.700000	-157.664993	20.430099	-3.988001	138.299222	3007.093531	1.000000
73.120000	34.700000	-157.664993	20.680099	-2.412389	138.348987	3002.063377	2.000000
73.120000	34.700000	-157.664993	20.930099	-2.508994	138.398121	2997.033222	2.000000
73.120000	34.700000	-157.664993	21.180099	-2.595624	138.446613	2992.003068	1.000000
73.120000	34.700000	-157.664993	21.430099	0.823631	138.494479	2986.969414	1.000000
73.120000	34.700000	-157.414993	19.680099	-5.908547	138.285246	3026.437929	3.000000
73.120000	34.700000	-157.414993	19.930099	-6.634222	138.337312	3021.703363	2.000000
73.120000	34.700000	-157.414993	20.180099	-5.576390	138.388708	3016.968797	2.000000
73.120000	34.700000	-157.414993	20.430099	-3.565901	138.439483	3011.936870	3.000000
73.120000	34.700000	-157.414993	20.680099	-2.774187	138.489592	3006.618026	3.000000
73.120000	34.700000	-157.414993	20.930099	-2.649959	138.539086	3001.587872	3.000000
73.120000	34.700000	-157.414993	21.180099	-2.627030	138.587920	2996.557718	2.000000
73.120000	34.700000	-157.414993	21.430099	5.261458	138.636143	2991.485362	1.000000
73.120000	34.700000	-157.164993	19.430099	-7.571621	138.372044	3036.299501	2.000000
73.120000	34.700000	-157.164993	19.680099	-7.644836	138.425101	3031.564935	4.000000
73.120000	34.700000	-157.164993	19.930099	-6.493037	138.477511	3026.830369	3.000000
73.120000	34.700000	-157.164993	20.180099	-4.809869	138.529268	3021.879263	3.000000
73.120000	34.700000	-157.164993	20.430099	-3.810599	138.580385	3016.836123	3.000000
73.120000	34.700000	-157.164993	20.680099	-3.829550	138.630852	3011.506738	3.000000
73.120000	34.700000	-157.164993	20.930099	-2.607669	138.680685	3006.142521	3.000000
73.120000	34.700000	-157.164993	21.180099	-2.659518	138.729874	3001.112367	2.000000
73.120000	34.700000	-156.914993	18.930099	-9.146162	138.403394	3050.878444	3.000000
73.120000	34.700000	-156.914993	19.180099	-8.768340	138.458106	3046.419095	4.000000
73.120000	34.700000	-156.914993	19.430099	-8.232994	138.512183	3041.611363	3.000000
73.120000	34.700000	-156.914993	19.680099	-7.272631	138.565581	3036.774430	3.000000
73.120000	34.700000	-156.914993	19.930099	-5.014626	138.618350	3031.821657	4.000000
73.120000	34.700000	-156.914993	20.180099	-3.608199	138.670446	3026.778516	4.000000
73.120000	34.700000	-156.914993	20.430099	-4.093428	138.721918	3021.735376	2.000000
73.120000	34.700000	-156.914993	20.680099	-3.458310	138.772721	3016.692236	2.000000
73.120000	34.700000	-156.914993	20.930099	-3.530643	138.822906	3010.939398	3.000000
73.120000	34.700000	-156.914993	21.180099	-1.908031	138.872428	3005.667017	1.000000
73.120000	34.700000	-156.664993	18.680099	-9.660585	138.487756	3060.551716	3.000000
73.120000	34.700000	-156.664993	18.930099	-9.645881	138.543495	3056.039891	3.000000
73.120000	34.700000	-156.664993	19.180099	-9.483546	138.598566	3051.580542	4.000000
73.120000	34.700000	-156.664993	19.430099	-8.773179	138.652983	3047.032308	4.000000
73.120000	34.700000	-156.664993	19.680099	-5.364319	138.706738	3042.060015	4.000000
73.120000	34.700000	-156.664993	19.930099	-3.355521	138.759843	3036.697169	4.000000
73.120000	34.700000	-156.664993	20.180099	-3.074347	138.812292	3031.325828	4.000000
73.120000	34.700000	-156.664993	20.430099	-3.449304	138.864097	3026.411338	4.000000
73.120000	34.700000	-156.664993	20.680099	-3.240565	138.915250	3021.496848	3.000000
73.120000	34.700000	-156.664993	20.930099	-0.937117	138.965765	3016.335739	3.000000
73.120000	34.700000	-156.664993	21.180099	0.974891	139.015633	3010.185954	3.000000
73.120000	34.700000	-156.414993	18.430099	-10.231994	138.571421	3070.273701	4.000000
73.120000	34.700000	-156.414993	18.680099	-10.261148	138.628161	3065.910172	4.000000
73.120000	34.700000	-156.414993	18.930099	-10.128675	138.684257	3061.396116	3.000000
73.120000	34.700000	-156.414993	19.180099	-10.049131	138.739666	3056.882060	3.000000
73.120000	34.700000	-156.414993	19.430099	-6.893854	138.794436	3052.357000	4.000000
73.120000	34.700000	-156.414993	19.680099	-4.052952	138.848524	3047.085876	4.000000
73.120000	34.700000	-156.414993	19.930099	-3.514432	138.901979	3041.771537	3.000000
73.120000	34.700000	-156.414993	20.180099	-2.965291	138.954759	3036.187390	4.000000
73.120000	34.700000	-156.414993	20.430099	-2.871366	139.006910	3030.813695	4.000000
73.120000	34.700000	-156.414993	20.680099	-1.279058	139.058391	3025.899205	4.000000
73.120000	34.700000	-156.414993	20.930099	1.789683	139.109248	3020.442217	4.000000
73.120000	34.700000	-156.414993	21.180099	4.180299	139.159441	3014.701903	3.000000
73.120000	34.700000	-156.164993	18.430099	-10.548081	138.712169	3075.525695	3.000000
73.120000	34.700000	-156.164993	18.680099	-10.457798	138.769264	3071.174962	4.000000
73.120000	34.700000	-156.164993	18.930099	-10.470936	138.825695	3066.754573	3.000000
73.120000	34.700000	-156.164993	19.180099	-8.980103	138.881454	3062.240517	4.000000
73.120000	34.700000	-156.164993	19.430099	-5.047452	138.936555	3057.328321	3.000000
73.120000	34.700000	-156.164993	19.680099	-4.208734	138.990991	3052.098536	4.000000
73.120000	34.700000	-156.164993	19.930099	-3.682084	139.044774	3046.805261	3.000000
73.120000	34.700000	-156.164993	20.180099	-3.274901	139.097897	3041.261757	4.000000
73.120000	34.700000	-156.164993	20.430099	-3.207763	139.150373	3035.677610	4.000000
73.120000	34.700000	-156.164993	20.680099	-1.403403	139.202194	3030.301562	3.000000
73.120000	34.700000	-156.164993	20.930099	-0.065971	139.253375	3024.835431	4.000000
73.120000	34.700000	-156.164993	21.180099	7.480983	139.303904	3019.217851	3.000000
73.120000	34.700000	-155.914993	18.180099	-9.793486	138.795469	3085.128421	3.000000
73.120000	34.700000	-155.914993	18.430099	-10.012847	138.853592	3080.777689	3.000000
73.120000	34.700000	-155.914993	18.680099	-9.984689	138.911019	3076.426956	4.000000
73.120000	34.700000	-155.914993	18.930099	-9.522203	138.967797	3072.076223	4.000000
73.120000	34.700000	-155.914993	19.180099	-6.118985	139.023885	3067.529426	3.000000
73.120000	34.700000	-155.914993	19.430099	-3.507363	139.079330	3062.299641	3.000000
73.120000	34.700000	-155.914993	19.680099	-3.733663	139.134091	3057.069856	4.000000
73.120000	34.700000	-155.914993	19.930099	-3.452539	139.188215	3051.831122	4.000000
73.120000	34.700000	-155.914993	20.180099	-2.608336	139.241660	3046.336124	3.000000
73.120000	34.700000	-155.914993	20.430099	-1.938850	139.294473	3040.751978	3.000000
73.120000	34.700000	-155.914993	20.680099	-0.718879	139.346614	3035.097234	3.000000
73.120000	34.700000	-155.914993	20.930099	-0.143285	139.398128	3029.382118	4.000000
73.120000	34.700000	-155.664993	18.180099	-7.433243	138.937249	3090.175098	2.000000
73.120000	34.700000	-155.664993	18.430099	-7.381602	138.995702	3085.778114	3.000000
73.120000	34.700000	-155.664993	18.680099	-7.340583	139.053475	3081.381130	3.000000
73.120000	34.700000	-155.664993	18.930099	-5.993891	139.110579	3076.984146	3.000000
73.120000	34.700000	-155.664993	19.180099	-2.235155	139.167009	3072.175662	3.000000
73.120000	34.700000	-155.664993	19.430099	-1.461700	139.222777	3066.997201	2.000000
73.120000	34.700000	-155.664993	19.680099	-1.549965	139.277876	3061.818740	2.000000
73.120000	34.700000	-155.664993	19.930099	0.384794	139.332319	3056.640279	2.000000
73.120000	34.700000	-155.664993	20.180099	2.120754	139.386099	3051.084178	2.000000
73.120000	34.700000	-155.664993	20.430099	2.801959	139.439229	3045.377300	2.000000
73.120000	34.700000	-155.664993	20.680099	2.879138	139.491700	3039.670423	2.000000
73.120000	34.700000	-155.664993	20.930099	2.753642	139.543528	3033.963545	2.000000
73.120000	34.700000	-155.414993	17.930099	-5.878015	139.020241	3099.693491	2.000000
73.120000	34.700000	-155.414993	18.180099	-5.558140	139.079695	3094.771162	3.000000
73.120000	34.700000	-155.414993	18.430099	-5.365928	139.138491	3090.169896	4.000000
73.120000	34.700000	-155.414993	18.680099	-5.712291	139.196586	3085.772912	4.000000
73.120000	34.700000	-155.414993	18.930099	-3.587431	139.254029	3081.375928	3.000000
73.120000	34.700000	-155.414993	19.180099	-0.176803	139.310779	3076.346442	3.000000
73.120000	34.700000	-155.414993	19.430099	0.929420	139.366882	3071.167981	3.000000
73.120000	34.700000	-155.414993	19.680099	3.115260	139.422298	3065.934767	2.000000
73.120000	34.700000	-155.414993	19.930099	5.371499	139.477072	3060.384291	2.000000
73.120000	34.700000	-155.414993	20.180099	5.978933	139.531166	3054.743072	2.000000
73.120000	34.700000	-155.414993	20.430099	6.036496	139.584624	3049.036194	2.000000
73.120000	34.700000	-155.414993	20.680099	5.940012	139.637406	3043.329317	2.000000
73.120000	34.700000	-155.414993	20.930099	6.581791	139.689558	3037.622439	2.000000
73.120000	34.700000	-155.164993	17.930099	-5.642772	139.163062	3104.580728	3.000000
73.120000	34.700000	-155.164993	18.180099	-5.476491	139.222856	3099.702711	2.000000
73.120000	34.700000	-155.164993	18.430099	-5.527487	139.281972	3094.688672	4.000000
73.120000	34.700000	-155.164993	18.680099	-5.377140	139.340404	3090.164693	4.000000
73.120000	34.700000	-155.164993	18.930099	-2.333268	139.398164	3085.695684	2.000000
73.120000	34.700000	-155.164993	19.180099	1.708823	139.455246	3080.517223	2.000000
73.120000	34.700000	-155.164993	19.430099	3.887818	139.511664	3075.149922	3.000000
73.120000	34.700000	-155.164993	19.680099	5.394255	139.567408	3069.599446	3.000000
73.120000	34.700000	-155.164993	19.930099	5.529804	139.622494	3064.048971	1.000000
73.120000	34.700000	-155.164993	20.180099	5.846816	139.676912	3058.401966	2.000000
73.120000	34.700000	-155.164993	20.430099	5.890442	139.730678	3052.695089	2.000000
73.120000	34.700000	-155.164993	20.680099	5.807639	139.783782	3046.988211	2.000000
73.120000	34.700000	-155.164993	20.930099	8.762692	139.836240	3041.275592	2.000000
73.120000	34.700000	-154.914993	17.680099	-5.685369	139.245752	3114.345983	3.000000
73.120000	34.700000	-154.914993	17.930099	-5.786283	139.306573	3109.467966	3.000000
73.120000	34.700000	-154.914993	18.180099	-5.621416	139.366686	3104.589949	3.000000
73.120000	34.700000	-154.914993	18.430099	-5.589934	139.426135	3099.620929	3.000000
73.120000	34.700000	-154.914993	18.680099	-4.432307	139.484882	3094.606182	3.000000
73.120000	34.700000	-154.914993	18.930099	1.147292	139.542971	3089.866465	2.000000
73.120000	34.700000	-154.914993	19.180099	4.656958	139.600365	3084.365077	2.000000
73.120000	34.700000	-154.914993	19.430099	5.346288	139.657107	3078.814601	3.000000
73.120000	34.700000	-154.914993	19.680099	5.248503	139.713160	3073.264126	3.000000
73.120000	34.700000	-154.914993	19.930099	5.397608	139.768567	3067.713651	2.000000
73.120000	34.700000	-154.914993	20.180099	5.714056	139.823291	3062.060861	2.000000
73.120000	34.700000	-154.914993	20.430099	5.744109	139.877375	3056.353983	1.000000
73.120000	34.700000	-154.914993	20.680099	5.735149	139.930782	3050.646950	2.000000
73.120000	34.700000	-154.914993	20.930099	10.656711	139.983554	3044.922044	1.000000
73.120000	34.700000	-154.664993	17.680099	-4.544256	139.389655	3119.233220	3.000000
73.120000	34.700000	-154.664993	17.930099	-4.912104	139.450792	3114.355203	3.000000
73.120000	34.700000	-154.664993	18.180099	-5.142681	139.511234	3109.477186	3.000000
73.120000	34.700000	-154.664993	18.430099	-4.177714	139.570996	3104.553186	3.000000
73.120000	34.700000	-154.664993	18.680099	0.072916	139.630069	3099.388365	3.000000
73.120000	34.700000	-154.664993	18.930099	4.490954	139.688467	3093.627328	2.000000
73.120000	34.700000	-154.664993	19.180099	4.953649	139.746183	3088.029756	2.000000
73.120000	34.700000	-154.664993	19.430099	5.200163	139.803231	3082.479281	3.000000
73.120000	34.700000	-154.664993	19.680099	5.102060	139.859603	3076.928806	2.000000
73.120000	34.700000	-154.664993	19.930099	5.264729	139.915312	3071.378330	2.000000
73.120000	34.700000	-154.664993	20.180099	5.580605	139.970352	3065.719755	2.000000
73.120000	34.700000	-154.664993	20.430099	5.651416	140.024736	3060.012877	1.000000
73.120000	34.700000	-154.664993	20.680099	5.661386	140.078454	3054.293402	0.000000
73.120000	34.700000	-154.414993	17.680099	-3.487485	139.534240	3123.691509	4.000000
73.120000	34.700000	-154.414993	17.930099	-3.866050	139.595704	3118.900863	4.000000
73.120000	34.700000	-154.414993	18.180099	-2.888883	139.656457	3114.110218	3.000000
73.120000	34.700000	-154.414993	18.430099	1.156205	139.716541	3109.061792	4.000000
73.120000	34.700000	-154.414993	18.680099	3.827952	139.775920	3103.382948	4.000000
73.120000	34.700000	-154.414993	18.930099	4.023000	139.834638	3097.621351	2.000000
73.120000	34.700000	-154.414993	19.180099	4.424914	139.892657	3091.820230	3.000000
73.120000	34.700000	-154.414993	19.430099	4.614736	139.950020	3086.143961	3.000000
73.120000	34.700000	-154.414993	19.680099	4.954971	140.006691	3080.593485	3.000000
73.120000	34.700000	-154.414993	19.930099	5.131187	140.062713	3075.043010	2.000000
73.120000	34.700000	-154.414993	20.180099	5.468185	140.118049	3069.378649	1.000000
73.120000	34.700000	-154.414993	20.430099	5.577859	140.172741	3063.664760	1.000000
73.120000	34.700000	-154.414993	20.680099	5.525732	140.226754	3057.939854	1.000000
73.120000	34.700000	-154.164993	17.680099	-3.251726	139.679558	3128.036699	4.000000
73.120000	34.700000	-154.164993	17.930099	-1.704890	139.741329	3123.241885	4.000000
73.120000	34.700000	-154.164993	18.180099	1.721807	139.802402	3118.265419	3.000000
73.120000	34.700000	-154.164993	18.430099	4.218496	139.862790	3112.831906	4.000000
73.120000	34.700000	-154.164993	18.680099	4.024751	139.922485	3107.377532	4.000000
73.120000	34.700000	-154.164993	18.930099	4.203938	139.981503	3101.615374	3.000000
73.120000	34.700000	-154.164993	19.180099	4.103474	140.039834	3095.814253	3.000000
73.120000	34.700000	-154.164993	19.430099	4.234029	140.097495	3090.013132	3.000000
73.120000	34.700000	-154.164993	19.680099	4.327288	140.154475	3084.258165	2.000000
73.120000	34.700000	-154.164993	19.930099	4.881335	140.210790	3078.707690	2.000000
73.120000	34.700000	-154.164993	20.180099	5.407979	140.266432	3073.036118	1.000000
73.120000	34.700000	-154.164993	20.430099	5.474667	140.321415	3067.311212	2.000000
73.120000	34.700000	-154.164993	20.680099	5.376756	140.375730	3061.586306	2.000000
73.120000	34.700000	-153.914993	17.680099	0.352543	139.825564	3132.386586	3.000000
73.120000	34.700000	-153.914993	17.930099	3.235189	139.887652	3127.260965	2.000000
73.120000	34.700000	-153.914993	18.180099	4.907938	139.949025	3121.970511	4.000000
73.120000	34.700000	-153.914993	18.430099	4.543150	140.009726	3116.544208	3.000000
73.120000	34.700000	-153.914993	18.680099	4.778364	140.069719	3111.117905	3.000000
73.120000	34.700000	-153.914993	18.930099	4.931085	140.129045	3105.514225	3.000000
73.120000	34.700000	-153.914993	19.180099	5.082996	140.187671	3099.740033	3.000000
73.120000	34.700000	-153.914993	19.430099	4.870885	140.245637	3093.965841	3.000000
73.120000	34.700000	-153.914993	19.680099	4.869263	140.302908	3088.191649	3.000000
73.120000	34.700000	-153.914993	19.930099	5.350106	140.359525	3082.404913	2.000000
73.120000	34.700000	-153.914993	20.180099	5.373288	140.415455	3076.682570	2.000000
73.120000	34.700000	-153.914993	20.430099	5.325346	140.470736	3070.957664	2.000000
73.120000	34.700000	-153.914993	20.680099	5.227149	140.525337	3065.232758	2.000000
73.120000	34.700000	-153.664993	17.680099	4.975691	139.972306	3135.920261	2.000000
73.120000	34.700000	-153.664993	17.930099	5.419583	140.034692	3130.676494	3.000000
73.120000	34.700000	-153.664993	18.180099	5.295209	140.096376	3125.432726	3.000000
73.120000	34.700000	-153.664993	18.430099	5.017030	140.157371	3120.161628	3.000000
73.120000	34.700000	-153.664993	18.680099	5.076592	140.217670	3114.735325	3.000000
73.120000	34.700000	-153.664993	18.930099	5.755035	140.277288	3109.134537	3.000000
73.120000	34.700000	-153.664993	19.180099	5.992074	140.336216	3103.375117	4.000000
73.120000	34.700000	-153.664993	19.430099	6.152857	140.394469	3097.605908	4.000000
73.120000	34.700000	-153.664993	19.680099	5.762222	140.452040	3091.831716	3.000000
73.120000	34.700000	-153.664993	19.930099	5.311953	140.508942	3086.085786	2.000000
73.120000	34.700000	-153.664993	20.180099	5.196255	140.565167	3080.341183	3.000000
73.120000	34.700000	-153.664993	20.430099	5.123570	140.620731	3074.604116	3.000000
73.120000	34.700000	-153.664993	20.680099	5.068641	140.675624	3068.879210	2.000000
73.120000	34.700000	-153.414993	17.930099	5.063108	140.182433	3134.130512	3.000000
73.120000	34.700000	-153.414993	18.180099	5.033406	140.244408	3128.864294	3.000000
73.120000	34.700000	-153.414993	18.430099	4.877534	140.305706	3123.604487	3.000000
73.120000	34.700000	-153.414993	18.680099	5.017933	140.366294	3118.352745	3.000000
73.120000	34.700000	-153.414993	18.930099	6.305107	140.426210	3112.753536	3.000000
73.120000	34.700000	-153.414993	19.180099	7.054913	140.485424	3106.994116	3.000000
73.120000	34.700000	-153.414993	19.430099	6.747716	140.543972	3101.158191	3.000000
73.120000	34.700000	-153.414993	19.680099	6.116432	140.601825	3095.449310	3.000000
73.120000	34.700000	-153.414993	19.930099	5.913343	140.659019	3089.740429	3.000000
73.120000	34.700000	-153.414993	20.180099	5.764687	140.715523	3084.017117	2.000000
73.120000	34.700000	-153.414993	20.430099	5.611030	140.771375	3078.272514	2.000000
73.120000	34.700000	-153.164993	18.180099	4.641298	140.393172	3132.363180	2.000000
73.120000	34.700000	-153.164993	18.430099	4.565537	140.454755	3127.096962	3.000000
73.120000	34.700000	-153.164993	18.680099	5.470485	140.515639	3121.830744	2.000000
73.120000	34.700000	-153.164993	18.930099	7.500836	140.575837	3116.183819	2.000000
73.120000	34.700000	-153.164993	19.180099	7.689818	140.635343	3110.341281	2.000000
73.120000	34.700000	-153.164993	19.430099	6.811761	140.694171	3104.597665	2.000000
73.120000	34.700000	-153.164993	19.680099	6.634409	140.752312	3098.888784	2.000000
73.120000	34.700000	-153.164993	19.930099	6.536053	140.809782	3093.179903	2.000000
73.120000	34.700000	-152.914993	18.180099	4.491849	140.542622	3135.862066	2.000000
73.120000	34.700000	-152.914993	18.430099	4.391122	140.604498	3130.595848	2.000000
73.120000	34.700000	-152.914993	18.680099	6.082374	140.665660	3125.329630	2.000000
73.120000	34.700000	-152.914993	18.930099	7.788941	140.726148	3119.524446	3.000000
73.120000	34.700000	-152.914993	19.180099	6.969383	140.785929	3113.746021	2.000000
73.120000	34.700000	-152.914993	19.430099	6.581980	140.845042	3108.037140	2.000000
73.120000	34.700000	-152.664993	18.430099	4.547341	140.754959	3134.094734	2.000000
73.120000	34.700000	-152.664993	18.680099	6.841067	140.816407	3128.707610	2.000000
73.120000	34.700000	-152.664993	18.930099	7.126649	140.877167	3122.894377	3.000000
