-155.772995	19.079000	1629.372000	-0.758292
-155.996994	20.771000	1637.378000	-0.636416
-155.710999	20.046000	1638.372000	-0.796946
-159.401001	21.971001	1565.378000	NaN
-156.658005	20.891001	1622.382000	-1.320465
-159.664993	22.122999	1561.382000	NaN
-156.755997	21.136000	1622.390000	-2.432192
-154.617798	20.088900	1666.355000	-1.530048
-155.679398	21.205500	1649.357000	-1.187741
-154.482803	21.001900	1679.357000	-5.068188
-153.982697	21.519699	1693.371000	-0.464327
-153.902405	19.979099	1682.352000	-2.106311
-153.503204	19.495199	1688.354000	-3.156844
-153.992294	18.797600	1671.363000	-2.421390
-152.132401	18.481400	1714.374000	-2.322258
-153.290604	17.906200	1679.356000	-5.038094
-153.700806	17.297501	1666.375000	-2.374332
-154.691299	17.180099	1641.373000	-1.649561
-154.030502	17.988400	1663.367000	-2.209046
-154.495895	18.401699	1655.357000	-2.360726
-154.797394	18.803101	1651.665000	-1.780799
-155.714996	18.000299	1622.365000	0.067906
-156.808197	18.404200	1597.537000	0.285172
-156.167007	18.301001	1613.364000	0.231224
-157.227295	18.984800	1591.356000	0.050427
-156.932007	19.832701	1605.354000	0.047657
-157.627594	20.346100	1592.305000	-0.342583
-156.510101	19.477699	1613.115000	-0.590297
