-155.772995	19.079000	1500.369000	-1.915043
-155.996994	20.771000	1471.376000	-3.997760
-155.710999	20.046000	1488.372000	-2.864396
-156.658005	20.891001	1454.379000	-3.896104
-156.755997	21.136000	1448.389000	-3.688405
-154.617798	20.088900	1511.365000	0.202747
-153.982697	21.519699	1500.359000	NaN
-153.902405	19.979099	1527.354000	1.813270
-153.503204	19.495199	1544.353000	0.782431
-153.992294	18.797600	1545.365000	-2.612344
-153.295898	18.800900	1559.366000	0.214867
-152.132401	18.481400	1588.360000	-0.348527
-153.290604	17.906200	1573.362000	-2.138540
-153.700806	17.297501	1572.370000	-2.621387
-154.691299	17.180099	1549.359000	-8.734548
-154.030502	17.988400	1556.358000	-0.482292
-154.495895	18.401699	1540.355000	-0.386132
-154.797394	18.803101	1527.355000	-1.630471
-157.227295	18.984800	1468.357000	-3.011025
-156.510101	19.477699	1477.363000	-3.393592
-156.932007	19.832701	1462.358000	-4.039796
-157.627594	20.346100	1439.358000	-3.585528
