-155.772995	19.079000	1556.780000	-1.418733
-155.996994	20.771000	1525.795000	-0.782551
-155.710999	20.046000	1543.791000	-2.387924
-159.401001	21.971001	1431.796000	NaN
-156.658005	20.891001	1508.799000	-1.676557
-156.755997	21.136000	1502.807000	-0.722693
-154.617798	20.088900	1565.781000	1.917016
-155.679398	21.205500	1525.791000	1.077709
-154.482803	21.001900	1556.773000	-0.830339
-153.982697	21.519699	1554.776000	5.369369
-153.292099	20.892599	1579.785000	5.218620
-153.902405	19.979099	1582.776000	2.271968
-153.503204	19.495199	1598.769000	2.496491
-153.295898	18.800900	1614.775000	0.190553
-152.132401	18.481400	1643.771000	0.370609
-153.700806	17.297501	1627.790000	-2.360981
-154.691299	17.180099	1604.786000	-8.461150
-154.030502	17.988400	1611.791000	-0.482301
-154.495895	18.401699	1594.771000	-1.889533
-154.797394	18.803101	1582.778000	-3.138709
-155.714996	18.000299	1570.781000	-7.970206
-156.808197	18.404200	1540.779000	-5.495049
-156.167007	18.301001	1556.771000	-6.083566
-157.227295	18.984800	1523.777000	-2.998118
-156.510101	19.477699	1533.775000	-1.397649
-157.627594	20.346100	1494.781000	-1.345623
-153.992294	18.797600	1600.770000	-2.879119
-153.290604	17.906200	1628.769000	-1.644920
