142.380000	38.110000	-158.651001	21.430099	-0.987581	122.304835	1456.321567	1.000000
142.380000	38.110000	-158.401001	21.180099	-1.048335	122.460541	1465.502859	0.000000
142.380000	38.110000	-158.401001	21.430099	-1.218041	122.302510	1461.894133	0.000000
142.380000	38.110000	-158.151001	20.680099	-0.599619	122.768599	1478.354794	1.000000
142.380000	38.110000	-158.151001	20.930099	-1.106980	122.613719	1474.684151	1.000000
142.380000	38.110000	-158.151001	21.180099	-1.332399	122.457772	1471.075425	1.000000
142.380000	38.110000	-158.151001	21.430099	-1.209279	122.300821	1467.466700	0.000000
142.380000	38.110000	-157.901001	20.430099	-0.653707	122.917061	1487.544990	1.000000
142.380000	38.110000	-157.901001	20.680099	-1.163384	122.764234	1483.865442	1.000000
142.380000	38.110000	-157.901001	20.930099	-1.442526	122.610502	1480.256717	1.000000
142.380000	38.110000	-157.901001	21.180099	-1.330250	122.455623	1476.647992	1.000000
142.380000	38.110000	-157.901001	21.430099	-0.803104	122.299836	1473.039266	0.000000
142.380000	38.110000	-157.651001	19.930099	-1.136758	123.212596	1500.450244	1.000000
142.380000	38.110000	-157.651001	20.180099	-1.413849	123.062932	1496.735186	1.000000
142.380000	38.110000	-157.651001	20.430099	-1.445716	122.912286	1493.046734	1.000000
142.380000	38.110000	-157.651001	20.680099	-1.550536	122.760595	1489.438009	2.000000
142.380000	38.110000	-157.651001	20.930099	-1.439943	122.607920	1485.829284	2.000000
142.380000	38.110000	-157.651001	21.180099	-1.327783	122.454193	1482.220558	1.000000
142.380000	38.110000	-157.651001	21.430099	0.348644	122.299477	1478.611538	1.000000
142.380000	38.110000	-157.401001	19.680099	-2.661535	123.353897	1509.698068	2.000000
142.380000	38.110000	-157.401001	19.930099	-3.096720	123.206379	1506.120776	2.000000
142.380000	38.110000	-157.401001	20.180099	-2.044906	123.057744	1502.533882	2.000000
142.380000	38.110000	-157.401001	20.430099	-1.242626	122.908222	1498.718508	2.000000
142.380000	38.110000	-157.401001	20.680099	-1.381224	122.757576	1495.010575	2.000000
142.380000	38.110000	-157.401001	20.930099	-1.438064	122.606040	1491.401850	3.000000
142.380000	38.110000	-157.401001	21.180099	-1.319885	122.453372	1487.793125	2.000000
142.380000	38.110000	-157.401001	21.430099	1.470498	122.299811	1484.182089	1.000000
142.380000	38.110000	-157.151001	19.430099	-3.747311	123.492837	1519.218999	2.000000
142.380000	38.110000	-157.151001	19.680099	-3.806547	123.347300	1515.641708	3.000000
142.380000	38.110000	-157.151001	19.930099	-2.735999	123.200801	1512.064417	3.000000
142.380000	38.110000	-157.151001	20.180099	-1.323326	123.053279	1508.292509	3.000000
142.380000	38.110000	-157.151001	20.430099	-1.072867	122.904791	1504.477134	2.000000
142.380000	38.110000	-157.151001	20.680099	-1.155526	122.755273	1500.662697	2.000000
142.380000	38.110000	-157.151001	20.930099	-1.295882	122.604785	1496.974417	3.000000
142.380000	38.110000	-157.151001	21.180099	-1.312697	122.453261	1493.365691	2.000000
142.380000	38.110000	-157.151001	21.430099	2.559279	122.300762	1489.752640	1.000000
142.380000	38.110000	-156.901001	18.930099	-5.684941	123.771864	1531.909450	3.000000
142.380000	38.110000	-156.901001	19.180099	-4.834788	123.629296	1528.697612	3.000000
142.380000	38.110000	-156.901001	19.430099	-4.052699	123.485860	1525.162640	2.000000
142.380000	38.110000	-156.901001	19.680099	-3.130892	123.341332	1521.585349	3.000000
142.380000	38.110000	-156.901001	19.930099	-1.701105	123.195933	1517.866510	4.000000
142.380000	38.110000	-156.901001	20.180099	-1.172890	123.049434	1514.051136	3.000000
142.380000	38.110000	-156.901001	20.430099	-1.066985	122.902061	1510.235761	2.000000
142.380000	38.110000	-156.901001	20.680099	-0.966776	122.753580	1506.420387	2.000000
142.380000	38.110000	-156.901001	20.930099	-1.067516	122.604223	1502.607500	3.000000
142.380000	38.110000	-156.901001	21.180099	-1.089597	122.453749	1498.938258	1.000000
142.380000	38.110000	-156.901001	21.430099	4.012989	122.302396	1495.323192	1.000000
142.380000	38.110000	-156.651001	18.680099	-5.796798	123.903950	1540.821747	4.000000
142.380000	38.110000	-156.651001	18.930099	-5.698663	123.763451	1537.603035	4.000000
142.380000	38.110000	-156.651001	19.180099	-5.414917	123.621958	1534.390091	3.000000
142.380000	38.110000	-156.651001	19.430099	-4.528336	123.479521	1531.106280	3.000000
142.380000	38.110000	-156.651001	19.680099	-2.110782	123.336082	1527.440511	3.000000
142.380000	38.110000	-156.651001	19.930099	-1.241077	123.191696	1523.625137	3.000000
142.380000	38.110000	-156.651001	20.180099	-1.131105	123.046301	1519.809762	3.000000
142.380000	38.110000	-156.651001	20.430099	-1.020713	122.899954	1515.994388	4.000000
142.380000	38.110000	-156.651001	20.680099	-0.904742	122.752593	1512.179014	3.000000
142.380000	38.110000	-156.651001	20.930099	-0.658412	122.604275	1508.362125	4.000000
142.380000	38.110000	-156.651001	21.180099	0.100075	122.454937	1504.508852	3.000000
142.380000	38.110000	-156.651001	21.430099	5.893640	122.304638	1500.734107	2.000000
142.380000	38.110000	-156.401001	18.430099	-6.245649	124.033773	1549.757691	4.000000
142.380000	38.110000	-156.401001	18.680099	-6.247405	123.895188	1546.538979	4.000000
142.380000	38.110000	-156.401001	18.930099	-6.514719	123.755752	1543.320267	4.000000
142.380000	38.110000	-156.401001	19.180099	-6.960536	123.615247	1540.138057	3.000000
142.380000	38.110000	-156.401001	19.430099	-4.253658	123.473888	1537.009780	4.000000
142.380000	38.110000	-156.401001	19.680099	-1.580440	123.331452	1533.205044	3.000000
142.380000	38.110000	-156.401001	19.930099	-1.360110	123.188158	1529.368936	3.000000
142.380000	38.110000	-156.401001	20.180099	-1.172787	123.043779	1525.551083	4.000000
142.380000	38.110000	-156.401001	20.430099	-0.949555	122.898539	1521.733229	4.000000
142.380000	38.110000	-156.401001	20.680099	-0.836428	122.752207	1517.915375	3.000000
142.380000	38.110000	-156.401001	20.930099	0.153322	122.605011	1514.096537	4.000000
142.380000	38.110000	-156.401001	21.180099	1.755002	122.456715	1510.079403	3.000000
142.380000	38.110000	-156.401001	21.430099	7.360111	122.307553	1505.972967	2.000000
142.380000	38.110000	-156.151001	18.430099	-7.539746	124.024677	1555.562627	3.000000
142.380000	38.110000	-156.151001	18.680099	-7.721751	123.887146	1552.463082	4.000000
142.380000	38.110000	-156.151001	18.930099	-8.021295	123.748689	1549.363538	3.000000
142.380000	38.110000	-156.151001	19.180099	-6.602103	123.609252	1546.263993	4.000000
142.380000	38.110000	-156.151001	19.430099	-3.071975	123.468885	1542.795255	3.000000
142.380000	38.110000	-156.151001	19.680099	-1.835355	123.327530	1539.066272	3.000000
142.380000	38.110000	-156.151001	19.930099	-1.434896	123.185242	1535.217711	3.000000
142.380000	38.110000	-156.151001	20.180099	-1.127444	123.041959	1531.336992	4.000000
142.380000	38.110000	-156.151001	20.430099	-1.095279	122.897738	1527.468162	3.000000
142.380000	38.110000	-156.151001	20.680099	-0.498509	122.752517	1523.650308	3.000000
142.380000	38.110000	-156.151001	20.930099	1.004955	122.606353	1519.737040	4.000000
142.380000	38.110000	-156.151001	21.180099	2.997274	122.459183	1515.649955	3.000000
142.380000	38.110000	-156.151001	21.430099	8.342650	122.311066	1511.211828	2.000000
142.380000	38.110000	-155.901001	18.180099	-7.521688	124.151807	1564.358082	3.000000
142.380000	38.110000	-155.901001	18.430099	-8.523806	124.016292	1561.424919	3.000000
142.380000	38.110000	-155.901001	18.680099	-8.477664	123.879730	1558.491755	4.000000
142.380000	38.110000	-155.901001	18.930099	-7.778428	123.742330	1555.489475	4.000000
142.380000	38.110000	-155.901001	19.180099	-4.154234	123.603875	1552.309712	4.000000
142.380000	38.110000	-155.901001	19.430099	-1.628442	123.464578	1548.580730	3.000000
142.380000	38.110000	-155.901001	19.680099	-1.576437	123.324219	1544.851747	3.000000
142.380000	38.110000	-155.901001	19.930099	-1.315530	123.183015	1541.111096	4.000000
142.380000	38.110000	-155.901001	20.180099	-0.779974	123.040740	1537.230378	3.000000
142.380000	38.110000	-155.901001	20.430099	-0.025300	122.897618	1533.349659	3.000000
142.380000	38.110000	-155.901001	20.680099	1.075931	122.753418	1529.377179	3.000000
142.380000	38.110000	-155.901001	20.930099	1.847562	122.608368	1525.338687	4.000000
142.380000	38.110000	-155.901001	21.180099	4.157933	122.462232	1521.241884	2.000000
142.380000	38.110000	-155.651001	18.180099	-8.404884	124.143096	1570.166004	2.000000
142.380000	38.110000	-155.651001	18.430099	-8.474847	124.008541	1567.234760	3.000000
142.380000	38.110000	-155.651001	18.680099	-8.375624	123.873026	1564.303515	3.000000
142.380000	38.110000	-155.651001	18.930099	-6.109806	123.736598	1561.372271	3.000000
142.380000	38.110000	-155.651001	19.180099	-1.747614	123.599203	1557.821013	3.000000
142.380000	38.110000	-155.651001	19.430099	-0.428948	123.460892	1554.122718	2.000000
142.380000	38.110000	-155.651001	19.680099	-0.455992	123.321607	1550.432964	2.000000
142.380000	38.110000	-155.651001	19.930099	0.134462	123.181401	1546.743209	3.000000
142.380000	38.110000	-155.651001	20.180099	1.304530	123.040215	1542.878189	3.000000
142.380000	38.110000	-155.651001	20.430099	2.286460	122.898104	1538.855849	2.000000
142.380000	38.110000	-155.651001	20.680099	2.511564	122.755007	1534.833508	2.000000
142.380000	38.110000	-155.651001	20.930099	2.408973	122.610980	1530.811168	2.000000
142.380000	38.110000	-155.651001	21.180099	4.716279	122.465962	1526.801027	2.000000
142.380000	38.110000	-155.401001	17.930099	-8.070807	124.267707	1579.038925	2.000000
142.380000	38.110000	-155.401001	18.180099	-8.428521	124.135010	1576.035039	3.000000
142.380000	38.110000	-155.401001	18.430099	-8.422012	124.001491	1573.067854	4.000000
142.380000	38.110000	-155.401001	18.680099	-8.410261	123.866938	1570.136610	4.000000
142.380000	38.110000	-155.401001	18.930099	-4.582035	123.731560	1567.205365	3.000000
142.380000	38.110000	-155.401001	19.180099	0.537468	123.595141	1563.330838	3.000000
142.380000	38.110000	-155.401001	19.430099	0.929402	123.457892	1559.296324	4.000000
142.380000	38.110000	-155.401001	19.680099	0.562920	123.319595	1555.606569	3.000000
142.380000	38.110000	-155.401001	19.930099	1.238983	123.180466	1551.916814	3.000000
142.380000	38.110000	-155.401001	20.180099	2.429378	123.040281	1548.064846	3.000000
142.380000	38.110000	-155.401001	20.430099	3.107992	122.899261	1544.042505	3.000000
142.380000	38.110000	-155.401001	20.680099	2.827941	122.757178	1540.020165	4.000000
142.380000	38.110000	-155.401001	20.930099	-0.223893	122.614256	1536.045393	3.000000
142.380000	38.110000	-155.401001	21.180099	5.046835	122.470265	1532.454612	3.000000
142.380000	38.110000	-155.151001	17.930099	-8.506869	124.259301	1584.944398	3.000000
142.380000	38.110000	-155.151001	18.180099	-8.309763	124.127631	1581.950207	3.000000
142.380000	38.110000	-155.151001	18.430099	-8.264452	123.995065	1578.925045	4.000000
142.380000	38.110000	-155.151001	18.680099	-7.871552	123.861553	1575.969704	4.000000
142.380000	38.110000	-155.151001	18.930099	-2.719160	123.727140	1572.915012	2.000000
142.380000	38.110000	-155.151001	19.180099	1.339519	123.591775	1568.840664	2.000000
142.380000	38.110000	-155.151001	19.430099	1.239708	123.455505	1564.766316	4.000000
142.380000	38.110000	-155.151001	19.680099	0.981565	123.318275	1560.780174	4.000000
142.380000	38.110000	-155.151001	19.930099	1.193053	123.180137	1557.090420	2.000000
142.380000	38.110000	-155.151001	20.180099	2.383722	123.041032	1553.251503	3.000000
142.380000	38.110000	-155.151001	20.430099	2.516886	122.901016	1549.229162	4.000000
142.380000	38.110000	-155.151001	20.680099	-1.400303	122.760027	1545.289759	4.000000
142.380000	38.110000	-155.151001	20.930099	-2.222550	122.618122	1541.950102	4.000000
142.380000	38.110000	-155.151001	21.180099	7.613852	122.475238	1537.873064	3.000000
142.380000	38.110000	-154.901001	17.680099	-8.597440	124.381306	1593.844061	3.000000
142.380000	38.110000	-154.901001	17.930099	-8.499161	124.251593	1590.849871	3.000000
142.380000	38.110000	-154.901001	18.180099	-8.323571	124.120867	1587.855680	3.000000
142.380000	38.110000	-154.901001	18.430099	-8.145881	123.989331	1584.840962	3.000000
142.380000	38.110000	-154.901001	18.680099	-6.375548	123.856775	1581.815051	3.000000
142.380000	38.110000	-154.901001	18.930099	-1.133360	123.723406	1578.424838	2.000000
142.380000	38.110000	-154.901001	19.180099	1.297335	123.589009	1574.350490	3.000000
142.380000	38.110000	-154.901001	19.430099	1.408198	123.453795	1570.276142	4.000000
142.380000	38.110000	-154.901001	19.680099	1.281632	123.317546	1566.201794	3.000000
142.380000	38.110000	-154.901001	19.930099	1.503648	123.180477	1562.264025	2.000000
142.380000	38.110000	-154.901001	20.180099	1.532924	123.042367	1558.438159	3.000000
142.380000	38.110000	-154.901001	20.430099	-1.706292	122.903433	1554.534124	3.000000
142.380000	38.110000	-154.901001	20.680099	-4.877938	122.763450	1551.194468	4.000000
142.380000	38.110000	-154.901001	20.930099	-0.615151	122.622642	1547.854812	3.000000
142.380000	38.110000	-154.901001	21.180099	9.476192	122.480777	1543.291516	3.000000
142.380000	38.110000	-154.651001	17.680099	-9.373492	124.373285	1599.749534	3.000000
142.380000	38.110000	-154.651001	17.930099	-9.131830	124.244507	1596.755344	3.000000
142.380000	38.110000	-154.651001	18.180099	-8.848858	124.114802	1593.761153	3.000000
142.380000	38.110000	-154.651001	18.430099	-7.722589	123.984214	1590.756879	3.000000
142.380000	38.110000	-154.651001	18.680099	-4.403837	123.852691	1587.655035	3.000000
142.380000	38.110000	-154.651001	18.930099	-0.174840	123.720281	1583.959968	2.000000
142.380000	38.110000	-154.651001	19.180099	1.225242	123.586930	1579.878752	3.000000
142.380000	38.110000	-154.651001	19.430099	1.335082	123.452688	1575.797536	3.000000
142.380000	38.110000	-154.651001	19.680099	1.486678	123.317499	1571.716320	2.000000
142.380000	38.110000	-154.651001	19.930099	1.508486	123.181414	1567.637271	1.000000
142.380000	38.110000	-154.651001	20.180099	-1.167783	123.044377	1563.778490	2.000000
142.380000	38.110000	-154.651001	20.430099	-4.344398	122.906439	1560.438834	2.000000
142.380000	38.110000	-154.651001	20.680099	-4.388735	122.767543	1557.099178	2.000000
142.380000	38.110000	-154.651001	20.930099	1.688576	122.627743	1553.759521	3.000000
142.380000	38.110000	-154.651001	21.180099	11.234472	122.486978	1548.709968	3.000000
142.380000	38.110000	-154.401001	17.680099	-9.756783	124.365878	1606.081006	4.000000
142.380000	38.110000	-154.401001	17.930099	-9.434913	124.238110	1603.005818	4.000000
142.380000	38.110000	-154.401001	18.180099	-7.858403	124.109344	1599.930629	3.000000
142.380000	38.110000	-154.401001	18.430099	-5.420784	123.979778	1596.581868	4.000000
142.380000	38.110000	-154.401001	18.680099	-2.834169	123.849206	1593.219440	4.000000
142.380000	38.110000	-154.401001	18.930099	-0.210749	123.717832	1589.518966	2.000000
142.380000	38.110000	-154.401001	19.180099	1.220807	123.585444	1585.437750	4.000000
142.380000	38.110000	-154.401001	19.430099	1.693366	123.452250	1581.356534	4.000000
142.380000	38.110000	-154.401001	19.680099	2.529473	123.318036	1577.255331	4.000000
142.380000	38.110000	-154.401001	19.930099	1.757264	123.183013	1573.045197	3.000000
142.380000	38.110000	-154.401001	20.180099	-2.062339	123.046962	1569.302895	3.000000
142.380000	38.110000	-154.401001	20.430099	-3.787804	122.910099	1566.032383	3.000000
142.380000	38.110000	-154.401001	20.680099	-2.014424	122.772202	1562.761871	4.000000
142.380000	38.110000	-154.401001	20.930099	6.090764	122.633490	1559.334441	3.000000
142.380000	38.110000	-154.401001	21.180099	13.813389	122.493736	1554.128420	2.000000
142.380000	38.110000	-154.151001	17.680099	-10.397700	124.359165	1612.352354	4.000000
142.380000	38.110000	-154.151001	17.930099	-8.596301	124.232328	1609.417663	4.000000
142.380000	38.110000	-154.151001	18.180099	-4.578127	124.104575	1606.136847	3.000000
142.380000	38.110000	-154.151001	18.430099	-2.480905	123.975951	1602.454646	4.000000
142.380000	38.110000	-154.151001	18.680099	-1.665506	123.846406	1598.783844	4.000000
142.380000	38.110000	-154.151001	18.930099	0.579109	123.715985	1595.077964	3.000000
142.380000	38.110000	-154.151001	19.180099	2.614048	123.584636	1590.968457	3.000000
142.380000	38.110000	-154.151001	19.430099	3.296160	123.452408	1586.758323	4.000000
142.380000	38.110000	-154.151001	19.680099	3.600609	123.319245	1582.548188	3.000000
142.380000	38.110000	-154.151001	19.930099	1.572003	123.185199	1578.338054	3.000000
142.380000	38.110000	-154.151001	20.180099	-1.231996	123.050214	1574.739969	3.000000
142.380000	38.110000	-154.151001	20.430099	1.056074	122.914340	1571.441449	4.000000
142.380000	38.110000	-154.151001	20.680099	4.570670	122.777521	1567.628749	4.000000
142.380000	38.110000	-154.151001	20.930099	9.751340	122.639811	1563.816048	4.000000
142.380000	38.110000	-154.151001	21.180099	14.511000	122.501148	1558.868735	3.000000
142.380000	38.110000	-153.901001	17.680099	-7.977860	124.353058	1618.497178	4.000000
142.380000	38.110000	-153.901001	17.930099	-4.098287	124.227225	1615.328640	2.000000
142.380000	38.110000	-153.901001	18.180099	-1.014700	124.100405	1611.610772	4.000000
142.380000	38.110000	-153.901001	18.430099	-0.759166	123.972798	1607.967659	4.000000
142.380000	38.110000	-153.901001	18.680099	0.409731	123.844196	1604.324546	4.000000
142.380000	38.110000	-153.901001	18.930099	3.025443	123.714805	1600.358242	3.000000
142.380000	38.110000	-153.901001	19.180099	4.235780	123.584412	1596.174620	4.000000
142.380000	38.110000	-153.901001	19.430099	4.334779	123.453225	1591.990999	4.000000
142.380000	38.110000	-153.901001	19.680099	4.349716	123.321030	1587.807378	3.000000
142.380000	38.110000	-153.901001	19.930099	3.284986	123.188039	1583.623757	2.000000
142.380000	38.110000	-153.901001	20.180099	3.599350	123.054033	1579.735757	4.000000
142.380000	38.110000	-153.901001	20.430099	5.643716	122.919226	1575.923057	3.000000
142.380000	38.110000	-153.901001	20.680099	5.733857	122.783399	1572.110356	3.000000
142.380000	38.110000	-153.901001	20.930099	10.227206	122.646768	1568.297656	3.000000
142.380000	38.110000	-153.901001	21.180099	15.119494	122.509110	1563.225553	3.000000
142.380000	38.110000	-153.651001	17.680099	-4.438322	124.347636	1623.929771	3.000000
142.380000	38.110000	-153.651001	17.930099	-2.171114	124.222728	1620.707229	4.000000
142.380000	38.110000	-153.651001	18.180099	0.582998	124.096916	1616.870745	4.000000
142.380000	38.110000	-153.651001	18.430099	0.593663	123.970244	1613.012594	4.000000
142.380000	38.110000	-153.651001	18.680099	1.681203	123.842663	1609.369481	4.000000
142.380000	38.110000	-153.651001	18.930099	3.890879	123.714218	1605.405418	3.000000
142.380000	38.110000	-153.651001	19.180099	5.010475	123.584858	1601.149251	4.000000
142.380000	38.110000	-153.651001	19.430099	5.035931	123.454630	1596.935365	4.000000
142.380000	38.110000	-153.651001	19.680099	4.871872	123.323480	1592.752528	3.000000
142.380000	38.110000	-153.651001	19.930099	4.811361	123.191459	1588.603028	2.000000
142.380000	38.110000	-153.651001	20.180099	5.356694	123.058510	1584.453528	3.000000
142.380000	38.110000	-153.651001	20.430099	5.260949	122.924686	1580.404664	4.000000
142.380000	38.110000	-153.651001	20.680099	5.610983	122.789929	1576.591964	3.000000
142.380000	38.110000	-153.651001	20.930099	11.020534	122.654292	1572.754497	3.000000
142.380000	38.110000	-153.401001	17.930099	-1.490230	124.218902	1626.055275	4.000000
142.380000	38.110000	-153.401001	18.180099	0.891207	124.094017	1622.176419	4.000000
142.380000	38.110000	-153.401001	18.430099	1.033114	123.968356	1618.297564	4.000000
142.380000	38.110000	-153.401001	18.680099	2.036759	123.841713	1614.418709	4.000000
142.380000	38.110000	-153.401001	18.930099	3.861866	123.714291	1610.453258	3.000000
142.380000	38.110000	-153.401001	19.180099	4.876379	123.585880	1606.197577	3.000000
142.380000	38.110000	-153.401001	19.430099	4.610576	123.456686	1601.949301	3.000000
142.380000	38.110000	-153.401001	19.680099	4.404640	123.326498	1597.779054	3.000000
142.380000	38.110000	-153.401001	19.930099	4.546474	123.195524	1593.608806	3.000000
142.380000	38.110000	-153.401001	20.180099	4.622074	123.063547	1589.439254	2.000000
142.380000	38.110000	-153.401001	20.430099	4.978301	122.930783	1585.289753	2.000000
142.380000	38.110000	-153.151001	18.180099	0.492309	124.091792	1627.402617	2.000000
142.380000	38.110000	-153.151001	18.430099	1.349915	123.967060	1623.522929	3.000000
142.380000	38.110000	-153.151001	18.680099	2.304163	123.841431	1619.643242	3.000000
142.380000	38.110000	-153.151001	18.930099	4.360685	123.714949	1615.512097	2.000000
142.380000	38.110000	-153.151001	19.180099	4.507011	123.587564	1611.260405	2.000000
142.380000	38.110000	-153.151001	19.430099	4.111505	123.459323	1607.072362	2.000000
142.380000	38.110000	-153.151001	19.680099	4.138773	123.330172	1602.902115	2.000000
142.380000	38.110000	-153.151001	19.930099	4.225324	123.200161	1598.731867	2.000000
142.380000	38.110000	-152.901001	18.180099	-0.992747	124.090149	1632.567598	3.000000
142.380000	38.110000	-152.901001	18.430099	1.508233	123.966421	1628.687910	3.000000
142.380000	38.110000	-152.901001	18.680099	3.031594	123.841724	1624.808222	3.000000
142.380000	38.110000	-152.901001	18.930099	4.487675	123.716258	1620.574924	3.000000
142.380000	38.110000	-152.901001	19.180099	4.141766	123.589817	1616.365671	2.000000
142.380000	38.110000	-152.901001	19.430099	4.049226	123.462603	1612.195423	2.000000
142.380000	38.110000	-152.651001	18.430099	1.062831	123.966367	1633.852891	3.000000
142.380000	38.110000	-152.651001	18.680099	3.580651	123.842677	1629.889443	3.000000
142.380000	38.110000	-152.651001	18.930099	4.183031	123.718146	1625.658979	3.000000
