142.210000	38.470000	-157.127594	19.680099	-2.370404	123.780924	1521.024154	3.000000
142.210000	38.470000	-157.127594	19.930099	-2.527648	123.636026	1517.357549	3.000000
142.210000	38.470000	-157.127594	20.180099	-2.256605	123.490106	1513.741761	2.000000
142.210000	38.470000	-156.877594	18.930099	-3.908634	124.200238	1537.338281	3.000000
142.210000	38.470000	-156.877594	19.180099	-3.206461	124.059258	1533.959216	3.000000
142.210000	38.470000	-156.877594	19.430099	-2.647866	123.917408	1530.344411	2.000000
142.210000	38.470000	-156.877594	19.680099	-2.553459	123.774468	1526.677806	3.000000
142.210000	38.470000	-156.877594	19.930099	-2.775450	123.630654	1523.049294	2.000000
142.210000	38.470000	-156.877594	20.180099	-2.159563	123.485742	1519.439774	2.000000
142.210000	38.470000	-156.627594	18.680099	-4.192162	124.330313	1546.267417	4.000000
142.210000	38.470000	-156.627594	18.930099	-4.064933	124.191386	1542.825577	4.000000
142.210000	38.470000	-156.627594	19.180099	-4.036182	124.051465	1539.415254	3.000000
142.210000	38.470000	-156.627594	19.430099	-3.603274	123.910599	1535.998063	3.000000
142.210000	38.470000	-156.627594	19.680099	-2.801265	123.768732	1532.356826	3.000000
142.210000	38.470000	-156.627594	19.930099	-2.850813	123.625916	1528.747307	2.000000
142.210000	38.470000	-156.627594	20.180099	-1.985457	123.482092	1525.137787	2.000000
142.210000	38.470000	-156.627594	20.430099	-1.066252	123.337314	1521.324495	2.000000
142.210000	38.470000	-156.377594	18.430099	-4.528413	124.458156	1555.391356	4.000000
142.210000	38.470000	-156.377594	18.680099	-4.865365	124.321129	1551.949517	4.000000
142.210000	38.470000	-156.377594	18.930099	-5.149054	124.183250	1548.507677	4.000000
142.210000	38.470000	-156.377594	19.180099	-5.352468	124.044302	1545.121508	3.000000
142.210000	38.470000	-156.377594	19.430099	-3.849447	123.904499	1541.732194	4.000000
142.210000	38.470000	-156.377594	19.680099	-2.786471	123.763619	1538.054839	3.000000
142.210000	38.470000	-156.377594	19.930099	-2.759013	123.621880	1534.445320	2.000000
142.210000	38.470000	-156.377594	20.180099	-1.793817	123.479056	1530.810624	2.000000
142.210000	38.470000	-156.377594	20.430099	-1.037280	123.335369	1526.989352	2.000000
142.210000	38.470000	-156.127594	18.430099	-5.134940	124.448655	1561.167250	3.000000
142.210000	38.470000	-156.127594	18.680099	-6.161202	124.312667	1557.814139	4.000000
142.210000	38.470000	-156.127594	18.930099	-6.194334	124.175752	1554.461028	3.000000
142.210000	38.470000	-156.127594	19.180099	-5.182717	124.037857	1551.107917	4.000000
142.210000	38.470000	-156.127594	19.430099	-3.062492	123.899030	1547.515239	3.000000
142.210000	38.470000	-156.127594	19.680099	-2.676041	123.759217	1543.786154	3.000000
142.210000	38.470000	-156.127594	19.930099	-2.524705	123.618468	1540.143333	3.000000
142.210000	38.470000	-156.127594	20.180099	-1.659675	123.476725	1536.475481	2.000000
142.210000	38.470000	-156.127594	20.430099	-1.035953	123.334042	1532.654209	2.000000
142.210000	38.470000	-156.127594	20.680099	-0.934595	123.190359	1528.832936	2.000000
142.210000	38.470000	-155.877594	18.180099	-6.522986	124.573856	1570.583455	3.000000
142.210000	38.470000	-155.877594	18.430099	-6.392830	124.439868	1567.202655	3.000000
142.210000	38.470000	-155.877594	18.680099	-6.251700	124.304834	1563.821854	4.000000
142.210000	38.470000	-155.877594	18.930099	-5.949455	124.168960	1560.447437	4.000000
142.210000	38.470000	-155.877594	19.180099	-4.139088	124.032032	1557.027370	4.000000
142.210000	38.470000	-155.877594	19.430099	-2.674574	123.894261	1553.298284	3.000000
142.210000	38.470000	-155.877594	19.680099	-2.568312	123.755429	1549.569199	3.000000
142.210000	38.470000	-155.877594	19.930099	-2.363699	123.615749	1545.841346	3.000000
142.210000	38.470000	-155.877594	20.180099	-1.437669	123.475000	1542.140338	2.000000
142.210000	38.470000	-155.877594	20.430099	-0.937072	123.333400	1538.319065	2.000000
142.210000	38.470000	-155.877594	20.680099	-0.845983	123.190723	1534.497793	2.000000
142.210000	38.470000	-155.627594	18.180099	-6.562999	124.564758	1576.593038	2.000000
142.210000	38.470000	-155.627594	18.430099	-6.204178	124.431715	1573.207875	3.000000
142.210000	38.470000	-155.627594	18.680099	-6.096432	124.297713	1569.822713	3.000000
142.210000	38.470000	-155.627594	18.930099	-5.280706	124.162797	1566.437550	3.000000
142.210000	38.470000	-155.627594	19.180099	-3.429021	124.026915	1562.853885	3.000000
142.210000	38.470000	-155.627594	19.430099	-2.806756	123.890115	1559.119784	2.000000
142.210000	38.470000	-155.627594	19.680099	-2.354568	123.752341	1555.385683	2.000000
142.210000	38.470000	-155.627594	19.930099	-1.105547	123.613645	1551.651583	2.000000
142.210000	38.470000	-155.627594	20.180099	-0.453851	123.473969	1547.758293	1.000000
142.210000	38.470000	-155.627594	20.430099	-0.623579	123.333366	1543.941028	2.000000
142.210000	38.470000	-155.627594	20.680099	-0.533962	123.191776	1540.123763	2.000000
142.210000	38.470000	-155.377594	17.930099	-7.347534	124.687485	1585.622603	2.000000
142.210000	38.470000	-155.377594	18.180099	-6.756169	124.556288	1582.453341	3.000000
142.210000	38.470000	-155.377594	18.430099	-6.314165	124.424266	1579.167829	3.000000
142.210000	38.470000	-155.377594	18.680099	-6.008108	124.291213	1575.782666	3.000000
142.210000	38.470000	-155.377594	18.930099	-4.774999	124.157331	1572.397503	3.000000
142.210000	38.470000	-155.377594	19.180099	-3.162153	124.022411	1568.715160	3.000000
142.210000	38.470000	-155.377594	19.430099	-1.656758	123.886658	1564.981059	3.000000
142.210000	38.470000	-155.377594	19.680099	0.173272	123.749859	1561.090415	2.000000
142.210000	38.470000	-155.377594	19.930099	0.221859	123.612224	1557.093391	2.000000
142.210000	38.470000	-155.377594	20.180099	-0.476368	123.473535	1553.276126	1.000000
142.210000	38.470000	-155.377594	20.430099	-0.369658	123.334007	1549.458861	2.000000
142.210000	38.470000	-155.377594	20.680099	0.530149	123.193417	1545.641595	2.000000
142.210000	38.470000	-155.127594	17.930099	-7.091963	124.678711	1591.393667	3.000000
142.210000	38.470000	-155.127594	18.180099	-6.995213	124.548526	1588.224405	3.000000
142.210000	38.470000	-155.127594	18.430099	-6.607564	124.417444	1585.055143	3.000000
142.210000	38.470000	-155.127594	18.680099	-6.001607	124.285416	1581.742620	3.000000
142.210000	38.470000	-155.127594	18.930099	-4.155606	124.152486	1578.310535	2.000000
142.210000	38.470000	-155.127594	19.180099	-0.834874	124.018604	1574.576434	2.000000
142.210000	38.470000	-155.127594	19.430099	1.552375	123.883816	1570.524902	3.000000
142.210000	38.470000	-155.127594	19.680099	0.717374	123.748069	1566.428489	3.000000
142.210000	38.470000	-155.127594	19.930099	-0.572545	123.611411	1562.611223	1.000000
142.210000	38.470000	-155.127594	20.180099	-0.370528	123.473787	1558.793958	1.000000
142.210000	38.470000	-155.127594	20.430099	0.668080	123.335249	1554.972719	2.000000
142.210000	38.470000	-154.877594	17.680099	-7.174995	124.798881	1600.333994	3.000000
142.210000	38.470000	-154.877594	17.930099	-7.079016	124.670637	1597.164732	3.000000
142.210000	38.470000	-154.877594	18.180099	-6.982495	124.541382	1593.995469	3.000000
142.210000	38.470000	-154.877594	18.430099	-6.885631	124.411315	1590.826207	3.000000
142.210000	38.470000	-154.877594	18.680099	-5.585804	124.280230	1587.656945	2.000000
142.210000	38.470000	-154.877594	18.930099	-0.845288	124.148328	1584.139865	2.000000
142.210000	38.470000	-154.877594	19.180099	2.574653	124.015401	1579.959388	2.000000
142.210000	38.470000	-154.877594	19.430099	1.207292	123.881654	1575.778911	3.000000
142.210000	38.470000	-154.877594	19.680099	-0.614279	123.746874	1571.946321	2.000000
142.210000	38.470000	-154.877594	19.930099	-0.262887	123.611271	1568.129056	1.000000
142.210000	38.470000	-154.877594	20.180099	0.808649	123.474627	1564.272900	1.000000
142.210000	38.470000	-154.627594	17.680099	-7.153229	124.790508	1606.103014	3.000000
142.210000	38.470000	-154.627594	17.930099	-7.058182	124.663187	1602.933405	3.000000
142.210000	38.470000	-154.627594	18.180099	-6.962677	124.534938	1599.763796	3.000000
142.210000	38.470000	-154.627594	18.430099	-6.171641	124.405805	1596.594187	3.000000
142.210000	38.470000	-154.627594	18.680099	-2.274787	124.275738	1593.314793	3.000000
142.210000	38.470000	-154.627594	18.930099	1.957539	124.144783	1589.393875	2.000000
142.210000	38.470000	-154.627594	19.180099	1.702052	124.012887	1585.213398	2.000000
142.210000	38.470000	-154.627594	19.430099	-0.265818	123.880099	1581.281419	2.000000
142.210000	38.470000	-154.627594	19.680099	-0.152794	123.746363	1577.464153	1.000000
142.210000	38.470000	-154.627594	19.930099	0.951657	123.611730	1573.573081	0.000000
142.210000	38.470000	-154.377594	17.680099	-7.077581	124.782753	1611.868775	3.000000
142.210000	38.470000	-154.377594	17.930099	-7.045483	124.656427	1608.699166	4.000000
142.210000	38.470000	-154.377594	18.180099	-6.082556	124.529104	1605.529558	3.000000
142.210000	38.470000	-154.377594	18.430099	-3.167029	124.400979	1602.220346	3.000000
142.210000	38.470000	-154.377594	18.680099	0.030036	124.271850	1598.572442	3.000000
142.210000	38.470000	-154.377594	18.930099	1.339619	124.141916	1594.647884	2.000000
142.210000	38.470000	-154.377594	19.180099	0.400239	124.010969	1590.616516	2.000000
142.210000	38.470000	-154.377594	19.430099	-0.040418	123.879214	1586.772254	2.000000
142.210000	38.470000	-154.377594	19.680099	1.005506	123.746440	1582.873262	2.000000
142.210000	38.470000	-154.377594	19.930099	4.818991	123.612854	1578.880330	0.000000
142.210000	38.470000	-154.127594	17.680099	-6.762966	124.775693	1617.741360	3.000000
142.210000	38.470000	-154.127594	17.930099	-5.680113	124.650284	1614.464928	3.000000
142.210000	38.470000	-154.127594	18.180099	-3.266036	124.523960	1611.125899	3.000000
142.210000	38.470000	-154.127594	18.430099	-1.229449	124.396764	1607.477995	3.000000
142.210000	38.470000	-154.127594	18.680099	-0.301954	124.268647	1603.830090	3.000000
142.210000	38.470000	-154.127594	18.930099	0.241088	124.139653	1599.951614	2.000000
142.210000	38.470000	-154.127594	19.180099	0.074322	124.009731	1596.072435	2.000000
142.210000	38.470000	-154.127594	19.430099	0.966892	123.878928	1592.173443	2.000000
142.210000	38.470000	-154.127594	19.680099	4.761647	123.747191	1588.175029	1.000000
142.210000	38.470000	-153.877594	17.680099	-4.414081	124.769241	1623.665554	3.000000
142.210000	38.470000	-153.877594	17.930099	-2.590850	124.644822	1620.068098	2.000000
142.210000	38.470000	-153.877594	18.180099	-1.677047	124.519418	1616.465478	4.000000
142.210000	38.470000	-153.877594	18.430099	-1.525120	124.393225	1612.810851	3.000000
142.210000	38.470000	-153.877594	18.680099	-0.963697	124.266039	1609.156224	3.000000
142.210000	38.470000	-153.877594	18.930099	-0.256752	124.138059	1605.372616	2.000000
142.210000	38.470000	-153.877594	19.180099	0.910252	124.009080	1601.473624	2.000000
142.210000	38.470000	-153.877594	19.430099	4.705972	123.879305	1597.469728	2.000000
142.210000	38.470000	-153.627594	17.680099	-1.584486	124.763476	1629.002352	2.000000
142.210000	38.470000	-153.627594	17.930099	-1.534065	124.639969	1625.404896	3.000000
142.210000	38.470000	-153.627594	18.180099	-1.651108	124.515559	1621.807440	3.000000
142.210000	38.470000	-153.627594	18.430099	-1.689205	124.390288	1618.209983	3.000000
142.210000	38.470000	-153.627594	18.680099	-1.132387	124.264108	1614.556255	3.000000
142.210000	38.470000	-153.627594	18.930099	0.456676	124.137063	1610.773805	2.000000
142.210000	38.470000	-153.627594	19.180099	4.652058	124.009102	1606.764428	2.000000
142.210000	38.470000	-153.377594	17.930099	-1.372892	124.635789	1630.566672	3.000000
142.210000	38.470000	-153.377594	18.180099	-1.484007	124.512293	1627.046322	3.000000
142.210000	38.470000	-153.377594	18.430099	-1.384473	124.388018	1623.525972	3.000000
142.210000	38.470000	-153.377594	18.680099	-0.295594	124.262764	1619.949325	3.000000
142.210000	38.470000	-153.377594	18.930099	4.188859	124.136727	1616.059127	2.000000
142.210000	38.470000	-153.377594	19.180099	7.768493	124.009702	1611.540918	2.000000
142.210000	38.470000	-153.127594	18.180099	-0.995830	124.509702	1632.096828	3.000000
142.210000	38.470000	-153.127594	18.430099	-0.910535	124.386344	1628.576478	3.000000
142.210000	38.470000	-153.127594	18.680099	1.565368	124.262089	1625.056128	2.000000
142.210000	38.470000	-153.127594	18.930099	6.732287	124.136980	1620.835617	1.000000
142.210000	38.470000	-152.877594	18.180099	-0.993824	124.507696	1637.147333	2.000000
142.210000	38.470000	-152.877594	18.430099	-0.909519	124.385328	1633.626984	2.000000
142.210000	38.470000	-152.877594	18.680099	3.362173	124.261993	1630.106634	2.000000
142.210000	38.470000	-152.627594	18.430099	0.018067	124.384900	1638.677489	2.000000
