-155.772995	19.079000	1127.696000	1.443174
-155.996994	20.771000	1116.721000	-0.373243
-155.710999	20.046000	1116.717000	0.745026
-159.401001	21.971001	1189.722000	NaN
-156.658005	20.891001	1131.729000	-0.520585
-156.755997	21.136000	1131.735000	-0.638503
-154.482803	21.001900	1081.700000	6.744128
-153.902405	19.979099	1072.834000	2.638950
-153.503204	19.495199	1067.727000	2.300210
-153.992294	18.797600	1085.945000	1.043678
-152.132401	18.481400	1045.132000	1.363791
-153.290604	17.906200	1078.019000	1.441731
-154.691299	17.180099	1120.698000	-0.433114
-154.495895	18.401699	1101.689000	1.888254
-154.797394	18.803101	1105.838000	1.657658
-157.227295	18.984800	1165.718000	1.075007
-156.510101	19.477699	1142.606000	0.668453
-157.627594	20.346100	1160.834000	-1.255012
-154.617798	20.088900	1089.208000	1.504096
-155.679398	21.205500	1104.309000	-2.374851
-153.982697	21.519699	1061.247000	0.679222
-153.292099	20.892599	1049.396000	3.153264
-153.295898	18.800900	1069.548000	1.482821
-154.030502	17.988400	1094.528000	2.544842
-155.714996	18.000299	1136.356000	2.547376
-156.808197	18.404200	1159.493000	3.178933
-156.167007	18.301001	1144.237000	2.353239
