-112.510000	28.380000	-158.651001	21.430099	-0.799942	250.896325	1176.132534	1.000000
-112.510000	28.380000	-158.401001	21.180099	-0.675383	250.641024	1172.256530	0.000000
-112.510000	28.380000	-158.401001	21.430099	-0.235442	250.903279	1169.911394	0.000000
-112.510000	28.380000	-158.151001	20.680099	-1.437548	250.120453	1171.029476	1.000000
-112.510000	28.380000	-158.151001	20.930099	-0.546455	250.382271	1168.380525	1.000000
-112.510000	28.380000	-158.151001	21.180099	-0.011885	250.645395	1166.035389	1.000000
-112.510000	28.380000	-158.151001	21.430099	-0.229527	250.909610	1163.690254	0.000000
-112.510000	28.380000	-157.901001	20.430099	-1.295491	249.857282	1167.197163	1.000000
-112.510000	28.380000	-157.901001	20.680099	-0.413026	250.119932	1164.504521	1.000000
-112.510000	28.380000	-157.901001	20.930099	0.219518	250.383863	1162.159385	1.000000
-112.510000	28.380000	-157.901001	21.180099	-0.015440	250.648950	1159.814249	1.000000
-112.510000	28.380000	-157.901001	21.430099	-0.012972	250.915305	1157.469113	0.000000
-112.510000	28.380000	-157.651001	19.930099	-1.563370	249.328437	1166.231726	1.000000
-112.510000	28.380000	-157.651001	20.180099	-1.572006	249.590705	1163.364849	1.000000
-112.510000	28.380000	-157.651001	20.430099	-0.375931	249.854119	1160.628517	1.000000
-112.510000	28.380000	-157.651001	20.680099	0.454720	250.118885	1158.283381	2.000000
-112.510000	28.380000	-157.651001	20.930099	0.218599	250.384782	1155.938245	2.000000
-112.510000	28.380000	-157.651001	21.180099	-0.016709	250.652014	1153.593109	1.000000
-112.510000	28.380000	-157.651001	21.430099	0.607290	250.920361	1151.248443	1.000000
-112.510000	28.380000	-157.401001	19.680099	-1.121450	249.057510	1162.462146	2.000000
-112.510000	28.380000	-157.401001	19.930099	-1.246945	249.320495	1159.745242	2.000000
-112.510000	28.380000	-157.401001	20.180099	-1.335658	249.584705	1157.034712	2.000000
-112.510000	28.380000	-157.401001	20.430099	-0.724364	249.850236	1154.475815	2.000000
-112.510000	28.380000	-157.401001	20.680099	0.137132	250.116971	1152.062241	2.000000
-112.510000	28.380000	-157.401001	20.930099	0.218366	250.385015	1149.717105	3.000000
-112.510000	28.380000	-157.401001	21.180099	-0.006675	250.654242	1147.371969	2.000000
-112.510000	28.380000	-157.401001	21.430099	1.233756	250.924764	1145.030511	1.000000
-112.510000	28.380000	-157.151001	19.430099	-1.129654	248.783125	1158.989873	2.000000
-112.510000	28.380000	-157.151001	19.680099	-1.503884	249.046868	1156.272969	3.000000
-112.510000	28.380000	-157.151001	19.930099	-1.406849	249.311796	1153.556065	3.000000
-112.510000	28.380000	-157.151001	20.180099	-1.288248	249.578126	1150.968322	3.000000
-112.510000	28.380000	-157.151001	20.430099	-1.298907	249.845628	1148.409425	2.000000
-112.510000	28.380000	-157.151001	20.680099	-0.640208	250.114514	1145.880487	2.000000
-112.510000	28.380000	-157.151001	20.930099	0.024650	250.384557	1143.495964	3.000000
-112.510000	28.380000	-157.151001	21.180099	0.003867	250.655965	1141.150829	2.000000
-112.510000	28.380000	-157.151001	21.430099	1.869226	250.928512	1138.812579	1.000000
-112.510000	28.380000	-156.901001	18.930099	5.063748	248.242138	1157.541086	3.000000
-112.510000	28.380000	-156.901001	19.180099	2.323150	248.505177	1155.445636	3.000000
-112.510000	28.380000	-156.901001	19.430099	-0.989283	248.769591	1152.800696	2.000000
-112.510000	28.380000	-156.901001	19.680099	-1.236885	249.035277	1150.083792	3.000000
-112.510000	28.380000	-156.901001	19.930099	-1.131605	249.302326	1147.460828	4.000000
-112.510000	28.380000	-156.901001	20.180099	-1.170298	249.570628	1144.901932	3.000000
-112.510000	28.380000	-156.901001	20.430099	-1.408309	249.840282	1142.343036	2.000000
-112.510000	28.380000	-156.901001	20.680099	-1.294808	250.111170	1139.784139	2.000000
-112.510000	28.380000	-156.901001	20.930099	-0.588223	250.383394	1137.304785	3.000000
-112.510000	28.380000	-156.901001	21.180099	-0.103748	250.656831	1134.929688	1.000000
-112.510000	28.380000	-156.901001	21.430099	2.411914	250.931590	1132.594647	1.000000
-112.510000	28.380000	-156.651001	18.680099	4.148502	247.960095	1153.122295	4.000000
-112.510000	28.380000	-156.651001	18.930099	4.305293	248.223757	1150.938941	4.000000
-112.510000	28.380000	-156.651001	19.180099	4.036738	248.488887	1148.829358	3.000000
-112.510000	28.380000	-156.651001	19.430099	1.066402	248.755245	1146.611519	3.000000
-112.510000	28.380000	-156.651001	19.680099	-0.862125	249.023054	1143.953335	3.000000
-112.510000	28.380000	-156.651001	19.930099	-0.846554	249.292077	1141.394438	3.000000
-112.510000	28.380000	-156.651001	20.180099	-1.073125	249.562535	1138.835542	3.000000
-112.510000	28.380000	-156.651001	20.430099	-1.300555	249.834193	1136.276646	4.000000
-112.510000	28.380000	-156.651001	20.680099	-1.464759	250.107266	1133.717749	3.000000
-112.510000	28.380000	-156.651001	20.930099	-1.275514	250.381523	1131.175738	4.000000
-112.510000	28.380000	-156.651001	21.180099	-0.152822	250.657176	1128.711688	3.000000
-112.510000	28.380000	-156.651001	21.430099	2.848406	250.933995	1126.454054	2.000000
-112.510000	28.380000	-156.401001	18.430099	1.468749	247.674435	1149.005924	4.000000
-112.510000	28.380000	-156.401001	18.680099	3.834887	247.938771	1146.822571	4.000000
-112.510000	28.380000	-156.401001	18.930099	3.590965	248.204522	1144.639218	4.000000
-112.510000	28.380000	-156.401001	19.180099	3.455746	248.471596	1142.462419	3.000000
-112.510000	28.380000	-156.401001	19.430099	2.256006	248.740075	1140.288230	4.000000
-112.510000	28.380000	-156.401001	19.680099	0.272278	249.009859	1137.826318	3.000000
-112.510000	28.380000	-156.401001	19.930099	-0.486562	249.281037	1135.280647	3.000000
-112.510000	28.380000	-156.401001	20.180099	-0.909976	249.553500	1132.713823	4.000000
-112.510000	28.380000	-156.401001	20.430099	-1.233311	249.827344	1130.146999	4.000000
-112.510000	28.380000	-156.401001	20.680099	-1.301010	250.102452	1127.580176	3.000000
-112.510000	28.380000	-156.401001	20.930099	-1.504064	250.378927	1125.056362	4.000000
-112.510000	28.380000	-156.401001	21.180099	0.085181	250.656643	1122.493756	3.000000
-112.510000	28.380000	-156.401001	21.430099	3.394756	250.935712	1120.396817	2.000000
-112.510000	28.380000	-156.151001	18.430099	2.008760	247.650301	1142.721949	3.000000
-112.510000	28.380000	-156.151001	18.680099	3.794707	247.916726	1140.559993	4.000000
-112.510000	28.380000	-156.151001	18.930099	3.653155	248.184421	1138.398038	3.000000
-112.510000	28.380000	-156.151001	19.180099	2.822518	248.453618	1136.236083	4.000000
-112.510000	28.380000	-156.151001	19.430099	1.910955	248.724072	1133.916940	3.000000
-112.510000	28.380000	-156.151001	19.680099	1.014973	248.996013	1131.486997	3.000000
-112.510000	28.380000	-156.151001	19.930099	0.368216	249.269197	1129.006590	3.000000
-112.510000	28.380000	-156.151001	20.180099	-0.088178	249.543850	1126.512614	4.000000
-112.510000	28.380000	-156.151001	20.430099	-0.718189	249.819731	1124.004860	3.000000
-112.510000	28.380000	-156.151001	20.680099	-1.258764	250.097062	1121.438037	3.000000
-112.510000	28.380000	-156.151001	20.930099	-1.659919	250.375603	1118.879811	4.000000
-112.510000	28.380000	-156.151001	21.180099	0.527197	250.655574	1116.275824	3.000000
-112.510000	28.380000	-156.151001	21.430099	4.051674	250.936738	1114.339581	2.000000
-112.510000	28.380000	-155.901001	18.180099	-0.136122	247.358266	1139.077821	3.000000
-112.510000	28.380000	-155.901001	18.430099	2.191959	247.625259	1136.753266	3.000000
-112.510000	28.380000	-155.901001	18.680099	2.494621	247.893626	1134.428711	4.000000
-112.510000	28.380000	-155.901001	18.930099	3.021367	248.163441	1132.171702	4.000000
-112.510000	28.380000	-155.901001	19.180099	2.373073	248.434613	1129.975594	4.000000
-112.510000	28.380000	-155.901001	19.430099	1.409833	248.707223	1127.545650	3.000000
-112.510000	28.380000	-155.901001	19.680099	1.162040	248.981170	1125.115707	3.000000
-112.510000	28.380000	-155.901001	19.930099	0.617950	249.256544	1122.680839	4.000000
-112.510000	28.380000	-155.901001	20.180099	0.122232	249.533235	1120.186862	3.000000
-112.510000	28.380000	-155.901001	20.430099	-0.146569	249.811339	1117.692885	3.000000
-112.510000	28.380000	-155.901001	20.680099	-0.560733	250.090738	1115.193825	3.000000
-112.510000	28.380000	-155.901001	20.930099	-1.301140	250.371535	1112.679602	4.000000
-112.510000	28.380000	-155.901001	21.180099	1.041576	250.653604	1110.070077	2.000000
-112.510000	28.380000	-155.651001	18.180099	1.934551	247.330360	1133.066850	2.000000
-112.510000	28.380000	-155.651001	18.430099	2.513913	247.599293	1130.723007	3.000000
-112.510000	28.380000	-155.651001	18.680099	2.298934	247.869782	1128.379164	3.000000
-112.510000	28.380000	-155.651001	18.930099	2.152737	248.141571	1126.035321	3.000000
-112.510000	28.380000	-155.651001	19.180099	1.772408	248.414900	1123.683849	3.000000
-112.510000	28.380000	-155.651001	19.430099	1.090641	248.689516	1121.244461	2.000000
-112.510000	28.380000	-155.651001	19.680099	0.853015	248.965656	1118.803224	2.000000
-112.510000	28.380000	-155.651001	19.930099	0.483763	249.243068	1116.361986	3.000000
-112.510000	28.380000	-155.651001	20.180099	-0.043493	249.521986	1113.886347	3.000000
-112.510000	28.380000	-155.651001	20.430099	-0.390743	249.802160	1111.379828	2.000000
-112.510000	28.380000	-155.651001	20.680099	-0.630331	250.083820	1108.873309	2.000000
-112.510000	28.380000	-155.651001	20.930099	-0.938556	250.366719	1106.366790	2.000000
-112.510000	28.380000	-155.651001	21.180099	0.668218	250.651081	1103.881399	2.000000
-112.510000	28.380000	-155.401001	17.930099	-0.880051	247.031784	1129.444890	2.000000
-112.510000	28.380000	-155.401001	18.180099	2.214470	247.301343	1126.751778	3.000000
-112.510000	28.380000	-155.401001	18.430099	3.129360	247.572394	1124.459008	4.000000
-112.510000	28.380000	-155.401001	18.680099	2.637474	247.844854	1122.115165	4.000000
-112.510000	28.380000	-155.401001	18.930099	2.347903	248.118798	1119.771322	3.000000
-112.510000	28.380000	-155.401001	19.180099	2.022007	248.394132	1117.415872	3.000000
-112.510000	28.380000	-155.401001	19.430099	1.325380	248.670939	1115.049333	4.000000
-112.510000	28.380000	-155.401001	19.680099	0.694027	248.949117	1112.608095	3.000000
-112.510000	28.380000	-155.401001	19.930099	0.322115	249.228756	1110.166857	3.000000
-112.510000	28.380000	-155.401001	20.180099	-0.185296	249.509745	1107.693780	3.000000
-112.510000	28.380000	-155.401001	20.430099	-0.564039	249.792180	1105.187261	3.000000
-112.510000	28.380000	-155.401001	20.680099	-0.723829	250.075943	1102.680742	4.000000
-112.510000	28.380000	-155.401001	20.930099	0.829894	250.361137	1100.256610	3.000000
-112.510000	28.380000	-155.401001	21.180099	-0.202689	250.647634	1098.647889	3.000000
-112.510000	28.380000	-155.151001	17.930099	-1.199838	246.999848	1123.292611	3.000000
-112.510000	28.380000	-155.151001	18.180099	1.447211	247.271524	1120.386529	3.000000
-112.510000	28.380000	-155.151001	18.430099	3.711585	247.544545	1118.160767	4.000000
-112.510000	28.380000	-155.151001	18.680099	2.814121	247.819160	1115.851165	4.000000
-112.510000	28.380000	-155.151001	18.930099	2.362045	248.095108	1113.505803	2.000000
-112.510000	28.380000	-155.151001	19.180099	2.067158	248.372634	1111.147895	2.000000
-112.510000	28.380000	-155.151001	19.430099	1.730314	248.651480	1108.789986	4.000000
-112.510000	28.380000	-155.151001	19.680099	1.037350	248.931887	1106.412966	4.000000
-112.510000	28.380000	-155.151001	19.930099	0.347051	249.213598	1103.971729	2.000000
-112.510000	28.380000	-155.151001	20.180099	-0.162664	249.496851	1101.501213	3.000000
-112.510000	28.380000	-155.151001	20.430099	-0.318941	249.781392	1098.994694	4.000000
-112.510000	28.380000	-155.151001	20.680099	2.518706	250.067453	1096.631820	4.000000
-112.510000	28.380000	-155.151001	20.930099	1.446243	250.354785	1095.307700	4.000000
-112.510000	28.380000	-155.151001	21.180099	-4.419336	250.643615	1093.147900	3.000000
-112.510000	28.380000	-154.901001	17.680099	-0.924766	246.694742	1120.046415	3.000000
-112.510000	28.380000	-154.901001	17.930099	-1.166911	246.966922	1117.140333	3.000000
-112.510000	28.380000	-154.901001	18.180099	0.271697	247.240565	1114.234251	3.000000
-112.510000	28.380000	-154.901001	18.430099	3.362082	247.515736	1111.779072	3.000000
-112.510000	28.380000	-154.901001	18.680099	3.386705	247.792354	1109.569755	3.000000
-112.510000	28.380000	-154.901001	18.930099	2.386462	248.070490	1107.237826	2.000000
-112.510000	28.380000	-154.901001	19.180099	2.049321	248.350054	1104.879918	3.000000
-112.510000	28.380000	-154.901001	19.430099	1.810966	248.631126	1102.522009	4.000000
-112.510000	28.380000	-154.901001	19.680099	1.430683	248.913605	1100.164101	3.000000
-112.510000	28.380000	-154.901001	19.930099	0.642955	249.197579	1097.776600	2.000000
-112.510000	28.380000	-154.901001	20.180099	0.242702	249.482938	1095.308646	3.000000
-112.510000	28.380000	-154.901001	20.430099	2.971734	249.769778	1093.007030	3.000000
-112.510000	28.380000	-154.901001	20.680099	5.888611	250.057980	1091.682910	4.000000
-112.510000	28.380000	-154.901001	20.930099	-1.192802	250.347646	1090.358790	3.000000
-112.510000	28.380000	-154.901001	21.180099	-8.763039	250.638648	1087.647911	3.000000
-112.510000	28.380000	-154.651001	17.680099	-0.539207	246.658841	1113.894137	2.000000
-112.510000	28.380000	-154.651001	17.930099	-0.850214	246.932985	1110.988055	3.000000
-112.510000	28.380000	-154.651001	18.180099	-0.346427	247.208777	1108.081972	3.000000
-112.510000	28.380000	-154.651001	18.430099	2.469644	247.485950	1105.397378	3.000000
-112.510000	28.380000	-154.651001	18.680099	3.880036	247.764756	1103.229189	3.000000
-112.510000	28.380000	-154.651001	18.930099	2.693663	248.044929	1101.008246	2.000000
-112.510000	28.380000	-154.651001	19.180099	1.883711	248.326720	1098.639916	3.000000
-112.510000	28.380000	-154.651001	19.430099	1.643719	248.609864	1096.271586	3.000000
-112.510000	28.380000	-154.651001	19.680099	1.402280	248.894608	1093.903256	2.000000
-112.510000	28.380000	-154.651001	19.930099	1.856737	249.180690	1091.538215	1.000000
-112.510000	28.380000	-154.651001	20.180099	4.871243	249.468351	1089.382241	2.000000
-112.510000	28.380000	-154.651001	20.430099	6.985158	249.757333	1088.058120	2.000000
-112.510000	28.380000	-154.651001	20.680099	6.542182	250.047874	1086.734000	2.000000
-112.510000	28.380000	-154.651001	20.930099	-2.682845	250.339715	1085.409880	3.000000
-112.510000	28.380000	-154.651001	21.180099	-12.780336	250.633092	1082.147922	3.000000
-112.510000	28.380000	-154.401001	17.680099	-0.789577	246.621742	1107.539093	3.000000
-112.510000	28.380000	-154.401001	17.930099	-0.132675	246.898030	1104.671564	3.000000
-112.510000	28.380000	-154.401001	18.180099	0.101073	247.175819	1101.804035	3.000000
-112.510000	28.380000	-154.401001	18.430099	2.191706	247.455175	1099.160441	4.000000
-112.510000	28.380000	-154.401001	18.680099	3.874406	247.736016	1097.037887	4.000000
-112.510000	28.380000	-154.401001	18.930099	2.659989	248.018412	1094.814881	2.000000
-112.510000	28.380000	-154.401001	19.180099	1.821146	248.302274	1092.446551	4.000000
-112.510000	28.380000	-154.401001	19.430099	1.513863	248.587681	1090.078221	4.000000
-112.510000	28.380000	-154.401001	19.680099	1.390846	248.874532	1087.718640	4.000000
-112.510000	28.380000	-154.401001	19.930099	3.468782	249.162915	1085.406741	3.000000
-112.510000	28.380000	-154.401001	20.180099	7.229651	249.452718	1083.656934	3.000000
-112.510000	28.380000	-154.401001	20.430099	9.360600	249.744039	1082.473972	3.000000
-112.510000	28.380000	-154.401001	20.680099	8.745904	250.036756	1081.291010	4.000000
-112.510000	28.380000	-154.401001	20.930099	0.418869	250.330974	1079.936951	3.000000
-112.510000	28.380000	-154.401001	21.180099	-12.018737	250.626561	1076.647932	2.000000
-112.510000	28.380000	-154.151001	17.930099	-0.765886	246.862034	1098.278264	4.000000
-112.510000	28.380000	-154.151001	18.180099	1.216272	247.142006	1095.579052	3.000000
-112.510000	28.380000	-154.151001	18.430099	1.858912	247.423394	1093.208397	4.000000
-112.510000	28.380000	-154.151001	18.680099	2.573412	247.706458	1090.846586	4.000000
-112.510000	28.380000	-154.151001	18.930099	2.589632	247.990925	1088.621516	3.000000
-112.510000	28.380000	-154.151001	19.180099	1.915135	248.277050	1086.265570	3.000000
-112.510000	28.380000	-154.151001	19.430099	1.751952	248.564564	1083.953671	4.000000
-112.510000	28.380000	-154.151001	19.680099	1.427654	248.853718	1081.641772	3.000000
-112.510000	28.380000	-154.151001	19.930099	4.113872	249.144243	1079.329873	3.000000
-112.510000	28.380000	-154.151001	20.180099	8.533315	249.436389	1077.753339	3.000000
-112.510000	28.380000	-154.151001	20.430099	8.006106	249.729888	1076.539839	4.000000
-112.510000	28.380000	-154.151001	20.680099	6.131157	250.024986	1074.765695	4.000000
-112.510000	28.380000	-154.151001	20.930099	2.435133	250.321417	1072.991551	4.000000
-112.510000	28.380000	-154.151001	21.180099	-4.393205	250.619422	1070.149647	3.000000
-112.510000	28.380000	-153.901001	17.930099	-1.441963	246.824990	1092.207576	2.000000
-112.510000	28.380000	-153.901001	18.180099	1.233575	247.106991	1089.664067	4.000000
-112.510000	28.380000	-153.901001	18.430099	1.703352	247.390596	1087.289780	4.000000
-112.510000	28.380000	-153.901001	18.680099	1.394335	247.675727	1084.915493	4.000000
-112.510000	28.380000	-153.901001	18.930099	1.630758	247.962453	1082.523260	3.000000
-112.510000	28.380000	-153.901001	19.180099	1.752122	248.250684	1080.206054	4.000000
-112.510000	28.380000	-153.901001	19.430099	1.557434	248.540497	1077.888848	4.000000
-112.510000	28.380000	-153.901001	19.680099	1.304206	248.831794	1075.571642	3.000000
-112.510000	28.380000	-153.901001	19.930099	2.832261	249.124660	1073.254436	2.000000
-112.510000	28.380000	-153.901001	20.180099	5.687639	249.418985	1071.368583	4.000000
-112.510000	28.380000	-153.901001	20.430099	6.823322	249.714864	1069.594439	3.000000
-112.510000	28.380000	-153.901001	20.680099	6.547218	250.012176	1067.820295	3.000000
-112.510000	28.380000	-153.901001	20.930099	2.061519	250.311026	1066.046151	3.000000
-112.510000	28.380000	-153.901001	21.180099	-2.259971	250.611281	1063.086811	3.000000
-112.510000	28.380000	-153.651001	18.180099	1.404879	247.071092	1083.813835	4.000000
-112.510000	28.380000	-153.651001	18.430099	1.520625	247.356762	1081.414653	4.000000
-112.510000	28.380000	-153.651001	18.680099	1.331368	247.644152	1079.040366	4.000000
-112.510000	28.380000	-153.651001	18.930099	0.929799	247.932981	1076.647455	3.000000
-112.510000	28.380000	-153.651001	19.180099	0.968705	248.223513	1074.237594	4.000000
-112.510000	28.380000	-153.651001	19.430099	1.232186	248.515468	1071.881734	4.000000
-112.510000	28.380000	-153.651001	19.680099	1.049644	248.809107	1069.563464	3.000000
-112.510000	28.380000	-153.651001	19.930099	0.717302	249.104153	1067.199954	2.000000
-112.510000	28.380000	-153.651001	20.180099	1.865490	249.400860	1064.836444	3.000000
-112.510000	28.380000	-153.651001	20.430099	4.575684	249.698956	1062.649039	4.000000
-112.510000	28.380000	-153.651001	20.680099	6.365332	249.998691	1060.874894	3.000000
-112.510000	28.380000	-153.651001	20.930099	1.804730	250.299794	1059.077444	3.000000
-112.510000	28.380000	-153.401001	18.180099	1.698791	247.033957	1077.968895	4.000000
-112.510000	28.380000	-153.401001	18.430099	1.443357	247.321880	1075.567315	4.000000
-112.510000	28.380000	-153.401001	18.680099	1.261149	247.611370	1073.165736	4.000000
-112.510000	28.380000	-153.401001	18.930099	0.996148	247.902496	1070.772496	3.000000
-112.510000	28.380000	-153.401001	19.180099	0.645769	248.195167	1068.361466	3.000000
-112.510000	28.380000	-153.401001	19.430099	0.531336	248.489462	1065.942142	3.000000
-112.510000	28.380000	-153.401001	19.680099	0.496958	248.785279	1063.552200	3.000000
-112.510000	28.380000	-153.401001	19.930099	0.274785	249.082706	1061.162258	3.000000
-112.510000	28.380000	-153.401001	20.180099	0.152028	249.381631	1058.773201	2.000000
-112.510000	28.380000	-153.401001	20.430099	0.294349	249.682148	1056.409691	2.000000
-112.510000	28.380000	-153.151001	18.430099	1.572485	247.285930	1069.687616	3.000000
-112.510000	28.380000	-153.151001	18.680099	1.258938	247.577716	1067.285677	3.000000
-112.510000	28.380000	-153.151001	18.930099	0.962942	247.870980	1064.871116	2.000000
-112.510000	28.380000	-153.151001	19.180099	0.758019	248.165991	1062.450505	2.000000
-112.510000	28.380000	-153.151001	19.430099	0.565605	248.462463	1060.053863	2.000000
-112.510000	28.380000	-153.151001	19.680099	0.323845	248.760663	1057.663921	2.000000
-112.510000	28.380000	-153.151001	19.930099	0.054206	249.060307	1055.273979	2.000000
-112.510000	28.380000	-152.901001	18.430099	1.652173	247.248901	1063.781783	3.000000
-112.510000	28.380000	-152.901001	18.680099	1.322298	247.542821	1061.379843	3.000000
-112.510000	28.380000	-152.901001	18.930099	1.041409	247.838419	1058.960155	3.000000
-112.510000	28.380000	-152.901001	19.180099	0.842112	248.135606	1056.555525	2.000000
-112.510000	28.380000	-152.901001	19.430099	0.620422	248.434457	1054.165583	2.000000
-112.510000	28.380000	-152.651001	18.680099	1.377895	247.507024	1055.469805	3.000000
-112.510000	28.380000	-152.651001	18.930099	1.125029	247.804796	1053.057188	3.000000
