-155.772995	19.079000	1335.363000	1.495803
-155.996994	20.771000	1293.364000	2.661935
-155.710999	20.046000	1315.359000	1.928571
-157.270004	21.108999	1265.379000	2.910997
-158.903000	21.298401	1237.450000	4.187162
-161.095001	23.997200	1139.355000	4.698227
-158.933105	24.573799	1159.461000	4.598591
-152.765793	25.592800	1246.565000	NaN
-154.251801	21.168699	1312.354000	3.633144
-152.981201	18.301800	1395.407000	5.143971
-153.967499	14.731300	1458.344000	NaN
-153.868195	17.315399	1405.429000	1.272783
-157.859100	14.659600	1393.518000	NaN
-157.700806	16.348400	1361.691000	-1.491714
-158.982498	15.574000	1354.368000	-5.973397
-158.760193	18.564699	1298.341000	1.324334
-161.314896	21.956301	1182.000000	3.351333
-158.179504	20.377800	1267.211000	1.708394
