-155.772995	19.079000	979.692000	-0.694278
-155.996994	20.771000	931.674000	-0.984725
-159.401001	21.971001	869.671000	-0.978396
-156.658005	20.891001	922.684000	-1.336726
-159.664993	22.122999	863.655000	-0.325996
-161.314896	21.956301	856.666000	0.216928
-161.095001	23.997200	802.661000	-0.070941
-155.765305	26.776699	775.805000	NaN
-152.765793	25.592800	837.674000	NaN
-158.185394	22.620199	862.680000	-0.297244
-152.981201	18.301800	1019.718000	2.940725
-150.914993	18.914200	1024.149000	NaN
-153.967499	14.731300	1107.651000	NaN
-153.868195	17.315399	1039.745000	3.098223
-157.859100	14.659600	1073.861000	NaN
-157.700806	16.348400	1032.654000	-2.256138
-158.760193	18.564699	965.674000	-1.577310
-158.179504	20.377800	922.664000	-0.846187
