-155.772995	19.079000	979.692000	-173.870000	51.490000
-155.996994	20.771000	931.674000	-173.870000	51.490000
-159.401001	21.971001	869.671000	-173.870000	51.490000
-156.658005	20.891001	922.684000	-173.870000	51.490000
-159.664993	22.122999	863.655000	-173.870000	51.490000
-161.314896	21.956301	856.666000	-173.870000	51.490000
-161.095001	23.997200	802.661000	-173.870000	51.490000
-155.765305	26.776699	775.805000	-173.870000	51.490000
-152.765793	25.592800	837.674000	-173.870000	51.490000
-158.185394	22.620199	862.680000	-173.870000	51.490000
-152.981201	18.301800	1019.718000	-173.870000	51.490000
-150.914993	18.914200	1024.149000	-173.870000	51.490000
-153.967499	14.731300	1107.651000	-173.870000	51.490000
-153.868195	17.315399	1039.745000	-173.870000	51.490000
-157.859100	14.659600	1073.861000	-173.870000	51.490000
-157.700806	16.348400	1032.654000	-173.870000	51.490000
-158.760193	18.564699	965.674000	-173.870000	51.490000
-158.179504	20.377800	922.664000	-173.870000	51.490000
