-155.772995	19.079000	1601.496000	-7.273123
-155.996994	20.771000	1579.476000	-3.016140
-159.401001	21.971001	1484.472000	-1.493978
-156.658005	20.891001	1561.491000	-2.214237
-159.664993	22.122999	1476.461000	-1.422520
-156.755997	21.136000	1556.539000	-2.033396
-161.314896	21.956301	1437.453000	-1.701348
-161.095001	23.997200	1424.464000	-0.761835
-155.765305	26.776699	1515.465000	NaN
-152.765793	25.592800	1596.454000	NaN
-158.185394	22.620199	1506.473000	-0.226313
-152.981201	18.301800	1677.471000	NaN
-150.914993	18.914200	1718.461000	NaN
-156.206604	16.162001	1610.465000	-8.795417
-157.859100	14.659600	1586.452000	-1.955864
-157.700806	16.348400	1572.456000	-7.133987
-158.982498	15.574000	1547.458000	-4.611128
-161.367599	17.746901	1468.457000	NaN
-158.179504	20.377800	1527.473000	-4.134150
