-173.600000	-21.580000	-160.595001	23.481300	0.105965	16.680618	1274.670960	1.000000
-173.600000	-21.580000	-160.595001	23.731300	2.310694	16.613592	1281.687062	1.000000
-173.600000	-21.580000	-160.345001	22.981300	-2.220208	17.124537	1262.951403	0.000000
-173.600000	-21.580000	-160.345001	23.231300	0.465311	17.054850	1269.858053	0.000000
-173.600000	-21.580000	-160.345001	23.481300	1.926378	16.986022	1276.874155	1.000000
-173.600000	-21.580000	-160.345001	23.731300	1.969354	16.918026	1283.880144	1.000000
-173.600000	-21.580000	-160.095001	22.481300	-4.741989	17.575329	1251.695175	1.000000
-173.600000	-21.580000	-160.095001	22.731300	-1.781097	17.502777	1258.029043	1.000000
-173.600000	-21.580000	-160.095001	22.981300	0.966853	17.431244	1265.045145	1.000000
-173.600000	-21.580000	-160.095001	23.231300	1.506225	17.360454	1272.061247	0.000000
-173.600000	-21.580000	-160.095001	23.481300	1.604293	17.290658	1279.077349	0.000000
-173.600000	-21.580000	-160.095001	23.731300	1.669343	17.221581	1286.069902	1.000000
-173.600000	-21.580000	-159.845001	21.731300	-7.134374	18.109352	1234.253716	1.000000
-173.600000	-21.580000	-159.845001	21.981300	-6.609818	18.033046	1240.438948	2.000000
-173.600000	-21.580000	-159.845001	22.231300	-4.211593	17.957672	1246.624181	1.000000
-173.600000	-21.580000	-159.845001	22.481300	-1.384930	17.883229	1253.216135	1.000000
-173.600000	-21.580000	-159.845001	22.731300	0.992200	17.809689	1260.232237	1.000000
-173.600000	-21.580000	-159.845001	22.981300	1.097008	17.737055	1267.248339	1.000000
-173.600000	-21.580000	-159.845001	23.231300	1.212123	17.665300	1274.264441	0.000000
-173.600000	-21.580000	-159.845001	23.481300	1.263687	17.594424	1281.271949	0.000000
-173.600000	-21.580000	-159.845001	23.731300	1.372604	17.524401	1288.259659	0.000000
-173.600000	-21.580000	-159.845001	23.981300	1.579504	17.455235	1295.247370	0.000000
-173.600000	-21.580000	-159.595001	21.231300	-6.468296	18.577154	1222.997489	2.000000
-173.600000	-21.580000	-159.595001	21.481300	-5.575543	18.497906	1229.182721	2.000000
-173.600000	-21.580000	-159.595001	21.731300	-4.625545	18.419504	1235.367954	2.000000
-173.600000	-21.580000	-159.595001	21.981300	-3.760085	18.342194	1241.642552	2.000000
-173.600000	-21.580000	-159.595001	22.231300	-0.923826	18.265703	1248.403227	2.000000
-173.600000	-21.580000	-159.595001	22.481300	0.579876	18.190276	1255.419329	2.000000
-173.600000	-21.580000	-159.595001	22.731300	0.686248	18.115641	1262.435431	2.000000
-173.600000	-21.580000	-159.595001	22.981300	0.792020	18.042044	1269.451533	1.000000
-173.600000	-21.580000	-159.595001	23.231300	0.896837	17.969214	1276.467636	0.000000
-173.600000	-21.580000	-159.595001	23.481300	0.958183	17.897395	1283.461707	0.000000
-173.600000	-21.580000	-159.595001	23.731300	1.070686	17.826319	1290.449417	0.000000
-173.600000	-21.580000	-159.595001	23.981300	1.264187	17.756230	1297.437127	0.000000
-173.600000	-21.580000	-159.345001	20.731300	-4.516299	19.052377	1211.741262	0.000000
-173.600000	-21.580000	-159.345001	20.981300	-3.187770	18.969975	1218.004601	1.000000
-173.600000	-21.580000	-159.345001	21.231300	-1.804116	18.888584	1224.357113	1.000000
-173.600000	-21.580000	-159.345001	21.481300	-0.377036	18.808200	1230.709624	1.000000
-173.600000	-21.580000	-159.345001	21.731300	0.819857	18.728798	1237.095347	1.000000
-173.600000	-21.580000	-159.345001	21.981300	0.882514	18.650374	1243.583525	2.000000
-173.600000	-21.580000	-159.345001	22.231300	0.086692	18.572903	1250.606422	1.000000
-173.600000	-21.580000	-159.345001	22.481300	0.273769	18.496383	1257.622524	1.000000
-173.600000	-21.580000	-159.345001	22.731300	0.381100	18.420790	1264.638626	1.000000
-173.600000	-21.580000	-159.345001	22.981300	0.496775	18.346120	1271.654728	1.000000
-173.600000	-21.580000	-159.345001	23.231300	0.556924	18.272351	1278.663754	0.000000
-173.600000	-21.580000	-159.345001	23.481300	0.664073	18.199481	1285.651464	0.000000
-173.600000	-21.580000	-159.345001	23.731300	0.769521	18.127485	1292.639175	0.000000
-173.600000	-21.580000	-159.345001	23.981300	0.949750	18.056364	1299.626885	0.000000
-173.600000	-21.580000	-159.095001	19.981300	-3.132648	19.621691	1194.366650	1.000000
-173.600000	-21.580000	-159.095001	20.231300	-1.883046	19.534972	1200.719162	1.000000
-173.600000	-21.580000	-159.095001	20.481300	-0.628230	19.449455	1207.150087	1.000000
-173.600000	-21.580000	-159.095001	20.731300	0.699972	19.364868	1213.645812	1.000000
-173.600000	-21.580000	-159.095001	20.981300	1.776145	19.281450	1220.141536	0.000000
-173.600000	-21.580000	-159.095001	21.231300	2.478549	19.198932	1226.637260	1.000000
-173.600000	-21.580000	-159.095001	21.481300	3.112711	19.117553	1233.132985	1.000000
-173.600000	-21.580000	-159.095001	21.731300	3.618181	19.037044	1239.614275	1.000000
-173.600000	-21.580000	-159.095001	21.981300	3.326648	18.957645	1246.087364	2.000000
-173.600000	-21.580000	-159.095001	22.231300	0.438585	18.879089	1252.791714	2.000000
-173.600000	-21.580000	-159.095001	22.481300	-0.053705	18.801613	1259.825718	2.000000
-173.600000	-21.580000	-159.095001	22.731300	0.076935	18.724954	1266.841820	2.000000
-173.600000	-21.580000	-159.095001	22.981300	0.188231	18.649349	1273.857922	1.000000
-173.600000	-21.580000	-159.095001	23.231300	0.246150	18.574534	1280.853512	0.000000
-173.600000	-21.580000	-159.095001	23.481300	0.362806	18.500747	1287.841222	0.000000
-173.600000	-21.580000	-159.095001	23.731300	0.469279	18.427726	1294.828932	0.000000
-173.600000	-21.580000	-159.095001	23.981300	0.636126	18.355707	1301.816642	0.000000
-173.600000	-21.580000	-158.845001	19.481300	-0.750693	20.115238	1183.700552	1.000000
-173.600000	-21.580000	-158.845001	19.731300	0.651102	20.025273	1190.196277	1.000000
-173.600000	-21.580000	-158.845001	19.981300	1.763554	19.936428	1196.692001	1.000000
-173.600000	-21.580000	-158.845001	20.231300	2.461260	19.848680	1203.187725	1.000000
-173.600000	-21.580000	-158.845001	20.481300	2.841007	19.762019	1209.683450	1.000000
-173.600000	-21.580000	-158.845001	20.731300	2.959977	19.676422	1216.179174	1.000000
-173.600000	-21.580000	-158.845001	20.981300	3.055949	19.591881	1222.674898	1.000000
-173.600000	-21.580000	-158.845001	21.231300	3.115936	19.508373	1229.170623	1.000000
-173.600000	-21.580000	-158.845001	21.481300	3.177068	19.425892	1235.645025	1.000000
-173.600000	-21.580000	-158.845001	21.731300	3.262472	19.344413	1242.118114	1.000000
-173.600000	-21.580000	-158.845001	21.981300	3.378561	19.263932	1248.591202	3.000000
-173.600000	-21.580000	-158.845001	22.231300	1.822022	19.184425	1255.064291	2.000000
-173.600000	-21.580000	-158.845001	22.481300	-0.272557	19.105888	1262.028912	2.000000
-173.600000	-21.580000	-158.845001	22.731300	-0.219482	19.028297	1269.045014	2.000000
-173.600000	-21.580000	-158.845001	22.981300	-0.150781	18.951650	1276.055559	1.000000
-173.600000	-21.580000	-158.845001	23.231300	-0.045374	18.875922	1283.043269	1.000000
-173.600000	-21.580000	-158.845001	23.481300	0.062441	18.801112	1290.030980	0.000000
-173.600000	-21.580000	-158.845001	23.731300	0.169808	18.727197	1297.018690	0.000000
-173.600000	-21.580000	-158.845001	23.981300	0.323397	18.654174	1304.006400	0.000000
-173.600000	-21.580000	-158.595001	18.981300	1.892818	20.616640	1173.246746	1.000000
-173.600000	-21.580000	-158.595001	19.231300	2.035130	20.523217	1179.738190	1.000000
-173.600000	-21.580000	-158.595001	19.481300	2.108657	20.431079	1186.233915	2.000000
-173.600000	-21.580000	-158.595001	19.731300	2.188202	20.339961	1192.729639	1.000000
-173.600000	-21.580000	-158.595001	19.981300	2.287622	20.250093	1199.225363	1.000000
-173.600000	-21.580000	-158.595001	20.231300	2.408921	20.161211	1205.721088	1.000000
-173.600000	-21.580000	-158.595001	20.481300	2.529479	20.073546	1212.216812	1.000000
-173.600000	-21.580000	-158.595001	20.731300	2.608203	19.986836	1218.712536	1.000000
-173.600000	-21.580000	-158.595001	20.981300	2.671754	19.901311	1225.202686	1.000000
-173.600000	-21.580000	-158.595001	21.231300	2.725753	19.816710	1231.675775	1.000000
-173.600000	-21.580000	-158.595001	21.481300	2.838506	19.733264	1238.148864	1.000000
-173.600000	-21.580000	-158.595001	21.731300	2.956173	19.650712	1244.621952	2.000000
-173.600000	-21.580000	-158.595001	21.981300	3.073208	19.569285	1251.095041	2.000000
-173.600000	-21.580000	-158.595001	22.231300	2.893472	19.488725	1257.568130	2.000000
-173.600000	-21.580000	-158.595001	22.481300	0.251387	19.409260	1264.231836	2.000000
-173.600000	-21.580000	-158.595001	22.731300	-0.521434	19.330635	1271.248209	1.000000
-173.600000	-21.580000	-158.595001	22.981300	-0.466839	19.253079	1278.245317	1.000000
-173.600000	-21.580000	-158.595001	23.231300	-0.345788	19.176336	1285.233027	1.000000
-173.600000	-21.580000	-158.595001	23.481300	-0.237082	19.100636	1292.220737	1.000000
-173.600000	-21.580000	-158.595001	23.731300	-0.128718	19.025724	1299.208447	0.000000
-173.600000	-21.580000	-158.595001	23.981300	0.011503	18.951828	1306.196158	0.000000
-173.600000	-21.580000	-158.345001	18.231300	2.656137	21.224079	1156.795866	1.000000
-173.600000	-21.580000	-158.345001	18.481300	2.610849	21.126002	1163.011048	1.000000
-173.600000	-21.580000	-158.345001	18.731300	1.920756	21.029149	1169.328864	1.000000
-173.600000	-21.580000	-158.345001	18.981300	1.781195	20.933505	1175.813798	1.000000
-173.600000	-21.580000	-158.345001	19.231300	1.880610	20.839047	1182.298733	1.000000
-173.600000	-21.580000	-158.345001	19.481300	1.962188	20.745761	1188.783667	2.000000
-173.600000	-21.580000	-158.345001	19.731300	2.034809	20.653627	1195.268602	1.000000
-173.600000	-21.580000	-158.345001	19.981300	2.097865	20.562632	1201.758726	1.000000
-173.600000	-21.580000	-158.345001	20.231300	2.168321	20.472754	1208.254450	1.000000
-173.600000	-21.580000	-158.345001	20.481300	2.271872	20.383982	1214.750174	1.000000
-173.600000	-21.580000	-158.345001	20.731300	2.338352	20.296294	1221.233436	1.000000
-173.600000	-21.580000	-158.345001	20.981300	2.406816	20.209682	1227.706525	1.000000
-173.600000	-21.580000	-158.345001	21.231300	2.527517	20.124122	1234.179614	1.000000
-173.600000	-21.580000	-158.345001	21.481300	2.647664	20.039607	1240.652702	0.000000
-173.600000	-21.580000	-158.345001	21.731300	2.767280	19.956115	1247.125791	1.000000
-173.600000	-21.580000	-158.345001	21.981300	2.886377	19.873639	1253.598880	2.000000
-173.600000	-21.580000	-158.345001	22.231300	3.004978	19.792157	1260.071968	1.000000
-173.600000	-21.580000	-158.345001	22.481300	1.700442	19.711662	1266.545057	1.000000
-173.600000	-21.580000	-158.345001	22.731300	-0.633311	19.632133	1273.447364	1.000000
-173.600000	-21.580000	-158.345001	22.981300	-0.755580	19.553565	1280.435074	1.000000
-173.600000	-21.580000	-158.345001	23.231300	-0.645389	19.475937	1287.422784	1.000000
-173.600000	-21.580000	-158.345001	23.481300	-0.535690	19.399243	1294.410495	1.000000
-173.600000	-21.580000	-158.345001	23.731300	-0.426457	19.323463	1301.398205	0.000000
-173.600000	-21.580000	-158.345001	23.981300	-0.299480	19.248592	1308.385915	0.000000
-173.600000	-21.580000	-158.345001	24.231300	0.088779	19.174611	1315.359169	0.000000
-173.600000	-21.580000	-158.095001	17.731300	2.075067	21.745134	1146.978996	0.000000
-173.600000	-21.580000	-158.095001	17.981300	2.206484	21.643486	1153.194178	1.000000
-173.600000	-21.580000	-158.095001	18.231300	2.337223	21.542992	1159.409360	1.000000
-173.600000	-21.580000	-158.095001	18.481300	2.371460	21.443870	1165.624543	1.000000
-173.600000	-21.580000	-158.095001	18.731300	1.678902	21.345863	1171.895915	1.000000
-173.600000	-21.580000	-158.095001	18.981300	1.465508	21.249192	1178.380850	1.000000
-173.600000	-21.580000	-158.095001	19.231300	1.591964	21.153599	1184.865784	1.000000
-173.600000	-21.580000	-158.095001	19.481300	1.717589	21.059306	1191.350719	1.000000
-173.600000	-21.580000	-158.095001	19.731300	1.842643	20.966057	1197.835654	1.000000
-173.600000	-21.580000	-158.095001	19.981300	1.946187	20.874073	1204.320588	1.000000
-173.600000	-21.580000	-158.095001	20.231300	2.033511	20.783099	1210.805523	1.000000
-173.600000	-21.580000	-158.095001	20.481300	2.197376	20.693356	1217.291835	1.000000
-173.600000	-21.580000	-158.095001	20.731300	2.304723	20.604592	1223.765138	1.000000
-173.600000	-21.580000	-158.095001	20.981300	2.427321	20.517027	1230.238441	1.000000
-173.600000	-21.580000	-158.095001	21.231300	2.549464	20.430409	1236.711744	1.000000
-173.600000	-21.580000	-158.095001	21.481300	2.670932	20.344960	1243.185046	0.000000
-173.600000	-21.580000	-158.095001	21.731300	2.791980	20.260428	1249.658349	1.000000
-173.600000	-21.580000	-158.095001	21.981300	2.912390	20.177036	1256.131652	1.000000
-173.600000	-21.580000	-158.095001	22.231300	3.032416	20.094532	1262.604955	1.000000
-173.600000	-21.580000	-158.095001	22.481300	3.479051	20.013139	1269.078258	1.000000
-173.600000	-21.580000	-158.095001	22.731300	1.639411	19.932607	1275.659143	1.000000
-173.600000	-21.580000	-158.095001	22.981300	-0.343528	19.853158	1282.624832	1.000000
-173.600000	-21.580000	-158.095001	23.231300	-0.943996	19.774544	1289.612542	1.000000
-173.600000	-21.580000	-158.095001	23.481300	-0.833433	19.696986	1296.600252	1.000000
-173.600000	-21.580000	-158.095001	23.731300	-0.723233	19.620238	1303.587963	0.000000
-173.600000	-21.580000	-158.095001	23.981300	-0.609608	19.544521	1310.575673	0.000000
-173.600000	-21.580000	-158.095001	24.231300	-0.253531	19.469589	1317.560200	0.000000
-173.600000	-21.580000	-157.845001	17.231300	1.487427	22.274647	1137.162126	1.000000
-173.600000	-21.580000	-157.845001	17.481300	1.621692	22.169211	1143.377308	0.000000
-173.600000	-21.580000	-157.845001	17.731300	1.755102	22.065099	1149.592491	0.000000
-173.600000	-21.580000	-157.845001	17.981300	1.887684	21.962286	1155.807673	0.000000
-173.600000	-21.580000	-157.845001	18.231300	2.019458	21.860757	1162.022855	1.000000
-173.600000	-21.580000	-157.845001	18.481300	2.133810	21.760489	1168.238037	1.000000
-173.600000	-21.580000	-157.845001	18.731300	1.586243	21.661466	1174.462967	1.000000
-173.600000	-21.580000	-157.845001	18.981300	1.151032	21.563668	1180.947902	1.000000
-173.600000	-21.580000	-157.845001	19.231300	1.278486	21.467077	1187.432836	0.000000
-173.600000	-21.580000	-157.845001	19.481300	1.405219	21.371676	1193.917771	1.000000
-173.600000	-21.580000	-157.845001	19.731300	1.531254	21.277447	1200.402705	1.000000
-173.600000	-21.580000	-157.845001	19.981300	1.653075	21.184373	1206.887640	1.000000
-173.600000	-21.580000	-157.845001	20.231300	1.796115	21.092437	1213.374809	1.000000
-173.600000	-21.580000	-157.845001	20.481300	2.000585	21.001623	1219.876163	1.000000
-173.600000	-21.580000	-157.845001	20.731300	2.210875	20.911914	1226.350512	1.000000
-173.600000	-21.580000	-157.845001	20.981300	2.335586	20.823297	1232.823815	1.000000
-173.600000	-21.580000	-157.845001	21.231300	2.458044	20.735752	1239.297118	1.000000
-173.600000	-21.580000	-157.845001	21.481300	2.579936	20.649269	1245.770421	0.000000
-173.600000	-21.580000	-157.845001	21.731300	2.701285	20.563828	1252.243724	1.000000
-173.600000	-21.580000	-157.845001	21.981300	2.881938	20.479419	1258.717026	1.000000
-173.600000	-21.580000	-157.845001	22.231300	3.305768	20.396022	1265.190329	1.000000
-173.600000	-21.580000	-157.845001	22.481300	3.719877	20.313631	1271.787864	1.000000
-173.600000	-21.580000	-157.845001	22.731300	3.909422	20.232223	1278.387179	1.000000
-173.600000	-21.580000	-157.845001	22.981300	2.245162	20.151793	1284.986493	1.000000
-173.600000	-21.580000	-157.845001	23.231300	0.264331	20.072321	1291.802300	1.000000
-173.600000	-21.580000	-157.845001	23.481300	-1.130246	19.993799	1298.790010	1.000000
-173.600000	-21.580000	-157.845001	23.731300	-1.019204	19.916209	1305.777720	1.000000
-173.600000	-21.580000	-157.845001	23.981300	-0.908639	19.839546	1312.765431	1.000000
-173.600000	-21.580000	-157.845001	24.231300	-0.607910	19.763788	1319.753141	1.000000
-173.600000	-21.580000	-157.595001	16.731300	0.896142	22.812519	1127.345256	1.000000
-173.600000	-21.580000	-157.595001	16.981300	1.030395	22.703318	1133.560438	1.000000
-173.600000	-21.580000	-157.595001	17.231300	1.166699	22.595375	1139.775621	1.000000
-173.600000	-21.580000	-157.595001	17.481300	1.302006	22.488897	1145.990803	0.000000
-173.600000	-21.580000	-157.595001	17.731300	1.436565	22.383636	1152.205985	0.000000
-173.600000	-21.580000	-157.595001	17.981300	1.570171	22.279800	1158.421167	0.000000
-173.600000	-21.580000	-157.595001	18.231300	1.703075	22.177140	1164.636349	0.000000
-173.600000	-21.580000	-157.595001	18.481300	1.835071	22.075866	1170.851532	0.000000
-173.600000	-21.580000	-157.595001	18.731300	1.534979	21.975730	1177.066714	0.000000
-173.600000	-21.580000	-157.595001	18.981300	0.895637	21.876943	1183.514953	0.000000
-173.600000	-21.580000	-157.595001	19.231300	0.966305	21.779258	1189.999888	0.000000
-173.600000	-21.580000	-157.595001	19.481300	1.094010	21.682885	1196.484822	0.000000
-173.600000	-21.580000	-157.595001	19.731300	1.221121	21.587580	1202.969757	1.000000
-173.600000	-21.580000	-157.595001	19.981300	1.344024	21.493552	1209.454691	1.000000
-173.600000	-21.580000	-157.595001	20.231300	1.500419	21.400557	1215.950722	1.000000
-173.600000	-21.580000	-157.595001	20.481300	1.644786	21.308806	1222.452076	2.000000
-173.600000	-21.580000	-157.595001	20.731300	1.889621	21.218056	1228.935887	2.000000
-173.600000	-21.580000	-157.595001	20.981300	2.030364	21.128519	1235.409189	2.000000
-173.600000	-21.580000	-157.595001	21.231300	2.153845	21.039951	1241.882492	1.000000
-173.600000	-21.580000	-157.595001	21.481300	2.276641	20.952564	1248.355795	0.000000
-173.600000	-21.580000	-157.595001	21.731300	2.501654	20.866117	1254.829098	0.000000
-173.600000	-21.580000	-157.595001	21.981300	2.922747	20.780822	1261.317271	1.000000
-173.600000	-21.580000	-157.595001	22.231300	3.361116	20.696437	1267.916585	1.000000
-173.600000	-21.580000	-157.595001	22.481300	3.489642	20.613175	1274.515900	1.000000
-173.600000	-21.580000	-157.595001	22.731300	3.610849	20.530796	1281.115214	1.000000
-173.600000	-21.580000	-157.595001	22.981300	3.731487	20.449513	1287.714529	1.000000
-173.600000	-21.580000	-157.595001	23.231300	2.890732	20.369085	1294.313844	1.000000
-173.600000	-21.580000	-157.595001	23.481300	0.885774	20.289727	1300.979768	0.000000
-173.600000	-21.580000	-157.595001	23.731300	-0.981045	20.211199	1307.967478	1.000000
-173.600000	-21.580000	-157.595001	23.981300	-1.202807	20.133714	1314.955188	1.000000
-173.600000	-21.580000	-157.595001	24.231300	-0.928509	20.057035	1321.942898	1.000000
-173.600000	-21.580000	-157.345001	16.481300	1.130248	23.245939	1123.745609	1.000000
-173.600000	-21.580000	-157.345001	16.731300	0.585635	23.134186	1129.959416	1.000000
-173.600000	-21.580000	-157.345001	16.981300	0.716014	23.023829	1136.173933	1.000000
-173.600000	-21.580000	-157.345001	17.231300	0.847217	22.914858	1142.389115	1.000000
-173.600000	-21.580000	-157.345001	17.481300	0.983661	22.807242	1148.604297	0.000000
-173.600000	-21.580000	-157.345001	17.731300	1.119232	22.700969	1154.819480	0.000000
-173.600000	-21.580000	-157.345001	17.981300	1.253959	22.596011	1161.034662	0.000000
-173.600000	-21.580000	-157.345001	18.231300	1.387859	22.492356	1167.249844	0.000000
-173.600000	-21.580000	-157.345001	18.481300	1.520957	22.389979	1173.465026	0.000000
-173.600000	-21.580000	-157.345001	18.731300	1.338193	22.288865	1179.680208	0.000000
-173.600000	-21.580000	-157.345001	18.981300	0.657244	22.188993	1186.082005	0.000000
-173.600000	-21.580000	-157.345001	19.231300	0.655217	22.090346	1192.566939	0.000000
-173.600000	-21.580000	-157.345001	19.481300	0.783990	21.992905	1199.051874	0.000000
-173.600000	-21.580000	-157.345001	19.731300	0.906461	21.896655	1205.536809	0.000000
-173.600000	-21.580000	-157.345001	19.981300	1.057340	21.801576	1212.025282	1.000000
-173.600000	-21.580000	-157.345001	20.231300	1.184915	21.707652	1218.526635	2.000000
-173.600000	-21.580000	-157.345001	20.481300	1.323741	21.614868	1225.027989	2.000000
-173.600000	-21.580000	-157.345001	20.731300	1.563859	21.523207	1231.521261	2.000000
-173.600000	-21.580000	-157.345001	20.981300	1.726231	21.432652	1237.994564	2.000000
-173.600000	-21.580000	-157.345001	21.231300	1.850607	21.343189	1244.467867	1.000000
-173.600000	-21.580000	-157.345001	21.481300	2.116797	21.254802	1250.941169	1.000000
-173.600000	-21.580000	-157.345001	21.731300	2.538166	21.167476	1257.445992	0.000000
-173.600000	-21.580000	-157.345001	21.981300	2.945528	21.081198	1264.045306	0.000000
-173.600000	-21.580000	-157.345001	22.231300	3.068562	20.995950	1270.644621	1.000000
-173.600000	-21.580000	-157.345001	22.481300	3.191096	20.911722	1277.243935	1.000000
-173.600000	-21.580000	-157.345001	22.731300	3.313149	20.828496	1283.843250	1.000000
-173.600000	-21.580000	-157.345001	22.981300	3.434737	20.746263	1290.442565	1.000000
-173.600000	-21.580000	-157.345001	23.231300	3.555879	20.665004	1297.041879	1.000000
-173.600000	-21.580000	-157.345001	23.481300	3.414017	20.584712	1303.641194	1.000000
-173.600000	-21.580000	-157.345001	23.731300	1.520642	20.505369	1310.240509	1.000000
-173.600000	-21.580000	-157.345001	23.981300	-0.455614	20.426967	1317.144946	1.000000
-173.600000	-21.580000	-157.345001	24.231300	-1.235393	20.349488	1324.132656	1.000000
-173.600000	-21.580000	-157.095001	16.481300	0.514023	23.567201	1126.361050	2.000000
-173.600000	-21.580000	-157.095001	16.731300	0.271882	23.454311	1132.574858	1.000000
-173.600000	-21.580000	-157.095001	16.981300	0.408075	23.342938	1138.788665	1.000000
-173.600000	-21.580000	-157.095001	17.231300	0.538650	23.232847	1145.002610	0.000000
-173.600000	-21.580000	-157.095001	17.481300	0.668436	23.124231	1151.217792	0.000000
-173.600000	-21.580000	-157.095001	17.731300	0.803347	23.016854	1157.432974	0.000000
-173.600000	-21.580000	-157.095001	17.981300	0.939058	22.910913	1163.648156	0.000000
-173.600000	-21.580000	-157.095001	18.231300	1.074044	22.806171	1169.863338	0.000000
-173.600000	-21.580000	-157.095001	18.481300	1.208110	22.702827	1176.078521	0.000000
-173.600000	-21.580000	-157.095001	18.731300	1.104098	22.600642	1182.293703	0.000000
-173.600000	-21.580000	-157.095001	18.981300	0.420527	22.499818	1188.649057	0.000000
-173.600000	-21.580000	-157.095001	19.231300	0.345445	22.400118	1195.133991	0.000000
-173.600000	-21.580000	-157.095001	19.481300	0.475154	22.301741	1201.618926	0.000000
-173.600000	-21.580000	-157.095001	19.731300	0.603984	22.204453	1208.103860	0.000000
-173.600000	-21.580000	-157.095001	19.981300	0.757675	22.108455	1214.601195	1.000000
-173.600000	-21.580000	-157.095001	20.231300	0.879057	22.013511	1221.102548	1.000000
-173.600000	-21.580000	-157.095001	20.481300	1.006004	21.919823	1227.603902	1.000000
-173.600000	-21.580000	-157.095001	20.731300	1.207017	21.827157	1234.105255	1.000000
-173.600000	-21.580000	-157.095001	20.981300	1.420959	21.735715	1240.579938	1.000000
-173.600000	-21.580000	-157.095001	21.231300	1.730445	21.645264	1247.053241	1.000000
-173.600000	-21.580000	-157.095001	21.481300	2.152006	21.556005	1253.574713	1.000000
-173.600000	-21.580000	-157.095001	21.731300	2.521749	21.467707	1260.174027	1.000000
-173.600000	-21.580000	-157.095001	21.981300	2.646154	21.380573	1266.773342	0.000000
-173.600000	-21.580000	-157.095001	22.231300	2.770143	21.294369	1273.372657	0.000000
-173.600000	-21.580000	-157.095001	22.481300	2.893517	21.209300	1279.971971	0.000000
-173.600000	-21.580000	-157.095001	22.731300	3.016511	21.125134	1286.571286	0.000000
-173.600000	-21.580000	-157.095001	22.981300	3.138786	21.042076	1293.170600	0.000000
-173.600000	-21.580000	-157.095001	23.231300	3.251599	20.959893	1299.769915	0.000000
-173.600000	-21.580000	-157.095001	23.481300	3.363840	20.878791	1306.369230	1.000000
-173.600000	-21.580000	-157.095001	23.731300	3.475743	20.798539	1312.968544	1.000000
-173.600000	-21.580000	-157.095001	23.981300	1.947222	20.719342	1319.567859	1.000000
-173.600000	-21.580000	-157.095001	24.231300	-0.351862	20.640970	1326.322414	1.000000
-173.600000	-21.580000	-157.095001	24.481300	-1.145878	20.563629	1333.204168	1.000000
-173.600000	-21.580000	-156.845001	16.231300	1.298824	24.002360	1122.817971	2.000000
-173.600000	-21.580000	-156.845001	16.481300	-0.094120	23.887022	1128.976491	2.000000
-173.600000	-21.580000	-156.845001	16.731300	-0.046938	23.773131	1135.190299	2.000000
-173.600000	-21.580000	-156.845001	16.981300	0.093457	23.660651	1141.404107	0.000000
-173.600000	-21.580000	-156.845001	17.231300	0.232363	23.549573	1147.617914	0.000000
-173.600000	-21.580000	-156.845001	17.481300	0.363759	23.439865	1153.831722	0.000000
-173.600000	-21.580000	-156.845001	17.731300	0.493509	23.331517	1160.046469	0.000000
-173.600000	-21.580000	-156.845001	17.981300	0.625471	23.224500	1166.261651	0.000000
-173.600000	-21.580000	-156.845001	18.231300	0.761412	23.118803	1172.476833	0.000000
-173.600000	-21.580000	-156.845001	18.481300	0.896539	23.014398	1178.692015	0.000000
-173.600000	-21.580000	-156.845001	18.731300	0.871630	22.911274	1184.907197	0.000000
-173.600000	-21.580000	-156.845001	18.981300	0.185506	22.809405	1191.216108	0.000000
-173.600000	-21.580000	-156.845001	19.231300	0.036783	22.708780	1197.701043	0.000000
-173.600000	-21.580000	-156.845001	19.481300	0.159887	22.609375	1204.185977	0.000000
-173.600000	-21.580000	-156.845001	19.731300	0.318571	22.511178	1210.675755	0.000000
-173.600000	-21.580000	-156.845001	19.981300	0.445622	22.414167	1217.177108	1.000000
-173.600000	-21.580000	-156.845001	20.231300	0.574239	22.318329	1223.678461	1.000000
-173.600000	-21.580000	-156.845001	20.481300	0.702183	22.223644	1230.179815	1.000000
-173.600000	-21.580000	-156.845001	20.731300	0.856738	22.130100	1236.681168	1.000000
-173.600000	-21.580000	-156.845001	20.981300	1.295360	22.037677	1243.165312	1.000000
-173.600000	-21.580000	-156.845001	21.231300	1.725753	21.946362	1249.703434	1.000000
-173.600000	-21.580000	-156.845001	21.481300	2.049076	21.856139	1256.302748	1.000000
-173.600000	-21.580000	-156.845001	21.731300	2.165731	21.766992	1262.902063	1.000000
-173.600000	-21.580000	-156.845001	21.981300	2.281813	21.678908	1269.501378	0.000000
-173.600000	-21.580000	-156.845001	22.231300	2.397340	21.591871	1276.100692	0.000000
-173.600000	-21.580000	-156.845001	22.481300	2.512327	21.505868	1282.700007	0.000000
-173.600000	-21.580000	-156.845001	22.731300	2.626851	21.420884	1289.299321	0.000000
-173.600000	-21.580000	-156.845001	22.981300	2.707716	21.336907	1295.898601	0.000000
-173.600000	-21.580000	-156.845001	23.231300	2.399602	21.253921	1302.495561	0.000000
-173.600000	-21.580000	-156.845001	23.481300	2.083269	21.171916	1309.092520	1.000000
-173.600000	-21.580000	-156.845001	23.731300	1.834170	21.090875	1315.689480	1.000000
-173.600000	-21.580000	-156.845001	23.981300	1.674916	21.010790	1322.240429	1.000000
-173.600000	-21.580000	-156.845001	24.231300	0.512327	20.931644	1328.729777	1.000000
-173.600000	-21.580000	-156.845001	24.481300	-1.161883	20.853430	1335.405199	1.000000
-173.600000	-21.580000	-156.595001	16.231300	1.374703	24.321696	1125.378125	1.000000
-173.600000	-21.580000	-156.595001	16.481300	-0.506630	24.205371	1131.591932	1.000000
-173.600000	-21.580000	-156.595001	16.731300	-0.364199	24.090392	1137.805740	1.000000
-173.600000	-21.580000	-156.595001	16.981300	-0.222831	23.976939	1144.019548	1.000000
-173.600000	-21.580000	-156.595001	17.231300	-0.082301	23.864788	1150.233356	0.000000
-173.600000	-21.580000	-156.595001	17.481300	0.057212	23.754122	1156.447163	0.000000
-173.600000	-21.580000	-156.595001	17.731300	0.191510	23.644716	1162.660971	0.000000
-173.600000	-21.580000	-156.595001	17.981300	0.321341	23.536756	1168.875145	0.000000
-173.600000	-21.580000	-156.595001	18.231300	0.451036	23.430015	1175.090327	0.000000
-173.600000	-21.580000	-156.595001	18.481300	0.586255	23.324681	1181.305510	1.000000
-173.600000	-21.580000	-156.595001	18.731300	0.641026	23.220529	1187.520692	1.000000
-173.600000	-21.580000	-156.595001	18.981300	-0.047811	23.117746	1193.783160	1.000000
-173.600000	-21.580000	-156.595001	19.231300	-0.270545	23.016108	1200.268095	1.000000
-173.600000	-21.580000	-156.595001	19.481300	-0.136037	22.915804	1206.753029	1.000000
-173.600000	-21.580000	-156.595001	19.731300	0.015158	22.816609	1213.251667	0.000000
-173.600000	-21.580000	-156.595001	19.981300	0.141076	22.718713	1219.753021	2.000000
-173.600000	-21.580000	-156.595001	20.231300	0.270675	22.621892	1226.254374	2.000000
-173.600000	-21.580000	-156.595001	20.481300	0.613653	22.526338	1232.755727	2.000000
-173.600000	-21.580000	-156.595001	20.731300	0.867309	22.431826	1239.257081	2.000000
-173.600000	-21.580000	-156.595001	20.981300	1.226250	22.338548	1245.824682	2.000000
-173.600000	-21.580000	-156.595001	21.231300	1.537050	22.246280	1252.421641	2.000000
-173.600000	-21.580000	-156.595001	21.481300	1.655011	22.155216	1259.018601	2.000000
-173.600000	-21.580000	-156.595001	21.731300	1.772477	22.065132	1265.615561	1.000000
-173.600000	-21.580000	-156.595001	21.981300	1.889256	21.976222	1272.212520	0.000000
-173.600000	-21.580000	-156.595001	22.231300	1.689620	21.888262	1278.809480	0.000000
-173.600000	-21.580000	-156.595001	22.481300	1.378841	21.801448	1285.406440	0.000000
-173.600000	-21.580000	-156.595001	22.731300	1.078269	21.715556	1292.003399	0.000000
-173.600000	-21.580000	-156.595001	22.981300	0.924351	21.630782	1298.590974	0.000000
-173.600000	-21.580000	-156.595001	23.231300	0.758577	21.546903	1305.080322	0.000000
-173.600000	-21.580000	-156.595001	23.481300	0.434796	21.464115	1311.569670	1.000000
-173.600000	-21.580000	-156.595001	23.731300	0.106637	21.382196	1318.059018	1.000000
-173.600000	-21.580000	-156.595001	23.981300	-0.032816	21.301343	1324.548366	1.000000
-173.600000	-21.580000	-156.595001	24.231300	-0.032651	21.221333	1331.037715	1.000000
-173.600000	-21.580000	-156.595001	24.481300	-1.190853	21.142364	1337.606230	1.000000
-173.600000	-21.580000	-156.345001	16.231300	1.356577	24.639667	1127.993566	1.000000
-173.600000	-21.580000	-156.345001	16.481300	-0.588400	24.522268	1134.207374	1.000000
-173.600000	-21.580000	-156.345001	16.731300	-0.581053	24.406332	1140.421181	1.000000
-173.600000	-21.580000	-156.345001	16.981300	-0.537711	24.291819	1146.634989	1.000000
-173.600000	-21.580000	-156.345001	17.231300	-0.396237	24.178725	1152.848797	0.000000
-173.600000	-21.580000	-156.345001	17.481300	-0.255678	24.067013	1159.062605	0.000000
-173.600000	-21.580000	-156.345001	17.731300	-0.116025	23.956677	1165.276413	0.000000
-173.600000	-21.580000	-156.345001	17.981300	0.021272	23.847685	1171.490220	0.000000
-173.600000	-21.580000	-156.345001	18.231300	0.151620	23.740028	1177.704028	0.000000
-173.600000	-21.580000	-156.345001	18.481300	0.280774	23.633677	1183.919004	1.000000
-173.600000	-21.580000	-156.345001	18.731300	0.412074	23.528623	1190.134186	1.000000
-173.600000	-21.580000	-156.345001	18.981300	-0.095739	23.424837	1196.350212	1.000000
-173.600000	-21.580000	-156.345001	19.231300	-0.586426	23.322311	1202.835146	1.000000
-173.600000	-21.580000	-156.345001	19.481300	-0.419968	23.221019	1209.326227	1.000000
-173.600000	-21.580000	-156.345001	19.731300	-0.293461	23.120950	1215.827580	1.000000
-173.600000	-21.580000	-156.345001	19.981300	0.062340	23.022080	1222.328934	2.000000
-173.600000	-21.580000	-156.345001	20.231300	0.337714	22.924400	1228.830287	2.000000
-173.600000	-21.580000	-156.345001	20.481300	0.604241	22.827886	1235.385400	2.000000
-173.600000	-21.580000	-156.345001	20.731300	0.919636	22.732528	1241.944897	2.000000
-173.600000	-21.580000	-156.345001	20.981300	1.069955	22.638306	1248.526440	2.000000
-173.600000	-21.580000	-156.345001	21.231300	1.002871	22.545206	1255.123399	2.000000
-173.600000	-21.580000	-156.345001	21.481300	0.707528	22.453212	1261.720359	2.000000
-173.600000	-21.580000	-156.345001	21.731300	0.407892	22.362311	1268.317319	1.000000
-173.600000	-21.580000	-156.345001	21.981300	0.227459	22.272485	1274.914278	0.000000
-173.600000	-21.580000	-156.345001	22.231300	0.082532	22.183722	1281.430867	0.000000
-173.600000	-21.580000	-156.345001	22.481300	-0.192673	22.096006	1287.920215	0.000000
-173.600000	-21.580000	-156.345001	22.731300	-0.514482	22.009325	1294.409563	0.000000
-173.600000	-21.580000	-156.345001	22.981300	-0.801581	21.923664	1300.898911	0.000000
-173.600000	-21.580000	-156.345001	23.231300	-0.681046	21.839009	1307.388260	0.000000
-173.600000	-21.580000	-156.345001	23.481300	-0.561020	21.755348	1313.877608	0.000000
-173.600000	-21.580000	-156.345001	23.731300	-0.441486	21.672668	1320.366956	1.000000
-173.600000	-21.580000	-156.345001	23.981300	-0.322429	21.590956	1326.856304	1.000000
-173.600000	-21.580000	-156.345001	24.231300	-0.203830	21.510198	1333.345652	1.000000
-173.600000	-21.580000	-156.345001	24.481300	-0.886349	21.430384	1339.835001	1.000000
-173.600000	-21.580000	-156.095001	15.981300	2.111317	25.075931	1125.286965	1.000000
-173.600000	-21.580000	-156.095001	16.231300	2.238016	24.956014	1130.701295	1.000000
-173.600000	-21.580000	-156.095001	16.481300	0.124039	24.837674	1136.881247	1.000000
-173.600000	-21.580000	-156.095001	16.731300	0.118380	24.720697	1143.061199	1.000000
-173.600000	-21.580000	-156.095001	16.981300	0.068128	24.605255	1149.250430	1.000000
-173.600000	-21.580000	-156.095001	17.231300	0.033295	24.491134	1155.464238	0.000000
-173.600000	-21.580000	-156.095001	17.481300	0.039911	24.378506	1161.678046	0.000000
-173.600000	-21.580000	-156.095001	17.731300	0.045189	24.267157	1167.891854	0.000000
-173.600000	-21.580000	-156.095001	17.981300	0.048949	24.157262	1174.105662	0.000000
-173.600000	-21.580000	-156.095001	18.231300	0.051401	24.048606	1180.319469	1.000000
-173.600000	-21.580000	-156.095001	18.481300	0.046601	23.941365	1186.533277	1.000000
-173.600000	-21.580000	-156.095001	18.731300	0.113636	23.835324	1192.747681	1.000000
-173.600000	-21.580000	-156.095001	18.981300	-0.138127	23.730663	1198.962863	1.000000
-173.600000	-21.580000	-156.095001	19.231300	-0.799113	23.627164	1205.402198	1.000000
-173.600000	-21.580000	-156.095001	19.481300	-0.492045	23.525009	1211.902140	1.000000
-173.600000	-21.580000	-156.095001	19.731300	-0.140587	23.423981	1218.403493	1.000000
-173.600000	-21.580000	-156.095001	19.981300	0.312108	23.324262	1224.961365	2.000000
-173.600000	-21.580000	-156.095001	20.231300	0.852134	23.225637	1231.520861	2.000000
-173.600000	-21.580000	-156.095001	20.481300	1.184448	23.128287	1238.080357	2.000000
-173.600000	-21.580000	-156.095001	20.731300	1.330467	23.031998	1244.639853	2.000000
-173.600000	-21.580000	-156.095001	20.981300	-0.373208	22.936953	1251.228198	2.000000
-173.600000	-21.580000	-156.095001	21.231300	-0.624182	22.842936	1257.781412	2.000000
-173.600000	-21.580000	-156.095001	21.481300	-0.836445	22.750134	1264.270760	2.000000
-173.600000	-21.580000	-156.095001	21.731300	-1.151656	22.658328	1270.760108	2.000000
-173.600000	-21.580000	-156.095001	21.981300	-1.471398	22.567707	1277.249456	0.000000
-173.600000	-21.580000	-156.095001	22.231300	-1.460737	22.478055	1283.738804	0.000000
-173.600000	-21.580000	-156.095001	22.481300	-1.337794	22.389557	1290.228153	0.000000
-173.600000	-21.580000	-156.095001	22.731300	-1.215316	22.302000	1296.717501	0.000000
-173.600000	-21.580000	-156.095001	22.981300	-1.093488	22.215571	1303.206849	0.000000
-173.600000	-21.580000	-156.095001	23.231300	-0.972091	22.130054	1309.696197	0.000000
-173.600000	-21.580000	-156.095001	23.481300	-0.851310	22.045638	1316.185546	0.000000
-173.600000	-21.580000	-156.095001	23.731300	-0.730927	21.962109	1322.674894	1.000000
-173.600000	-21.580000	-156.095001	23.981300	-0.611128	21.879655	1329.164242	1.000000
-173.600000	-21.580000	-156.095001	24.231300	-0.491695	21.798062	1335.653590	1.000000
-173.600000	-21.580000	-156.095001	24.481300	-0.691257	21.717521	1342.142938	1.000000
-173.600000	-21.580000	-155.845001	15.981300	3.113942	25.391824	1127.920139	1.000000
-173.600000	-21.580000	-155.845001	16.231300	2.806474	25.270982	1133.713246	1.000000
-173.600000	-21.580000	-155.845001	16.481300	0.787692	25.151616	1139.724443	1.000000
-173.600000	-21.580000	-155.845001	16.731300	0.626156	25.033727	1145.904396	1.000000
-173.600000	-21.580000	-155.845001	16.981300	0.735655	24.917272	1152.084348	1.000000
-173.600000	-21.580000	-155.845001	17.231300	0.747113	24.802250	1158.264300	0.000000
-173.600000	-21.580000	-155.845001	17.481300	0.757142	24.688622	1164.444252	0.000000
-173.600000	-21.580000	-155.845001	17.731300	0.765741	24.576385	1170.624205	0.000000
-173.600000	-21.580000	-155.845001	17.981300	0.772939	24.465502	1176.804157	0.000000
-173.600000	-21.580000	-155.845001	18.231300	0.778738	24.355970	1182.984109	1.000000
-173.600000	-21.580000	-155.845001	18.481300	0.750305	24.247754	1189.164061	1.000000
-173.600000	-21.580000	-155.845001	18.731300	0.691324	24.140850	1195.362526	1.000000
-173.600000	-21.580000	-155.845001	18.981300	0.569338	24.035226	1201.576358	1.000000
-173.600000	-21.580000	-155.845001	19.231300	0.478735	23.930877	1207.977833	1.000000
-173.600000	-21.580000	-155.845001	19.481300	0.731140	23.827773	1214.537329	1.000000
-173.600000	-21.580000	-155.845001	19.731300	1.190483	23.725908	1221.117331	1.000000
-173.600000	-21.580000	-155.845001	19.981300	1.466600	23.625253	1227.724120	2.000000
-173.600000	-21.580000	-155.845001	20.231300	1.780100	23.525803	1234.330910	1.000000
-173.600000	-21.580000	-155.845001	20.481300	2.145727	23.427531	1240.937699	1.000000
-173.600000	-21.580000	-155.845001	20.731300	2.502809	23.330430	1247.513139	1.000000
-173.600000	-21.580000	-155.845001	20.981300	0.928359	23.234476	1253.624940	1.000000
-173.600000	-21.580000	-155.845001	21.231300	-1.351130	23.139661	1260.089349	1.000000
-173.600000	-21.580000	-155.845001	21.481300	-2.129167	23.045962	1266.578698	1.000000
-173.600000	-21.580000	-155.845001	21.731300	-2.003535	22.953371	1273.068046	1.000000
-173.600000	-21.580000	-155.845001	21.981300	-1.878525	22.861868	1279.557394	0.000000
-173.600000	-21.580000	-155.845001	22.231300	-1.754125	22.771442	1286.046742	0.000000
-173.600000	-21.580000	-155.845001	22.481300	-1.630313	22.682076	1292.536090	0.000000
-173.600000	-21.580000	-155.845001	22.731300	-1.507075	22.593758	1299.025439	0.000000
-173.600000	-21.580000	-155.845001	22.981300	-1.384391	22.506473	1305.514787	0.000000
-173.600000	-21.580000	-155.845001	23.231300	-1.262247	22.420209	1312.004135	0.000000
-173.600000	-21.580000	-155.845001	23.481300	-1.140623	22.334951	1318.493483	0.000000
-173.600000	-21.580000	-155.845001	23.731300	-1.019507	22.250688	1324.982831	0.000000
-173.600000	-21.580000	-155.845001	23.981300	-0.898878	22.167405	1331.472180	0.000000
-173.600000	-21.580000	-155.845001	24.231300	-0.778723	22.085091	1337.961528	0.000000
-173.600000	-21.580000	-155.845001	24.481300	-0.820891	22.003733	1344.450876	0.000000
-173.600000	-21.580000	-155.845001	24.731300	-2.090997	21.923319	1351.049167	0.000000
-173.600000	-21.580000	-155.595001	15.731300	1.951287	25.829428	1125.307276	1.000000
-173.600000	-21.580000	-155.595001	15.981300	3.181368	25.706156	1130.954143	1.000000
-173.600000	-21.580000	-155.595001	16.231300	2.970142	25.584312	1136.747250	1.000000
-173.600000	-21.580000	-155.595001	16.481300	1.483223	25.464049	1142.567639	1.000000
-173.600000	-21.580000	-155.595001	16.731300	0.314714	25.345168	1148.747592	1.000000
-173.600000	-21.580000	-155.595001	16.981300	0.461633	25.227828	1154.927544	0.000000
-173.600000	-21.580000	-155.595001	17.231300	0.607704	25.111826	1161.107496	0.000000
-173.600000	-21.580000	-155.595001	17.481300	0.752769	24.997323	1167.287448	0.000000
-173.600000	-21.580000	-155.595001	17.731300	0.897032	24.884118	1173.467401	0.000000
-173.600000	-21.580000	-155.595001	17.981300	1.040333	24.772372	1179.647353	0.000000
-173.600000	-21.580000	-155.595001	18.231300	1.182878	24.661884	1185.827305	1.000000
-173.600000	-21.580000	-155.595001	18.481300	1.324504	24.552817	1192.007258	1.000000
-173.600000	-21.580000	-155.595001	18.731300	1.453296	24.444969	1198.187210	1.000000
-173.600000	-21.580000	-155.595001	18.981300	1.682007	24.338507	1204.425694	1.000000
-173.600000	-21.580000	-155.595001	19.231300	1.693934	24.233226	1210.955943	1.000000
-173.600000	-21.580000	-155.595001	19.481300	1.877604	24.129295	1217.562732	1.000000
-173.600000	-21.580000	-155.595001	19.731300	2.115030	24.026510	1224.169522	1.000000
-173.600000	-21.580000	-155.595001	19.981300	2.252225	23.925042	1230.776311	2.000000
-173.600000	-21.580000	-155.595001	20.231300	2.388832	23.824684	1237.383100	1.000000
-173.600000	-21.580000	-155.595001	20.481300	2.894454	23.725611	1243.989890	1.000000
-173.600000	-21.580000	-155.595001	20.731300	2.522004	23.627615	1250.384477	1.000000
-173.600000	-21.580000	-155.595001	20.981300	3.178992	23.530872	1256.496277	1.000000
-173.600000	-21.580000	-155.595001	21.231300	1.583176	23.435174	1262.608078	1.000000
-173.600000	-21.580000	-155.595001	21.481300	-0.466142	23.340699	1268.886635	1.000000
-173.600000	-21.580000	-155.595001	21.731300	-2.218295	23.247238	1275.375984	0.000000
-173.600000	-21.580000	-155.595001	21.981300	-2.171628	23.154971	1281.865332	0.000000
-173.600000	-21.580000	-155.595001	22.231300	-2.046371	23.063688	1288.354680	0.000000
-173.600000	-21.580000	-155.595001	22.481300	-1.921807	22.973570	1294.844028	0.000000
-173.600000	-21.580000	-155.595001	22.731300	-1.797725	22.884409	1301.333376	0.000000
-173.600000	-21.580000	-155.595001	22.981300	-1.674302	22.796384	1307.822725	0.000000
-173.600000	-21.580000	-155.595001	23.231300	-1.551326	22.709289	1314.312073	0.000000
-173.600000	-21.580000	-155.595001	23.481300	-1.428976	22.623304	1320.801421	0.000000
-173.600000	-21.580000	-155.595001	23.731300	-1.307040	22.538222	1327.290769	0.000000
-173.600000	-21.580000	-155.595001	23.981300	-1.185698	22.454225	1333.780117	0.000000
-173.600000	-21.580000	-155.595001	24.231300	-1.064737	22.371104	1340.269466	0.000000
-173.600000	-21.580000	-155.595001	24.481300	-0.947383	22.289044	1346.758814	0.000000
-173.600000	-21.580000	-155.595001	24.731300	-1.791930	22.207837	1353.250198	0.000000
-173.600000	-21.580000	-155.345001	15.731300	2.834087	26.143231	1128.195040	1.000000
-173.600000	-21.580000	-155.345001	15.981300	2.561759	26.018973	1133.988147	1.000000
-173.600000	-21.580000	-155.345001	16.231300	2.714820	25.896249	1139.781254	1.000000
-173.600000	-21.580000	-155.345001	16.481300	2.301786	25.775010	1145.574361	1.000000
-173.600000	-21.580000	-155.345001	16.731300	0.303715	25.655261	1151.590788	0.000000
-173.600000	-21.580000	-155.345001	16.981300	0.152506	25.536955	1157.770740	0.000000
-173.600000	-21.580000	-155.345001	17.231300	0.299436	25.420094	1163.950692	0.000000
-173.600000	-21.580000	-155.345001	17.481300	0.445455	25.304637	1170.130645	0.000000
-173.600000	-21.580000	-155.345001	17.731300	0.590566	25.190584	1176.310597	0.000000
-173.600000	-21.580000	-155.345001	17.981300	0.734810	25.077895	1182.490549	0.000000
-173.600000	-21.580000	-155.345001	18.231300	0.878191	24.966570	1188.670501	1.000000
-173.600000	-21.580000	-155.345001	18.481300	1.047199	24.856572	1194.850454	1.000000
-173.600000	-21.580000	-155.345001	18.731300	1.643218	24.747899	1201.072772	1.000000
-173.600000	-21.580000	-155.345001	18.981300	1.827845	24.640516	1207.470803	1.000000
-173.600000	-21.580000	-155.345001	19.231300	1.656632	24.534421	1214.008133	1.000000
-173.600000	-21.580000	-155.345001	19.481300	1.676753	24.429582	1220.614923	1.000000
-173.600000	-21.580000	-155.345001	19.731300	1.815546	24.325995	1227.221712	1.000000
-173.600000	-21.580000	-155.345001	19.981300	1.953637	24.223629	1233.828502	2.000000
-173.600000	-21.580000	-155.345001	20.231300	2.091035	24.122482	1240.435291	1.000000
-173.600000	-21.580000	-155.345001	20.481300	2.620392	24.022523	1247.042081	1.000000
-173.600000	-21.580000	-155.345001	20.731300	2.557510	23.923749	1253.255815	1.000000
-173.600000	-21.580000	-155.345001	20.981300	2.883731	23.826133	1259.367615	1.000000
-173.600000	-21.580000	-155.345001	21.231300	3.018960	23.729669	1265.479416	1.000000
-173.600000	-21.580000	-155.345001	21.481300	2.480296	23.634333	1271.591217	1.000000
-173.600000	-21.580000	-155.345001	21.731300	0.437804	23.540118	1277.703017	0.000000
-173.600000	-21.580000	-155.345001	21.981300	-1.588824	23.447001	1284.173270	0.000000
-173.600000	-21.580000	-155.345001	22.231300	-2.337659	23.354976	1290.662618	0.000000
-173.600000	-21.580000	-155.345001	22.481300	-2.212259	23.264022	1297.151966	0.000000
-173.600000	-21.580000	-155.345001	22.731300	-2.087446	23.174130	1303.641314	0.000000
-173.600000	-21.580000	-155.345001	22.981300	-1.963198	23.085281	1310.130662	0.000000
-173.600000	-21.580000	-155.345001	23.231300	-1.839504	22.997467	1316.620011	0.000000
-173.600000	-21.580000	-155.345001	23.481300	-1.716342	22.910670	1323.109359	0.000000
-173.600000	-21.580000	-155.345001	23.731300	-1.593700	22.824881	1329.598707	0.000000
-173.600000	-21.580000	-155.345001	23.981300	-1.471558	22.740084	1336.088055	0.000000
-173.600000	-21.580000	-155.345001	24.231300	-1.349902	22.656270	1342.577403	0.000000
-173.600000	-21.580000	-155.345001	24.481300	-1.228715	22.573422	1349.066752	0.000000
-173.600000	-21.580000	-155.345001	24.731300	-1.478640	22.491532	1355.556100	0.000000
-173.600000	-21.580000	-155.095001	15.481300	1.709262	26.582083	1125.435938	0.000000
-173.600000	-21.580000	-155.095001	15.731300	2.095577	26.455334	1131.229044	0.000000
-173.600000	-21.580000	-155.095001	15.981300	2.250518	26.330214	1137.022151	0.000000
-173.600000	-21.580000	-155.095001	16.231300	2.404532	26.206537	1142.815258	0.000000
-173.600000	-21.580000	-155.095001	16.481300	2.489987	26.084446	1148.608365	0.000000
-173.600000	-21.580000	-155.095001	16.731300	0.982853	25.963753	1154.433984	0.000000
-173.600000	-21.580000	-155.095001	16.981300	-0.155143	25.844604	1160.613936	0.000000
-173.600000	-21.580000	-155.095001	17.231300	-0.007280	25.726810	1166.793888	0.000000
-173.600000	-21.580000	-155.095001	17.481300	0.139572	25.610520	1172.973841	0.000000
-173.600000	-21.580000	-155.095001	17.731300	0.285606	25.495544	1179.153793	0.000000
-173.600000	-21.580000	-155.095001	17.981300	0.430673	25.382032	1185.333745	0.000000
-173.600000	-21.580000	-155.095001	18.231300	0.567002	25.269794	1191.513698	0.000000
-173.600000	-21.580000	-155.095001	18.481300	1.165651	25.158984	1197.719850	1.000000
-173.600000	-21.580000	-155.095001	18.731300	1.633000	25.049408	1204.117881	1.000000
-173.600000	-21.580000	-155.095001	18.981300	1.514626	24.941225	1210.515912	1.000000
-173.600000	-21.580000	-155.095001	19.231300	1.344594	24.834238	1217.060324	1.000000
-173.600000	-21.580000	-155.095001	19.481300	1.377726	24.728609	1223.667114	1.000000
-173.600000	-21.580000	-155.095001	19.731300	1.517399	24.624141	1230.273903	1.000000
-173.600000	-21.580000	-155.095001	19.981300	1.656269	24.520997	1236.880692	0.000000
-173.600000	-21.580000	-155.095001	20.231300	1.930803	24.418980	1243.487482	0.000000
-173.600000	-21.580000	-155.095001	20.481300	1.952900	24.318254	1250.015352	1.000000
-173.600000	-21.580000	-155.095001	20.731300	2.453018	24.218622	1256.127152	1.000000
-173.600000	-21.580000	-155.095001	20.981300	2.589615	24.120249	1262.238953	1.000000
-173.600000	-21.580000	-155.095001	21.231300	2.725690	24.022939	1268.350754	1.000000
-173.600000	-21.580000	-155.095001	21.481300	2.861080	23.926857	1274.462554	0.000000
-173.600000	-21.580000	-155.095001	21.731300	2.995986	23.831808	1280.574355	0.000000
-173.600000	-21.580000	-155.095001	21.981300	1.360157	23.737957	1286.686156	0.000000
-173.600000	-21.580000	-155.095001	22.231300	-0.696034	23.645109	1292.970556	0.000000
-173.600000	-21.580000	-155.095001	22.481300	-2.446540	23.553432	1299.459904	0.000000
-173.600000	-21.580000	-155.095001	22.731300	-2.376045	23.462729	1305.949252	0.000000
-173.600000	-21.580000	-155.095001	22.981300	-2.251087	23.373169	1312.438600	0.000000
-173.600000	-21.580000	-155.095001	23.231300	-2.126593	23.284555	1318.927948	0.000000
-173.600000	-21.580000	-155.095001	23.481300	-2.002732	23.197059	1325.417297	0.000000
-173.600000	-21.580000	-155.095001	23.731300	-1.879301	23.110482	1331.906645	0.000000
-173.600000	-21.580000	-155.095001	23.981300	-1.756471	23.024998	1338.395993	0.000000
-173.600000	-21.580000	-155.095001	24.231300	-1.634039	22.940406	1344.885341	0.000000
-173.600000	-21.580000	-155.095001	24.481300	-1.512175	22.856883	1351.374689	0.000000
-173.600000	-21.580000	-155.095001	24.731300	-1.596679	22.774228	1357.864038	0.000000
-173.600000	-21.580000	-154.845001	15.481300	2.096323	26.893579	1128.469942	0.000000
-173.600000	-21.580000	-154.845001	15.731300	1.784924	26.765988	1134.263048	0.000000
-173.600000	-21.580000	-154.845001	15.981300	1.940800	26.639932	1140.056155	0.000000
-173.600000	-21.580000	-154.845001	16.231300	2.095648	26.515420	1145.849262	0.000000
-173.600000	-21.580000	-154.845001	16.481300	2.249522	26.392402	1151.642369	0.000000
-173.600000	-21.580000	-154.845001	16.731300	1.805732	26.270884	1157.435475	0.000000
-173.600000	-21.580000	-154.845001	16.981300	-0.171691	26.150816	1163.457132	1.000000
-173.600000	-21.580000	-154.845001	17.231300	-0.312676	26.032206	1169.637085	1.000000
-173.600000	-21.580000	-154.845001	17.481300	-0.164915	25.915007	1175.817037	1.000000
-173.600000	-21.580000	-154.845001	17.731300	-0.018074	25.799224	1181.996989	0.000000
-173.600000	-21.580000	-154.845001	17.981300	0.109670	25.684814	1188.176941	0.000000
-173.600000	-21.580000	-154.845001	18.231300	0.686841	25.571778	1194.366928	0.000000
-173.600000	-21.580000	-154.845001	18.481300	1.188575	25.460079	1200.764959	0.000000
-173.600000	-21.580000	-154.845001	18.731300	1.332692	25.349716	1207.162990	1.000000
-173.600000	-21.580000	-154.845001	18.981300	1.202699	25.240653	1213.561021	1.000000
-173.600000	-21.580000	-154.845001	19.231300	1.033732	25.132890	1220.112515	1.000000
-173.600000	-21.580000	-154.845001	19.481300	1.079943	25.026392	1226.719304	1.000000
-173.600000	-21.580000	-154.845001	19.731300	1.220382	24.921158	1233.326094	0.000000
-173.600000	-21.580000	-154.845001	19.981300	1.360111	24.817156	1239.932883	0.000000
-173.600000	-21.580000	-154.845001	20.231300	1.952684	24.714383	1246.539673	0.000000
-173.600000	-21.580000	-154.845001	20.481300	1.586037	24.612809	1252.886689	0.000000
-173.600000	-21.580000	-154.845001	20.731300	2.159208	24.512432	1258.998490	0.000000
-173.600000	-21.580000	-154.845001	20.981300	2.296642	24.413222	1265.110291	0.000000
-173.600000	-21.580000	-154.845001	21.231300	2.433451	24.315178	1271.222092	0.000000
-173.600000	-21.580000	-154.845001	21.481300	2.569667	24.218271	1277.333892	0.000000
-173.600000	-21.580000	-154.845001	21.731300	2.705296	24.122497	1283.445693	0.000000
-173.600000	-21.580000	-154.845001	21.981300	2.840367	24.027833	1289.557494	0.000000
-173.600000	-21.580000	-154.845001	22.231300	2.275641	23.934272	1295.669294	0.000000
-173.600000	-21.580000	-154.845001	22.481300	0.215547	23.841792	1301.781095	0.000000
-173.600000	-21.580000	-154.845001	22.731300	-1.818454	23.750386	1308.257190	0.000000
-173.600000	-21.580000	-154.845001	22.981300	-2.537952	23.660035	1314.746538	0.000000
-173.600000	-21.580000	-154.845001	23.231300	-2.412768	23.570730	1321.235886	0.000000
-173.600000	-21.580000	-154.845001	23.481300	-2.288126	23.482453	1327.725234	0.000000
-173.600000	-21.580000	-154.845001	23.731300	-2.164016	23.395197	1334.214583	0.000000
-173.600000	-21.580000	-154.845001	23.981300	-2.040416	23.308943	1340.703931	0.000000
-173.600000	-21.580000	-154.845001	24.231300	-1.917315	23.223683	1347.193279	0.000000
-173.600000	-21.580000	-154.845001	24.481300	-1.794693	23.139401	1353.682627	0.000000
-173.600000	-21.580000	-154.845001	24.731300	-1.720117	23.056089	1360.171975	0.000000
-173.600000	-21.580000	-154.595001	15.481300	1.318170	27.203434	1131.503946	1.000000
-173.600000	-21.580000	-154.595001	15.731300	1.475980	27.074932	1137.297052	0.000000
-173.600000	-21.580000	-154.595001	15.981300	1.632672	26.948060	1143.090159	0.000000
-173.600000	-21.580000	-154.595001	16.231300	1.788424	26.822645	1148.883266	0.000000
-173.600000	-21.580000	-154.595001	16.481300	1.943106	26.698818	1154.676373	0.000000
-173.600000	-21.580000	-154.595001	16.731300	2.018521	26.576404	1160.469479	1.000000
-173.600000	-21.580000	-154.595001	16.981300	0.490868	26.455537	1166.300328	1.000000
-173.600000	-21.580000	-154.595001	17.231300	-0.616509	26.336039	1172.480281	1.000000
-173.600000	-21.580000	-154.595001	17.481300	-0.467957	26.218049	1178.660233	1.000000
-173.600000	-21.580000	-154.595001	17.731300	-0.320237	26.101387	1184.840185	1.000000
-173.600000	-21.580000	-154.595001	17.981300	0.206872	25.986194	1191.020138	1.000000
-173.600000	-21.580000	-154.595001	18.231300	0.754126	25.872289	1197.412037	0.000000
-173.600000	-21.580000	-154.595001	18.481300	0.888838	25.759816	1203.810068	0.000000
-173.600000	-21.580000	-154.595001	18.731300	1.033815	25.648593	1210.208099	0.000000
-173.600000	-21.580000	-154.595001	18.981300	0.892097	25.538766	1216.606130	0.000000
-173.600000	-21.580000	-154.595001	19.231300	0.724271	25.430152	1223.164706	0.000000
-173.600000	-21.580000	-154.595001	19.481300	0.783435	25.322900	1229.771495	0.000000
-173.600000	-21.580000	-154.595001	19.731300	0.924715	25.216825	1236.378285	0.000000
-173.600000	-21.580000	-154.595001	19.981300	1.065188	25.112078	1242.985074	0.000000
-173.600000	-21.580000	-154.595001	20.231300	1.500840	25.008474	1249.591863	0.000000
-173.600000	-21.580000	-154.595001	20.481300	1.626038	24.906167	1255.758027	0.000000
-173.600000	-21.580000	-154.595001	20.731300	1.866672	24.804968	1261.869828	0.000000
-173.600000	-21.580000	-154.595001	20.981300	2.004829	24.705035	1267.981629	0.000000
-173.600000	-21.580000	-154.595001	21.231300	2.142449	24.606180	1274.093429	0.000000
-173.600000	-21.580000	-154.595001	21.481300	2.279378	24.508559	1280.205230	0.000000
-173.600000	-21.580000	-154.595001	21.731300	2.415808	24.411985	1286.317031	0.000000
-173.600000	-21.580000	-154.595001	21.981300	2.551582	24.316618	1292.428831	0.000000
-173.600000	-21.580000	-154.595001	22.231300	2.686893	24.222267	1298.540632	0.000000
-173.600000	-21.580000	-154.595001	22.481300	2.821583	24.129094	1304.652433	0.000000
-173.600000	-21.580000	-154.595001	22.731300	1.145530	24.036910	1310.764233	0.000000
-173.600000	-21.580000	-154.595001	22.981300	-0.917994	23.945876	1317.054476	0.000000
-173.600000	-21.580000	-154.595001	23.231300	-2.666883	23.855803	1323.543824	0.000000
-173.600000	-21.580000	-154.595001	23.481300	-2.572527	23.766855	1330.033172	0.000000
-173.600000	-21.580000	-154.595001	23.731300	-2.447659	23.678841	1336.522520	0.000000
-173.600000	-21.580000	-154.595001	23.981300	-2.323399	23.591926	1343.011869	0.000000
-173.600000	-21.580000	-154.595001	24.231300	-2.199551	23.505919	1349.501217	0.000000
-173.600000	-21.580000	-154.595001	24.481300	-2.076280	23.420987	1355.990565	0.000000
-173.600000	-21.580000	-154.595001	24.731300	-1.953388	23.336938	1362.479913	0.000000
-173.600000	-21.580000	-154.595001	24.981300	-2.369271	23.253941	1368.969261	0.000000
-173.600000	-21.580000	-154.345001	15.231300	0.850195	27.642614	1128.744843	1.000000
-173.600000	-21.580000	-154.345001	15.481300	1.009889	27.511716	1134.537950	1.000000
-173.600000	-21.580000	-154.345001	15.731300	1.168495	27.382417	1140.331057	0.000000
-173.600000	-21.580000	-154.345001	15.981300	1.326073	27.254659	1146.124163	0.000000
-173.600000	-21.580000	-154.345001	16.231300	1.482614	27.128454	1151.917270	0.000000
-173.600000	-21.580000	-154.345001	16.481300	1.638175	27.003749	1157.710377	1.000000
-173.600000	-21.580000	-154.345001	16.731300	1.792748	26.880553	1163.503483	1.000000
-173.600000	-21.580000	-154.345001	16.981300	1.318102	26.758814	1169.296590	1.000000
-173.600000	-21.580000	-154.345001	17.231300	-0.638781	26.638542	1175.323477	1.000000
-173.600000	-21.580000	-154.345001	17.481300	-0.769596	26.519688	1181.503429	1.000000
-173.600000	-21.580000	-154.345001	17.731300	-0.274289	26.402260	1187.683381	1.000000
-173.600000	-21.580000	-154.345001	17.981300	0.313375	26.286211	1194.059116	1.000000
-173.600000	-21.580000	-154.345001	18.231300	0.443867	26.171549	1200.457146	0.000000
-173.600000	-21.580000	-154.345001	18.481300	0.590425	26.058229	1206.855177	0.000000
-173.600000	-21.580000	-154.345001	18.731300	0.736152	25.946257	1213.253208	0.000000
-173.600000	-21.580000	-154.345001	18.981300	0.582795	25.835592	1219.651239	0.000000
-173.600000	-21.580000	-154.345001	19.231300	0.415996	25.726238	1226.216897	0.000000
-173.600000	-21.580000	-154.345001	19.481300	0.488179	25.618157	1232.823686	0.000000
-173.600000	-21.580000	-154.345001	19.731300	0.630190	25.511351	1239.430475	0.000000
-173.600000	-21.580000	-154.345001	19.981300	0.990312	25.405784	1246.037265	0.000000
-173.600000	-21.580000	-154.345001	20.231300	0.833030	25.301459	1252.517564	0.000000
-173.600000	-21.580000	-154.345001	20.481300	1.435613	25.198341	1258.629365	0.000000
-173.600000	-21.580000	-154.345001	20.731300	1.575209	25.096431	1264.741166	0.000000
-173.600000	-21.580000	-154.345001	20.981300	1.714167	24.995697	1270.852966	0.000000
-173.600000	-21.580000	-154.345001	21.231300	1.852490	24.896139	1276.964767	0.000000
-173.600000	-21.580000	-154.345001	21.481300	1.990209	24.797728	1283.076568	0.000000
-173.600000	-21.580000	-154.345001	21.731300	2.127331	24.700462	1289.188368	0.000000
-173.600000	-21.580000	-154.345001	21.981300	2.263886	24.604314	1295.300169	0.000000
-173.600000	-21.580000	-154.345001	22.231300	2.399879	24.509281	1301.411970	0.000000
-173.600000	-21.580000	-154.345001	22.481300	2.535340	24.415337	1307.523770	0.000000
-173.600000	-21.580000	-154.345001	22.731300	2.670275	24.322481	1313.635571	0.000000
-173.600000	-21.580000	-154.345001	22.981300	2.079281	24.230687	1319.747372	0.000000
-173.600000	-21.580000	-154.345001	23.231300	0.001270	24.139952	1325.859172	0.000000
-173.600000	-21.580000	-154.345001	23.481300	-2.040384	24.050253	1332.341110	0.000000
-173.600000	-21.580000	-154.345001	23.731300	-2.730406	23.961587	1338.830458	0.000000
-173.600000	-21.580000	-154.345001	23.981300	-2.605406	23.873932	1345.319806	0.000000
-173.600000	-21.580000	-154.345001	24.231300	-2.480916	23.787284	1351.809155	0.000000
-173.600000	-21.580000	-154.345001	24.481300	-2.356915	23.701623	1358.298503	0.000000
-173.600000	-21.580000	-154.345001	24.731300	-2.233392	23.616943	1364.787851	0.000000
-173.600000	-21.580000	-154.345001	24.981300	-2.360426	23.533226	1371.277199	0.000000
-173.600000	-21.580000	-154.095001	15.231300	1.105311	27.950019	1131.778847	1.000000
-173.600000	-21.580000	-154.095001	15.481300	1.214041	27.818344	1137.571954	1.000000
-173.600000	-21.580000	-154.095001	15.731300	1.321654	27.688184	1143.365061	0.000000
-173.600000	-21.580000	-154.095001	15.981300	1.428033	27.559656	1149.158167	0.000000
-173.600000	-21.580000	-154.095001	16.231300	1.533341	27.432597	1154.951274	0.000000
-173.600000	-21.580000	-154.095001	16.481300	1.637458	27.307127	1160.744381	1.000000
-173.600000	-21.580000	-154.095001	16.731300	1.740549	27.183082	1166.537487	1.000000
-173.600000	-21.580000	-154.095001	16.981300	1.752829	27.060586	1172.330594	1.000000
-173.600000	-21.580000	-154.095001	17.231300	0.152018	26.939472	1178.166673	1.000000
-173.600000	-21.580000	-154.095001	17.481300	-0.756537	26.819868	1184.346625	1.000000
-173.600000	-21.580000	-154.095001	17.731300	-0.166192	26.701605	1190.706194	1.000000
-173.600000	-21.580000	-154.095001	17.981300	-0.002125	26.584814	1197.104225	1.000000
-173.600000	-21.580000	-154.095001	18.231300	0.146091	26.469325	1203.502255	1.000000
-173.600000	-21.580000	-154.095001	18.481300	0.293384	26.355270	1209.900286	0.000000
-173.600000	-21.580000	-154.095001	18.731300	0.439929	26.242479	1216.298317	0.000000
-173.600000	-21.580000	-154.095001	18.981300	0.274833	26.131088	1222.696348	0.000000
-173.600000	-21.580000	-154.095001	19.231300	0.109133	26.020923	1229.269087	0.000000
-173.600000	-21.580000	-154.095001	19.481300	0.194211	25.912124	1235.875877	0.000000
-173.600000	-21.580000	-154.095001	19.731300	0.337025	25.804516	1242.482666	0.000000
-173.600000	-21.580000	-154.095001	19.981300	1.016694	25.698240	1249.089456	0.000000
-173.600000	-21.580000	-154.095001	20.231300	0.655840	25.593121	1255.388902	0.000000
-173.600000	-21.580000	-154.095001	20.481300	1.144650	25.489303	1261.500703	0.000000
-173.600000	-21.580000	-154.095001	20.731300	1.285031	25.386609	1267.612504	0.000000
-173.600000	-21.580000	-154.095001	20.981300	1.424680	25.285184	1273.724304	0.000000
-173.600000	-21.580000	-154.095001	21.231300	1.563778	25.184851	1279.836105	0.000000
-173.600000	-21.580000	-154.095001	21.481300	1.702179	25.085758	1285.947906	0.000000
-173.600000	-21.580000	-154.095001	21.731300	1.840068	24.987726	1292.059706	0.000000
-173.600000	-21.580000	-154.095001	21.981300	1.977295	24.890905	1298.171507	0.000000
-173.600000	-21.580000	-154.095001	22.231300	2.114044	24.795116	1304.283308	0.000000
-173.600000	-21.580000	-154.095001	22.481300	2.250168	24.700510	1310.395108	0.000000
-173.600000	-21.580000	-154.095001	22.731300	2.385850	24.606906	1316.506909	0.000000
-173.600000	-21.580000	-154.095001	22.981300	2.520939	24.514459	1322.618710	0.000000
-173.600000	-21.580000	-154.095001	23.231300	2.655621	24.422987	1328.730510	0.000000
-173.600000	-21.580000	-154.095001	23.481300	0.938759	24.332645	1334.842311	0.000000
-173.600000	-21.580000	-154.095001	23.731300	-1.132194	24.243251	1341.138396	0.000000
-173.600000	-21.580000	-154.095001	23.981300	-2.879857	24.154963	1347.627744	0.000000
-173.600000	-21.580000	-154.095001	24.231300	-2.761229	24.067597	1354.117092	0.000000
-173.600000	-21.580000	-154.095001	24.481300	-2.636604	23.981312	1360.606440	0.000000
-173.600000	-21.580000	-154.095001	24.731300	-2.512374	23.895924	1367.095789	0.000000
-173.600000	-21.580000	-154.095001	24.981300	-2.480761	23.811594	1373.585137	0.000000
-173.600000	-21.580000	-153.845001	15.481300	2.305059	28.123394	1140.735528	1.000000
-173.600000	-21.580000	-153.845001	15.731300	2.415603	27.992484	1146.515346	0.000000
-173.600000	-21.580000	-153.845001	15.981300	2.525021	27.863119	1152.295165	0.000000
-173.600000	-21.580000	-153.845001	16.231300	2.633296	27.735315	1158.074983	0.000000
-173.600000	-21.580000	-153.845001	16.481300	2.740488	27.609014	1163.854801	1.000000
-173.600000	-21.580000	-153.845001	16.731300	2.846581	27.484230	1169.634620	1.000000
-173.600000	-21.580000	-153.845001	16.981300	2.951632	27.360909	1175.414438	1.000000
-173.600000	-21.580000	-153.845001	17.231300	2.092742	27.239063	1181.194256	1.000000
-173.600000	-21.580000	-153.845001	17.481300	-0.312210	27.118640	1187.353272	1.000000
-173.600000	-21.580000	-153.845001	17.731300	-0.449179	26.999651	1193.751303	1.000000
-173.600000	-21.580000	-153.845001	17.981300	-0.299359	26.882048	1200.149334	1.000000
-173.600000	-21.580000	-153.845001	18.231300	-0.150425	26.765840	1206.547364	1.000000
-173.600000	-21.580000	-153.845001	18.481300	-0.002326	26.650980	1212.945395	0.000000
-173.600000	-21.580000	-153.845001	18.731300	0.144930	26.537478	1219.343426	0.000000
-173.600000	-21.580000	-153.845001	18.981300	-0.031824	26.425290	1225.741457	0.000000
-173.600000	-21.580000	-153.845001	19.231300	-0.196534	26.314421	1232.321278	0.000000
-173.600000	-21.580000	-153.845001	19.481300	-0.098498	26.204833	1238.928068	0.000000
-173.600000	-21.580000	-153.845001	19.731300	0.045011	26.096529	1245.534857	0.000000
-173.600000	-21.580000	-153.845001	19.981300	0.386075	25.989472	1252.141646	0.000000
-173.600000	-21.580000	-153.845001	20.231300	0.700395	25.883666	1258.260240	0.000000
-173.600000	-21.580000	-153.845001	20.481300	0.854879	25.779075	1264.372041	0.000000
-173.600000	-21.580000	-153.845001	20.731300	0.995938	25.675702	1270.483841	0.000000
-173.600000	-21.580000	-153.845001	20.981300	1.136352	25.573512	1276.595642	0.000000
-173.600000	-21.580000	-153.845001	21.231300	1.276119	25.472509	1282.707443	0.000000
-173.600000	-21.580000	-153.845001	21.481300	1.415277	25.372661	1288.819243	0.000000
-173.600000	-21.580000	-153.845001	21.731300	1.553826	25.273968	1294.931044	0.000000
-173.600000	-21.580000	-153.845001	21.981300	1.691800	25.176400	1301.042845	0.000000
-173.600000	-21.580000	-153.845001	22.231300	1.829202	25.079958	1307.154645	0.000000
-173.600000	-21.580000	-153.845001	22.481300	1.966063	24.984615	1313.266446	0.000000
-173.600000	-21.580000	-153.845001	22.731300	2.102387	24.890368	1319.378247	0.000000
-173.600000	-21.580000	-153.845001	22.981300	2.238205	24.797193	1325.490047	0.000000
-173.600000	-21.580000	-153.845001	23.231300	2.373521	24.705086	1331.601848	0.000000
-173.600000	-21.580000	-153.845001	23.481300	2.508363	24.614026	1337.713649	0.000000
-173.600000	-21.580000	-153.845001	23.731300	1.890872	24.524007	1343.825449	0.000000
-173.600000	-21.580000	-153.845001	23.981300	-0.205356	24.435009	1349.937250	0.000000
-173.600000	-21.580000	-153.845001	24.231300	-2.254961	24.347028	1356.425030	0.000000
-173.600000	-21.580000	-153.845001	24.481300	-2.915335	24.260043	1362.914378	0.000000
-173.600000	-21.580000	-153.845001	24.731300	-2.790499	24.174050	1369.403726	0.000000
-173.600000	-21.580000	-153.845001	24.981300	-2.666129	24.089029	1375.893075	0.000000
-173.600000	-21.580000	-153.595001	15.731300	2.984178	28.295061	1149.895142	0.000000
-173.600000	-21.580000	-153.595001	15.981300	3.145787	28.164970	1155.674961	0.000000
-173.600000	-21.580000	-153.595001	16.231300	3.306459	28.036360	1161.454779	0.000000
-173.600000	-21.580000	-153.595001	16.481300	3.466086	27.909338	1167.234597	1.000000
-173.600000	-21.580000	-153.595001	16.731300	3.624823	27.783753	1173.014416	1.000000
-173.600000	-21.580000	-153.595001	16.981300	3.782561	27.659716	1178.794234	1.000000
-173.600000	-21.580000	-153.595001	17.231300	3.841486	27.537073	1184.574052	1.000000
-173.600000	-21.580000	-153.595001	17.481300	1.276108	27.415941	1190.398381	1.000000
-173.600000	-21.580000	-153.595001	17.731300	-0.745689	27.296162	1196.796412	1.000000
-173.600000	-21.580000	-153.595001	17.981300	-0.595167	27.177855	1203.194443	1.000000
-173.600000	-21.580000	-153.595001	18.231300	-0.445448	27.060863	1209.592473	1.000000
-173.600000	-21.580000	-153.595001	18.481300	-0.296653	26.945307	1215.990504	0.000000
-173.600000	-21.580000	-153.595001	18.731300	-0.148619	26.831027	1222.388535	0.000000
-173.600000	-21.580000	-153.595001	18.981300	-0.337128	26.718149	1228.786566	0.000000
-173.600000	-21.580000	-153.595001	19.231300	-0.500780	26.606511	1235.373469	0.000000
-173.600000	-21.580000	-153.595001	19.481300	-0.389905	26.496240	1241.980258	0.000000
-173.600000	-21.580000	-153.595001	19.731300	0.056086	26.387173	1248.587048	0.000000
-173.600000	-21.580000	-153.595001	19.981300	-0.281825	26.279442	1255.019777	0.000000
-173.600000	-21.580000	-153.595001	20.231300	0.423922	26.172880	1261.131578	0.000000
-173.600000	-21.580000	-153.595001	20.481300	0.566332	26.067622	1267.243378	0.000000
-173.600000	-21.580000	-153.595001	20.731300	0.708139	25.963501	1273.355179	0.000000
-173.600000	-21.580000	-153.595001	20.981300	0.849211	25.860653	1279.466980	0.000000
-173.600000	-21.580000	-153.595001	21.231300	0.989719	25.758910	1285.578780	0.000000
-173.600000	-21.580000	-153.595001	21.481300	1.129526	25.658412	1291.690581	0.000000
-173.600000	-21.580000	-153.595001	21.731300	1.268807	25.558987	1297.802382	0.000000
-173.600000	-21.580000	-153.595001	21.981300	1.407422	25.460778	1303.914182	0.000000
-173.600000	-21.580000	-153.595001	22.231300	1.545547	25.363613	1310.025983	0.000000
-173.600000	-21.580000	-153.595001	22.481300	1.683042	25.267636	1316.137784	0.000000
-173.600000	-21.580000	-153.595001	22.731300	1.820081	25.172674	1322.249584	0.000000
-173.600000	-21.580000	-153.595001	22.981300	1.956523	25.078875	1328.361385	0.000000
-173.600000	-21.580000	-153.595001	23.231300	2.092545	24.986063	1334.473186	0.000000
-173.600000	-21.580000	-153.595001	23.481300	2.228002	24.894386	1340.584986	0.000000
-173.600000	-21.580000	-153.595001	23.731300	2.363074	24.803671	1346.696787	0.000000
-173.600000	-21.580000	-153.595001	23.981300	2.497613	24.714067	1352.808588	0.000000
-173.600000	-21.580000	-153.595001	24.231300	0.739696	24.625397	1358.920388	0.000000
-173.600000	-21.580000	-153.595001	24.481300	-1.339134	24.537815	1365.222316	0.000000
-173.600000	-21.580000	-153.595001	24.731300	-3.067592	24.451142	1371.711664	0.000000
-173.600000	-21.580000	-153.595001	24.981300	-2.942633	24.365533	1378.201012	1.000000
-173.600000	-21.580000	-153.345001	15.981300	2.845473	28.465285	1159.054757	0.000000
-173.600000	-21.580000	-153.345001	16.231300	3.006845	28.335973	1164.834575	0.000000
-173.600000	-21.580000	-153.345001	16.481300	3.167256	28.208167	1170.614394	1.000000
-173.600000	-21.580000	-153.345001	16.731300	3.326690	28.081886	1176.394212	1.000000
-173.600000	-21.580000	-153.345001	16.981300	3.485207	27.957070	1182.174030	1.000000
-173.600000	-21.580000	-153.345001	17.231300	3.642793	27.833736	1187.953848	1.000000
-173.600000	-21.580000	-153.345001	17.481300	2.923457	27.711829	1193.733667	1.000000
-173.600000	-21.580000	-153.345001	17.731300	-0.486425	27.591364	1199.841521	1.000000
-173.600000	-21.580000	-153.345001	17.981300	-0.889600	27.472289	1206.239551	1.000000
-173.600000	-21.580000	-153.345001	18.231300	-0.739201	27.354616	1212.637582	0.000000
-173.600000	-21.580000	-153.345001	18.481300	-0.589644	27.238298	1219.035613	0.000000
-173.600000	-21.580000	-153.345001	18.731300	-0.440935	27.123344	1225.433644	0.000000
-173.600000	-21.580000	-153.345001	18.981300	-0.641122	27.009709	1231.831675	0.000000
-173.600000	-21.580000	-153.345001	19.231300	-0.803820	26.897403	1238.425660	0.000000
-173.600000	-21.580000	-153.345001	19.481300	-0.680047	26.786383	1245.032449	0.000000
-173.600000	-21.580000	-153.345001	19.731300	-0.067080	26.676655	1251.639238	0.000000
-173.600000	-21.580000	-153.345001	19.981300	-0.268209	26.568181	1257.891115	0.000000
-173.600000	-21.580000	-153.345001	20.231300	0.135836	26.460966	1264.002916	0.000000
-173.600000	-21.580000	-153.345001	20.481300	0.278982	26.354972	1270.114716	0.000000
-173.600000	-21.580000	-153.345001	20.731300	0.421435	26.250205	1276.226517	0.000000
-173.600000	-21.580000	-153.345001	20.981300	0.563235	26.146629	1282.338318	0.000000
-173.600000	-21.580000	-153.345001	21.231300	0.704380	26.044248	1288.450118	0.000000
-173.600000	-21.580000	-153.345001	21.481300	0.844909	25.943029	1294.561919	0.000000
-173.600000	-21.580000	-153.345001	21.731300	0.984820	25.842974	1300.673720	0.000000
-173.600000	-21.580000	-153.345001	21.981300	1.124148	25.744052	1306.785520	0.000000
-173.600000	-21.580000	-153.345001	22.231300	1.262895	25.646265	1312.897321	0.000000
-173.600000	-21.580000	-153.345001	22.481300	1.401094	25.549583	1319.009122	0.000000
-173.600000	-21.580000	-153.345001	22.731300	1.538748	25.454008	1325.120922	0.000000
-173.600000	-21.580000	-153.345001	22.981300	1.675886	25.359511	1331.232723	0.000000
-173.600000	-21.580000	-153.345001	23.231300	1.812514	25.266094	1337.344524	0.000000
-173.600000	-21.580000	-153.345001	23.481300	1.948659	25.173729	1343.456324	0.000000
-173.600000	-21.580000	-153.345001	23.731300	2.084328	25.082417	1349.568125	0.000000
-173.600000	-21.580000	-153.345001	23.981300	2.219547	24.992133	1355.679926	0.000000
-173.600000	-21.580000	-153.345001	24.231300	2.354322	24.902875	1361.791726	0.000000
-173.600000	-21.580000	-153.345001	24.481300	1.702116	24.814621	1367.903527	0.000000
-173.600000	-21.580000	-153.345001	24.731300	-0.404651	24.727369	1374.019602	0.000000
-173.600000	-21.580000	-153.345001	24.981300	-2.455891	24.641097	1380.508950	1.000000
-173.600000	-21.580000	-153.345001	25.231300	-3.229556	24.555804	1386.998298	1.000000
-173.600000	-21.580000	-153.095001	16.481300	2.869999	28.505424	1173.994190	0.000000
-173.600000	-21.580000	-153.095001	16.731300	3.030188	28.378387	1179.774008	1.000000
-173.600000	-21.580000	-153.095001	16.981300	3.189379	28.252898	1185.553826	1.000000
-173.600000	-21.580000	-153.095001	17.231300	3.347717	28.128812	1191.333645	1.000000
-173.600000	-21.580000	-153.095001	17.481300	3.505098	28.006237	1197.113463	1.000000
-173.600000	-21.580000	-153.095001	17.731300	1.135566	27.885025	1202.893281	1.000000
-173.600000	-21.580000	-153.095001	17.981300	-1.170673	27.765285	1209.284660	1.000000
-173.600000	-21.580000	-153.095001	18.231300	-1.031456	27.646871	1215.682691	0.000000
-173.600000	-21.580000	-153.095001	18.481300	-0.881240	27.529894	1222.080722	0.000000
-173.600000	-21.580000	-153.095001	18.731300	-0.731795	27.414204	1228.478753	0.000000
-173.600000	-21.580000	-153.095001	18.981300	-0.938665	27.299916	1234.876784	0.000000
-173.600000	-21.580000	-153.095001	19.231300	-1.105432	27.186879	1241.477850	0.000000
-173.600000	-21.580000	-153.095001	19.481300	-0.898835	27.075212	1248.084640	0.000000
-173.600000	-21.580000	-153.095001	19.731300	-0.723163	26.964760	1254.650652	0.000000
-173.600000	-21.580000	-153.095001	19.981300	-0.295464	26.855646	1260.762453	0.000000
-173.600000	-21.580000	-153.095001	20.231300	-0.150911	26.747713	1266.874253	0.000000
-173.600000	-21.580000	-153.095001	20.481300	-0.007132	26.641086	1272.986054	0.000000
-173.600000	-21.580000	-153.095001	20.731300	0.136033	26.535607	1279.097855	0.000000
-173.600000	-21.580000	-153.095001	20.981300	0.278458	26.431406	1285.209655	0.000000
-173.600000	-21.580000	-153.095001	21.231300	0.420309	26.328320	1291.321456	0.000000
-173.600000	-21.580000	-153.095001	21.481300	0.561456	26.226482	1297.433257	0.000000
-173.600000	-21.580000	-153.095001	21.731300	0.702064	26.125729	1303.545057	0.000000
-173.600000	-21.580000	-153.095001	21.981300	0.842004	26.026196	1309.656858	0.000000
-173.600000	-21.580000	-153.095001	22.231300	0.981441	25.927719	1315.768659	0.000000
-173.600000	-21.580000	-153.095001	22.481300	1.120243	25.830434	1321.880459	0.000000
-173.600000	-21.580000	-153.095001	22.731300	1.258579	25.734176	1327.992260	0.000000
-173.600000	-21.580000	-153.095001	22.981300	1.396313	25.639084	1334.104061	0.000000
-173.600000	-21.580000	-153.095001	23.231300	1.533615	25.544992	1340.215861	0.000000
-173.600000	-21.580000	-153.095001	23.481300	1.670349	25.452040	1346.327662	0.000000
-173.600000	-21.580000	-153.095001	23.731300	1.806684	25.360061	1352.439463	0.000000
-173.600000	-21.580000	-153.095001	23.981300	1.942482	25.269197	1358.551263	0.000000
-173.600000	-21.580000	-153.095001	24.231300	2.077916	25.179281	1364.663064	0.000000
-173.600000	-21.580000	-153.095001	24.481300	2.212845	25.090456	1370.774865	0.000000
-173.600000	-21.580000	-153.095001	24.731300	2.330036	25.002553	1376.886665	1.000000
-173.600000	-21.580000	-153.095001	24.981300	0.547876	24.915719	1382.998466	1.000000
-173.600000	-21.580000	-153.095001	25.231300	-1.538941	24.829783	1389.306236	1.000000
-173.600000	-21.580000	-153.095001	25.481300	-3.629549	24.744892	1395.795584	1.000000
-173.600000	-21.580000	-152.845001	16.731300	2.735083	28.673493	1183.153804	0.000000
-173.600000	-21.580000	-152.845001	16.981300	2.895007	28.547269	1188.933622	0.000000
-173.600000	-21.580000	-152.845001	17.231300	3.053995	28.422533	1194.713441	1.000000
-173.600000	-21.580000	-152.845001	17.481300	3.212107	28.299227	1200.493259	1.000000
-173.600000	-21.580000	-152.845001	17.731300	2.767925	28.177369	1206.273077	0.000000
-173.600000	-21.580000	-152.845001	17.981300	-0.628547	28.056904	1212.329769	0.000000
-173.600000	-21.580000	-152.845001	18.231300	-1.322433	27.937848	1218.727800	0.000000
-173.600000	-21.580000	-152.845001	18.481300	-1.171495	27.820149	1225.125831	0.000000
-173.600000	-21.580000	-152.845001	18.731300	-1.023855	27.703823	1231.523862	0.000000
-173.600000	-21.580000	-152.845001	18.981300	-1.213495	27.588819	1237.923252	0.000000
-173.600000	-21.580000	-152.845001	19.231300	-1.403503	27.475151	1244.530041	0.000000
-173.600000	-21.580000	-152.845001	19.481300	-0.871495	27.362773	1251.136831	0.000000
-173.600000	-21.580000	-152.845001	19.731300	-1.230564	27.251695	1257.521990	0.000000
-173.600000	-21.580000	-152.845001	19.981300	-0.581694	27.141876	1263.633790	0.000000
-173.600000	-21.580000	-152.845001	20.231300	-0.436522	27.033323	1269.745591	0.000000
-173.600000	-21.580000	-152.845001	20.481300	-0.292044	26.925997	1275.857392	0.000000
-173.600000	-21.580000	-152.845001	20.731300	-0.148266	26.819906	1281.969192	0.000000
-173.600000	-21.580000	-152.845001	20.981300	-0.005147	26.715011	1288.080993	0.000000
-173.600000	-21.580000	-152.845001	21.231300	0.137309	26.611320	1294.192794	0.000000
-173.600000	-21.580000	-152.845001	21.481300	0.279142	26.508795	1300.304594	0.000000
-173.600000	-21.580000	-152.845001	21.731300	0.420349	26.407444	1306.416395	0.000000
-173.600000	-21.580000	-152.845001	21.981300	0.560968	26.307231	1312.528196	0.000000
-173.600000	-21.580000	-152.845001	22.231300	0.700998	26.208163	1318.639996	0.000000
-173.600000	-21.580000	-152.845001	22.481300	0.840472	26.110205	1324.751797	0.000000
-173.600000	-21.580000	-152.845001	22.731300	0.979393	26.013363	1330.863598	0.000000
-173.600000	-21.580000	-152.845001	22.981300	1.117792	25.917606	1336.975398	0.000000
-173.600000	-21.580000	-152.845001	23.231300	1.255671	25.822937	1343.087199	0.000000
-173.600000	-21.580000	-152.845001	23.481300	1.393062	25.729327	1349.199000	0.000000
-173.600000	-21.580000	-152.845001	23.731300	1.529966	25.636779	1355.310801	0.000000
-173.600000	-21.580000	-152.845001	23.981300	1.666415	25.545265	1361.422601	0.000000
-173.600000	-21.580000	-152.845001	24.231300	1.802410	25.454787	1367.534402	0.000000
-173.600000	-21.580000	-152.845001	24.481300	1.937981	25.365320	1373.646203	0.000000
-173.600000	-21.580000	-152.845001	24.731300	2.073131	25.276863	1379.758003	1.000000
-173.600000	-21.580000	-152.595001	16.981300	2.602170	28.840107	1192.313419	0.000000
-173.600000	-21.580000	-152.595001	17.231300	2.761865	28.714664	1198.093237	0.000000
-173.600000	-21.580000	-152.595001	17.481300	2.920606	28.590729	1203.873055	0.000000
-173.600000	-21.580000	-152.595001	17.731300	3.078530	28.468167	1209.652873	0.000000
-173.600000	-21.580000	-152.595001	17.981300	1.003821	28.347077	1215.432692	0.000000
-173.600000	-21.580000	-152.595001	18.231300	-1.507847	28.227320	1221.772909	0.000000
-173.600000	-21.580000	-152.595001	18.481300	-1.460347	28.109001	1228.170940	0.000000
-173.600000	-21.580000	-152.595001	18.731300	-1.324726	27.991978	1234.568971	0.000000
-173.600000	-21.580000	-152.595001	18.981300	-1.492058	27.876359	1240.975443	0.000000
-173.600000	-21.580000	-152.595001	19.231300	-1.690351	27.761999	1247.582232	0.000000
-173.600000	-21.580000	-152.595001	19.481300	-1.170549	27.649010	1254.189021	0.000000
-173.600000	-21.580000	-152.595001	19.731300	-1.185367	27.537246	1260.393328	0.000000
-173.600000	-21.580000	-152.595001	19.981300	-0.866640	27.426821	1266.505128	0.000000
-173.600000	-21.580000	-152.595001	20.231300	-0.720786	27.317588	1272.616929	0.000000
-173.600000	-21.580000	-152.595001	20.481300	-0.575708	27.209662	1278.728730	0.000000
-173.600000	-21.580000	-152.595001	20.731300	-0.431255	27.102895	1284.840530	0.000000
-173.600000	-21.580000	-152.595001	20.981300	-0.287543	26.997407	1290.952331	0.000000
-173.600000	-21.580000	-152.595001	21.231300	-0.144417	26.893046	1297.064132	0.000000
-173.600000	-21.580000	-152.595001	21.481300	-0.001997	26.789934	1303.175932	0.000000
-173.600000	-21.580000	-152.595001	21.731300	0.139874	26.687919	1309.287733	0.000000
-173.600000	-21.580000	-152.595001	21.981300	0.281074	26.587126	1315.399534	0.000000
-173.600000	-21.580000	-152.595001	22.231300	0.421760	26.487400	1321.511334	0.000000
-173.600000	-21.580000	-152.595001	22.481300	0.561809	26.388869	1327.623135	0.000000
-173.600000	-21.580000	-152.595001	22.731300	0.701379	26.291376	1333.734936	0.000000
-173.600000	-21.580000	-152.595001	22.981300	0.840345	26.195052	1339.846736	0.000000
-173.600000	-21.580000	-152.595001	23.231300	0.978868	26.099740	1345.958537	0.000000
-173.600000	-21.580000	-152.595001	23.481300	1.116818	26.005570	1352.070338	0.000000
-173.600000	-21.580000	-152.595001	23.731300	1.254360	25.912385	1358.182138	0.000000
-173.600000	-21.580000	-152.595001	23.981300	1.391360	25.820319	1364.293939	0.000000
-173.600000	-21.580000	-152.345001	17.481300	2.630523	28.880812	1207.252851	0.000000
-173.600000	-21.580000	-152.345001	17.731300	2.789055	28.757642	1213.032670	0.000000
-173.600000	-21.580000	-152.345001	17.981300	2.454599	28.635868	1218.812488	0.000000
-173.600000	-21.580000	-152.345001	18.231300	-0.761882	28.515508	1224.818018	0.000000
-173.600000	-21.580000	-152.345001	18.481300	-1.747855	28.396509	1231.216049	0.000000
-173.600000	-21.580000	-152.345001	18.731300	-1.624338	28.278886	1237.614080	0.000000
-173.600000	-21.580000	-152.345001	18.981300	-1.790697	28.162590	1244.027633	0.000000
-173.600000	-21.580000	-152.345001	19.231300	-1.823935	28.047635	1250.634423	0.000000
-173.600000	-21.580000	-152.345001	19.481300	-1.826522	27.933974	1257.152865	0.000000
-173.600000	-21.580000	-152.345001	19.731300	-1.297530	27.821620	1263.264665	0.000000
-173.600000	-21.580000	-152.345001	19.981300	-1.150345	27.710527	1269.376466	0.000000
-173.600000	-21.580000	-152.345001	20.231300	-1.003906	27.600708	1275.488267	0.000000
-173.600000	-21.580000	-152.345001	20.481300	-0.858166	27.492120	1281.600067	0.000000
-173.600000	-21.580000	-152.345001	20.731300	-0.713133	27.384773	1287.711868	0.000000
-173.600000	-21.580000	-152.345001	20.981300	-0.568763	27.278627	1293.823669	0.000000
-173.600000	-21.580000	-152.345001	21.231300	-0.425063	27.173692	1299.935469	0.000000
-173.600000	-21.580000	-152.345001	21.481300	-0.281991	27.069929	1306.047270	0.000000
-173.600000	-21.580000	-152.345001	21.731300	-0.139552	26.967346	1312.159071	0.000000
-173.600000	-21.580000	-152.345001	21.981300	0.002293	26.865906	1318.270871	0.000000
-173.600000	-21.580000	-152.345001	22.231300	0.143542	26.765618	1324.382672	0.000000
-173.600000	-21.580000	-152.345001	22.481300	0.284230	26.666447	1330.494473	0.000000
-173.600000	-21.580000	-152.345001	22.731300	0.424356	26.568399	1336.606273	0.000000
-173.600000	-21.580000	-152.345001	22.981300	0.563956	26.471442	1342.718074	0.000000
-173.600000	-21.580000	-152.095001	17.731300	2.501130	29.045567	1216.412466	0.000000
-173.600000	-21.580000	-152.095001	17.981300	2.659412	28.923206	1222.192284	0.000000
-173.600000	-21.580000	-152.095001	18.231300	0.880771	28.802188	1227.972102	0.000000
-173.600000	-21.580000	-152.095001	18.481300	-1.837006	28.682605	1234.261158	0.000000
-173.600000	-21.580000	-152.095001	18.731300	-1.922470	28.564327	1240.659189	0.000000
-173.600000	-21.580000	-152.095001	18.981300	-2.087954	28.447450	1247.079824	0.000000
-173.600000	-21.580000	-152.095001	19.231300	-1.791690	28.331843	1253.686614	0.000000
-173.600000	-21.580000	-152.095001	19.481300	-2.145400	28.217606	1260.024202	0.000000
-173.600000	-21.580000	-152.095001	19.731300	-1.580514	28.104604	1266.136003	0.000000
-173.600000	-21.580000	-152.095001	19.981300	-1.432758	27.992939	1272.247804	0.000000
-173.600000	-21.580000	-152.095001	20.231300	-1.285674	27.882476	1278.359604	0.000000
-173.600000	-21.580000	-152.095001	20.481300	-1.139368	27.773321	1284.471405	0.000000
-173.600000	-21.580000	-152.095001	20.731300	-0.993695	27.665335	1290.583206	0.000000
-173.600000	-21.580000	-152.095001	20.981300	-0.848764	27.558628	1296.695006	0.000000
-173.600000	-21.580000	-152.095001	21.231300	-0.704429	27.453058	1302.806807	0.000000
-173.600000	-21.580000	-152.095001	21.481300	-0.560801	27.348738	1308.918608	0.000000
-173.600000	-21.580000	-152.095001	21.731300	-0.417732	27.245526	1315.030408	0.000000
-173.600000	-21.580000	-152.095001	21.981300	-0.275336	27.143536	1321.142209	0.000000
-173.600000	-21.580000	-152.095001	22.231300	-0.133464	27.042624	1327.254010	0.000000
-173.600000	-21.580000	-151.845001	18.231300	2.149465	29.087577	1231.351899	0.000000
-173.600000	-21.580000	-151.845001	18.481300	-0.886614	28.967354	1237.306267	1.000000
-173.600000	-21.580000	-151.845001	18.731300	-2.219338	28.848513	1243.704298	1.000000
-173.600000	-21.580000	-151.845001	18.981300	-2.383889	28.731000	1250.132015	1.000000
-173.600000	-21.580000	-151.845001	19.231300	-2.267656	28.614833	1256.738804	1.000000
-173.600000	-21.580000	-151.845001	19.481300	-2.095272	28.499962	1262.895540	0.000000
-173.600000	-21.580000	-151.845001	19.731300	-1.862313	28.386403	1269.007341	0.000000
-173.600000	-21.580000	-151.845001	19.981300	-1.713927	28.274109	1275.119142	0.000000
-173.600000	-21.580000	-151.845001	20.231300	-1.566292	28.163094	1281.230942	0.000000
-173.600000	-21.580000	-151.845001	20.481300	-1.419359	28.053312	1287.342743	0.000000
-173.600000	-21.580000	-151.845001	20.731300	-1.273139	27.944779	1293.454544	0.000000
-173.600000	-21.580000	-151.845001	20.981300	-1.127585	27.837449	1299.566344	0.000000
-173.600000	-21.580000	-151.845001	21.231300	-0.982708	27.731337	1305.678145	0.000000
-173.600000	-21.580000	-151.595001	18.481300	0.766079	29.250685	1240.511513	1.000000
-173.600000	-21.580000	-151.595001	18.731300	-2.225465	29.131228	1246.749407	1.000000
-173.600000	-21.580000	-151.595001	18.981300	-2.439029	29.013171	1253.184206	1.000000
-173.600000	-21.580000	-151.595001	19.231300	-2.923294	28.896391	1259.655077	1.000000
-173.600000	-21.580000	-151.595001	19.481300	-2.292454	28.780978	1265.766878	1.000000
-173.600000	-21.580000	-151.595001	19.731300	-2.142719	28.666809	1271.878679	0.000000
-173.600000	-21.580000	-151.595001	19.981300	-1.993795	28.553977	1277.990479	0.000000
-173.600000	-21.580000	-151.595001	20.231300	-1.845552	28.442354	1284.102280	0.000000
-173.600000	-21.580000	-151.345001	18.731300	-1.088230	29.412684	1249.794516	1.000000
-173.600000	-21.580000	-151.345001	18.981300	-2.417844	29.294029	1256.236396	1.000000
-173.600000	-21.580000	-151.345001	19.231300	-3.052557	29.176724	1262.526415	1.000000
-173.600000	-21.580000	-151.345001	19.481300	-2.572192	29.060716	1268.638216	1.000000
-173.600000	-21.580000	-151.095001	18.981300	-1.991526	29.573503	1259.285952	1.000000
-173.600000	-21.580000	-151.095001	19.231300	-3.002142	29.455623	1265.397753	1.000000
