-152.765793	25.592800	1274.729000	154.440000	46.240000
-158.903000	21.298401	1251.414000	154.440000	46.240000
-160.047501	19.823400	1258.018000	154.440000	46.240000
-161.095001	23.997200	1153.293000	154.440000	46.240000
-158.933105	24.573799	1177.434000	154.440000	46.240000
-158.185394	22.620199	1233.278000	154.440000	46.240000
-154.251801	21.168699	1331.265000	154.440000	46.240000
-150.914993	18.914200	1433.011000	154.440000	46.240000
-149.000900	16.989000	1504.526000	154.440000	46.240000
-151.686600	14.689100	1512.211000	154.440000	46.240000
-153.967499	14.731300	1467.292000	154.440000	46.240000
-156.206604	16.162001	1398.269000	154.440000	46.240000
-157.859100	14.659600	1396.563000	154.440000	46.240000
-157.700806	16.348400	1365.916000	154.440000	46.240000
-158.982498	15.574000	1356.288000	154.440000	46.240000
-158.760193	18.564699	1305.278000	154.440000	46.240000
-158.179504	20.377800	1281.925000	154.440000	46.240000
