-155.772995	19.079000	1186.364000	1.101224
-155.996994	20.771000	1142.344000	-0.086616
-156.658005	20.891001	1144.349000	-1.116739
-159.664993	22.122999	1130.336000	-1.887672
-156.755997	21.136000	1138.357000	-1.025009
-161.095001	23.997200	1092.324000	-0.411383
-158.933105	24.573799	1059.502000	-1.892438
-155.765305	26.776699	980.339000	-0.453115
-152.765793	25.592800	993.556000	NaN
-158.185394	22.620199	1107.321000	-0.876284
-151.637604	16.737801	1226.701000	NaN
-151.686600	14.689100	1281.399000	NaN
-153.967499	14.731300	1290.340000	0.995746
-156.206604	16.162001	1268.346000	0.617021
-158.982498	15.574000	1301.331000	-0.584468
-158.760193	18.564699	1221.327000	0.344442
-155.765305	26.776699	980.290000	-0.453115
-156.964600	24.312099	1054.317000	-1.572099
-155.636200	22.299900	1098.067000	1.052800
-156.387695	17.614901	1232.932000	-2.619637
-158.179504	20.377800	1167.913000	-0.612771
