-155.772995	19.079000	2032.587000	1.907172
-155.996994	20.771000	2025.567000	0.716587
-156.658005	20.891001	2042.557000	1.401578
-159.664993	22.122999	2110.549000	-0.054705
-160.047501	19.823400	2136.543000	0.690534
-161.314896	21.956301	2152.558000	-0.490151
-161.095001	23.997200	2130.558000	-1.326637
-158.933105	24.573799	2072.564000	-2.926733
-156.964600	24.312099	2029.560000	1.247408
-158.185394	22.620199	2069.551000	0.227136
-154.251801	21.168699	1978.546000	0.079258
-150.914993	18.914200	1910.472000	NaN
-153.967499	14.731300	2017.564000	NaN
-156.206604	16.162001	2060.567000	3.043297
-157.700806	16.348400	2096.552000	4.899496
-158.982498	15.574000	2133.546000	5.198330
-158.760193	18.564699	2112.563000	3.818050
-158.179504	20.377800	2086.086000	0.344374
