-110.690000	26.250000	-160.814896	21.439100	-1.361061	253.681513	1278.224741	1.000000
-110.690000	26.250000	-160.814896	21.689100	-1.451767	253.915103	1276.182535	1.000000
-110.690000	26.250000	-160.814896	21.939100	-1.680035	254.149463	1274.140329	1.000000
-110.690000	26.250000	-160.814896	22.189100	-1.919344	254.384727	1272.092498	1.000000
-110.690000	26.250000	-160.814896	22.439100	-2.134290	254.620745	1270.042577	1.000000
-110.690000	26.250000	-160.814896	22.689100	-2.341403	254.857648	1267.992656	1.000000
-110.690000	26.250000	-160.814896	22.939100	-2.548932	255.095290	1265.942735	0.000000
-110.690000	26.250000	-160.814896	23.189100	-2.757004	255.333797	1263.892814	1.000000
-110.690000	26.250000	-160.814896	23.439100	-2.970442	255.573026	1261.842893	1.000000
-110.690000	26.250000	-160.814896	23.689100	-3.245339	255.813098	1259.787014	1.000000
-110.690000	26.250000	-160.564896	20.689100	-0.259686	253.008052	1278.341950	1.000000
-110.690000	26.250000	-160.564896	20.939100	-1.054381	253.240909	1276.304061	0.000000
-110.690000	26.250000	-160.564896	21.189100	-1.067720	253.474566	1274.261855	0.000000
-110.690000	26.250000	-160.564896	21.439100	-1.274233	253.709163	1272.219649	1.000000
-110.690000	26.250000	-160.564896	21.689100	-1.481204	253.944541	1270.177443	2.000000
-110.690000	26.250000	-160.564896	21.939100	-1.708280	254.180845	1268.135238	2.000000
-110.690000	26.250000	-160.564896	22.189100	-1.949396	254.417910	1266.088186	2.000000
-110.690000	26.250000	-160.564896	22.439100	-2.169431	254.655887	1264.038265	2.000000
-110.690000	26.250000	-160.564896	22.689100	-2.378358	254.894604	1261.988344	0.000000
-110.690000	26.250000	-160.564896	22.939100	-2.587860	255.134218	1259.938423	0.000000
-110.690000	26.250000	-160.564896	23.189100	-2.823303	255.374551	1257.888502	1.000000
-110.690000	26.250000	-160.564896	23.439100	-3.099634	255.615765	1255.824783	1.000000
-110.690000	26.250000	-160.564896	23.689100	-3.329391	255.857677	1253.749621	1.000000
-110.690000	26.250000	-160.314896	19.939100	0.843350	252.331105	1278.180605	1.000000
-110.690000	26.250000	-160.314896	20.189100	0.325236	252.563129	1276.353167	1.000000
-110.690000	26.250000	-160.314896	20.439100	-0.480073	252.795979	1274.383381	1.000000
-110.690000	26.250000	-160.314896	20.689100	-0.684108	253.029803	1272.341175	1.000000
-110.690000	26.250000	-160.314896	20.939100	-0.885355	253.264439	1270.298970	0.000000
-110.690000	26.250000	-160.314896	21.189100	-1.093187	253.500032	1268.256764	0.000000
-110.690000	26.250000	-160.314896	21.439100	-1.301494	253.736423	1266.214558	1.000000
-110.690000	26.250000	-160.314896	21.689100	-1.510416	253.973753	1264.172352	2.000000
-110.690000	26.250000	-160.314896	21.939100	-1.736163	254.211865	1262.130146	2.000000
-110.690000	26.250000	-160.314896	22.189100	-1.979251	254.450897	1260.083874	2.000000
-110.690000	26.250000	-160.314896	22.439100	-2.204240	254.690696	1258.033953	1.000000
-110.690000	26.250000	-160.314896	22.689100	-2.409356	254.931394	1255.984032	1.000000
-110.690000	26.250000	-160.314896	22.939100	-2.672640	255.172843	1253.934111	0.000000
-110.690000	26.250000	-160.314896	23.189100	-2.950376	255.415171	1251.862552	0.000000
-110.690000	26.250000	-160.314896	23.439100	-3.161197	255.658233	1249.787390	1.000000
-110.690000	26.250000	-160.314896	23.689100	-3.373865	255.902151	1247.712229	1.000000
-110.690000	26.250000	-160.314896	23.939100	-3.586925	256.146785	1245.637068	1.000000
-110.690000	26.250000	-160.064896	19.439100	1.358613	251.881900	1276.191822	1.000000
-110.690000	26.250000	-160.064896	19.689100	1.064469	252.113846	1274.364385	1.000000
-110.690000	26.250000	-160.064896	19.939100	0.370158	252.346787	1272.462701	1.000000
-110.690000	26.250000	-160.064896	20.189100	-0.169179	252.580579	1270.420496	1.000000
-110.690000	26.250000	-160.064896	20.439100	-0.329933	252.815353	1268.378290	1.000000
-110.690000	26.250000	-160.064896	20.689100	-0.589654	253.050962	1266.336084	1.000000
-110.690000	26.250000	-160.064896	20.939100	-0.850173	253.287540	1264.293878	0.000000
-110.690000	26.250000	-160.064896	21.189100	-1.111336	253.524933	1262.251672	0.000000
-110.690000	26.250000	-160.064896	21.439100	-1.328352	253.763282	1260.209466	1.000000
-110.690000	26.250000	-160.064896	21.689100	-1.539090	254.002427	1258.167261	1.000000
-110.690000	26.250000	-160.064896	21.939100	-1.763675	254.242513	1256.125055	1.000000
-110.690000	26.250000	-160.064896	22.189100	-2.008597	254.483374	1254.079562	1.000000
-110.690000	26.250000	-160.064896	22.439100	-2.239166	254.725162	1252.029641	1.000000
-110.690000	26.250000	-160.064896	22.689100	-2.518254	254.967704	1249.975482	1.000000
-110.690000	26.250000	-160.064896	22.939100	-2.780570	255.211156	1247.900321	1.000000
-110.690000	26.250000	-160.064896	23.189100	-2.989232	255.455340	1245.825159	0.000000
-110.690000	26.250000	-160.064896	23.439100	-3.203383	255.700418	1243.749998	0.000000
-110.690000	26.250000	-160.064896	23.689100	-3.417918	255.946204	1241.674837	1.000000
-110.690000	26.250000	-160.064896	23.939100	-3.633008	256.192867	1239.599676	1.000000
-110.690000	26.250000	-159.814896	18.689100	2.015170	251.197692	1276.030477	0.000000
-110.690000	26.250000	-159.814896	18.939100	1.596594	251.428616	1274.190362	1.000000
-110.690000	26.250000	-159.814896	19.189100	1.234619	251.660580	1272.290570	1.000000
-110.690000	26.250000	-159.814896	19.439100	0.845931	251.893413	1270.390777	1.000000
-110.690000	26.250000	-159.814896	19.689100	0.149116	252.127271	1268.394616	1.000000
-110.690000	26.250000	-159.814896	19.939100	0.250940	252.361985	1266.264861	1.000000
-110.690000	26.250000	-159.814896	20.189100	0.509896	252.597708	1264.260223	1.000000
-110.690000	26.250000	-159.814896	20.439100	0.250679	252.834273	1262.255584	1.000000
-110.690000	26.250000	-159.814896	20.689100	-0.009358	253.071829	1260.250945	1.000000
-110.690000	26.250000	-159.814896	20.939100	-0.270049	253.310214	1258.246306	0.000000
-110.690000	26.250000	-159.814896	21.189100	-0.661802	253.549572	1256.241667	1.000000
-110.690000	26.250000	-159.814896	21.439100	-1.073885	253.789744	1254.204375	1.000000
-110.690000	26.250000	-159.814896	21.689100	-1.356706	254.030870	1252.162169	1.000000
-110.690000	26.250000	-159.814896	21.939100	-1.630580	254.272794	1250.119963	1.000000
-110.690000	26.250000	-159.814896	22.189100	-1.883696	254.515652	1248.075250	1.000000
-110.690000	26.250000	-159.814896	22.439100	-2.347749	254.759291	1246.013251	1.000000
-110.690000	26.250000	-159.814896	22.689100	-2.598619	255.003845	1243.938090	1.000000
-110.690000	26.250000	-159.814896	22.939100	-2.813657	255.249162	1241.862928	1.000000
-110.690000	26.250000	-159.814896	23.189100	-3.029264	255.495372	1239.787767	0.000000
-110.690000	26.250000	-159.814896	23.439100	-3.245292	255.742327	1237.712606	0.000000
-110.690000	26.250000	-159.814896	23.689100	-3.461867	255.990153	1235.637445	0.000000
-110.690000	26.250000	-159.814896	23.939100	-3.678845	256.238705	1233.562284	0.000000
-110.690000	26.250000	-159.564896	17.939100	2.423341	250.510641	1275.857175	1.000000
-110.690000	26.250000	-159.564896	18.189100	2.058412	250.740460	1273.957383	1.000000
-110.690000	26.250000	-159.564896	18.439100	1.950664	250.971325	1272.057590	1.000000
-110.690000	26.250000	-159.564896	18.689100	1.840950	251.203110	1270.157798	1.000000
-110.690000	26.250000	-159.564896	18.939100	1.712204	251.435930	1268.258005	2.000000
-110.690000	26.250000	-159.564896	19.189100	1.239596	251.669654	1266.358213	2.000000
-110.690000	26.250000	-159.564896	19.439100	0.326518	251.904403	1264.367800	1.000000
-110.690000	26.250000	-159.564896	19.689100	-0.328797	252.140039	1262.209331	1.000000
-110.690000	26.250000	-159.564896	19.939100	0.039295	252.376688	1260.050862	1.000000
-110.690000	26.250000	-159.564896	20.189100	0.516807	252.614206	1258.029282	1.000000
-110.690000	26.250000	-159.564896	20.439100	0.370852	252.852724	1256.024643	1.000000
-110.690000	26.250000	-159.564896	20.689100	0.157385	253.092093	1254.020004	1.000000
-110.690000	26.250000	-159.564896	20.939100	-0.056762	253.332449	1252.015366	0.000000
-110.690000	26.250000	-159.564896	21.189100	-0.271431	253.573636	1250.010727	1.000000
-110.690000	26.250000	-159.564896	21.439100	-0.528124	253.815796	1248.006088	1.000000
-110.690000	26.250000	-159.564896	21.689100	-0.791661	254.058766	1246.001449	1.000000
-110.690000	26.250000	-159.564896	21.939100	-1.184506	254.302695	1243.996810	1.000000
-110.690000	26.250000	-159.564896	22.189100	-1.098651	254.547412	1241.921757	1.000000
-110.690000	26.250000	-159.564896	22.439100	-1.369214	254.793072	1239.966691	1.000000
-110.690000	26.250000	-159.564896	22.689100	-2.208874	255.039498	1237.900697	1.000000
-110.690000	26.250000	-159.564896	22.939100	-2.620693	255.286850	1235.825536	1.000000
-110.690000	26.250000	-159.564896	23.189100	-2.999540	255.534946	1233.750375	0.000000
-110.690000	26.250000	-159.564896	23.439100	-3.286915	255.783950	1231.675214	0.000000
-110.690000	26.250000	-159.564896	23.689100	-3.505388	256.033674	1229.600052	0.000000
-110.690000	26.250000	-159.564896	23.939100	-3.724429	256.284288	1227.524891	1.000000
-110.690000	26.250000	-159.314896	17.189100	2.886322	249.821238	1275.624195	0.000000
-110.690000	26.250000	-159.314896	17.439100	2.780076	250.049821	1273.724403	0.000000
-110.690000	26.250000	-159.314896	17.689100	2.671692	250.279509	1271.824610	0.000000
-110.690000	26.250000	-159.314896	17.939100	2.545285	250.510117	1269.924818	1.000000
-110.690000	26.250000	-159.314896	18.189100	2.336305	250.741816	1268.025026	1.000000
-110.690000	26.250000	-159.314896	18.439100	2.126725	250.974425	1266.125233	1.000000
-110.690000	26.250000	-159.314896	18.689100	1.916377	251.208111	1264.225441	1.000000
-110.690000	26.250000	-159.314896	18.939100	1.458340	251.442695	1262.325648	1.000000
-110.690000	26.250000	-159.314896	19.189100	0.542359	251.678340	1260.340984	2.000000
-110.690000	26.250000	-159.314896	19.439100	-0.129992	251.914871	1258.182515	1.000000
-110.690000	26.250000	-159.314896	19.689100	-0.341206	252.152448	1256.024046	1.000000
-110.690000	26.250000	-159.314896	19.939100	-0.193589	252.390897	1253.865576	1.000000
-110.690000	26.250000	-159.314896	20.189100	0.320389	252.630375	1251.798342	1.000000
-110.690000	26.250000	-159.314896	20.439100	0.352865	252.870711	1249.793703	1.000000
-110.690000	26.250000	-159.314896	20.689100	0.137419	253.112059	1247.789064	0.000000
-110.690000	26.250000	-159.314896	20.939100	-0.078562	253.354249	1245.784425	0.000000
-110.690000	26.250000	-159.314896	21.189100	-0.295227	253.597432	1243.779786	1.000000
-110.690000	26.250000	-159.314896	21.439100	-0.498867	253.841443	1241.775148	1.000000
-110.690000	26.250000	-159.314896	21.689100	-1.006176	254.086426	1239.770509	1.000000
-110.690000	26.250000	-159.314896	21.939100	-1.550277	254.332221	1237.650309	1.000000
-110.690000	26.250000	-159.314896	22.189100	-1.207514	254.578967	1235.518628	1.000000
-110.690000	26.250000	-159.314896	22.439100	-0.640193	254.826508	1233.527148	1.000000
-110.690000	26.250000	-159.314896	22.689100	-0.852160	255.074979	1231.572082	1.000000
-110.690000	26.250000	-159.314896	22.939100	-1.215938	255.324226	1229.617016	1.000000
-110.690000	26.250000	-159.314896	23.189100	-1.850289	255.574381	1227.661950	0.000000
-110.690000	26.250000	-159.314896	23.439100	-2.688212	255.825293	1225.637821	0.000000
-110.690000	26.250000	-159.314896	23.689100	-3.263939	256.077089	1223.562660	1.000000
-110.690000	26.250000	-159.314896	23.939100	-3.644600	256.329623	1221.487499	1.000000
-110.690000	26.250000	-159.314896	24.189100	-3.991261	256.583017	1219.412338	1.000000
-110.690000	26.250000	-159.064896	16.689100	3.667183	249.356899	1273.491423	0.000000
-110.690000	26.250000	-159.064896	16.939100	3.506794	249.585272	1271.591631	0.000000
-110.690000	26.250000	-159.064896	17.189100	3.264025	249.814631	1269.691838	0.000000
-110.690000	26.250000	-159.064896	17.439100	3.020420	250.045074	1267.792046	0.000000
-110.690000	26.250000	-159.064896	17.689100	2.776092	250.276488	1265.892253	1.000000
-110.690000	26.250000	-159.064896	17.939100	2.546424	250.508978	1263.992461	1.000000
-110.690000	26.250000	-159.064896	18.189100	2.335697	250.742424	1262.092669	1.000000
-110.690000	26.250000	-159.064896	18.439100	2.124214	250.976936	1260.192876	1.000000
-110.690000	26.250000	-159.064896	18.689100	1.680802	251.212389	1258.293084	1.000000
-110.690000	26.250000	-159.064896	18.939100	0.761960	251.448897	1256.314168	1.000000
-110.690000	26.250000	-159.064896	19.189100	0.072519	251.686328	1254.155699	1.000000
-110.690000	26.250000	-159.064896	19.439100	-0.139926	251.924804	1251.997229	1.000000
-110.690000	26.250000	-159.064896	19.689100	-0.352944	252.164186	1249.838760	1.000000
-110.690000	26.250000	-159.064896	19.939100	-0.387309	252.404600	1247.680291	2.000000
-110.690000	26.250000	-159.064896	20.189100	0.124864	252.645901	1245.567401	2.000000
-110.690000	26.250000	-159.064896	20.439100	0.335356	252.888221	1243.562762	1.000000
-110.690000	26.250000	-159.064896	20.689100	0.118070	253.131408	1241.558123	1.000000
-110.690000	26.250000	-159.064896	20.939100	-0.099914	253.375602	1239.553485	0.000000
-110.690000	26.250000	-159.064896	21.189100	-0.318953	253.620641	1237.548846	0.000000
-110.690000	26.250000	-159.064896	21.439100	-0.871695	253.866672	1235.533478	1.000000
-110.690000	26.250000	-159.064896	21.689100	-1.375365	254.113529	1233.401797	1.000000
-110.690000	26.250000	-159.064896	21.939100	-1.580273	254.361361	1231.270116	1.000000
-110.690000	26.250000	-159.064896	22.189100	-1.492983	254.609995	1229.138435	2.000000
-110.690000	26.250000	-159.064896	22.439100	-0.898937	254.859590	1227.087605	2.000000
-110.690000	26.250000	-159.064896	22.689100	-0.757939	255.109963	1225.132539	2.000000
-110.690000	26.250000	-159.064896	22.939100	-0.981962	255.361279	1223.177473	2.000000
-110.690000	26.250000	-159.064896	23.189100	-1.206450	255.613350	1221.222407	1.000000
-110.690000	26.250000	-159.064896	23.439100	-1.511390	255.866345	1219.267341	0.000000
-110.690000	26.250000	-159.064896	23.689100	-1.877309	256.120071	1217.312275	1.000000
-110.690000	26.250000	-159.064896	23.939100	-2.350640	256.374701	1215.357209	1.000000
-110.690000	26.250000	-159.064896	24.189100	-3.186691	256.630036	1213.374946	1.000000
-110.690000	26.250000	-159.064896	24.439100	-4.007567	256.886256	1211.299784	1.000000
-110.690000	26.250000	-158.814896	15.939100	5.148753	248.662125	1273.061611	1.000000
-110.690000	26.250000	-158.814896	16.189100	4.908806	248.889122	1271.187859	1.000000
-110.690000	26.250000	-158.814896	16.439100	4.668129	249.117090	1269.314107	1.000000
-110.690000	26.250000	-158.814896	16.689100	4.426541	249.346210	1267.440355	0.000000
-110.690000	26.250000	-158.814896	16.939100	4.184234	249.576290	1265.566603	0.000000
-110.690000	26.250000	-158.814896	17.189100	3.941030	249.807511	1263.692852	0.000000
-110.690000	26.250000	-158.814896	17.439100	3.697120	250.039683	1261.819100	0.000000
-110.690000	26.250000	-158.814896	17.689100	3.405072	250.272982	1259.945348	1.000000
-110.690000	26.250000	-158.814896	17.939100	3.052497	250.507222	1258.060104	1.000000
-110.690000	26.250000	-158.814896	18.189100	2.742473	250.742575	1256.160311	1.000000
-110.690000	26.250000	-158.814896	18.439100	2.164787	250.978858	1254.260519	1.000000
-110.690000	26.250000	-158.814896	18.689100	1.107057	251.216239	1252.287352	1.000000
-110.690000	26.250000	-158.814896	18.939100	0.338398	251.454537	1250.128882	1.000000
-110.690000	26.250000	-158.814896	19.189100	0.064928	251.693919	1247.970413	1.000000
-110.690000	26.250000	-158.814896	19.439100	-0.149325	251.934204	1245.811944	1.000000
-110.690000	26.250000	-158.814896	19.689100	-0.364314	252.175556	1243.653475	1.000000
-110.690000	26.250000	-158.814896	19.939100	-0.579861	252.417798	1241.495005	1.000000
-110.690000	26.250000	-158.814896	20.189100	-0.130003	252.661089	1239.336536	1.000000
-110.690000	26.250000	-158.814896	20.439100	0.318022	252.905256	1237.331822	1.000000
-110.690000	26.250000	-158.814896	20.689100	0.099025	253.150453	1235.327183	1.000000
-110.690000	26.250000	-158.814896	20.939100	-0.180392	253.396509	1233.322544	1.000000
-110.690000	26.250000	-158.814896	21.189100	-0.733484	253.643577	1231.284965	0.000000
-110.690000	26.250000	-158.814896	21.439100	-1.166711	253.891488	1229.153284	0.000000
-110.690000	26.250000	-158.814896	21.689100	-1.387616	254.140390	1227.021603	1.000000
-110.690000	26.250000	-158.814896	21.939100	-1.609030	254.390118	1224.889922	2.000000
-110.690000	26.250000	-158.814896	22.189100	-1.749470	254.640815	1222.758241	2.000000
-110.690000	26.250000	-158.814896	22.439100	-1.202212	254.892321	1220.648062	2.000000
-110.690000	26.250000	-158.814896	22.689100	-0.792748	255.144772	1218.692996	2.000000
-110.690000	26.250000	-158.814896	22.939100	-1.018697	255.398014	1216.737930	1.000000
-110.690000	26.250000	-158.814896	23.189100	-1.245278	255.652178	1214.782864	1.000000
-110.690000	26.250000	-158.814896	23.439100	-1.472340	255.907112	1212.827798	0.000000
-110.690000	26.250000	-158.814896	23.689100	-1.732610	256.162945	1210.872732	1.000000
-110.690000	26.250000	-158.814896	23.939100	-2.066799	256.419527	1208.917666	1.000000
-110.690000	26.250000	-158.814896	24.189100	-2.190149	256.676982	1206.962600	1.000000
-110.690000	26.250000	-158.564896	15.939100	4.711626	248.645367	1266.778926	2.000000
-110.690000	26.250000	-158.564896	16.189100	5.143473	248.874050	1264.905174	2.000000
-110.690000	26.250000	-158.564896	16.439100	4.933025	249.103857	1263.031422	2.000000
-110.690000	26.250000	-158.564896	16.689100	4.721847	249.334685	1261.157671	1.000000
-110.690000	26.250000	-158.564896	16.939100	4.509847	249.566628	1259.283919	0.000000
-110.690000	26.250000	-158.564896	17.189100	4.297130	249.799579	1257.410167	0.000000
-110.690000	26.250000	-158.564896	17.439100	4.083598	250.033637	1255.536415	0.000000
-110.690000	26.250000	-158.564896	17.689100	3.863360	250.268688	1253.662663	1.000000
-110.690000	26.250000	-158.564896	17.939100	3.619537	250.504836	1251.788911	1.000000
-110.690000	26.250000	-158.564896	18.189100	3.435697	250.741962	1249.918108	1.000000
-110.690000	26.250000	-158.564896	18.439100	2.484883	250.980176	1248.066710	1.000000
-110.690000	26.250000	-158.564896	18.689100	1.393532	251.219351	1246.012351	1.000000
-110.690000	26.250000	-158.564896	18.939100	0.879760	251.459602	1243.900090	1.000000
-110.690000	26.250000	-158.564896	19.189100	0.421258	251.700797	1241.785128	1.000000
-110.690000	26.250000	-158.564896	19.439100	-0.027931	251.943057	1239.626659	1.000000
-110.690000	26.250000	-158.564896	19.689100	-0.307719	252.186241	1237.468189	1.000000
-110.690000	26.250000	-158.564896	19.939100	-0.588495	252.430478	1235.309720	1.000000
-110.690000	26.250000	-158.564896	20.189100	-0.385244	252.675621	1233.151251	1.000000
-110.690000	26.250000	-158.564896	20.439100	0.121342	252.921802	1231.100881	1.000000
-110.690000	26.250000	-158.564896	20.689100	-0.037931	253.168868	1229.096242	1.000000
-110.690000	26.250000	-158.564896	20.939100	-0.591360	253.416959	1227.036452	1.000000
-110.690000	26.250000	-158.564896	21.189100	-0.968816	253.665914	1224.904771	1.000000
-110.690000	26.250000	-158.564896	21.439100	-1.191101	253.915878	1222.773090	0.000000
-110.690000	26.250000	-158.564896	21.689100	-1.413909	254.166683	1220.641409	1.000000
-110.690000	26.250000	-158.564896	21.939100	-1.637393	254.418481	1218.509728	1.000000
-110.690000	26.250000	-158.564896	22.189100	-1.861378	254.671097	1216.378047	1.000000
-110.690000	26.250000	-158.564896	22.439100	-1.532332	254.924690	1214.246366	1.000000
-110.690000	26.250000	-158.564896	22.689100	-0.970988	255.179076	1212.253454	1.000000
-110.690000	26.250000	-158.564896	22.939100	-1.055103	255.434420	1210.298387	1.000000
-110.690000	26.250000	-158.564896	23.189100	-1.381511	255.690532	1208.343321	1.000000
-110.690000	26.250000	-158.564896	23.439100	-1.609203	255.947584	1206.388255	1.000000
-110.690000	26.250000	-158.564896	23.689100	-1.592998	256.205378	1204.461526	1.000000
-110.690000	26.250000	-158.564896	23.939100	-1.684466	256.464092	1202.598049	1.000000
-110.690000	26.250000	-158.314896	15.939100	3.725649	248.627873	1260.537007	2.000000
-110.690000	26.250000	-158.314896	16.189100	4.994285	248.858397	1258.622490	2.000000
-110.690000	26.250000	-158.314896	16.439100	4.946969	249.089913	1256.748738	1.000000
-110.690000	26.250000	-158.314896	16.689100	4.733927	249.322605	1254.874986	1.000000
-110.690000	26.250000	-158.314896	16.939100	4.520194	249.556280	1253.001234	1.000000
-110.690000	26.250000	-158.314896	17.189100	4.297096	249.791120	1251.127482	0.000000
-110.690000	26.250000	-158.314896	17.439100	4.075106	250.026932	1249.253730	0.000000
-110.690000	26.250000	-158.314896	17.689100	3.922280	250.263895	1247.384985	1.000000
-110.690000	26.250000	-158.314896	17.939100	3.748660	250.501819	1245.533587	1.000000
-110.690000	26.250000	-158.314896	18.189100	3.301700	250.740881	1243.682190	1.000000
-110.690000	26.250000	-158.314896	18.439100	2.285880	250.980891	1241.779803	1.000000
-110.690000	26.250000	-158.314896	18.689100	1.294778	251.222023	1239.682786	1.000000
-110.690000	26.250000	-158.314896	18.939100	1.017736	251.464092	1237.570526	1.000000
-110.690000	26.250000	-158.314896	19.189100	0.795839	251.707266	1235.458266	1.000000
-110.690000	26.250000	-158.314896	19.439100	0.516742	251.951363	1233.346005	2.000000
-110.690000	26.250000	-158.314896	19.689100	0.236627	252.196549	1231.233745	1.000000
-110.690000	26.250000	-158.314896	19.939100	-0.213277	252.442643	1229.121484	1.000000
-110.690000	26.250000	-158.314896	20.189100	-0.432036	252.689807	1226.965965	1.000000
-110.690000	26.250000	-158.314896	20.439100	-0.271655	252.937863	1224.869941	1.000000
-110.690000	26.250000	-158.314896	20.689100	-0.468557	253.186971	1222.787940	1.000000
-110.690000	26.250000	-158.314896	20.939100	-0.790388	253.436955	1220.656259	1.000000
-110.690000	26.250000	-158.314896	21.189100	-1.014142	253.687971	1218.524578	1.000000
-110.690000	26.250000	-158.314896	21.439100	-1.238436	253.939845	1216.392897	0.000000
-110.690000	26.250000	-158.314896	21.689100	-1.463420	254.192729	1214.261216	1.000000
-110.690000	26.250000	-158.314896	21.939100	-1.688928	254.446455	1212.129535	1.000000
-110.690000	26.250000	-158.314896	22.189100	-1.915105	254.701167	1209.997854	1.000000
-110.690000	26.250000	-158.314896	22.439100	-1.840028	254.956702	1207.866173	1.000000
-110.690000	26.250000	-158.314896	22.689100	-1.397976	255.213200	1205.813911	1.000000
-110.690000	26.250000	-158.314896	22.939100	-1.037105	255.470502	1203.858845	1.000000
-110.690000	26.250000	-158.314896	23.189100	-1.018805	255.728743	1201.988239	1.000000
-110.690000	26.250000	-158.314896	23.439100	-1.329357	255.987766	1200.124761	1.000000
-110.690000	26.250000	-158.314896	23.689100	-1.635915	256.247703	1198.261284	0.000000
-110.690000	26.250000	-158.064896	15.689100	1.010671	248.378459	1256.662838	2.000000
-110.690000	26.250000	-158.064896	15.939100	2.637391	248.609633	1254.415238	2.000000
-110.690000	26.250000	-158.064896	16.189100	4.240531	248.841867	1252.339805	1.000000
-110.690000	26.250000	-158.064896	16.439100	4.961635	249.075247	1250.466053	1.000000
-110.690000	26.250000	-158.064896	16.689100	4.735867	249.309672	1248.592301	1.000000
-110.690000	26.250000	-158.064896	16.939100	4.521844	249.545236	1246.718550	1.000000
-110.690000	26.250000	-158.064896	17.189100	4.368969	249.781830	1244.851862	1.000000
-110.690000	26.250000	-158.064896	17.439100	4.186743	250.019555	1243.000464	0.000000
-110.690000	26.250000	-158.064896	17.689100	3.947869	250.258296	1241.149067	0.000000
-110.690000	26.250000	-158.064896	17.939100	3.729035	250.498157	1239.297669	1.000000
-110.690000	26.250000	-158.064896	18.189100	2.916828	250.739018	1237.446271	1.000000
-110.690000	26.250000	-158.064896	18.439100	1.974980	250.980988	1235.446995	1.000000
-110.690000	26.250000	-158.064896	18.689100	1.309259	251.223941	1233.353222	1.000000
-110.690000	26.250000	-158.064896	18.939100	1.013836	251.467992	1231.240962	1.000000
-110.690000	26.250000	-158.064896	19.189100	0.793604	251.713008	1229.128701	1.000000
-110.690000	26.250000	-158.064896	19.439100	0.572606	251.959110	1227.016441	1.000000
-110.690000	26.250000	-158.064896	19.689100	0.350982	252.206157	1224.904180	1.000000
-110.690000	26.250000	-158.064896	19.939100	0.128605	252.454277	1222.791920	1.000000
-110.690000	26.250000	-158.064896	20.189100	-0.188522	252.703321	1220.679659	1.000000
-110.690000	26.250000	-158.064896	20.439100	-0.438900	252.953425	1218.557345	1.000000
-110.690000	26.250000	-158.064896	20.689100	-0.634193	253.204432	1216.425767	1.000000
-110.690000	26.250000	-158.064896	20.939100	-0.859235	253.456484	1214.294188	1.000000
-110.690000	26.250000	-158.064896	21.189100	-1.084838	253.709416	1212.162610	1.000000
-110.690000	26.250000	-158.064896	21.439100	-1.311150	253.963377	1210.031031	0.000000
-110.690000	26.250000	-158.064896	21.689100	-1.538000	254.218195	1207.899453	1.000000
-110.690000	26.250000	-158.064896	21.939100	-1.765542	254.474025	1205.767874	1.000000
-110.690000	26.250000	-158.064896	22.189100	-1.993599	254.730688	1203.636296	1.000000
-110.690000	26.250000	-158.064896	22.439100	-1.808440	254.988345	1201.504718	1.000000
-110.690000	26.250000	-158.064896	22.689100	-1.123724	255.246810	1199.514951	1.000000
-110.690000	26.250000	-158.064896	22.939100	-0.968895	255.506250	1197.651474	1.000000
-110.690000	26.250000	-158.064896	23.189100	-1.210235	255.766471	1195.787997	1.000000
-110.690000	26.250000	-158.064896	23.439100	-1.443779	256.027648	1193.924519	1.000000
-110.690000	26.250000	-158.064896	23.689100	-1.677791	256.289579	1192.061042	0.000000
-110.690000	26.250000	-157.814896	15.689100	0.745043	248.357756	1250.612897	1.000000
-110.690000	26.250000	-157.814896	15.939100	2.107558	248.590640	1248.293470	1.000000
-110.690000	26.250000	-157.814896	16.189100	3.394690	248.824739	1246.153389	1.000000
-110.690000	26.250000	-157.814896	16.439100	4.556466	249.059852	1244.183369	1.000000
-110.690000	26.250000	-157.814896	16.689100	4.820446	249.296169	1242.318739	1.000000
-110.690000	26.250000	-157.814896	16.939100	4.629776	249.533489	1240.467341	1.000000
-110.690000	26.250000	-157.814896	17.189100	4.392981	249.772000	1238.615944	1.000000
-110.690000	26.250000	-157.814896	17.439100	4.173924	250.011504	1236.764546	0.000000
-110.690000	26.250000	-157.814896	17.689100	3.953980	250.252185	1234.913148	0.000000
-110.690000	26.250000	-157.814896	17.939100	3.722224	250.493848	1233.061751	0.000000
-110.690000	26.250000	-157.814896	18.189100	2.652483	250.736673	1231.207605	1.000000
-110.690000	26.250000	-157.814896	18.439100	1.608314	250.980467	1229.114186	1.000000
-110.690000	26.250000	-157.814896	18.689100	1.324645	251.225408	1227.020767	1.000000
-110.690000	26.250000	-157.814896	18.939100	1.021776	251.471304	1224.911397	1.000000
-110.690000	26.250000	-157.814896	19.189100	0.788282	251.718330	1222.799137	0.000000
-110.690000	26.250000	-157.814896	19.439100	0.565418	251.966298	1220.686876	1.000000
-110.690000	26.250000	-157.814896	19.689100	0.341762	252.215377	1218.574616	1.000000
-110.690000	26.250000	-157.814896	19.939100	0.114913	252.465383	1216.462355	1.000000
-110.690000	26.250000	-157.814896	20.189100	-0.174681	252.716482	1214.349427	1.000000
-110.690000	26.250000	-157.814896	20.439100	-0.459657	252.968491	1212.216513	1.000000
-110.690000	26.250000	-157.814896	20.689100	-0.679723	253.221572	1210.084605	1.000000
-110.690000	26.250000	-157.814896	20.939100	-0.905253	253.475548	1207.953026	1.000000
-110.690000	26.250000	-157.814896	21.189100	-1.132781	253.730574	1205.821448	1.000000
-110.690000	26.250000	-157.814896	21.439100	-1.360866	253.986477	1203.689869	0.000000
-110.690000	26.250000	-157.814896	21.689100	-1.589660	254.243409	1201.558291	1.000000
-110.690000	26.250000	-157.814896	21.939100	-1.830700	254.501198	1199.426712	1.000000
-110.690000	26.250000	-157.814896	22.189100	-1.807370	254.759992	1197.295134	1.000000
-110.690000	26.250000	-157.814896	22.439100	-1.469699	255.019624	1195.265135	1.000000
-110.690000	26.250000	-157.814896	22.689100	-1.122012	255.280237	1193.314709	1.000000
-110.690000	26.250000	-157.814896	22.939100	-1.012776	255.541668	1191.451232	1.000000
-110.690000	26.250000	-157.814896	23.189100	-1.247817	255.804053	1189.587754	1.000000
-110.690000	26.250000	-157.814896	23.439100	-1.483367	256.067235	1187.724277	1.000000
-110.690000	26.250000	-157.564896	15.689100	0.481423	248.336135	1244.562956	1.000000
-110.690000	26.250000	-157.564896	15.939100	1.839930	248.570883	1242.171701	1.000000
-110.690000	26.250000	-157.564896	16.189100	2.897911	248.806715	1240.031621	1.000000
-110.690000	26.250000	-157.564896	16.439100	3.880799	249.043718	1237.956488	1.000000
-110.690000	26.250000	-157.564896	16.689100	4.731404	249.281792	1236.082821	1.000000
-110.690000	26.250000	-157.564896	16.939100	4.623797	249.521028	1234.231423	1.000000
-110.690000	26.250000	-157.564896	17.189100	4.403662	249.761319	1232.380025	1.000000
-110.690000	26.250000	-157.564896	17.439100	4.182663	250.002765	1230.528628	0.000000
-110.690000	26.250000	-157.564896	17.689100	3.960916	250.245249	1228.677230	0.000000
-110.690000	26.250000	-157.564896	17.939100	3.335815	250.488878	1226.825832	0.000000
-110.690000	26.250000	-157.564896	18.189100	2.390286	250.733529	1224.874797	0.000000
-110.690000	26.250000	-157.564896	18.439100	1.609468	250.979313	1222.781378	0.000000
-110.690000	26.250000	-157.564896	18.689100	1.337059	251.226102	1220.687959	0.000000
-110.690000	26.250000	-157.564896	18.939100	1.031700	251.474012	1218.581833	0.000000
-110.690000	26.250000	-157.564896	19.189100	0.783704	251.722908	1216.469572	0.000000
-110.690000	26.250000	-157.564896	19.439100	0.558804	251.972912	1214.357312	0.000000
-110.690000	26.250000	-157.564896	19.689100	0.333257	252.223882	1212.245051	1.000000
-110.690000	26.250000	-157.564896	19.939100	0.064171	252.475947	1210.132791	1.000000
-110.690000	26.250000	-157.564896	20.189100	-0.216615	252.728956	1208.008716	1.000000
-110.690000	26.250000	-157.564896	20.439100	-0.476104	252.983045	1205.875801	2.000000
-110.690000	26.250000	-157.564896	20.689100	-0.697941	253.238057	1203.743443	2.000000
-110.690000	26.250000	-157.564896	20.939100	-0.923838	253.494133	1201.611864	2.000000
-110.690000	26.250000	-157.564896	21.189100	-1.153315	253.751109	1199.480286	2.000000
-110.690000	26.250000	-157.564896	21.439100	-1.383521	254.009132	1197.348707	0.000000
-110.690000	26.250000	-157.564896	21.689100	-1.609233	254.268030	1195.217129	0.000000
-110.690000	26.250000	-157.564896	21.939100	-1.567325	254.527959	1193.094663	1.000000
-110.690000	26.250000	-157.564896	22.189100	-1.556872	254.788737	1191.069628	1.000000
-110.690000	26.250000	-157.564896	22.439100	-1.425474	255.050526	1189.044593	1.000000
-110.690000	26.250000	-157.564896	22.689100	-1.074798	255.313139	1187.114467	1.000000
-110.690000	26.250000	-157.564896	22.939100	-1.047853	255.576744	1185.250990	1.000000
-110.690000	26.250000	-157.564896	23.189100	-1.284908	255.841145	1183.387512	1.000000
-110.690000	26.250000	-157.314896	15.689100	0.219540	248.313872	1238.513015	1.000000
-110.690000	26.250000	-157.314896	15.939100	1.490362	248.550353	1236.049933	1.000000
-110.690000	26.250000	-157.314896	16.189100	2.992807	248.788077	1233.909852	1.000000
-110.690000	26.250000	-157.314896	16.439100	3.337970	249.026838	1231.853535	1.000000
-110.690000	26.250000	-157.314896	16.689100	4.037892	249.266829	1229.864279	1.000000
-110.690000	26.250000	-157.314896	16.939100	4.551191	249.507848	1227.995505	1.000000
-110.690000	26.250000	-157.314896	17.189100	4.414898	249.750083	1226.144107	2.000000
-110.690000	26.250000	-157.314896	17.439100	4.192094	249.993334	1224.292709	1.000000
-110.690000	26.250000	-157.314896	17.689100	3.968377	250.237788	1222.441311	1.000000
-110.690000	26.250000	-157.314896	17.939100	3.015894	250.483245	1220.589914	1.000000
-110.690000	26.250000	-157.314896	18.189100	2.013390	250.729891	1218.541989	0.000000
-110.690000	26.250000	-157.314896	18.439100	1.611255	250.977526	1216.448570	0.000000
-110.690000	26.250000	-157.314896	18.689100	1.349481	251.226334	1214.355151	0.000000
-110.690000	26.250000	-157.314896	18.939100	1.042228	251.476118	1212.252268	0.000000
-110.690000	26.250000	-157.314896	19.189100	0.779557	251.727055	1210.140008	0.000000
-110.690000	26.250000	-157.314896	19.439100	0.552761	251.978955	1208.027747	0.000000
-110.690000	26.250000	-157.314896	19.689100	0.316200	252.231989	1205.915487	0.000000
-110.690000	26.250000	-157.314896	19.939100	0.025465	252.485970	1203.800919	1.000000
-110.690000	26.250000	-157.314896	20.189100	-0.262818	252.741066	1201.668004	2.000000
-110.690000	26.250000	-157.314896	20.439100	-0.491886	252.997092	1199.535090	2.000000
-110.690000	26.250000	-157.314896	20.689100	-0.716276	253.254212	1197.402281	2.000000
-110.690000	26.250000	-157.314896	20.939100	-0.941949	253.512244	1195.270702	2.000000
-110.690000	26.250000	-157.314896	21.189100	-1.173555	253.771349	1193.139124	1.000000
-110.690000	26.250000	-157.314896	21.439100	-1.364765	254.031346	1191.007545	1.000000
-110.690000	26.250000	-157.314896	21.689100	-1.323231	254.292393	1188.899157	0.000000
-110.690000	26.250000	-157.314896	21.939100	-1.356785	254.554314	1186.874122	0.000000
-110.690000	26.250000	-157.314896	22.189100	-1.591709	254.817259	1184.849087	1.000000
-110.690000	26.250000	-157.314896	22.439100	-1.376432	255.081057	1182.824052	1.000000
-110.690000	26.250000	-157.314896	22.689100	-1.027333	255.345855	1180.914225	1.000000
-110.690000	26.250000	-157.314896	22.939100	-1.082593	255.611485	1179.050748	1.000000
-110.690000	26.250000	-157.314896	23.189100	-1.321850	255.878086	1177.187270	1.000000
-110.690000	26.250000	-157.064896	15.689100	0.179247	248.290668	1232.463074	2.000000
-110.690000	26.250000	-157.064896	15.939100	1.115146	248.529040	1229.983903	2.000000
-110.690000	26.250000	-157.064896	16.189100	2.862774	248.768521	1227.788084	2.000000
-110.690000	26.250000	-157.064896	16.439100	3.432577	249.009199	1225.750581	2.000000
-110.690000	26.250000	-157.064896	16.689100	3.409631	249.250973	1223.761325	2.000000
-110.690000	26.250000	-157.064896	16.939100	3.857787	249.493935	1221.772069	2.000000
-110.690000	26.250000	-157.064896	17.189100	4.367125	249.737977	1219.908189	1.000000
-110.690000	26.250000	-157.064896	17.439100	4.202231	249.983198	1218.056791	1.000000
-110.690000	26.250000	-157.064896	17.689100	3.768611	250.229482	1216.205393	1.000000
-110.690000	26.250000	-157.064896	17.939100	2.757626	250.476935	1214.302599	1.000000
-110.690000	26.250000	-157.064896	18.189100	1.839707	250.725435	1212.209180	1.000000
-110.690000	26.250000	-157.064896	18.439100	1.613690	250.975091	1210.115761	0.000000
-110.690000	26.250000	-157.064896	18.689100	1.362695	251.225775	1208.022342	0.000000
-110.690000	26.250000	-157.064896	18.939100	1.053376	251.477604	1205.922704	0.000000
-110.690000	26.250000	-157.064896	19.189100	0.776171	251.730441	1203.810443	0.000000
-110.690000	26.250000	-157.064896	19.439100	0.547306	251.984410	1201.698183	0.000000
-110.690000	26.250000	-157.064896	19.689100	0.270726	252.239365	1199.585922	0.000000
-110.690000	26.250000	-157.064896	19.939100	-0.015619	252.495438	1197.460207	0.000000
-110.690000	26.250000	-157.064896	20.189100	-0.274227	252.752476	1195.327293	1.000000
-110.690000	26.250000	-157.064896	20.439100	-0.505814	253.010616	1193.194378	1.000000
-110.690000	26.250000	-157.064896	20.689100	-0.734078	253.269698	1191.061464	1.000000
-110.690000	26.250000	-157.064896	20.939100	-0.960898	253.529866	1188.929540	1.000000
-110.690000	26.250000	-157.064896	21.189100	-1.116072	253.790951	1186.797962	1.000000
-110.690000	26.250000	-157.064896	21.439100	-1.074900	254.053105	1184.703651	1.000000
-110.690000	26.250000	-157.064896	21.689100	-1.146334	254.316152	1182.678616	1.000000
-110.690000	26.250000	-157.064896	21.939100	-1.382720	254.580248	1180.653581	0.000000
-110.690000	26.250000	-157.064896	22.189100	-1.619661	254.845210	1178.628546	0.000000
-110.690000	26.250000	-157.064896	22.439100	-1.326942	255.111204	1176.603511	0.000000
-110.690000	26.250000	-157.064896	22.689100	-0.979271	255.378035	1174.713983	0.000000
-110.690000	26.250000	-157.064896	22.939100	-1.116985	255.645877	1172.850506	0.000000
-110.690000	26.250000	-156.814896	15.689100	0.203110	248.266805	1226.413133	1.000000
-110.690000	26.250000	-156.814896	15.939100	0.825567	248.506934	1223.933962	2.000000
-110.690000	26.250000	-156.814896	16.189100	2.668644	248.748334	1221.666315	2.000000
-110.690000	26.250000	-156.814896	16.439100	3.528014	248.990795	1219.647628	2.000000
-110.690000	26.250000	-156.814896	16.689100	3.426089	249.234514	1217.658372	2.000000
-110.690000	26.250000	-156.814896	16.939100	3.202800	249.479284	1215.669116	2.000000
-110.690000	26.250000	-156.814896	17.189100	3.673655	249.725299	1213.679860	1.000000
-110.690000	26.250000	-156.814896	17.439100	4.179032	249.972352	1211.820872	1.000000
-110.690000	26.250000	-156.814896	17.689100	3.390312	250.220636	1209.969475	1.000000
-110.690000	26.250000	-156.814896	17.939100	2.439717	250.469945	1207.969791	1.000000
-110.690000	26.250000	-156.814896	18.189100	1.844672	250.720470	1205.876372	1.000000
-110.690000	26.250000	-156.814896	18.439100	1.616775	250.972006	1203.782953	1.000000
-110.690000	26.250000	-156.814896	18.689100	1.376387	251.224740	1201.689534	0.000000
-110.690000	26.250000	-156.814896	18.939100	1.065491	251.478473	1199.593139	1.000000
-110.690000	26.250000	-156.814896	19.189100	0.773228	251.733384	1197.480879	1.000000
-110.690000	26.250000	-156.814896	19.439100	0.527108	251.989278	1195.368618	0.000000
-110.690000	26.250000	-156.814896	19.689100	0.235048	252.246332	1193.252410	0.000000
-110.690000	26.250000	-156.814896	19.939100	-0.052335	252.504352	1191.119496	1.000000
-110.690000	26.250000	-156.814896	20.189100	-0.285262	252.763511	1188.986581	1.000000
-110.690000	26.250000	-156.814896	20.439100	-0.518818	253.023620	1186.853667	1.000000
-110.690000	26.250000	-156.814896	20.689100	-0.751094	253.284845	1184.720752	1.000000
-110.690000	26.250000	-156.814896	20.939100	-0.813140	253.547001	1182.588378	1.000000
-110.690000	26.250000	-156.814896	21.189100	-0.822487	253.810251	1180.508144	1.000000
-110.690000	26.250000	-156.814896	21.439100	-0.931997	254.074413	1178.483109	1.000000
-110.690000	26.250000	-156.814896	21.689100	-1.169827	254.339645	1176.458074	1.000000
-110.690000	26.250000	-156.814896	21.939100	-1.408239	254.605767	1174.433039	0.000000
-110.690000	26.250000	-156.814896	22.189100	-1.647384	254.872934	1172.408004	0.000000
-110.690000	26.250000	-156.814896	22.439100	-1.294913	255.140971	1170.382969	0.000000
-110.690000	26.250000	-156.814896	22.689100	-0.930955	255.410025	1168.513741	0.000000
-110.690000	26.250000	-156.564896	15.439100	0.444968	248.001165	1222.842364	1.000000
-110.690000	26.250000	-156.564896	15.689100	0.227936	248.241980	1220.363192	1.000000
-110.690000	26.250000	-156.564896	15.939100	0.562712	248.484025	1217.884021	1.000000
-110.690000	26.250000	-156.564896	16.189100	2.464281	248.727207	1215.544547	1.000000
-110.690000	26.250000	-156.564896	16.439100	3.624295	248.971612	1213.544674	1.000000
-110.690000	26.250000	-156.564896	16.689100	3.443464	249.217140	1211.555418	2.000000
-110.690000	26.250000	-156.564896	16.939100	3.218202	249.463882	1209.566162	2.000000
-110.690000	26.250000	-156.564896	17.189100	2.985813	249.711730	1207.576907	1.000000
-110.690000	26.250000	-156.564896	17.439100	3.457211	249.960783	1205.587651	1.000000
-110.690000	26.250000	-156.564896	17.689100	3.069648	250.210925	1203.730402	1.000000
-110.690000	26.250000	-156.564896	17.939100	2.079558	250.462261	1201.636982	1.000000
-110.690000	26.250000	-156.564896	18.189100	1.850473	250.714668	1199.543563	1.000000
-110.690000	26.250000	-156.564896	18.439100	1.620524	250.968257	1197.450144	2.000000
-110.690000	26.250000	-156.564896	18.689100	1.389842	251.222897	1195.356725	1.000000
-110.690000	26.250000	-156.564896	18.939100	1.082093	251.478707	1193.263306	1.000000
-110.690000	26.250000	-156.564896	19.189100	0.772107	251.735548	1191.151314	1.000000
-110.690000	26.250000	-156.564896	19.439100	0.486830	251.993545	1189.039054	1.000000
-110.690000	26.250000	-156.564896	19.689100	0.195051	252.252550	1186.911699	1.000000
-110.690000	26.250000	-156.564896	19.939100	-0.060680	252.512697	1184.778784	2.000000
-110.690000	26.250000	-156.564896	20.189100	-0.295415	252.773830	1182.645870	2.000000
-110.690000	26.250000	-156.564896	20.439100	-0.461627	253.036088	1180.512955	2.000000
-110.690000	26.250000	-156.564896	20.689100	-0.536995	253.299308	1178.380041	2.000000
-110.690000	26.250000	-156.564896	20.939100	-0.294189	253.563635	1176.271257	2.000000
-110.690000	26.250000	-156.564896	21.189100	-0.437024	253.828900	1174.287603	2.000000
-110.690000	26.250000	-156.564896	21.439100	-0.952839	254.095255	1172.262568	2.000000
-110.690000	26.250000	-156.564896	21.689100	-1.192703	254.362520	1170.237533	1.000000
-110.690000	26.250000	-156.564896	21.939100	-1.433328	254.630856	1168.212498	1.000000
-110.690000	26.250000	-156.564896	22.189100	-1.617639	254.900075	1166.187463	1.000000
-110.690000	26.250000	-156.564896	22.439100	-1.269382	255.170345	1164.176976	1.000000
-110.690000	26.250000	-156.564896	22.689100	-0.939634	255.441468	1162.313499	1.000000
-110.690000	26.250000	-156.314896	15.439100	0.472390	247.973744	1216.792423	1.000000
-110.690000	26.250000	-156.314896	15.689100	0.253441	248.216475	1214.313251	1.000000
-110.690000	26.250000	-156.314896	15.939100	0.334197	248.460302	1211.834080	1.000000
-110.690000	26.250000	-156.314896	16.189100	2.194808	248.705431	1209.430977	1.000000
-110.690000	26.250000	-156.314896	16.439100	3.630840	248.951645	1207.441721	1.000000
-110.690000	26.250000	-156.314896	16.689100	3.394468	249.199146	1205.452465	2.000000
-110.690000	26.250000	-156.314896	16.939100	3.176879	249.447723	1203.463209	2.000000
-110.690000	26.250000	-156.314896	17.189100	2.969641	249.697573	1201.478706	1.000000
-110.690000	26.250000	-156.314896	17.439100	2.430751	249.948487	1199.496959	1.000000
-110.690000	26.250000	-156.314896	17.689100	1.908164	250.200658	1197.439254	1.000000
-110.690000	26.250000	-156.314896	17.939100	1.677875	250.453879	1195.304174	1.000000
-110.690000	26.250000	-156.314896	18.189100	1.750460	250.708342	1193.210755	1.000000
-110.690000	26.250000	-156.314896	18.439100	1.624940	250.963841	1191.117336	2.000000
-110.690000	26.250000	-156.314896	18.689100	1.392175	251.220564	1189.023917	1.000000
-110.690000	26.250000	-156.314896	18.939100	1.098976	251.478308	1186.930498	1.000000
-110.690000	26.250000	-156.314896	19.189100	0.761286	251.737257	1184.821750	1.000000
-110.690000	26.250000	-156.314896	19.439100	0.454426	251.997210	1182.703902	1.000000
-110.690000	26.250000	-156.314896	19.689100	0.171245	252.258349	1180.570987	1.000000
-110.690000	26.250000	-156.314896	19.939100	0.004185	252.520475	1178.438073	1.000000
-110.690000	26.250000	-156.314896	20.189100	-0.369900	252.783764	1176.305031	2.000000
-110.690000	26.250000	-156.314896	20.439100	-0.742438	253.048023	1174.118263	2.000000
-110.690000	26.250000	-156.314896	20.689100	-0.425776	253.313422	1171.931495	2.000000
-110.690000	26.250000	-156.314896	20.939100	0.320358	253.579772	1169.873038	2.000000
-110.690000	26.250000	-156.314896	21.189100	0.454099	253.847239	1167.976864	2.000000
-110.690000	26.250000	-156.314896	21.439100	-0.445829	254.115636	1166.042027	2.000000
-110.690000	26.250000	-156.314896	21.689100	-1.202357	254.385124	1164.016992	3.000000
-110.690000	26.250000	-156.314896	21.939100	-1.457993	254.655521	1161.991957	1.000000
-110.690000	26.250000	-156.314896	22.189100	-1.565114	254.926983	1159.966922	1.000000
-110.690000	26.250000	-156.314896	22.439100	-1.225397	255.199331	1157.976734	1.000000
-110.690000	26.250000	-156.064896	15.439100	0.500662	247.945472	1210.742482	1.000000
-110.690000	26.250000	-156.064896	15.689100	0.279931	248.189984	1208.263310	1.000000
-110.690000	26.250000	-156.064896	15.939100	0.271294	248.435755	1205.784139	1.000000
-110.690000	26.250000	-156.064896	16.189100	2.017865	248.682692	1203.362983	1.000000
-110.690000	26.250000	-156.064896	16.439100	3.632235	248.930878	1201.381235	1.000000
-110.690000	26.250000	-156.064896	16.689100	3.393988	249.180215	1199.399488	2.000000
-110.690000	26.250000	-156.064896	16.939100	3.154827	249.430793	1197.417740	2.000000
-110.690000	26.250000	-156.064896	17.189100	2.921291	249.682505	1195.435992	1.000000
-110.690000	26.250000	-156.064896	17.439100	2.214086	249.935448	1193.454245	1.000000
-110.690000	26.250000	-156.064896	17.689100	1.215224	250.189506	1191.356532	1.000000
-110.690000	26.250000	-156.064896	17.939100	0.671015	250.444785	1189.158115	1.000000
-110.690000	26.250000	-156.064896	18.189100	0.681024	250.701160	1186.959697	2.000000
-110.690000	26.250000	-156.064896	18.439100	1.008611	250.958744	1184.784528	2.000000
-110.690000	26.250000	-156.064896	18.689100	1.236767	251.217404	1182.691109	1.000000
-110.690000	26.250000	-156.064896	18.939100	1.090884	251.477258	1180.597690	1.000000
-110.690000	26.250000	-156.064896	19.189100	0.745843	251.738168	1178.492185	1.000000
-110.690000	26.250000	-156.064896	19.439100	0.471211	252.000258	1176.363190	1.000000
-110.690000	26.250000	-156.064896	19.689100	0.021019	252.263381	1174.227593	1.000000
-110.690000	26.250000	-156.064896	19.939100	-0.403461	252.527668	1172.040825	2.000000
-110.690000	26.250000	-156.064896	20.189100	-0.632425	252.792964	1169.854057	2.000000
-110.690000	26.250000	-156.064896	20.439100	-0.932730	253.059409	1167.667289	2.000000
-110.690000	26.250000	-156.064896	20.689100	-0.537221	253.326837	1165.480521	2.000000
-110.690000	26.250000	-156.064896	20.939100	0.335155	253.595395	1163.474820	2.000000
-110.690000	26.250000	-156.064896	21.189100	0.589774	253.864911	1161.578645	2.000000
-110.690000	26.250000	-156.064896	21.439100	0.369380	254.135539	1159.682471	3.000000
-110.690000	26.250000	-156.064896	21.689100	-0.461082	254.407096	1157.786296	3.000000
-110.690000	26.250000	-156.064896	21.939100	-1.367783	254.679745	1155.771415	1.000000
-110.690000	26.250000	-156.064896	22.189100	-1.511928	254.953295	1153.746380	1.000000
-110.690000	26.250000	-155.814896	15.439100	0.529795	247.916339	1204.692541	1.000000
-110.690000	26.250000	-155.814896	15.689100	0.346624	248.162795	1202.213369	1.000000
-110.690000	26.250000	-155.814896	15.939100	0.375105	248.410374	1199.744209	1.000000
-110.690000	26.250000	-155.814896	16.189100	1.916116	248.659284	1197.356431	1.000000
-110.690000	26.250000	-155.814896	16.439100	3.480220	248.909306	1195.338521	1.000000
-110.690000	26.250000	-155.814896	16.689100	3.399655	249.160646	1193.356774	1.000000
-110.690000	26.250000	-155.814896	16.939100	3.168804	249.413086	1191.375026	2.000000
-110.690000	26.250000	-155.814896	17.189100	2.936966	249.666831	1189.393279	1.000000
-110.690000	26.250000	-155.814896	17.439100	2.064071	249.921662	1187.411531	1.000000
-110.690000	26.250000	-155.814896	17.689100	1.065839	250.177782	1185.273811	1.000000
-110.690000	26.250000	-155.814896	17.939100	0.589524	250.434975	1183.075393	1.000000
-110.690000	26.250000	-155.814896	18.189100	0.356119	250.693439	1180.876976	2.000000
-110.690000	26.250000	-155.814896	18.439100	0.155531	250.952963	1178.678558	2.000000
-110.690000	26.250000	-155.814896	18.689100	0.070327	251.213738	1176.480140	1.000000
-110.690000	26.250000	-155.814896	18.939100	0.244845	251.475558	1174.281723	1.000000
-110.690000	26.250000	-155.814896	19.189100	0.228308	251.738610	1172.150156	1.000000
-110.690000	26.250000	-155.814896	19.439100	-0.059929	252.002689	1169.971470	1.000000
-110.690000	26.250000	-155.814896	19.689100	-0.143063	252.267980	1167.831047	1.000000
-110.690000	26.250000	-155.814896	19.939100	-0.445265	252.534280	1165.690623	2.000000
-110.690000	26.250000	-155.814896	20.189100	-0.748589	252.801769	1163.550200	1.000000
-110.690000	26.250000	-155.814896	20.439100	-1.052837	253.070249	1161.409776	1.000000
-110.690000	26.250000	-155.814896	20.689100	-0.990612	253.339894	1159.269353	1.000000
-110.690000	26.250000	-155.814896	20.939100	-0.397191	253.610509	1157.222100	1.000000
-110.690000	26.250000	-155.814896	21.189100	-0.207718	253.882265	1155.265658	1.000000
-110.690000	26.250000	-155.814896	21.439100	-0.241005	254.154970	1153.309217	2.000000
-110.690000	26.250000	-155.814896	21.689100	-0.179467	254.428789	1151.388078	2.000000
-110.690000	26.250000	-155.814896	21.939100	-0.674296	254.703535	1149.491903	1.000000
-110.690000	26.250000	-155.564896	15.439100	0.559801	247.886333	1198.642600	1.000000
-110.690000	26.250000	-155.564896	15.689100	0.548869	248.134596	1196.163429	1.000000
-110.690000	26.250000	-155.564896	15.939100	0.556779	248.384146	1193.752665	1.000000
-110.690000	26.250000	-155.564896	16.189100	1.709362	248.634890	1191.364886	1.000000
-110.690000	26.250000	-155.564896	16.439100	3.291486	248.886914	1189.295808	1.000000
-110.690000	26.250000	-155.564896	16.689100	3.420185	249.140116	1187.314060	1.000000
-110.690000	26.250000	-155.564896	16.939100	3.187302	249.394588	1185.332312	1.000000
-110.690000	26.250000	-155.564896	17.189100	2.953574	249.650222	1183.350565	1.000000
-110.690000	26.250000	-155.564896	17.439100	1.942229	249.907114	1181.368817	1.000000
-110.690000	26.250000	-155.564896	17.689100	0.917668	250.165150	1179.191089	1.000000
-110.690000	26.250000	-155.564896	17.939100	0.600066	250.424433	1176.992671	1.000000
-110.690000	26.250000	-155.564896	18.189100	0.364718	250.684840	1174.794254	2.000000
-110.690000	26.250000	-155.564896	18.439100	0.128478	250.946482	1172.595836	1.000000
-110.690000	26.250000	-155.564896	18.689100	-0.108522	251.209226	1170.397419	1.000000
-110.690000	26.250000	-155.564896	18.939100	-0.310819	251.473191	1168.199001	1.000000
-110.690000	26.250000	-155.564896	19.189100	-0.112378	251.738236	1165.988212	1.000000
-110.690000	26.250000	-155.564896	19.439100	-0.171191	252.004487	1163.870566	1.000000
-110.690000	26.250000	-155.564896	19.689100	-0.548011	252.271795	1161.730142	1.000000
-110.690000	26.250000	-155.564896	19.939100	-0.793178	252.540293	1159.589719	2.000000
-110.690000	26.250000	-155.564896	20.189100	-1.035565	252.809823	1157.449295	1.000000
-110.690000	26.250000	-155.564896	20.439100	-1.278792	253.080526	1155.308872	1.000000
-110.690000	26.250000	-155.564896	20.689100	-1.319238	253.352234	1153.168448	1.000000
-110.690000	26.250000	-155.564896	20.939100	-0.720359	253.625096	1151.079269	1.000000
-110.690000	26.250000	-155.564896	21.189100	-0.438221	253.898937	1149.122828	1.000000
-110.690000	26.250000	-155.564896	21.439100	-0.686597	254.173912	1147.166386	2.000000
-110.690000	26.250000	-155.564896	21.689100	-0.890935	254.449837	1145.209944	1.000000
-110.690000	26.250000	-155.564896	21.939100	-1.065204	254.726875	1143.253503	1.000000
-110.690000	26.250000	-155.314896	15.439100	0.726754	247.855442	1192.592659	0.000000
-110.690000	26.250000	-155.314896	15.689100	0.716387	248.105677	1190.148899	1.000000
-110.690000	26.250000	-155.314896	15.939100	0.675952	248.357061	1187.761120	1.000000
-110.690000	26.250000	-155.314896	16.189100	1.526341	248.609808	1185.373342	1.000000
-110.690000	26.250000	-155.314896	16.439100	3.104078	248.863694	1183.253094	1.000000
-110.690000	26.250000	-155.314896	16.689100	3.441372	249.118930	1181.271346	0.000000
-110.690000	26.250000	-155.314896	16.939100	3.206598	249.375292	1179.289598	0.000000
-110.690000	26.250000	-155.314896	17.189100	2.891166	249.632989	1177.307851	0.000000
-110.690000	26.250000	-155.314896	17.439100	1.850884	249.891800	1175.306785	0.000000
-110.690000	26.250000	-155.314896	17.689100	0.847854	250.151929	1173.108367	0.000000
-110.690000	26.250000	-155.314896	17.939100	0.611342	250.413157	1170.909950	0.000000
-110.690000	26.250000	-155.314896	18.189100	0.373872	250.675686	1168.711532	1.000000
-110.690000	26.250000	-155.314896	18.439100	0.135660	250.939299	1166.513114	1.000000
-110.690000	26.250000	-155.314896	18.689100	-0.330963	251.204193	1164.314697	1.000000
-110.690000	26.250000	-155.314896	18.939100	-0.455556	251.470156	1162.057251	1.000000
-110.690000	26.250000	-155.314896	19.189100	-0.110944	251.737379	1159.842804	1.000000
-110.690000	26.250000	-155.314896	19.439100	0.056320	252.005652	1157.734777	1.000000
-110.690000	26.250000	-155.314896	19.689100	-0.350633	252.275165	1155.626750	1.000000
-110.690000	26.250000	-155.314896	19.939100	-0.768333	252.545710	1153.488814	1.000000
-110.690000	26.250000	-155.314896	20.189100	-1.043211	252.817470	1151.348391	1.000000
-110.690000	26.250000	-155.314896	20.439100	-1.288509	253.090242	1149.207967	1.000000
-110.690000	26.250000	-155.314896	20.689100	-1.497704	253.364206	1147.067544	1.000000
-110.690000	26.250000	-155.314896	20.939100	-0.944308	253.639161	1144.936439	1.000000
-110.690000	26.250000	-155.314896	21.189100	-0.454565	253.915280	1142.979997	2.000000
-110.690000	26.250000	-155.314896	21.439100	-0.705055	254.192370	1141.023555	2.000000
-110.690000	26.250000	-155.314896	21.689100	-0.956377	254.470596	1139.067114	1.000000
-110.690000	26.250000	-155.064896	15.189100	0.859446	247.572830	1189.021889	0.000000
-110.690000	26.250000	-155.064896	15.439100	0.896359	247.823656	1186.545133	0.000000
-110.690000	26.250000	-155.064896	15.689100	0.933619	248.075722	1184.157354	0.000000
-110.690000	26.250000	-155.064896	15.939100	0.703906	248.329106	1181.769576	0.000000
-110.690000	26.250000	-155.064896	16.189100	1.344875	248.583715	1179.381797	0.000000
-110.690000	26.250000	-155.064896	16.439100	2.918015	248.839632	1177.210380	0.000000
-110.690000	26.250000	-155.064896	16.689100	3.463543	249.096758	1175.228632	0.000000
-110.690000	26.250000	-155.064896	16.939100	3.226707	249.355183	1173.246885	0.000000
-110.690000	26.250000	-155.064896	17.189100	2.744646	249.614799	1171.265137	0.000000
-110.690000	26.250000	-155.064896	17.439100	1.733952	249.875703	1169.224063	0.000000
-110.690000	26.250000	-155.064896	17.689100	0.862005	250.137778	1167.025645	0.000000
-110.690000	26.250000	-155.064896	17.939100	0.623370	250.401129	1164.827228	0.000000
-110.690000	26.250000	-155.064896	18.189100	0.383926	250.665632	1162.628810	0.000000
-110.690000	26.250000	-155.064896	18.439100	0.121869	250.931397	1160.430393	1.000000
-110.690000	26.250000	-155.064896	18.689100	-0.500354	251.198292	1158.226548	1.000000
-110.690000	26.250000	-155.064896	18.939100	-0.661422	251.466435	1155.904586	1.000000
-110.690000	26.250000	-155.064896	19.189100	-0.080468	251.735685	1153.697397	1.000000
-110.690000	26.250000	-155.064896	19.439100	0.068945	252.006167	1151.589369	1.000000
-110.690000	26.250000	-155.064896	19.689100	-0.176619	252.277731	1149.481342	1.000000
-110.690000	26.250000	-155.064896	19.939100	-0.534657	252.550511	1147.373314	0.000000
-110.690000	26.250000	-155.064896	20.189100	-0.954965	252.824347	1145.247486	0.000000
-110.690000	26.250000	-155.064896	20.439100	-1.297647	253.099381	1143.107063	1.000000
-110.690000	26.250000	-155.064896	20.689100	-1.545902	253.375444	1140.966639	2.000000
-110.690000	26.250000	-155.064896	20.939100	-1.180902	253.652685	1138.826216	2.000000
-110.690000	26.250000	-155.064896	21.189100	-0.600424	253.930927	1136.837166	2.000000
-110.690000	26.250000	-155.064896	21.439100	-0.723011	254.210327	1134.880725	1.000000
-110.690000	26.250000	-154.814896	15.189100	1.080412	247.538304	1182.971949	1.000000
-110.690000	26.250000	-154.814896	15.439100	1.072363	247.790960	1180.553588	0.000000
-110.690000	26.250000	-154.814896	15.689100	0.964315	248.045027	1178.165810	0.000000
-110.690000	26.250000	-154.814896	15.939100	0.732741	248.300271	1175.778031	0.000000
-110.690000	26.250000	-154.814896	16.189100	1.164667	248.556912	1173.390252	0.000000
-110.690000	26.250000	-154.814896	16.439100	2.733310	248.814720	1171.167666	0.000000
-110.690000	26.250000	-154.814896	16.689100	3.486391	249.073910	1169.185918	0.000000
-110.690000	26.250000	-154.814896	16.939100	3.247636	249.334255	1167.204171	0.000000
-110.690000	26.250000	-154.814896	17.189100	2.599069	249.595966	1165.222423	0.000000
-110.690000	26.250000	-154.814896	17.439100	1.589117	249.858818	1163.141341	0.000000
-110.690000	26.250000	-154.814896	17.689100	0.876764	250.123019	1160.942923	0.000000
-110.690000	26.250000	-154.814896	17.939100	0.636152	250.388347	1158.744506	0.000000
-110.690000	26.250000	-154.814896	18.189100	0.394552	250.655006	1156.546088	0.000000
-110.690000	26.250000	-154.814896	18.439100	-0.116769	250.922775	1154.347671	0.000000
-110.690000	26.250000	-154.814896	18.689100	-0.674791	251.191856	1152.073883	1.000000
-110.690000	26.250000	-154.814896	18.939100	-0.628504	251.462029	1149.751921	1.000000
-110.690000	26.250000	-154.814896	19.189100	-0.049485	251.733493	1147.551989	1.000000
-110.690000	26.250000	-154.814896	19.439100	0.069080	252.006032	1145.443961	1.000000
-110.690000	26.250000	-154.814896	19.689100	-0.178726	252.279838	1143.335934	0.000000
-110.690000	26.250000	-154.814896	19.939100	-0.427261	252.554700	1141.227907	0.000000
-110.690000	26.250000	-154.814896	20.189100	-0.723546	252.830805	1139.119879	0.000000
-110.690000	26.250000	-154.814896	20.439100	-1.146474	253.107946	1137.006158	1.000000
-110.690000	26.250000	-154.814896	20.689100	-1.547843	253.386303	1134.865735	1.000000
-110.690000	26.250000	-154.814896	20.939100	-1.373471	253.665674	1132.725311	1.000000
-110.690000	26.250000	-154.814896	21.189100	-0.782894	253.946235	1130.694336	1.000000
-110.690000	26.250000	-154.814896	21.439100	-0.109408	254.227787	1128.737894	1.000000
-110.690000	26.250000	-154.564896	15.189100	1.254660	247.502692	1176.949823	1.000000
-110.690000	26.250000	-154.564896	15.439100	1.228699	247.757344	1174.562044	1.000000
-110.690000	26.250000	-154.564896	15.689100	0.996072	248.013269	1172.174265	0.000000
-110.690000	26.250000	-154.564896	15.939100	0.762470	248.270543	1169.786487	0.000000
-110.690000	26.250000	-154.564896	16.189100	0.986046	248.529073	1167.398708	0.000000
-110.690000	26.250000	-154.564896	16.439100	2.549980	248.788943	1165.124952	0.000000
-110.690000	26.250000	-154.564896	16.689100	3.510249	249.050052	1163.143204	0.000000
-110.690000	26.250000	-154.564896	16.939100	3.269400	249.312491	1161.161457	0.000000
-110.690000	26.250000	-154.564896	17.189100	2.454776	249.576151	1159.179709	0.000000
-110.690000	26.250000	-154.564896	17.439100	1.445392	249.841129	1157.058619	0.000000
-110.690000	26.250000	-154.564896	17.689100	0.892475	250.107308	1154.860202	0.000000
-110.690000	26.250000	-154.564896	17.939100	0.649707	250.374793	1152.661784	0.000000
-110.690000	26.250000	-154.564896	18.189100	0.319017	250.643457	1150.463367	0.000000
-110.690000	26.250000	-154.564896	18.439100	-0.282344	250.913414	1148.243181	0.000000
-110.690000	26.250000	-154.564896	18.689100	-0.856089	251.184528	1145.921218	0.000000
-110.690000	26.250000	-154.564896	18.939100	-0.594872	251.456919	1143.599256	0.000000
-110.690000	26.250000	-154.564896	19.189100	-0.017634	251.730444	1141.406581	0.000000
-110.690000	26.250000	-154.564896	19.439100	0.069884	252.005229	1139.298554	0.000000
-110.690000	26.250000	-154.564896	19.689100	-0.180009	252.281122	1137.190526	0.000000
-110.690000	26.250000	-154.564896	19.939100	-0.430819	252.558258	1135.082499	0.000000
-110.690000	26.250000	-154.564896	20.189100	-0.682382	252.836475	1132.974472	0.000000
-110.690000	26.250000	-154.564896	20.439100	-0.942580	253.115917	1130.866444	1.000000
-110.690000	26.250000	-154.564896	20.689100	-1.342770	253.396411	1128.758417	1.000000
-110.690000	26.250000	-154.564896	20.939100	-1.501791	253.678109	1126.624407	1.000000
-110.690000	26.250000	-154.564896	21.189100	-0.800657	253.960830	1124.551505	1.000000
-110.690000	26.250000	-154.314896	15.189100	1.476007	247.466285	1170.958278	1.000000
-110.690000	26.250000	-154.314896	15.439100	1.263249	247.722794	1168.570499	1.000000
-110.690000	26.250000	-154.314896	15.689100	1.028593	247.980748	1166.182721	0.000000
-110.690000	26.250000	-154.314896	15.939100	0.793103	248.239910	1163.794942	0.000000
-110.690000	26.250000	-154.314896	16.189100	0.808711	248.500503	1161.407163	0.000000
-110.690000	26.250000	-154.314896	16.439100	2.368038	248.762291	1159.082238	0.000000
-110.690000	26.250000	-154.314896	16.689100	3.534805	249.025497	1157.100491	0.000000
-110.690000	26.250000	-154.314896	16.939100	3.292006	249.289884	1155.118743	0.000000
-110.690000	26.250000	-154.314896	17.189100	2.315219	249.555673	1153.136995	0.000000
-110.690000	26.250000	-154.314896	17.439100	1.302784	249.822630	1150.975897	0.000000
-110.690000	26.250000	-154.314896	17.689100	0.908814	250.090969	1148.777480	0.000000
-110.690000	26.250000	-154.314896	17.939100	0.664037	250.360462	1146.579062	0.000000
-110.690000	26.250000	-154.314896	18.189100	0.107848	250.631319	1144.380645	0.000000
-110.690000	26.250000	-154.314896	18.439100	-0.476770	250.903313	1142.090515	0.000000
-110.690000	26.250000	-154.314896	18.689100	-0.848210	251.176649	1139.768553	0.000000
-110.690000	26.250000	-154.314896	18.939100	-0.560525	251.451105	1137.446591	0.000000
-110.690000	26.250000	-154.314896	19.189100	0.014739	251.726881	1135.261173	0.000000
-110.690000	26.250000	-154.314896	19.439100	0.071354	252.003758	1133.153146	0.000000
-110.690000	26.250000	-154.314896	19.689100	-0.180820	252.281932	1131.045119	0.000000
-110.690000	26.250000	-154.314896	19.939100	-0.433747	252.561187	1128.937091	0.000000
-110.690000	26.250000	-154.314896	20.189100	-0.687620	252.841713	1126.829064	1.000000
-110.690000	26.250000	-154.314896	20.439100	-0.942225	253.123298	1124.721037	1.000000
-110.690000	26.250000	-154.314896	20.689100	-1.197749	253.406127	1122.613009	1.000000
-110.690000	26.250000	-154.314896	20.939100	-1.442876	253.689994	1120.504982	1.000000
-110.690000	26.250000	-154.064896	15.189100	1.534353	247.428763	1164.966734	1.000000
-110.690000	26.250000	-154.064896	15.439100	1.298745	247.687298	1162.578955	1.000000
-110.690000	26.250000	-154.064896	15.689100	1.062204	247.947138	1160.191176	1.000000
-110.690000	26.250000	-154.064896	15.939100	0.824654	248.208359	1157.803397	0.000000
-110.690000	26.250000	-154.064896	16.189100	0.632998	248.470869	1155.415619	0.000000
-110.690000	26.250000	-154.064896	16.439100	2.129510	248.734751	1153.039524	0.000000
-110.690000	26.250000	-154.064896	16.689100	3.560397	248.999905	1151.057777	0.000000
-110.690000	26.250000	-154.064896	16.939100	3.304372	249.266420	1149.076029	0.000000
-110.690000	26.250000	-154.064896	17.189100	2.229581	249.534187	1147.091593	0.000000
-110.690000	26.250000	-154.064896	17.439100	1.172106	249.803304	1144.893176	0.000000
-110.690000	26.250000	-154.064896	17.689100	0.926130	250.073653	1142.694758	0.000000
-110.690000	26.250000	-154.064896	17.939100	0.526593	250.345339	1140.496341	0.000000
-110.690000	26.250000	-154.064896	18.189100	-0.053647	250.618234	1138.259813	0.000000
-110.690000	26.250000	-154.064896	18.439100	-0.590641	250.892452	1135.937850	0.000000
-110.690000	26.250000	-154.064896	18.689100	-0.839417	251.167856	1133.615888	0.000000
-110.690000	26.250000	-154.064896	18.939100	-0.525445	251.444567	1131.293926	0.000000
-110.690000	26.250000	-154.064896	19.189100	0.048001	251.722439	1129.115766	0.000000
-110.690000	26.250000	-154.064896	19.439100	0.073511	252.001601	1127.007738	0.000000
-110.690000	26.250000	-154.064896	19.689100	-0.180786	252.281898	1124.899711	0.000000
-110.690000	26.250000	-154.064896	19.939100	-0.436027	252.563467	1122.791684	0.000000
-110.690000	26.250000	-154.064896	20.189100	-0.692049	252.846142	1120.683656	1.000000
-110.690000	26.250000	-154.064896	20.439100	-0.948997	253.130069	1118.575629	1.000000
-110.690000	26.250000	-154.064896	20.689100	-1.206696	253.415074	1116.467602	1.000000
-110.690000	26.250000	-153.814896	15.189100	1.572694	247.390423	1158.975189	1.000000
-110.690000	26.250000	-153.814896	15.439100	1.335203	247.650840	1156.587410	1.000000
-110.690000	26.250000	-153.814896	15.689100	1.096602	247.912740	1154.199632	1.000000
-110.690000	26.250000	-153.814896	15.939100	0.857136	248.175877	1151.811853	0.000000
-110.690000	26.250000	-153.814896	16.189100	0.616574	248.440481	1149.424074	0.000000
-110.690000	26.250000	-153.814896	16.439100	1.873508	248.706311	1147.036296	0.000000
-110.690000	26.250000	-153.814896	16.689100	3.423650	248.973594	1145.015063	0.000000
-110.690000	26.250000	-153.814896	16.939100	3.163688	249.242088	1143.033315	0.000000
-110.690000	26.250000	-153.814896	17.189100	2.141679	249.512018	1141.008871	0.000000
-110.690000	26.250000	-153.814896	17.439100	1.192265	249.783146	1138.810454	0.000000
-110.690000	26.250000	-153.814896	17.689100	0.944093	250.055690	1136.612036	0.000000
-110.690000	26.250000	-153.814896	17.939100	0.343296	250.329417	1134.413619	0.000000
-110.690000	26.250000	-153.814896	18.189100	-0.268261	250.604541	1132.107148	0.000000
-110.690000	26.250000	-153.814896	18.439100	-0.579019	250.880829	1129.785185	0.000000
-110.690000	26.250000	-153.814896	18.689100	-0.830054	251.158494	1127.463223	0.000000
-110.690000	26.250000	-153.814896	18.939100	-0.489631	251.437304	1125.141261	0.000000
-110.690000	26.250000	-153.814896	19.189100	0.081803	251.717468	1122.970358	0.000000
-110.690000	26.250000	-153.814896	19.439100	0.076354	251.998758	1120.862331	0.000000
-110.690000	26.250000	-153.814896	19.689100	-0.180264	252.281376	1118.754303	0.000000
-110.690000	26.250000	-153.814896	19.939100	-0.437661	252.565100	1116.646276	0.000000
-110.690000	26.250000	-153.814896	20.189100	-0.696033	252.850126	1114.538249	0.000000
-110.690000	26.250000	-153.814896	20.439100	-0.955162	253.136235	1112.430221	1.000000
-110.690000	26.250000	-153.814896	20.689100	-0.321419	253.423617	1110.322194	1.000000
-110.690000	26.250000	-153.564896	15.189100	1.521620	247.350939	1152.983644	1.000000
-110.690000	26.250000	-153.564896	15.439100	1.372632	247.613411	1150.595866	1.000000
-110.690000	26.250000	-153.564896	15.689100	1.132118	247.877224	1148.208087	0.000000
-110.690000	26.250000	-153.564896	15.939100	0.890562	248.142451	1145.820308	0.000000
-110.690000	26.250000	-153.564896	16.189100	0.648054	248.409002	1143.432530	0.000000
-110.690000	26.250000	-153.564896	16.439100	1.676942	248.676957	1141.044751	0.000000
-110.690000	26.250000	-153.564896	16.689100	3.240154	248.946219	1138.972349	0.000000
-110.690000	26.250000	-153.564896	16.939100	3.024187	249.216874	1136.990601	0.000000
-110.690000	26.250000	-153.564896	17.189100	2.002859	249.488815	1134.926150	0.000000
-110.690000	26.250000	-153.564896	17.439100	1.213273	249.762137	1132.727732	0.000000
-110.690000	26.250000	-153.564896	17.689100	0.746161	250.036724	1130.529315	0.000000
-110.690000	26.250000	-153.564896	17.939100	0.185814	250.312679	1128.276445	0.000000
-110.690000	26.250000	-153.564896	18.189100	-0.314339	250.589876	1125.954482	0.000000
-110.690000	26.250000	-153.564896	18.439100	-0.566616	250.868426	1123.632520	0.000000
-110.690000	26.250000	-153.564896	18.689100	-0.819754	251.148194	1121.310558	0.000000
-110.690000	26.250000	-153.564896	18.939100	-0.453064	251.429298	1118.988595	0.000000
-110.690000	26.250000	-153.564896	19.189100	0.116516	251.711594	1116.824950	0.000000
-110.690000	26.250000	-153.564896	19.439100	0.079904	251.995209	1114.716923	0.000000
-110.690000	26.250000	-153.564896	19.689100	-0.178875	252.279988	1112.608896	0.000000
-110.690000	26.250000	-153.564896	19.939100	-0.438627	252.566067	1110.500868	0.000000
-110.690000	26.250000	-153.564896	20.189100	-0.699188	252.853280	1108.392841	0.000000
-110.690000	26.250000	-153.564896	20.439100	-0.960701	253.141774	1106.284814	1.000000
-110.690000	26.250000	-153.314896	15.189100	1.410551	247.310610	1147.005105	1.000000
-110.690000	26.250000	-153.314896	15.439100	1.344917	247.574993	1144.604321	1.000000
-110.690000	26.250000	-153.314896	15.689100	1.168446	247.840896	1142.216543	0.000000
-110.690000	26.250000	-153.314896	15.939100	0.924945	248.108067	1139.828764	0.000000
-110.690000	26.250000	-153.314896	16.189100	0.680311	248.376745	1137.440985	0.000000
-110.690000	26.250000	-153.314896	16.439100	1.499358	248.646678	1135.053206	0.000000
-110.690000	26.250000	-153.314896	16.689100	3.057897	248.918102	1132.929635	0.000000
-110.690000	26.250000	-153.314896	16.939100	2.885881	249.190768	1130.947887	0.000000
-110.690000	26.250000	-153.314896	17.189100	1.865051	249.464906	1128.843428	0.000000
-110.690000	26.250000	-153.314896	17.439100	1.231722	249.740272	1126.645010	0.000000
-110.690000	26.250000	-153.314896	17.689100	0.589558	250.017091	1124.445742	0.000000
-110.690000	26.250000	-153.314896	17.939100	-0.045503	250.295121	1122.123780	0.000000
-110.690000	26.250000	-153.314896	18.189100	-0.299047	250.574583	1119.801817	0.000000
-110.690000	26.250000	-153.314896	18.439100	-0.553429	250.855240	1117.479855	0.000000
-110.690000	26.250000	-153.314896	18.689100	-0.808866	251.137306	1115.157893	0.000000
-110.690000	26.250000	-153.314896	18.939100	-0.415741	251.420547	1112.835930	0.000000
-110.690000	26.250000	-153.314896	19.189100	0.151786	251.705173	1110.679543	0.000000
-110.690000	26.250000	-153.314896	19.439100	0.084158	251.990954	1108.571515	0.000000
-110.690000	26.250000	-153.314896	19.689100	-0.176983	252.278095	1106.463488	0.000000
-110.690000	26.250000	-153.314896	19.939100	-0.438929	252.566369	1104.355461	0.000000
-110.690000	26.250000	-153.314896	20.189100	-0.701882	252.855975	1102.247433	0.000000
-110.690000	26.250000	-153.064896	15.189100	1.356392	247.269107	1141.040426	1.000000
-110.690000	26.250000	-153.064896	15.439100	1.233131	247.535575	1138.621451	0.000000
-110.690000	26.250000	-153.064896	15.689100	1.164163	247.803419	1136.224998	0.000000
-110.690000	26.250000	-153.064896	15.939100	0.960299	248.072713	1133.837219	0.000000
-110.690000	26.250000	-153.064896	16.189100	0.713689	248.343366	1131.449441	0.000000
-110.690000	26.250000	-153.064896	16.439100	1.323257	248.615459	1129.061662	0.000000
-110.690000	26.250000	-153.064896	16.689100	2.877234	248.888892	1126.886921	0.000000
-110.690000	26.250000	-153.064896	16.939100	2.748787	249.163753	1124.905173	0.000000
-110.690000	26.250000	-153.064896	17.189100	1.728613	249.439935	1122.760706	0.000000
-110.690000	26.250000	-153.064896	17.439100	0.999308	249.717532	1120.562289	0.000000
-110.690000	26.250000	-153.064896	17.689100	0.435113	249.996426	1118.293077	0.000000
-110.690000	26.250000	-153.064896	17.939100	-0.027105	250.276723	1115.971115	0.000000
-110.690000	26.250000	-153.064896	18.189100	-0.282756	250.558293	1113.649152	0.000000
-110.690000	26.250000	-153.064896	18.439100	-0.539439	250.841250	1111.327190	0.000000
-110.690000	26.250000	-153.064896	18.689100	-0.797016	251.125455	1109.005228	0.000000
-110.690000	26.250000	-153.064896	18.939100	-0.377643	251.411030	1106.683265	0.000000
-110.690000	26.250000	-153.064896	19.189100	0.187991	251.697826	1104.534135	0.000000
-110.690000	26.250000	-153.064896	19.439100	0.089139	251.985973	1102.426108	0.000000
-110.690000	26.250000	-153.064896	19.689100	-0.174201	252.275313	1100.318080	0.000000
-110.690000	26.250000	-153.064896	19.939100	-0.438545	252.565985	1098.210053	0.000000
-110.690000	26.250000	-153.064896	20.189100	0.284988	252.857819	1096.102025	0.000000
-110.690000	26.250000	-152.814896	15.189100	1.398767	247.226732	1135.075746	0.000000
-110.690000	26.250000	-152.814896	15.439100	1.153584	247.495139	1132.656772	0.000000
-110.690000	26.250000	-152.814896	15.689100	1.051468	247.765105	1130.237798	0.000000
-110.690000	26.250000	-152.814896	15.939100	0.979200	248.036373	1127.845675	0.000000
-110.690000	26.250000	-152.814896	16.189100	0.747870	248.309186	1125.457896	0.000000
-110.690000	26.250000	-152.814896	16.439100	1.148655	248.583287	1123.070117	0.000000
-110.690000	26.250000	-152.814896	16.689100	2.697843	248.858917	1120.844207	0.000000
-110.690000	26.250000	-152.814896	16.939100	2.649601	249.135821	1118.862460	0.000000
-110.690000	26.250000	-152.814896	17.189100	1.524079	249.414236	1116.677984	0.000000
-110.690000	26.250000	-152.814896	17.439100	0.847064	249.693909	1114.462374	0.000000
-110.690000	26.250000	-152.814896	17.689100	0.248981	249.975073	1112.140412	0.000000
-110.690000	26.250000	-152.814896	17.939100	-0.007862	250.257479	1109.818449	0.000000
-110.690000	26.250000	-152.814896	18.189100	-0.265818	250.541354	1107.496487	0.000000
-110.690000	26.250000	-152.814896	18.439100	-0.524642	250.826453	1105.174525	0.000000
-110.690000	26.250000	-152.814896	18.689100	-0.784558	251.112997	1102.852562	0.000000
-110.690000	26.250000	-152.814896	18.939100	-0.338768	251.400746	1100.530600	0.000000
-110.690000	26.250000	-152.814896	19.189100	0.224771	251.689914	1098.388727	0.000000
-110.690000	26.250000	-152.814896	19.439100	0.094846	251.980266	1096.280700	0.000000
-110.690000	26.250000	-152.814896	19.689100	-0.170899	252.272011	1094.172673	0.000000
-110.690000	26.250000	-152.814896	19.939100	-0.437477	252.564917	1092.064645	0.000000
-110.690000	26.250000	-152.564896	15.189100	1.442347	247.183152	1129.111067	1.000000
-110.690000	26.250000	-152.564896	15.439100	1.195049	247.453675	1126.692093	0.000000
-110.690000	26.250000	-152.564896	15.689100	0.946713	247.725612	1124.273119	0.000000
-110.690000	26.250000	-152.564896	15.939100	0.865728	247.999034	1121.854145	0.000000
-110.690000	26.250000	-152.564896	16.189100	0.783143	248.273853	1119.466352	0.000000
-110.690000	26.250000	-152.564896	16.439100	0.975570	248.550148	1117.078573	1.000000
-110.690000	26.250000	-152.564896	16.689100	2.413888	248.827819	1114.801493	1.000000
-110.690000	26.250000	-152.564896	16.939100	2.571718	249.106954	1112.793680	1.000000
-110.690000	26.250000	-152.564896	17.189100	1.263740	249.387445	1110.595262	1.000000
-110.690000	26.250000	-152.564896	17.439100	0.672762	249.669387	1108.309709	0.000000
-110.690000	26.250000	-152.564896	17.689100	0.271393	249.952661	1105.987747	0.000000
-110.690000	26.250000	-152.564896	17.939100	0.012246	250.237372	1103.665784	0.000000
-110.690000	26.250000	-152.564896	18.189100	-0.247854	250.523391	1101.343822	0.000000
-110.690000	26.250000	-152.564896	18.439100	-0.509019	250.810830	1099.021860	0.000000
-110.690000	26.250000	-152.564896	18.689100	-0.771111	251.099551	1096.699897	0.000000
-110.690000	26.250000	-152.564896	18.939100	-0.299095	251.389674	1094.377935	0.000000
-110.690000	26.250000	-152.564896	19.189100	0.262512	251.681051	1092.243320	0.000000
-110.690000	26.250000	-152.564896	19.439100	0.101301	251.973811	1090.135292	0.000000
-110.690000	26.250000	-152.564896	19.689100	-0.166683	252.267796	1088.027265	0.000000
-110.690000	26.250000	-152.314896	15.189100	1.486827	247.138672	1123.146388	1.000000
-110.690000	26.250000	-152.314896	15.439100	1.237561	247.411162	1120.727414	1.000000
-110.690000	26.250000	-152.314896	15.689100	0.987072	247.685253	1118.308440	0.000000
-110.690000	26.250000	-152.314896	15.939100	0.752924	247.960680	1115.889466	0.000000
-110.690000	26.250000	-152.314896	16.189100	0.675579	248.237692	1113.474807	1.000000
-110.690000	26.250000	-152.314896	16.439100	0.804019	248.516027	1111.087028	1.000000
-110.690000	26.250000	-152.314896	16.689100	2.075361	248.795930	1108.758779	1.000000
-110.690000	26.250000	-152.314896	16.939100	2.322981	249.077142	1106.710958	1.000000
-110.690000	26.250000	-152.314896	17.189100	1.115788	249.359903	1104.479006	1.000000
-110.690000	26.250000	-152.314896	17.439100	0.554890	249.643956	1102.157044	1.000000
-110.690000	26.250000	-152.314896	17.689100	0.294517	249.929538	1099.835082	0.000000
-110.690000	26.250000	-152.314896	17.939100	0.033224	250.216394	1097.513119	0.000000
-110.690000	26.250000	-152.314896	18.189100	-0.229220	250.504757	1095.191157	0.000000
-110.690000	26.250000	-152.314896	18.439100	-0.492565	250.794375	1092.869195	0.000000
-110.690000	26.250000	-152.314896	18.689100	-0.757037	251.085476	1090.547232	0.000000
-110.690000	26.250000	-152.314896	18.939100	-0.258623	251.377812	1088.225270	0.000000
-110.690000	26.250000	-152.314896	19.189100	0.300846	251.671604	1086.097912	0.000000
-110.690000	26.250000	-152.314896	19.439100	0.108503	251.966609	1083.989884	0.000000
-110.690000	26.250000	-152.064896	15.189100	1.532546	247.092953	1117.181709	1.000000
-110.690000	26.250000	-152.064896	15.439100	1.281133	247.367591	1114.762735	1.000000
-110.690000	26.250000	-152.064896	15.689100	1.028642	247.643683	1112.343761	0.000000
-110.690000	26.250000	-152.064896	15.939100	0.775007	247.921297	1109.924787	1.000000
-110.690000	26.250000	-152.064896	16.189100	0.561941	248.200348	1107.505813	1.000000
-110.690000	26.250000	-152.064896	16.439100	0.514647	248.480910	1105.095484	1.000000
-110.690000	26.250000	-152.064896	16.689100	1.675585	248.762888	1102.716066	1.000000
-110.690000	26.250000	-152.064896	16.939100	1.982135	249.046367	1100.628236	1.000000
-110.690000	26.250000	-152.064896	17.189100	0.921788	249.331238	1098.326341	1.000000
-110.690000	26.250000	-152.064896	17.439100	0.581249	249.617597	1096.004379	1.000000
-110.690000	26.250000	-152.064896	17.689100	0.318729	249.905326	1093.682417	0.000000
-110.690000	26.250000	-152.064896	17.939100	0.055092	250.194526	1091.360454	0.000000
-110.690000	26.250000	-152.064896	18.189100	-0.209533	250.485070	1089.038492	0.000000
-110.690000	26.250000	-152.064896	18.439100	-0.475259	250.777070	1086.716529	0.000000
-110.690000	26.250000	-152.064896	18.689100	-0.741946	251.070386	1084.394567	0.000000
-110.690000	26.250000	-152.064896	18.939100	-0.217329	251.365139	1082.072605	0.000000
-110.690000	26.250000	-152.064896	19.189100	0.340167	251.661179	1079.952504	0.000000
-110.690000	26.250000	-152.064896	19.439100	0.116476	251.958637	1077.844477	0.000000
-110.690000	26.250000	-151.814896	15.439100	1.249618	247.322940	1108.798056	1.000000
-110.690000	26.250000	-151.814896	15.689100	0.999408	247.601219	1106.379082	0.000000
-110.690000	26.250000	-151.814896	15.939100	0.748195	247.880869	1103.960108	1.000000
-110.690000	26.250000	-151.814896	16.189100	0.495723	248.162147	1101.541134	1.000000
-110.690000	26.250000	-151.814896	16.439100	0.308375	248.444783	1099.122159	1.000000
-110.690000	26.250000	-151.814896	16.689100	0.914962	248.729028	1096.716161	1.000000
-110.690000	26.250000	-151.814896	16.939100	1.495888	249.014617	1094.495638	1.000000
-110.690000	26.250000	-151.814896	17.189100	0.872196	249.301797	1092.173676	1.000000
-110.690000	26.250000	-151.814896	17.439100	0.608543	249.590303	1089.851714	1.000000
-110.690000	26.250000	-151.814896	17.689100	0.343676	249.880378	1087.529751	1.000000
-110.690000	26.250000	-151.814896	17.939100	0.077857	250.171761	1085.207789	0.000000
-110.690000	26.250000	-151.814896	18.189100	-0.189154	250.464690	1082.885827	0.000000
-110.690000	26.250000	-151.814896	18.439100	-0.457097	250.758908	1080.563864	1.000000
-110.690000	26.250000	-151.814896	18.689100	-0.726207	251.054647	1078.241902	1.000000
-110.690000	26.250000	-151.814896	18.939100	-0.178685	251.351652	1075.919940	1.000000
-110.690000	26.250000	-151.814896	19.189100	0.380101	251.650151	1073.807096	1.000000
-110.690000	26.250000	-151.564896	16.939100	0.272592	248.981876	1088.350027	1.000000
-110.690000	26.250000	-151.564896	17.189100	0.561538	249.271202	1086.021011	1.000000
-110.690000	26.250000	-151.564896	17.439100	0.475363	249.562053	1083.699049	1.000000
-110.690000	26.250000	-151.564896	17.689100	0.357527	249.854311	1081.377086	1.000000
-110.690000	26.250000	-151.564896	17.939100	0.101539	250.148079	1079.055124	0.000000
-110.690000	26.250000	-151.564896	18.189100	-0.167691	250.443228	1076.733162	1.000000
-110.690000	26.250000	-151.564896	18.439100	-0.438058	250.739869	1074.411199	1.000000
-110.690000	26.250000	-151.564896	18.689100	-0.699874	251.037862	1072.089237	1.000000
-110.690000	26.250000	-151.564896	18.939100	-0.146033	251.337329	1069.769716	1.000000
-110.690000	26.250000	-151.314896	18.189100	-0.308196	250.421048	1070.580497	1.000000
-110.690000	26.250000	-151.314896	18.439100	-0.432060	250.719947	1068.258534	1.000000
-110.690000	26.250000	-151.314896	18.689100	-0.654027	251.020407	1065.936572	1.000000
-110.690000	26.250000	-151.314896	18.939100	-0.045221	251.322167	1063.624308	1.000000
-110.690000	26.250000	-151.064896	18.439100	-0.851745	250.699120	1062.115286	1.000000
-110.690000	26.250000	-151.064896	18.689100	-0.643946	251.001876	1059.783907	1.000000
