-158.933105	24.573799	1521.443000	2.067959
-150.914993	18.914200	1545.331000	NaN
-157.859100	14.659600	1333.651000	0.936377
-158.179504	20.377800	1445.656000	1.637293
-155.772995	19.079000	1462.267000	1.589238
-155.996994	20.771000	1492.248000	1.513327
-159.401001	21.971001	1458.245000	1.894255
-156.658005	20.891001	1483.269000	1.723178
-159.664993	22.122999	1457.266000	1.851013
-160.047501	19.823400	1402.223000	1.543863
-161.314896	21.956301	1427.151000	1.670813
-161.095001	23.997200	1474.228000	2.571134
-158.933105	24.573799	1521.243000	2.067959
-155.765305	26.776699	1617.224000	NaN
-152.765793	25.592800	1645.228000	NaN
-158.185394	22.620199	1492.240000	1.921648
-155.636200	22.299900	1530.223000	1.735400
-150.914993	18.914200	1545.231000	NaN
-153.967499	14.731300	1412.237000	NaN
-157.859100	14.659600	1333.226000	0.936377
-157.700806	16.348400	1370.192000	0.918983
-158.982498	15.574000	1331.239000	0.594309
-158.760193	18.564699	1397.225000	1.195084
-158.179504	20.377800	1445.231000	1.637293
