-155.996994	20.771000	2243.868000	2.973873
-156.658005	20.891001	2251.885000	2.986022
-159.664993	22.122999	2304.887000	4.364019
-158.933105	24.573799	2367.065000	3.883528
-156.964600	24.312099	2346.820000	3.304012
-158.185394	22.620199	2309.846000	2.599811
-155.636200	22.299900	2281.825000	1.518614
-154.251801	21.168699	2239.849000	-0.719317
-149.000900	16.989000	2100.210000	NaN
-153.967499	14.731300	2067.858000	NaN
-156.206604	16.162001	2120.853000	1.718326
-158.982498	15.574000	2126.858000	0.818592
-161.367599	17.746901	2206.052000	NaN
-158.760193	18.564699	2201.858000	2.975064
-158.179504	20.377800	2247.270000	3.470842
-152.765793	25.592800	2350.481000	NaN
