-159.664993	22.122999	2099.307000	0.019299
-158.903000	21.298401	2068.491000	3.232892
-161.314896	21.956301	2118.193000	5.422114
-161.095001	23.997200	2162.321000	2.775082
-158.933105	24.573799	2139.523000	1.860244
-155.765305	26.776699	2132.321000	0.060487
-152.765793	25.592800	2063.310000	28.580325
-156.964600	24.312099	2098.273000	-2.516056
-158.185394	22.620199	2085.317000	1.742114
-150.914993	18.914200	1885.435000	NaN
-153.967499	14.731300	1843.312000	NaN
-156.387695	17.614901	1947.120000	4.220825
-157.859100	14.659600	1906.736000	4.576816
-157.700806	16.348400	1938.293000	4.376207
-158.982498	15.574000	1943.310000	3.986361
-158.179504	20.377800	2035.711000	4.410235
-155.765305	26.776699	2132.946000	0.060487
-152.765793	25.592800	2062.885000	28.580325
